Indice,Maligno,Dispositivo,TipologiaAttacco,RMSE:
3,1,7,10,14.123602086642858
4,1,7,8,32.42187184936324
31,1,7,6,29.64171279899294
34,1,7,9,24.700264579649502
45,1,7,9,21.85117951192388
51,1,7,8,23.107426675293627
69,1,7,9,13.226721370205864
71,1,7,8,35.83536210922853
82,1,7,9,15.378626076401352
95,1,7,7,2.368654552199923
106,1,7,6,13.261393966312147
110,1,7,5,0.3700090141005197
125,1,7,1,27.54725488088633
157,1,7,4,0.3700090657260609
160,1,7,5,0.3700090141005197
173,1,7,4,0.3700090657260609
194,1,7,7,3.7641254668889337
205,1,7,9,20.762079836468356
236,1,7,9,9.37648864691865
237,1,7,8,22.54659525277113
273,0,7,0,0.04603660077336059
291,1,7,8,22.836223508164053
293,1,7,4,0.3700090657260609
296,1,7,8,6.541975965811649
311,0,7,0,0.03837222083647746
336,1,7,9,14.082546787154255
389,1,7,5,0.3700090141005197
401,1,7,6,10.677839007551322
407,1,7,4,0.3700090657260609
429,1,7,8,23.73058672170483
459,1,7,10,17.61934189230279
460,1,7,8,18.629601880674674
476,1,7,8,27.315313986941437
519,1,7,9,25.265696608553135
535,1,7,8,7.295754832485657
555,1,7,10,3.987577958377202
567,1,7,8,7.199776500694947
573,1,7,4,0.3700090657260609
579,1,7,1,26.736281452131244
585,1,7,9,18.232997267485228
588,1,7,2,5.031334569712718
595,1,7,5,0.3700090141005197
603,1,7,8,5.174373376930613
610,1,7,6,7.397195541269494
616,1,7,1,15.264367590237429
620,1,7,5,0.3700090141005197
622,1,7,4,0.3700090657260609
629,1,7,9,24.717331677397397
630,1,7,2,9.781061903692306
658,1,7,1,7.005850670640738
669,1,7,9,24.682793802053084
695,1,7,8,23.522687863933587
710,1,7,6,26.85184558744253
717,1,7,1,11.864344770998828
722,1,7,5,0.3700090141005197
731,1,7,1,17.06603945197643
747,1,7,8,29.869291940186184
755,0,7,0,0.03711952038070835
762,1,7,9,26.532008840156095
775,1,7,6,26.990569823383062
786,1,7,4,0.3700090657260609
813,1,7,9,31.184651403887006
822,1,7,5,0.37000902039789374
834,1,7,6,10.695406493170086
843,1,7,6,22.898134698024908
855,1,7,8,35.93106619915284
857,1,7,8,35.111413687515316
859,1,7,9,11.943066021632783
873,0,7,0,0.041959583703601706
879,1,7,8,4.789465402702269
888,1,7,6,6.816115969444607
896,1,7,7,2.866332525973225
899,1,7,9,15.03952733555812
905,1,7,5,0.3700090141005197
907,1,7,4,0.3700090657260609
915,1,7,6,26.91063631089913
938,1,7,8,27.0465533893162
961,1,7,6,25.883078720588326
989,1,7,4,0.3700090657260609
992,1,7,6,16.44345079981757
994,1,7,9,11.313717515365918
1030,1,7,6,9.26769520793083
1034,1,7,6,6.509170505931842
1035,1,7,1,22.73850731085495
1040,1,7,9,33.448896129456315
1043,1,7,10,17.29076662656305
1044,0,7,0,0.02817953205973691
1056,1,7,10,23.136743167413517
1061,1,7,7,5.931124483886793
1074,1,7,9,29.34617264312736
1087,1,7,9,29.906119468240433
1098,1,7,9,5.139963140437878
1102,1,7,10,14.35195390139793
1112,1,7,8,26.152128072415522
1121,1,7,10,21.41552707277331
1156,1,7,1,13.531451623864065
1162,1,7,4,0.3700090657260609
1166,0,7,0,0.035617434536182754
1174,1,7,8,8.318395316028042
1199,1,7,6,21.37966511187754
1206,1,7,9,29.174157578904055
1228,1,7,6,26.647831194680876
1241,1,7,1,24.200574118487005
1261,1,7,8,26.468805933345056
1272,1,7,9,23.178497578860224
1283,1,7,4,0.3700090657260609
1297,1,7,8,6.380246059453609
1298,1,7,4,0.3700090657260609
1342,1,7,6,7.428245675264401
1348,1,7,8,26.550655814028165
1354,1,7,6,12.048795249576054
1355,1,7,7,2.6669039217598307
1357,1,7,10,12.461577357778305
1359,1,7,4,0.3700090657260609
1366,1,7,10,23.318628185312356
1380,1,7,4,0.3700090657260609
1394,1,7,6,17.168511930752725
1401,1,7,8,16.385367066842633
1408,1,7,1,12.174444527886315
1411,1,7,9,6.314759220427806
1418,1,7,10,9.330208759050228
1431,1,7,8,26.223590624797808
1444,1,7,4,0.3700090657260609
1448,1,7,9,7.516474455387006
1451,1,7,7,5.5439006734051155
1458,1,7,9,21.958529622371763
1463,1,7,5,0.37000902039789374
1467,1,7,8,6.938418917825574
1476,1,7,7,4.707716068395312
1481,1,7,9,3.5759648540741034
1490,1,7,5,0.3700090141005197
1497,1,7,10,24.988017591885182
1498,1,7,9,29.630764346907306
1502,1,7,1,27.541782319503216
1510,1,7,8,7.867004770134809
1518,1,7,6,24.617452672592666
1520,1,7,6,16.696210067614256
1523,1,7,1,12.032156515388428
1533,0,7,0,0.0381735944977017
1535,1,7,8,26.81511558309432
1563,1,7,1,6.97564594549913
1579,1,7,10,19.225492616759443
1583,1,7,4,0.3700090657260609
1632,0,7,0,0.030340221348835284
1636,1,7,5,0.3700090141005197
1642,1,7,9,33.43809074539204
1648,1,7,8,25.685742252498947
1666,1,7,1,24.857207909584794
1675,1,7,5,0.3700090141005197
1687,1,7,4,0.3700090657260609
1691,1,7,9,22.243620877816152
1718,1,7,7,4.303559578248414
1732,1,7,4,0.3700090657260609
1733,1,7,10,16.50883308037838
1735,1,7,3,2.36254689354172
1743,0,7,0,0.03351642180775193
1748,1,7,6,19.731334054096788
1752,1,7,5,0.3700090141005197
1758,1,7,5,0.37000902039789374
1759,1,7,5,0.37000902039789374
1764,1,7,7,0.3641512632763156
1788,1,7,8,16.339636610992727
1818,1,7,8,7.280652070302412
1833,0,7,0,0.033905502799124805
1838,1,7,9,30.675502285686303
1858,1,7,7,2.6954059101863157
1860,1,7,5,0.3700090141005197
1864,1,7,6,18.068431284233792
1866,1,7,1,21.47807692466269
1877,1,7,8,5.698927966227774
1881,1,7,6,12.640153570367014
1885,1,7,8,11.79597792453474
1891,1,7,4,0.3700090657260609
1904,1,7,9,25.245650222214692
1910,1,7,5,0.3700090141005197
1911,1,7,4,0.3700090657260609
1912,1,7,4,0.3700090657260609
1933,1,7,8,17.349388250004036
1935,1,7,10,22.344371320879297
1963,1,7,10,24.721407630484215
1968,1,7,7,4.916867040626459
1979,1,7,8,32.7649925409449
1983,1,7,8,11.2120066911826
1984,1,7,9,10.23053589198279
1996,1,7,4,0.3700090657260609
2003,0,7,0,0.03396179381263741
2022,1,7,6,22.927296659060904
2025,1,7,9,9.481629854247782
2037,0,7,0,0.15465888856001905
2054,1,7,6,29.790416905036388
2111,1,7,8,20.86242803335538
2117,1,7,8,34.164714653081326
2129,1,7,4,0.3700090657260609
2143,1,7,1,27.092154800659806
2149,1,7,7,2.50206607513616
2173,1,7,2,14.170845620773578
2180,1,7,4,0.3700090657260609
2181,1,7,1,14.369302496030713
2183,1,7,10,13.92853276225653
2191,1,7,6,13.661699427180002
2198,1,7,10,11.386921624006737
2205,1,7,1,13.09068271185591
2208,1,7,6,23.770772669257106
2210,1,7,8,28.585057653717403
2217,1,7,9,24.932033168726182
2259,1,7,9,13.447910162452102
2265,1,7,9,9.580653058658546
2285,1,7,4,0.3700090657260609
2308,1,7,8,35.37702852564648
2318,1,7,4,0.3700090657260609
2320,1,7,4,0.3700090657260609
2325,1,7,8,6.3780186822565526
2329,1,7,6,25.81046741092064
2334,1,7,4,0.3700090657260609
2338,1,7,2,7.767668459967424
2343,1,7,10,13.075250435584199
2344,1,7,7,5.652351324915601
2350,1,7,9,25.214386707117438
2369,1,7,6,6.763390642997961
2372,1,7,4,0.3700090657260609
2379,1,7,4,0.3700090657260609
2382,1,7,4,0.3700090657260609
2383,1,7,6,15.801133284895187
2391,1,7,3,1.1289355224330424
2394,1,7,4,0.3700090657260609
2395,0,7,0,0.03199238284537602
2408,1,7,1,19.126782534406196
2412,1,7,5,0.3700090141005197
2416,1,7,10,24.356378525997584
2422,1,7,9,22.323602089128908
2476,1,7,10,13.57073185665385
2495,1,7,2,6.940425310926662
2503,1,7,10,22.52490739422498
2525,1,7,6,18.613482105324547
2527,1,7,6,15.55708864040361
2535,1,7,3,1.1562535785699142
2540,1,7,1,20.426524090727575
2558,1,7,6,14.68031060873881
2561,1,7,4,0.3700090657260609
2576,1,7,5,0.3700090141005197
2582,1,7,2,10.588139165130492
2587,0,7,0,0.036056285539958224
2631,1,7,9,21.495511086792504
2634,1,7,5,0.3700090141005197
2638,1,7,4,0.3700090657260609
2641,1,7,10,14.669901173653132
2645,1,7,9,9.930470238119813
2646,1,7,6,14.21574328345816
2648,0,7,0,0.038809703557816315
2659,1,7,5,0.3700090141005197
2688,1,7,10,26.024816684404588
2698,1,7,10,15.611814473037278
2699,1,7,9,24.0682086419708
2714,1,7,3,2.4111308785991077
2732,1,7,8,32.50185454074723
2736,1,7,6,28.657980764760936
2741,1,7,6,21.735586098673313
2765,1,7,4,0.3700090657260609
2805,1,7,10,10.430710823743283
2806,1,7,8,25.706694294392374
2818,1,7,10,10.333423325821515
2835,0,7,0,0.03896071140195474
2840,1,7,3,1.35569733345208
2843,1,7,9,29.512591499249847
2857,1,7,8,11.936704115587895
2858,1,7,6,8.651767958240102
2861,1,7,10,10.042820578406447
2870,1,7,6,28.324764055244525
2889,1,7,8,13.222772865832924
2893,1,7,8,27.857096203403415
2895,1,7,6,24.246776788849807
2896,1,7,1,19.075977392134316
2926,1,7,4,0.3700090657260609
2944,1,7,9,31.56175260279859
2958,1,7,9,30.945538029341343
2971,1,7,5,0.3700090141005197
2988,1,7,9,23.67358784096631
2993,1,7,6,18.697432106418105
2994,1,7,6,17.63705080241428
3006,1,7,8,4.078126678340842
3014,1,7,9,27.95698885480067
3016,1,7,4,0.3700090657260609
3018,1,7,6,16.43246673262676
3025,1,7,8,15.95623464692123
3027,1,7,9,12.926441661723231
3029,1,7,8,9.63562764106607
3035,1,7,7,4.932895244244784
3040,1,7,9,32.78331120354128
3069,0,7,0,0.04642440819651271
3100,1,7,5,0.3700090141005197
3106,1,7,6,29.734296439272583
3108,1,7,7,2.3371237197238375
3119,1,7,10,15.493521862180472
3123,1,7,6,12.897766603503035
3134,1,7,8,12.027146004004607
3166,1,7,7,1.134255543570764
3178,1,7,9,22.94430447808461
3182,1,7,9,20.681150733895272
3183,0,7,0,0.03612435700869258
3219,1,7,8,26.523601641293464
3240,1,7,1,27.642211284400013
3248,1,7,4,0.3700090657260609
3251,1,7,9,24.99046408958431
3259,1,7,5,0.3700090141005197
3278,1,7,6,29.329926539211478
3279,1,7,6,18.65264192015655
3280,1,7,1,24.180971761272534
3288,1,7,5,0.3700090141005197
3290,1,7,9,9.034597448057925
3293,1,7,5,0.3700090141005197
3308,1,7,8,20.551646693078784
3323,1,7,7,4.387991911428922
3326,1,7,6,24.558603265336284
3328,1,7,6,28.75020549271
3339,1,7,4,0.3700090657260609
3342,1,7,9,32.6054554705701
3353,1,7,9,19.236710788079936
3366,1,7,7,4.6061108375286
3367,1,7,8,26.31470608330981
3374,1,7,3,3.072586456211393
3375,1,7,10,13.344042706072889
3383,1,7,10,15.678330961786541
3387,1,7,6,24.845463404771586
3390,1,7,1,12.93288087708658
3395,1,7,9,2.860642746087743
3398,1,7,5,0.3700090141005197
3399,1,7,9,13.99505451946992
3428,0,7,0,0.03690063463019599
3444,1,7,7,1.530408495766242
3454,1,7,8,20.307345127769736
3459,1,7,6,27.688535173711408
3474,1,7,2,14.539093251087005
3489,1,7,6,19.684920790208444
3528,1,7,4,0.3700090657260609
3547,0,7,0,0.03469592102615501
3554,1,7,10,20.045684591971902
3558,1,7,5,0.3700090141005197
3563,1,7,5,0.3700090141005197
3579,1,7,6,23.81604257751589
3590,1,7,6,25.840442278822987
3606,1,7,10,19.170278185642427
3634,1,7,10,15.782081472148695
3638,1,7,8,23.17280033036797
3649,1,7,4,0.3700090657260609
3654,1,7,9,22.782382813469738
3657,1,7,5,0.3700090141005197
3672,1,7,8,21.466709185644056
3696,1,7,5,0.3700090141005197
3703,1,7,5,0.3700090141005197
3727,1,7,9,4.402651297027721
3732,1,7,9,25.193943176714875
3755,1,7,4,0.3700090656202526
3759,1,7,10,13.151303823193912
3766,1,7,4,0.3700090657260609
3790,0,7,0,0.032592397060259924
3802,1,7,6,29.32244098693129
3834,1,7,5,0.3700090141005197
3862,1,7,10,25.140386112599217
3863,1,7,3,3.2284382363572393
3890,1,7,6,23.880016059970945
3891,1,7,9,19.630420646192732
3916,1,7,9,16.946392140610808
3922,1,7,9,30.685801906602652
3948,1,7,4,0.3700090657260609
3962,1,7,4,0.3700090657260609
3965,0,7,0,0.033266501083042105
3993,0,7,0,0.04575832532654466
4029,1,7,2,13.0862668174548
4049,1,7,9,29.04565087002229
4060,1,7,10,16.71435475410351
4064,1,7,1,19.700328637712246
4075,1,7,8,22.801312839448975
4076,1,7,6,25.04467892561614
4099,1,7,8,14.612601553359575
4104,1,7,4,0.3700090657260609
4116,1,7,9,26.369629440046857
4119,1,7,2,13.484267283780753
4142,1,7,5,0.3700090141005197
4165,1,7,8,7.739356277437895
4167,1,7,10,18.483003890404063
4197,1,7,7,1.6276428101619864
4201,1,7,5,0.3700090141005197
4232,1,7,8,30.00733752217955
4240,1,7,10,17.396512728236043
4247,1,7,4,0.3700090657260609
4257,1,7,5,0.3700090141005197
4259,0,7,0,0.03601427597636417
4265,1,7,7,1.9338010510027228
4267,1,7,4,0.3700090657260609
4276,1,7,9,11.62268063237239
4279,1,7,8,16.886896527021268
4280,1,7,8,27.3836215566769
4285,1,7,1,11.011820285787449
4293,1,7,9,23.769071404240748
4303,0,7,0,0.0473221833089434
4309,1,7,9,33.70789746736713
4312,1,7,9,15.321170283038796
4324,1,7,7,3.3814386295164853
4327,1,7,8,32.700796963137584
4336,1,7,9,7.098467544231627
4347,1,7,7,2.058412721678571
4352,1,7,3,3.215183533589928
4353,1,7,10,21.853429755196323
4358,1,7,8,17.45868634675522
4365,1,7,6,23.991217199239745
4370,1,7,9,21.045769238651282
4376,1,7,9,33.12542366521811
4390,1,7,9,29.57785300567769
4417,1,7,5,0.3700090141005197
4419,1,7,6,7.216223574202889
4423,1,7,6,10.31404607081383
4442,1,7,6,21.06714786909709
4447,1,7,8,3.513872520446046
4452,1,7,10,11.312204063980564
4457,1,7,7,6.087615228597126
4478,1,7,3,3.1587237140038074
4484,1,7,8,25.94254407025646
4489,1,7,10,23.578975222750582
4492,1,7,3,3.112210345785446
4498,1,7,5,0.3700090141005197
4506,1,7,5,0.3700090141005197
4512,1,7,7,6.396394983449419
4517,1,7,5,0.3700090141005197
4529,1,7,9,32.997077297976226
4553,1,7,9,22.23791369837725
4564,1,7,1,21.700313177177257
4566,0,7,0,0.08025619522672113
4580,1,7,5,0.3700090141005197
4581,1,7,8,26.764416394572095
4590,1,7,5,0.3700090141005197
4598,1,7,6,29.513449866647356
4599,1,7,5,0.3700090141005197
4648,1,7,9,19.508590968043208
4653,1,7,8,28.285460893073992
4664,1,7,1,20.226142661486364
4670,1,7,9,24.119936679872453
4693,1,7,2,9.77265258476129
4694,1,7,8,15.441616047336025
4698,1,7,10,17.319519585899315
4706,1,7,10,7.061557233835921
4737,1,7,6,17.937645698112224
4741,1,7,6,24.532282566487673
4743,1,7,6,12.847041861118587
4764,1,7,9,21.464473975517258
4768,1,7,4,0.3700090657260609
4772,1,7,3,1.419767344138188
4774,1,7,9,25.529122153341987
4778,1,7,7,0.3447321557696007
4780,1,7,6,23.339816166546257
4805,1,7,9,2.9648320428118757
4812,1,7,4,0.3700090657260609
4817,0,7,0,0.030027446648352503
4826,1,7,8,19.971985111297094
4829,1,7,8,22.13249056597875
4847,1,7,5,0.3700090141005197
4848,1,7,3,2.9328266982646105
4868,1,7,8,32.68412972600931
4888,1,7,6,10.949878727436143
4900,1,7,5,0.3700090141005197
4914,1,7,1,22.868951002897752
4916,1,7,6,16.09136721374383
4917,1,7,7,3.157727935198084
4935,1,7,3,1.655337414898142
4943,1,7,10,25.941257764759953
4944,1,7,8,35.741241188191005
4971,1,7,8,17.92884858158893
4986,1,7,3,3.2529522491659693
4996,1,7,6,10.712512416610457
4997,1,7,9,31.17680820448616
5000,1,7,10,9.565754164272679
5016,1,7,1,14.661948842976253
5026,1,7,6,22.99900326062801
5037,0,7,0,0.035865163163658995
5039,1,7,9,27.16032838051091
5083,1,7,4,0.3700090657260609
5091,1,7,10,25.508914215851043
5104,1,7,8,27.32993858587633
5113,1,7,5,0.3700090141005197
5117,1,7,7,1.459965543671503
5125,1,7,9,18.274765586726854
5133,1,7,5,0.3700090141005197
5151,1,7,7,3.4142631278515685
5180,1,7,8,16.231931013673872
5190,1,7,9,17.95381682316754
5197,1,7,9,22.73860704206632
5201,1,7,4,0.3700090657260609
5216,1,7,2,0.0648478411268519
5222,1,7,6,7.494396790060011
5244,1,7,5,0.3700090141005197
5254,1,7,4,0.3700090657260609
5260,1,7,8,29.09827020063589
5267,1,7,6,22.518491448804177
5295,1,7,4,0.3700090657260609
5298,1,7,6,29.36919793194635
5299,1,7,4,0.3700090657260609
5301,1,7,8,30.770358742218676
5313,1,7,6,20.666455502868928
5323,1,7,9,21.02710347090324
5342,1,7,5,0.3700090141005197
5353,1,7,10,14.070669940255325
5362,0,7,0,0.035541604546540435
5370,1,7,6,26.668413467761322
5390,1,7,9,21.933663905882824
5392,1,7,4,0.3700090657260609
5393,1,7,9,14.714601337806615
5402,1,7,1,14.224626677395928
5405,1,7,6,23.330042675826384
5409,1,7,2,4.347109220043039
5417,1,7,6,25.7783307873329
5421,1,7,7,6.048559328706159
5445,1,7,8,16.874878351948272
5446,0,7,0,0.03284703327973699
5460,1,7,6,10.917364683352233
5475,1,7,1,14.677087622785134
5488,1,7,5,0.3700090141005197
5491,1,7,5,0.3700090141005197
5492,0,7,0,0.03566711106533812
5503,1,7,10,17.25431097246015
5506,1,7,4,0.3700090657260609
5514,1,7,7,5.939100145162971
5520,1,7,8,19.42031207153299
5529,1,7,8,7.2014176081246895
5536,1,7,6,26.644881771777417
5568,1,7,4,0.3700090657260609
5574,1,7,7,2.705882894181996
5575,1,7,4,0.3700090657260609
5576,1,7,5,0.3700090141005197
5584,1,7,6,12.526303114571643
5591,1,7,9,16.311407678257876
5598,1,7,8,11.682206646131766
5617,1,7,6,22.23863458863485
5619,1,7,8,13.803753321524072
5631,1,7,10,8.596326960947374
5639,1,7,10,21.67231833326739
5653,1,7,9,12.153093643298215
5660,1,7,4,0.3700090657260609
5661,1,7,6,14.654815954917739
5662,1,7,6,19.07370260595606
5663,1,7,5,0.3700090141005197
5667,1,7,6,5.123015577816785
5668,1,7,10,26.058741302746064
5675,1,7,1,25.893780660179313
5679,1,7,9,23.955665261722054
5705,1,7,8,19.805492314566997
5707,0,7,0,0.030128785682850236
5710,0,7,0,0.04114436982418358
5715,1,7,8,25.382673808955936
5751,1,7,6,28.994106107588028
5771,1,7,8,29.94676278849851
5773,1,7,9,29.83100011173572
5774,1,7,6,23.87874439717822
5784,1,7,5,0.3700090141005197
5796,1,7,6,23.118255224366735
5798,1,7,10,21.44708815166403
5800,1,7,9,32.52210905858632
5821,1,7,9,29.490015437282256
5856,1,7,9,16.047686221074148
5872,1,7,8,16.124116182545716
5884,1,7,6,24.52712891393715
5889,1,7,1,17.691300106095973
5912,1,7,9,26.67852059164566
5931,1,7,9,22.015677456184196
5940,1,7,5,0.3700090141005197
5944,1,7,9,22.037824362936387
5958,1,7,5,0.3700090141005197
5965,1,7,8,34.89115790325677
5967,1,7,1,24.245055475843472
5970,1,7,9,13.665944030482443
5999,1,7,5,0.3700090141005197
6010,1,7,2,9.30809070828884
6013,1,7,9,31.49699372885417
6056,1,7,2,7.115988162710158
6063,1,7,6,16.872822935495606
6066,1,7,9,33.66592842232571
6075,1,7,1,3.837761069399214
6077,1,7,8,7.313997871528893
6083,1,7,1,19.855701163661813
6090,1,7,9,20.178045316576487
6097,0,7,0,0.04200198538305929
6126,1,7,4,0.3700090657260609
6150,1,7,6,29.34192693615421
6163,1,7,2,12.173215858783097
6169,1,7,1,19.808189020328932
6192,0,7,0,0.03329064481612463
6196,1,7,1,25.113682373560067
6198,1,7,3,3.242629211220566
6199,1,7,10,9.130128145806648
6219,1,7,6,10.7456767675084
6235,1,7,9,32.48212504198604
6237,1,7,9,12.776289135944218
6239,1,7,10,21.900723105375466
6243,1,7,8,30.424912351138307
6246,1,7,4,0.3700090657260609
6258,1,7,9,14.442790852363725
6265,1,7,8,33.786264409943996
6266,1,7,5,0.3700090141005197
6269,1,7,4,0.3700090657260609
6282,1,7,8,9.289025308667801
6283,1,7,5,0.3700090141005197
6294,1,7,8,10.71020391486489
6305,1,7,6,16.406710862648215
6309,1,7,7,2.3421451546640877
6325,1,7,10,19.02438409332506
6332,1,7,7,6.362327012346311
6335,1,7,4,0.3700090657260609
6360,1,7,8,13.209836162628768
6367,1,7,5,0.37000902039789374
6379,1,7,5,0.37000902039789374
6385,1,7,9,32.8508890701611
6389,1,7,9,24.748164011512465
6392,1,7,8,22.401658475895786
6394,1,7,10,18.452468668011626
6402,1,7,5,0.3700090141005197
6405,1,7,5,0.3700090141005197
6415,1,7,5,0.3700090141005197
6437,1,7,4,0.3700090657260609
6444,1,7,6,21.694854822023522
6448,1,7,8,21.0354785272528
6451,1,7,9,27.088977519860993
6459,1,7,7,6.105328112233494
6462,1,7,9,25.3295356411003
6470,1,7,10,17.567424309212885
6486,1,7,9,30.598035877394505
6487,1,7,5,0.3700090141005197
6509,1,7,5,0.3700090141005197
6516,1,7,9,12.972007248717158
6529,1,7,9,17.74906330576953
6534,1,7,8,27.76270593775589
6535,1,7,10,12.778203993612781
6551,1,7,2,3.0223854380883277
6573,1,7,10,17.153497796158426
6583,1,7,4,0.3700090657260609
6585,1,7,6,24.759179983792464
6592,1,7,9,28.09698406582238
6598,1,7,2,11.5142453400686
6602,1,7,7,4.745314734925517
6607,1,7,1,11.840482060686924
6635,1,7,7,2.403297930397684
6640,1,7,3,2.8019455670432674
6660,1,7,5,0.37000902039789374
6661,1,7,5,0.3700090141005197
6673,1,7,7,0.3490231213367359
6676,1,7,5,0.3700090141005197
6686,1,7,1,13.329896942435425
6709,0,7,0,0.03895320350751925
6719,1,7,1,19.690174376476914
6728,1,7,7,1.8856803730692393
6764,1,7,9,29.749496823185982
6767,1,7,1,23.254740979896322
6774,1,7,8,30.38174074529539
6778,1,7,8,20.140731466104754
6782,1,7,1,26.915139621438392
6784,1,7,9,15.232766869715848
6807,1,7,7,0.46401660118736565
6824,1,7,7,1.9820485129785483
6832,1,7,6,9.053477241354454
6850,1,7,4,0.3700090657260609
6852,1,7,6,19.537734872963664
6858,1,7,7,3.401509949714223
6871,1,7,4,0.3700090657260609
6884,1,7,4,0.3700090657260609
6885,1,7,2,7.222233675101508
6898,1,7,9,20.719213947651006
6900,1,7,6,19.199151587106616
6911,1,7,6,9.276587448424268
6913,1,7,1,24.62464495775067
6915,1,7,2,13.284664728311174
6917,1,7,8,34.19603414923178
6931,1,7,4,0.3700090657260609
6932,0,7,0,0.03638019395015906
6947,1,7,8,13.225290257100639
6965,1,7,10,25.407953754302408
6968,1,7,2,16.020020236489803
6987,1,7,4,0.3700090657260609
6988,1,7,1,24.38210022958666
6998,1,7,10,11.184576220978235
7020,1,7,3,2.984520990398594
7035,1,7,5,0.3700090141005197
7036,1,7,9,29.53843345317511
7043,1,7,4,0.3700090657260609
7066,0,7,0,0.038947210760943464
7072,1,7,9,32.72014336640348
7074,1,7,5,0.3700090141005197
7085,1,7,4,0.3700090657260609
7120,1,7,6,29.881247782953288
7122,1,7,4,0.3700090657260609
7137,0,7,0,0.030755168970815972
7146,1,7,6,19.85376557176607
7154,1,7,9,21.297131261683354
7155,1,7,5,0.3700090141005197
7168,1,7,3,3.2255300036227186
7169,1,7,6,15.88470866779279
7181,1,7,7,3.788960354470915
7198,1,7,9,24.50234767360293
7207,0,7,0,0.04363650376344771
7231,1,7,4,0.3700090657260609
7240,1,7,8,2.9953059568820497
7250,1,7,6,21.66330427007911
7276,1,7,6,16.0591338059085
7282,1,7,4,0.3700090657260609
7309,1,7,8,6.343507963933359
7310,1,7,1,12.750463140199633
7314,1,7,9,19.64727230371979
7344,1,7,9,32.25935643675616
7354,1,7,8,32.63732364702379
7355,1,7,5,0.3700090141005197
7358,1,7,10,18.97572588463356
7360,1,7,6,23.31187366522011
7365,1,7,9,23.714341271665273
7370,1,7,9,19.64651855957137
7372,1,7,8,30.456351454250022
7375,1,7,9,26.897898878806306
7384,1,7,5,0.3700090141005197
7397,1,7,8,18.51642066408598
7407,1,7,5,0.3700090141005197
7430,1,7,7,4.816011801856703
7477,1,7,4,0.3700090657260609
7500,1,7,8,5.893744170638268
7506,1,7,8,35.996431938588074
7519,1,7,8,7.515265453573705
7539,1,7,1,18.896211840913367
7544,1,7,2,12.681499546435196
7554,1,7,10,12.96924061291537
7557,1,7,2,9.78454678211934
7566,1,7,4,0.3700090657260609
7571,1,7,8,15.28254539931694
7589,1,7,5,0.3700090141005197
7593,1,7,10,25.382782771787074
7601,0,7,0,0.031575592115370886
7602,1,7,9,20.490890072367584
7603,0,7,0,0.041977658772641153
7608,1,7,4,0.3700090657260609
7623,1,7,6,22.043141024969298
7631,1,7,9,20.500062266713375
7635,1,7,2,7.141462309771799
7639,1,7,9,25.41354277205308
7640,1,7,9,12.737490285400948
7642,1,7,4,0.3700090657260609
7643,1,7,7,5.980642712642836
7650,1,7,9,30.831278827918876
7663,1,7,6,30.016639038114718
7669,1,7,6,24.031951385376544
7672,1,7,9,22.46666640206246
7675,1,7,8,29.834113284166932
7692,1,7,8,29.412636147395716
7710,1,7,4,0.3700090657260609
7727,1,7,10,20.50851161090387
7757,1,7,6,22.667418875508666
7759,1,7,4,0.3700090657260609
7764,0,7,0,0.0355786185150708
7815,1,7,6,29.989469335136434
7817,1,7,9,30.816038325383854
7820,1,7,10,21.55978011899576
7827,1,7,8,34.077297862169964
7857,1,7,9,20.608494659316605
7866,1,7,1,7.006804339515699
7877,1,7,8,17.6808748579395
7879,1,7,10,13.831289105919529
7890,1,7,8,18.896739195738583
7905,1,7,8,28.17829488570681
7915,1,7,8,24.599708568544333
7919,1,7,5,0.3700090141005197
7933,1,7,9,21.463080160176986
7938,0,7,0,0.03160216093397573
7958,1,7,6,29.89338055722126
7961,1,7,4,0.3700090657260609
7974,1,7,5,0.37000902039789374
7990,1,7,8,18.303349351423595
8001,1,7,9,13.993247991848373
8011,1,7,5,0.3700090141005197
8020,1,7,8,31.283853624051677
8024,1,7,6,27.066214590424128
8061,1,7,9,17.60266685547467
8064,1,7,3,3.017434512216443
8077,1,7,1,3.687015265069075
8079,1,7,5,0.3700090141005197
8081,1,7,6,25.29886321880698
8096,1,7,8,28.984648295093354
8098,1,7,9,18.820680023559557
8120,1,7,10,11.219403252519582
8135,1,7,7,0.7286805286390134
8136,1,7,9,23.881085528368786
8143,1,7,6,18.552188592724136
8152,1,7,9,22.807428045159185
8155,1,7,6,17.38893322836565
8158,1,7,10,19.882729146869632
8165,1,7,1,11.597703413585501
8175,1,7,5,0.3700090141005197
8192,0,7,0,0.03237616662983846
8205,1,7,4,0.3700090657260609
8210,1,7,4,0.3700090657260609
8220,1,7,7,3.329787422962487
8230,1,7,1,24.530032686290618
8299,1,7,1,15.275854539004929
8304,1,7,6,29.88879924813206
8318,1,7,4,0.3700090657260609
8321,1,7,8,22.770846479746673
8329,1,7,4,0.3700090657260609
8344,1,7,9,18.66833352782339
8351,1,7,8,31.636700560810098
8381,1,7,10,10.115265249798492
8396,1,7,9,4.25654265462225
8398,1,7,6,18.77266980580724
8404,1,7,1,4.8219086100980375
8409,1,7,2,16.261376889872345
8426,1,7,8,28.41960030884826
8430,1,7,8,31.114060830317246
8440,1,7,1,15.771853754653547
8467,1,7,1,16.43872013882132
8494,1,7,9,14.95383091762469
8496,1,7,6,12.859808256657914
8512,1,7,4,0.3700090657260609
8571,1,7,9,33.01063752822822
8576,1,7,6,14.71666605389797
8578,1,7,4,0.3700090657260609
8580,1,7,7,1.3435280150610458
8583,1,7,8,22.532678223755326
8585,1,7,6,30.498206079453528
8590,1,7,7,0.42378498120599584
8617,1,7,4,0.3700090657260609
8634,1,7,5,0.3700090141005197
8639,0,7,0,0.036161934768823345
8656,1,7,4,0.3700090657260609
8660,1,7,1,13.78110856073878
8662,1,7,4,0.3700090657260609
8663,1,7,8,13.876113502776294
8665,1,7,9,31.895082271897824
8669,1,7,10,8.411798386873826
8671,1,7,4,0.3700090657260609
8681,1,7,8,21.88639452497701
8687,0,7,0,0.06140577456539966
8690,1,7,10,22.88490016272113
8706,1,7,6,28.859884177244492
8711,1,7,10,24.61446577988941
8716,1,7,2,6.542050943408258
8723,1,7,9,7.023275536454269
8750,1,7,10,18.239298404232485
8771,1,7,4,0.3700090657260609
8793,1,7,8,4.830806885367003
8804,1,7,9,29.910043692552783
8809,1,7,6,20.616226995061886
8814,1,7,9,27.59716837506023
8816,1,7,9,20.66757164198384
8817,1,7,2,5.988668297004035
8819,1,7,7,0.3482638324329966
8835,1,7,8,16.92374834807805
8848,1,7,8,23.149239136302807
8872,1,7,7,5.794288367675863
8885,1,7,1,17.699244904065676
8890,1,7,9,30.509979737633717
8891,1,7,8,11.906335992833611
8915,1,7,9,13.850029451454036
8917,1,7,10,21.152630750777515
8918,1,7,8,22.505723628581727
8931,1,7,6,26.980398786854092
8932,1,7,1,7.327359095083477
8943,1,7,8,15.772160847739112
8962,0,7,0,0.20611893698530967
8965,1,7,4,0.3700090657260609
8985,1,7,8,31.466994786295686
8991,1,7,6,16.129693873932368
8992,1,7,9,7.705609091430811
9004,1,7,4,0.3700090656202526
9009,1,7,5,0.37000902039789374
9035,1,7,1,3.7248285855362266
9045,1,7,9,33.387188455740954
9047,1,7,10,5.204563277613109
9061,1,7,10,21.451160140552926
9069,1,7,6,27.380025127226123
9097,1,7,1,16.185113061733496
9111,1,7,6,8.321634314583035
9125,1,7,9,19.1090251127743
9142,0,7,0,0.03486529114293167
9143,1,7,9,16.352920719417966
9166,1,7,9,29.988674250977244
9170,1,7,5,0.3700090141005197
9183,1,7,6,6.3449510574595465
9188,1,7,5,0.3700090141005197
9190,1,7,9,23.51809121274079
9194,1,7,6,20.65506255815298
9202,1,7,6,28.07677074636664
9207,1,7,9,6.176631961350337
9212,1,7,10,9.231907754541357
9213,1,7,4,0.3700090657260609
9214,1,7,8,18.676668145156796
9219,1,7,4,0.3700090657260609
9225,1,7,5,0.3700090141005197
9227,0,7,0,0.036718695187113355
9229,1,7,8,26.540583035468497
9236,0,7,0,0.04702484346722722
9249,1,7,10,25.125460075332526
9251,1,7,5,0.3700090141005197
9254,1,7,1,17.057950248370776
9255,1,7,8,10.096535742717299
9256,1,7,6,20.585923499463576
9271,1,7,8,19.962948436292116
9272,1,7,9,14.539838656447987
9307,1,7,9,21.16061089281861
9309,1,7,9,3.7247613048871195
9327,1,7,8,21.485128787240086
9338,1,7,4,0.3700090657260609
9341,1,7,6,26.19614913182623
9364,1,7,9,12.16311994521425
9366,1,7,5,0.3700090141005197
9373,1,7,4,0.3700090657260609
9380,1,7,4,0.3700090657260609
9387,1,7,4,0.3700090657260609
9388,1,7,7,5.826371404908175
9400,1,7,10,25.63190244478276
9403,1,7,5,0.3700090141005197
9432,1,7,5,0.3700090141005197
9434,1,7,8,12.780652615823097
9436,1,7,10,17.60146880817806
9469,1,7,2,8.618185430879397
9491,1,7,4,0.3700090657260609
9498,1,7,9,27.587785250903423
9504,1,7,9,23.674746967917255
9505,1,7,6,27.131369470861397
9508,1,7,8,26.852508046029648
9518,1,7,8,21.043595240964372
9531,1,7,3,1.0052403547859738
9536,1,7,3,2.7424754068871087
9537,1,7,6,9.735743070993855
9541,1,7,4,0.3700090657260609
9542,1,7,9,18.562537167422743
9569,1,7,8,4.440394106500015
9583,1,7,6,19.087446284966745
9592,1,7,5,0.37000902039789374
9597,1,7,6,25.2988063236401
9626,1,7,4,0.3700090657260609
9638,1,7,9,18.274034490983304
9661,1,7,3,1.0773539610394913
9663,0,7,0,0.03880229337983554
9665,1,7,6,30.357417987979257
9667,1,7,9,17.05490829015192
9670,1,7,4,0.3700090657260609
9671,1,7,4,0.3700090657260609
9675,1,7,7,1.7489251068977105
9679,1,7,9,28.947986184423456
9690,1,7,9,18.280565082910528
9694,1,7,1,24.798576587687307
9698,1,7,8,19.9541631915666
9711,1,7,6,4.593498093614399
9713,1,7,8,23.85775165229826
9724,1,7,3,2.8097302291639608
9726,1,7,7,1.9689252880511712
9764,1,7,4,0.3700090657260609
9778,1,7,6,17.286771527804625
9797,1,7,6,28.657349418809368
9808,1,7,9,28.57477510281313
9814,1,7,5,0.3700090141005197
9849,1,7,5,0.3700090141005197
9860,1,7,9,29.621412018772997
9863,1,7,4,0.3700090657260609
9865,1,7,4,0.3700090657260609
9871,1,7,9,24.38326972414554
9879,1,7,6,29.53816136367687
9901,1,7,6,14.891803629865109
9908,1,7,9,27.766312489360526
9910,1,7,10,10.374264119640097
9921,1,7,6,25.96342447649425
9945,1,7,8,16.849154736122934
9954,1,7,3,0.9361271509180761
9962,1,7,8,27.85611730959103
9964,1,7,1,17.748527457709233
9993,0,7,0,0.03857185246711309
10006,1,7,1,8.37157066749806
10013,1,7,8,29.997126440548065
10019,1,7,8,27.919742348674088
10025,1,7,8,0.38620650897522946
10026,1,7,4,0.3700090657260609
10032,1,7,8,23.879368999046633
10035,0,7,0,0.055089319998622426
10048,1,7,5,0.3700090141005197
10051,1,7,3,3.1683335049543455
10068,1,7,6,28.444963516644947
10069,1,7,3,3.0703301330740724
10076,1,7,9,12.02165475104024
10078,1,7,5,0.3700090141005197
10081,1,7,7,0.9814640433102518
10093,1,7,9,3.5508848177492314
10098,1,7,4,0.3700090657260609
10110,1,7,4,0.3700090657260609
10127,1,7,6,5.380535999890215
10155,1,7,6,29.787862426376666
10175,1,7,8,28.325975109592576
10177,1,7,10,11.716059164745
10195,1,7,1,11.342944976217524
10207,1,7,8,8.552161417193373
10218,1,7,4,0.3700090657260609
10252,1,7,8,24.538564506031193
10281,0,7,0,0.03619682291763006
10282,1,7,8,5.009115432469154
10290,1,7,5,0.3700090141005197
10294,1,7,8,25.652145993667702
10298,1,7,4,0.3700090657260609
10303,1,7,9,13.55527091061009
10315,1,7,9,26.573323288442612
10345,1,7,1,16.004133014224127
10348,1,7,9,10.919599424973677
10361,1,7,9,13.236927039389473
10363,1,7,4,0.3700090657260609
10380,1,7,4,0.3700090657260609
10393,1,7,10,21.717637041266816
10395,1,7,5,0.3700090141005197
10398,1,7,7,3.158882402250208
10401,1,7,2,12.729736944942973
10407,1,7,4,0.3700090657260609
10409,1,7,8,22.990996083099375
10410,1,7,6,16.39899700407907
10412,1,7,5,0.3700090141005197
10430,1,7,9,24.00985911924932
10435,1,7,5,0.3700090141005197
10442,1,7,10,22.87515128435079
10443,1,7,9,30.556328045582354
10463,0,7,0,0.03401215430292657
10467,1,7,3,3.202226976458323
10485,1,7,9,14.090549819805435
10497,1,7,6,22.345987515448787
10498,1,7,4,0.3700090657260609
10499,1,7,9,11.681017227522
10510,1,7,3,2.3417604193081405
10526,1,7,3,2.307945526760223
10527,1,7,8,17.040934775434565
10532,1,7,9,24.661789374652002
10538,1,7,8,31.10913394975832
10544,1,7,4,0.3700090657260609
10558,1,7,6,25.29161508077177
10578,1,7,8,12.882490070728485
10598,1,7,8,14.424087603475174
10606,1,7,10,23.276772961780164
10609,1,7,6,23.13453031889303
10613,0,7,0,0.02471095831647975
10615,1,7,5,0.3700090141005197
10617,1,7,8,6.780097739534676
10622,1,7,2,13.408401486461967
10629,1,7,9,15.493205202107287
10638,1,7,5,0.3700090141005197
10652,1,7,8,19.95617724512277
10660,1,7,9,26.373772623093654
10680,1,7,8,22.081897251310714
10700,1,7,4,0.3700090657260609
10701,1,7,9,12.066372062910023
10714,1,7,9,15.626879660590587
10738,1,7,10,20.24610391339824
10742,1,7,1,27.896480079616943
10748,1,7,6,26.96078166982324
10774,1,7,4,0.3700090657260609
10780,1,7,4,0.3700090657260609
10781,1,7,6,23.250364132365593
10814,1,7,4,0.3700090657260609
10820,1,7,5,0.3700090141005197
10823,1,7,6,22.205925595908635
10829,1,7,10,24.427628318745633
10860,1,7,9,32.63003593466329
10865,1,7,1,10.338552287314474
10867,1,7,6,28.05004202561953
10868,1,7,9,24.2973482201048
10874,1,7,4,0.3700090657260609
10882,1,7,5,0.3700090141005197
10889,1,7,3,1.4327462562498048
10917,1,7,4,0.3700090657260609
10937,1,7,8,14.119773079207876
10941,1,7,3,2.4283413343258076
10944,1,7,9,17.901627684638886
10949,1,7,4,0.3700090657260609
10951,1,7,9,20.80815446897174
10968,1,7,4,0.3700090657260609
10982,1,7,3,2.103100141833661
10988,1,7,5,0.3700090141005197
10990,1,7,9,28.688670054107043
11026,1,7,3,2.9185831792197736
11028,1,7,8,32.63579770350369
11029,1,7,1,12.639115612198816
11037,1,7,8,19.26918338765808
11039,1,7,5,0.3700090141005197
11046,1,7,5,0.3700090141005197
11054,0,7,0,0.14706916775671985
11063,1,7,10,26.035125694284247
11076,0,7,0,0.04457048317922234
11084,1,7,1,19.439503534167986
11098,1,7,9,24.555134973749617
11103,1,7,10,21.257343314304507
11105,1,7,9,25.782169816593452
11106,1,7,6,7.935389203189353
11115,1,7,6,8.723830968445805
11135,1,7,1,15.765790420207924
11137,1,7,4,0.3700090656202526
11142,1,7,7,1.5462397361821443
11152,1,7,3,2.8478936413262055
11155,1,7,8,25.04975930335602
11156,1,7,5,0.3700090141005197
11159,1,7,10,24.734883355740052
11160,1,7,8,24.67019733856812
11174,1,7,1,7.852976231923077
11189,1,7,8,14.46446107603129
11194,1,7,5,0.3700090141005197
11198,1,7,3,2.5942781632078824
11206,1,7,4,0.3700090657260609
11229,1,7,6,27.647010524317444
11235,0,7,0,0.036042053355033174
11236,1,7,8,16.26652179842939
11255,1,7,9,29.8097674365072
11257,1,7,9,23.90733859205483
11266,1,7,9,30.16476994358986
11279,1,7,8,31.53817669868139
11281,1,7,5,0.3700090141005197
11295,1,7,5,0.3700090141005197
11323,1,7,3,2.8609897786162106
11328,1,7,8,16.0273201987296
11332,1,7,5,0.3700090141005197
11345,1,7,6,22.372235373781404
11355,1,7,4,0.3700090657260609
11356,1,7,4,0.3700090657260609
11360,1,7,9,21.677473796863005
11365,1,7,9,30.511306622935635
11382,1,7,8,17.399723973710692
11384,1,7,10,12.344824142949573
11388,1,7,4,0.3700090656202526
11422,0,7,0,0.031720487838035535
11437,1,7,6,17.514793058457187
11446,1,7,9,25.303528151070275
11468,1,7,8,26.330334973573585
11485,1,7,7,3.020840738120171
11489,1,7,8,26.808361920455695
11492,1,7,5,0.3700090141005197
11496,1,7,9,25.165775186612453
11503,1,7,10,6.985634372104418
11507,1,7,5,0.3700090141005197
11508,1,7,4,0.3700090657260609
11542,1,7,9,26.166018411455816
11548,1,7,1,15.049309579951682
11559,1,7,5,0.3700090141005197
11568,1,7,6,20.255908182823735
11570,1,7,6,28.98787439827997
11597,1,7,5,0.3700090141005197
11599,1,7,9,23.460136735983795
11602,1,7,9,6.964613801694634
11604,1,7,9,32.70634367699909
11609,1,7,4,0.3700090657260609
11615,1,7,8,15.256335036982929
11623,1,7,4,0.3700090657260609
11638,1,7,9,23.085540565290746
11653,1,7,9,32.07792392474082
11675,1,7,9,25.43550691250533
11711,1,7,6,24.60502919755374
11716,1,7,5,0.3700090141005197
11720,1,7,9,8.214347957825268
11728,1,7,8,29.65097325735484
11761,1,7,10,16.4932538735506
11784,1,7,1,18.52341754709376
11787,1,7,5,0.37000902039789374
11788,1,7,10,17.124604580096534
11789,1,7,1,22.706775106982352
11818,1,7,1,19.135957419297505
11830,1,7,9,16.845725853254866
11831,1,7,9,25.249537578777932
11854,1,7,9,13.706859564122386
11868,1,7,8,26.816699585000357
11888,1,7,7,6.1519050224217855
11895,1,7,4,0.3700090657260609
11898,0,7,0,0.022537366702835553
11904,1,7,5,0.3700090141005197
11909,1,7,10,5.19599307527371
11911,1,7,6,29.0040439533839
11933,1,7,10,17.44210855247167
11938,1,7,5,0.3700090141005197
11946,1,7,1,14.27757838643375
11951,1,7,3,3.205794407756068
11967,1,7,5,0.3700090141005197
11994,1,7,8,24.62983746594932
11995,1,7,1,26.383911561446027
12002,1,7,5,0.3700090141005197
12005,1,7,9,31.467106267421766
12006,1,7,9,32.829773348510685
12039,1,7,6,25.075155915287848
12076,1,7,6,29.534523644399936
12086,1,7,7,1.1208800296653296
12093,1,7,6,22.54044597712719
12113,1,7,4,0.3700090657260609
12142,1,7,4,0.3700090657260609
12146,1,7,1,8.994851780255154
12198,1,7,4,0.3700090656202526
12210,1,7,8,18.638925482712352
12249,1,7,9,22.15119578385725
12258,1,7,5,0.3700090141005197
12261,1,7,8,29.413616304082847
12273,1,7,6,13.262536121346914
12276,1,7,9,12.066336939266696
12278,1,7,9,31.326046354557533
12306,1,7,7,2.0199666839213366
12332,1,7,9,11.114054985166488
12333,0,7,0,0.03990287536593792
12348,1,7,4,0.3700090657260609
12359,1,7,9,28.555354239527723
12374,1,7,9,26.582671343368702
12420,1,7,9,23.537062609714486
12423,1,7,9,31.300549825138134
12438,1,7,10,18.521538727459912
12446,1,7,2,2.9299414242740225
12450,1,7,1,24.198557772976724
12477,1,7,9,30.858154991680866
12483,1,7,8,32.03884371613743
12501,1,7,10,19.470819739631484
12509,1,7,6,29.24268588266186
12517,1,7,5,0.3700090141005197
12544,1,7,9,24.316641096409732
12559,1,7,2,14.211020303442298
12573,1,7,8,8.118936526692643
12578,1,7,10,16.19019255271924
12592,1,7,9,16.48025827394083
12595,1,7,9,32.64464472638937
12597,1,7,1,27.621716773129307
12598,1,7,10,24.977608969212504
12602,1,7,7,5.926135519360856
12618,1,7,8,15.007017849966948
12635,1,7,1,9.001155754005362
12643,1,7,1,18.695892614213978
12654,1,7,4,0.3700090657260609
12682,1,7,1,21.72082200033385
12684,1,7,6,17.9593284603257
12689,1,7,7,2.5004618720240135
12704,1,7,9,32.92664816146753
12710,1,7,6,20.525044944071425
12711,1,7,5,0.3700090141005197
12719,1,7,5,0.3700090141005197
12730,1,7,9,30.375220105419647
12737,1,7,7,0.9364983547095563
12749,1,7,5,0.3700090141005197
12784,1,7,5,0.3700090141005197
12785,1,7,8,36.07786207187592
12799,1,7,4,0.3700090657260609
12822,1,7,5,0.3700090141005197
12823,1,7,6,22.02904768850501
12824,1,7,5,0.3700090141005197
12825,1,7,1,21.359435527135716
12827,1,7,5,0.3700090141005197
12835,1,7,1,21.69343538462933
12846,1,7,6,12.027554087742061
12851,1,7,8,23.74491106630028
12853,1,7,8,18.93024647290094
12858,1,7,10,17.663436648502227
12873,1,7,4,0.3700090657260609
12876,1,7,9,23.64739803679678
12883,1,7,9,28.57900934184265
12885,1,7,9,16.296901911550044
12887,1,7,9,21.086512249644557
12891,1,7,9,6.798111983548535
12899,1,7,5,0.3700090141005197
12910,1,7,5,0.3700090141005197
12913,1,7,9,33.65735857615107
12924,1,7,6,15.348340430599063
12937,1,7,3,0.6757354921867049
12941,1,7,5,0.3700090141005197
12960,1,7,1,17.605900437047246
12970,1,7,5,0.3700090141005197
13012,1,7,10,20.99719984562142
13024,1,7,9,6.737649875434455
13025,1,7,5,0.3700090141005197
13027,1,7,4,0.3700090657260609
13028,1,7,6,21.21949186444817
13030,1,7,9,33.55328278014097
13048,1,7,9,33.1717575860444
13057,1,7,8,29.31273965506757
13072,1,7,9,19.215748930613884
13079,1,7,1,19.138192627556663
13093,1,7,8,19.831212676667562
13105,1,7,6,5.255110332030238
13120,1,7,9,21.611951362310624
13127,1,7,9,19.923681165619584
13131,1,7,1,19.077564018830298
13140,1,7,5,0.3700090141005197
13144,1,7,4,0.3700090657260609
13160,1,7,8,23.224508359724204
13165,0,7,0,0.03367905344280375
13169,1,7,10,23.878088497248907
13178,1,7,10,10.650698518345603
13182,1,7,5,0.3700090141005197
13184,1,7,1,11.168830009790454
13187,1,7,2,7.267862929611038
13188,1,7,4,0.3700090657260609
13199,1,7,4,0.3700090657260609
13221,0,7,0,0.03288733845137539
13229,1,7,6,22.7430543382164
13236,1,7,8,25.689061483385395
13239,1,7,6,12.984641885511287
13260,1,7,3,1.1133907256781659
13261,1,7,4,0.3700090657260609
13262,1,7,4,0.3700090657260609
13274,1,7,9,13.16631588271771
13278,1,7,9,33.2373075432038
13288,1,7,9,26.700531999147394
13300,1,7,2,16.012969234604185
13316,1,7,6,17.79222619757546
13322,1,7,6,24.52908813961288
13323,1,7,10,24.049292248974428
13324,1,7,6,26.37536489479176
13359,1,7,9,16.67875196992637
13363,1,7,10,7.229731158819373
13365,1,7,1,23.592931430651422
13370,1,7,8,28.16335510477739
13376,1,7,1,27.026262627867574
13379,1,7,4,0.3700090657260609
13380,1,7,6,22.201912493546175
13384,0,7,0,0.03845340409615467
13385,1,7,2,8.581673543275604
13393,1,7,6,5.534402488925519
13436,1,7,5,0.3700090141005197
13452,1,7,5,0.3700090141005197
13460,1,7,8,16.797888210777856
13492,1,7,6,30.0260181992681
13501,1,7,10,17.07652996314737
13503,1,7,9,17.200088280715406
13516,1,7,6,29.386653200759753
13518,1,7,5,0.3700090141005197
13519,1,7,6,8.201754067129812
13528,1,7,8,20.670013812474927
13530,1,7,9,21.847331405908836
13534,1,7,8,19.870841858333723
13536,1,7,10,11.797289113865794
13549,1,7,10,21.938615331897932
13569,1,7,5,0.3700090141005197
13579,1,7,7,6.359838989805087
13583,1,7,1,9.30157587111531
13598,1,7,10,21.284441508554117
13626,1,7,10,17.802789498329084
13639,1,7,10,9.693036111433264
13642,0,7,0,0.035125019565329915
13643,1,7,4,0.3700090657260609
13647,1,7,1,21.975484217457627
13668,1,7,8,35.840444653978814
13675,1,7,6,27.505829104681087
13692,1,7,9,19.804474662229815
13698,1,7,4,0.3700090657260609
13714,1,7,2,2.8565022857661315
13719,1,7,5,0.3700090141005197
13721,1,7,6,24.214536136150198
13723,1,7,8,21.21322461211162
13726,1,7,7,5.832340917234087
13732,0,7,0,0.04583285706041812
13737,1,7,8,17.038274789397
13748,1,7,8,8.82820536425953
13749,1,7,7,1.7496752597084928
13757,1,7,8,17.02559916086245
13758,1,7,2,15.06578968588874
13778,1,7,6,18.006007318957195
13779,1,7,9,20.54008785639145
13782,1,7,6,26.092881216732863
13785,1,7,3,3.129663876862309
13809,1,7,4,0.3700090657260609
13820,1,7,6,22.69973028613823
13835,1,7,6,15.49176207413431
13855,1,7,9,25.787018976873938
13856,1,7,3,2.417475859493626
13861,1,7,9,7.435158844812206
13863,1,7,10,18.515792776195532
13865,1,7,8,21.940145121012367
13877,1,7,1,21.100798717782936
13884,1,7,3,3.190722042307469
13890,1,7,8,20.87806516555351
13900,1,7,4,0.3700090657260609
13910,1,7,8,36.00266853309256
13913,1,7,9,29.49395094463587
13925,0,7,0,0.09034980778492403
13926,1,7,5,0.3700090141005197
13932,1,7,6,20.96045025443244
13934,1,7,10,24.522678025404716
13953,1,7,2,8.334728177738372
13958,1,7,8,28.407279839554615
13971,1,7,1,24.052481873528926
13974,1,7,9,12.397224181625207
13997,1,7,4,0.3700090657260609
14010,1,7,8,35.34010507982116
14016,1,7,7,0.34526591941782253
14035,0,7,0,0.11242247942086842
14044,1,7,4,0.3700090656202526
14050,1,7,6,20.460127864737068
14056,1,7,2,12.678878245047335
14061,1,7,2,12.043175062880502
14067,1,7,4,0.3700090657260609
14073,1,7,8,35.583705760564484
14080,1,7,7,0.38162633320954353
14093,1,7,6,27.914781051122837
14101,1,7,2,10.64078899032498
14107,1,7,4,0.3700090657260609
14117,0,7,0,0.1828453899125263
14118,1,7,9,10.49986373247322
14123,1,7,9,28.02866260018689
14132,1,7,6,16.34812213853968
14183,1,7,5,0.3700090141005197
14205,1,7,9,24.74310953183495
14219,1,7,4,0.3700090657260609
14220,1,7,6,11.482539906300996
14221,1,7,3,3.205786555048404
14240,0,7,0,0.032487114720509296
14250,1,7,8,27.140870736258073
14255,1,7,5,0.3700090141005197
14284,1,7,9,14.438613721096361
14292,1,7,6,18.17692603014861
14302,1,7,8,28.995591483164983
14322,1,7,1,18.96830633547315
14328,1,7,7,3.237920430533904
14341,1,7,6,16.074042731228335
14369,1,7,1,15.022410782755149
14384,1,7,5,0.3700090141005197
14390,1,7,5,0.3700090141005197
14393,1,7,5,0.37000902039789374
14400,1,7,10,10.432727555962378
14404,1,7,7,2.340460333890472
14410,1,7,4,0.3700090657260609
14431,1,7,10,16.006208103324532
14437,1,7,4,0.3700090657260609
14440,1,7,9,32.07996939671228
14444,1,7,4,0.3700090657260609
14447,1,7,4,0.3700090657260609
14462,1,7,7,5.898635411966062
14469,1,7,9,32.690528245504304
14471,1,7,6,11.266353129487078
14475,1,7,9,31.038618397750483
14497,1,7,4,0.3700090657260609
14499,1,7,9,32.85242080724919
14504,1,7,10,18.67379469435749
14521,1,7,8,33.24006999600303
14555,1,7,9,29.07481426287898
14562,1,7,8,4.503273015032789
14572,1,7,9,33.23806462265891
14581,0,7,0,0.04708717218802872
14582,1,7,4,0.3700090657260609
14596,1,7,3,3.130100863512452
14602,1,7,5,0.3700090141005197
14608,1,7,6,10.251441921748562
14620,1,7,6,25.26552788830685
14648,1,7,6,17.170170701353115
14651,1,7,5,0.3700090141005197
14655,1,7,10,19.724475186550002
14660,1,7,9,32.92163719836012
14670,1,7,9,3.2443193940941866
14697,1,7,2,8.037102110191539
14708,1,7,8,25.637385085721025
14717,1,7,8,34.14624825742427
14724,1,7,9,32.32992160645271
14726,1,7,7,1.2006370069999537
14734,1,7,10,6.199280870592654
14752,1,7,6,23.743305831046364
14755,1,7,6,24.24241355963036
14764,1,7,8,32.92825527691191
14768,1,7,7,1.672547559815644
14771,1,7,6,26.681378532314422
14779,1,7,10,13.740361442718543
14793,0,7,0,0.17907101012756446
14802,1,7,4,0.3700090657260609
14808,1,7,5,0.3700090141005197
14812,1,7,1,21.908397206975
14834,1,7,8,24.362033571266263
14844,1,7,6,26.604549137556265
14847,1,7,4,0.3700090657260609
14852,1,7,9,29.265560469744763
14858,1,7,2,5.442428012586221
14870,1,7,6,26.094379349107815
14880,1,7,7,6.060799106041189
14890,0,7,0,0.03915082994602918
14901,1,7,9,24.935965226996334
14907,1,7,9,30.744008675974484
14909,1,7,8,21.140451718303943
14919,1,7,9,32.92439438067907
14921,1,7,8,26.728496662237813
14923,1,7,10,8.77085587613418
14941,1,7,9,29.13478946408252
14945,1,7,8,14.279492817759813
14951,1,7,4,0.3700090657260609
14965,1,7,9,32.01980144165043
14967,1,7,1,17.561110948884977
14989,1,7,8,15.433739753105062
14992,1,7,8,34.2648425851562
14998,1,7,6,14.056291535684814
15012,1,7,8,31.357246753616437
15030,1,7,4,0.3700090657260609
15034,1,7,10,6.818778457118495
15038,1,7,5,0.3700090141005197
15042,1,7,6,29.711914677412587
15043,1,7,8,30.52348089924774
15044,1,7,5,0.3700090141005197
15049,1,7,4,0.3700090657260609
15061,1,7,1,26.02097543091174
15066,1,7,6,18.14343209558039
15069,1,7,9,16.34661280544874
15084,1,7,10,23.11227812303919
15094,1,7,2,6.471152469781172
15102,1,7,6,21.509558546229044
15103,1,7,2,15.759272109995807
15116,1,7,9,15.09319635322161
15117,0,7,0,0.033208592851809215
15124,1,7,8,25.380532198212364
15162,1,7,4,0.3700090657260609
15163,0,7,0,0.038511828771139914
15168,1,7,8,26.49047320456025
15169,0,7,0,0.12119091125443003
15171,1,7,9,12.202551257870981
15172,1,7,10,7.478565508983444
15187,1,7,5,0.3700090141005197
15219,0,7,0,0.036217441981577427
15235,1,7,9,23.090544292318427
15238,1,7,4,0.3700090656202526
15243,1,7,5,0.37000902039789374
15245,1,7,4,0.3700090657260609
15246,1,7,5,0.3700090141005197
15250,1,7,6,20.00684354815254
15255,1,7,10,24.271190458866503
15258,1,7,9,24.463089566862266
15263,0,7,0,0.032456540164981736
15283,1,7,9,27.046594395854893
15288,1,7,8,6.7975617243206345
15311,1,7,5,0.3700090141005197
15319,1,7,2,16.1707154964776
15353,1,7,9,30.258451637306887
15379,1,7,9,28.08095291733516
15384,1,7,9,32.07647907992196
15385,1,7,9,16.34017144328015
15390,1,7,8,19.823610947780093
15402,1,7,5,0.3700090141005197
15432,1,7,1,18.055064894099694
15449,1,7,5,0.3700090141005197
15478,1,7,5,0.3700090141005197
15480,1,7,8,23.04383722847447
15518,1,7,6,19.411743270651215
15535,1,7,5,0.3700090141005197
15543,1,7,1,13.062998267837555
15563,1,7,5,0.3700090141005197
15571,1,7,5,0.3700090141005197
15577,1,7,9,27.681236423244272
15582,1,7,2,9.014879091347908
15599,0,7,0,0.1289618685548246
15604,1,7,1,21.701410395387576
15635,1,7,3,2.4074082537757446
15641,1,7,9,6.631065454583055
15642,1,7,10,13.576375012842794
15645,1,7,7,6.120674290139403
15649,0,7,0,0.04693877595962312
15652,1,7,9,22.411141140234385
15662,1,7,9,24.975003727877667
15665,1,7,9,20.725149577794273
15671,1,7,9,29.79605508539622
15692,1,7,1,21.019255487520194
15701,1,7,9,25.042776945189047
15703,1,7,1,26.23141735641177
15721,1,7,1,22.45849799829235
15728,1,7,1,19.73461014387506
15731,1,7,4,0.3700090657260609
15746,1,7,10,3.594493057711328
15792,1,7,7,3.221578528548686
15817,1,7,5,0.3700090141005197
15820,1,7,9,22.486018210934038
15828,1,7,6,22.435695912734595
15831,1,7,5,0.3700090141005197
15847,1,7,1,14.231744567201389
15857,1,7,4,0.3700090657260609
15859,1,7,8,6.460507739558185
15862,1,7,3,3.1788768549672106
15875,1,7,6,21.934047093990085
15890,1,7,9,25.786798487598634
15893,1,7,5,0.3700090141005197
15897,1,7,8,15.198223404978476
15906,1,7,3,3.1203107075036205
15910,1,7,8,31.53124741661075
15913,1,7,10,10.32602170885338
15916,1,7,9,27.009098410112863
15918,1,7,8,6.032458788290114
15925,1,7,8,29.099330168416405
15934,1,7,10,21.070989957274584
15939,1,7,5,0.3700090141005197
15944,1,7,8,22.46661299143046
15945,1,7,8,26.33427378488967
15946,1,7,10,25.992689743704997
15950,1,7,3,2.688904276496276
15955,1,7,1,14.521285272245787
15969,1,7,9,18.970989781929894
15971,1,7,9,24.461477552516918
15979,1,7,6,26.02001858378608
15989,1,7,8,13.190894498250636
16003,1,7,8,29.24093973600441
16008,1,7,4,0.3700090657260609
16018,1,7,8,19.81522416346868
16019,1,7,10,15.54105696051957
16020,1,7,1,18.992074810746992
16041,1,7,4,0.3700090657260609
16053,1,7,7,4.8997633824324565
16067,1,7,9,22.860231013932978
16094,1,7,8,32.71183613682278
16097,1,7,6,17.085550753493123
16116,1,7,9,25.05393638078992
16118,1,7,8,22.611925500637994
16121,1,7,4,0.3700090657260609
16134,1,7,5,0.3700090141005197
16145,1,7,4,0.3700090657260609
16147,1,7,8,30.868546941396243
16151,1,7,7,4.600512167271634
16161,0,7,0,0.02678135363429766
16162,1,7,8,30.447911968187167
16175,1,7,3,1.6389437746751665
16176,1,7,6,20.91224585509687
16182,1,7,5,0.3700090141005197
16186,1,7,9,23.44488260495241
16197,1,7,4,0.3700090657260609
16199,1,7,7,2.5173354466223885
16211,1,7,1,23.053517395410637
16221,1,7,9,30.990196671530875
16240,1,7,1,18.390495843741043
16254,1,7,4,0.3700090657260609
16261,0,7,0,0.03421024451547911
16270,1,7,6,22.545554384979358
16271,1,7,5,0.3700090141005197
16272,1,7,6,17.082259467006903
16276,1,7,6,15.559181886554269
16288,1,7,6,20.86586819738157
16301,1,7,6,29.48322341752747
16308,1,7,6,22.520048086288273
16320,1,7,10,25.98727736576159
16328,1,7,10,18.51093429075233
16330,1,7,10,10.18250842168987
16335,1,7,10,23.673923326435283
16336,1,7,9,11.460588461901239
16346,1,7,8,30.412530994114892
16360,1,7,4,0.3700090657260609
16364,1,7,3,1.6589358310806632
16376,0,7,0,0.03693130171811057
16398,1,7,6,21.763039740324853
16399,1,7,10,18.35334298850791
16424,1,7,4,0.3700090657260609
16425,1,7,8,22.507005601024037
16430,1,7,5,0.3700090141005197
16446,1,7,5,0.37000902039789374
16470,1,7,4,0.3700090656202526
16479,1,7,6,22.350857013224118
16482,1,7,5,0.3700090141005197
16484,1,7,9,4.202383519183239
16487,1,7,3,3.2189720207145633
16494,0,7,0,0.03418949802661674
16498,1,7,9,7.702879963712234
16501,1,7,8,18.894337140641248
16504,1,7,3,2.1430102099552526
16524,1,7,4,0.3700090657260609
16525,1,7,7,6.262527771597784
16546,1,7,9,25.390116583387695
16557,1,7,6,20.991244377883735
16565,1,7,5,0.3700090141005197
16567,1,7,6,6.889432652377421
16575,1,7,9,32.18109859747556
16584,1,7,8,26.779197679979383
16606,1,7,9,33.2199863269959
16615,1,7,4,0.3700090657260609
16626,1,7,8,7.283503931984119
16628,1,7,1,9.885783854689056
16637,1,7,5,0.3700090141005197
16644,1,7,4,0.3700090657260609
16646,1,7,8,25.417179107248483
16648,0,7,0,0.09885071302373857
16651,1,7,2,7.21016126142561
16653,1,7,6,24.530284382442897
16655,1,7,4,0.3700090657260609
16670,1,7,8,11.947242990709649
16676,1,7,9,30.119866124374653
16682,1,7,4,0.3700090657260609
16683,1,7,1,13.36601266857528
16702,1,7,8,18.248654444760746
16708,1,7,8,30.411592089025685
16726,1,7,4,0.3700090657260609
16734,1,7,6,20.163042733468476
16767,1,7,1,25.835416815188395
16771,1,7,5,0.3700090141005197
16794,1,7,6,19.686569857747898
16797,1,7,5,0.3700090141005197
16843,1,7,5,0.3700090141005197
16845,1,7,8,16.96884452156762
16858,1,7,6,20.728855489823122
16871,1,7,3,2.396411781381034
16888,1,7,4,0.3700090657260609
16911,1,7,9,28.505482865062493
16913,1,7,5,0.3700090141005197
16920,1,7,6,25.418608892195603
16928,1,7,6,14.771943145179689
16931,1,7,4,0.3700090657260609
16941,1,7,4,0.3700090657260609
16945,1,7,1,9.973505758533955
16947,1,7,9,20.40385368077784
16949,1,7,10,23.669970928912406
16963,1,7,6,29.719997159550296
16964,0,7,0,0.03292098573771736
16974,0,7,0,0.05447548835235949
16977,1,7,8,6.724117624626258
17000,1,7,9,20.680468991573154
17002,1,7,10,18.664136914116153
17008,1,7,6,17.988222037207017
17012,1,7,9,24.18213606238083
17017,1,7,8,34.380675237523036
17050,1,7,8,32.141172646280296
17055,1,7,9,5.549484019831572
17056,1,7,9,31.29804378803526
17058,0,7,0,0.14974060416804805
17060,1,7,9,16.64168004256532
17068,1,7,9,21.717031012725222
17078,1,7,9,25.023165654164586
17079,1,7,6,25.77203227346322
17080,1,7,10,22.815477824335336
17081,1,7,1,26.398124989165225
17092,1,7,10,26.01809218623315
17096,1,7,6,30.023001937068976
17097,1,7,10,12.763880147238707
17101,1,7,8,10.641795115997713
17121,1,7,4,0.3700090657260609
17125,1,7,2,15.864489296538718
17130,1,7,5,0.3700090141005197
17133,1,7,5,0.3700090141005197
17137,1,7,9,10.913517121573356
17144,1,7,10,4.974172614369905
17162,1,7,1,7.373676248047246
17189,1,7,8,21.08299537590465
17224,1,7,8,11.34905869241918
17260,0,7,0,0.03524142468107997
17263,1,7,5,0.3700090141005197
17268,1,7,6,26.777132070249984
17281,1,7,9,14.797666446980573
17282,1,7,6,12.8681924454311
17285,1,7,9,17.921156870883006
17293,1,7,9,30.038988290634283
17294,1,7,1,16.37001057017519
17316,1,7,10,7.26190688722205
17317,1,7,4,0.3700090656202526
17341,1,7,2,4.025099014383731
17343,1,7,9,32.673506282060714
17344,1,7,6,26.389066983682756
17361,1,7,10,25.54754199978986
17366,1,7,3,2.917015631648339
17367,1,7,10,14.171132036766648
17368,1,7,4,0.3700090657260609
17370,1,7,8,23.3926595120007
17373,1,7,9,23.552816533907453
17388,1,7,9,21.04996454088955
17437,1,7,9,15.926238260676474
17445,1,7,8,14.452154241080235
17447,1,7,9,29.127836129766063
17448,0,7,0,0.03194461742987476
17457,1,7,6,9.543216735547105
17465,1,7,9,3.3068834516899366
17477,1,7,6,21.635129884123806
17489,1,7,10,6.540791075122537
17507,1,7,10,25.755681522541884
17509,1,7,9,28.953863531014726
17514,1,7,6,16.88816257517558
17525,1,7,4,0.3700090657260609
17529,1,7,5,0.3700090141005197
17531,1,7,5,0.3700090141005197
17547,1,7,8,22.40045432415243
17554,1,7,4,0.3700090657260609
17558,1,7,8,20.60950530469309
17570,1,7,8,17.54448312687619
17572,1,7,10,6.364347921651458
17575,1,7,9,24.508428979766656
17576,1,7,5,0.3700090141005197
17583,1,7,4,0.3700090656202526
17597,0,7,0,0.042123942504284174
17622,1,7,2,9.001335893680213
17627,1,7,10,17.72808250992045
17628,1,7,5,0.3700090141005197
17640,1,7,8,12.485525535390117
17654,1,7,3,1.3188647321768145
17668,1,7,5,0.3700090141005197
17684,1,7,10,12.75429385214003
17710,1,7,1,10.76023763552528
17712,1,7,7,1.5937244911962485
17717,1,7,2,7.583070258347838
17719,1,7,7,5.5984154520274565
17737,1,7,9,25.873676717856647
17753,1,7,10,21.819309278862743
17760,1,7,9,12.734289278222153
17780,1,7,9,30.226731131689593
17793,1,7,9,28.10174361020454
17801,1,7,4,0.3700090657260609
17803,1,7,6,19.005097303266762
17823,1,7,5,0.3700090141005197
17871,0,7,0,0.03758599904424366
17888,1,7,10,10.664861398636654
17895,1,7,8,13.383944072175167
17909,1,7,9,10.788398328088372
17922,1,7,6,17.872420980996107
17946,1,7,8,28.371373848665506
17954,1,7,3,3.20815762253994
17955,1,7,8,13.2215980542437
17961,1,7,8,20.23944514374703
17966,1,7,1,25.844093913322485
17968,0,7,0,0.045809286005911554
17971,1,7,10,9.4350327129587
17975,1,7,10,8.41170108943966
18007,1,7,8,29.2609804002507
18018,1,7,5,0.3700090141005197
18030,1,7,9,28.971432851419138
18033,1,7,8,33.63166993141822
18039,1,7,5,0.3700090141005197
18050,1,7,6,19.696662416062612
18061,1,7,1,23.151009095818896
18076,1,7,9,33.49731612698
18078,1,7,9,15.02881854221898
18084,1,7,1,23.78517749430697
18092,1,7,8,24.39751502522637
18096,1,7,6,26.145093861337507
18102,1,7,10,16.465053571082287
18114,1,7,3,2.2167110762240094
18127,1,7,3,2.7515484285919576
18141,1,7,5,0.3700090141005197
18143,1,7,3,2.3461132028519223
18157,1,7,4,0.3700090657260609
18161,0,7,0,0.04610158457600421
18167,1,7,8,26.43897628375153
18180,1,7,10,25.26188021384734
18185,1,7,10,12.598950057571972
18195,1,7,9,11.156085753832434
18203,1,7,9,31.476879390486207
18208,1,7,8,28.591999057865703
18214,1,7,10,15.916868286700492
18216,1,7,7,3.208527265004408
18226,1,7,8,18.306056934946163
18231,1,7,6,29.29632757284209
18254,0,7,0,0.033530790099914456
18261,1,7,10,14.566462143699866
18265,1,7,4,0.3700090656202526
18276,1,7,7,3.730926778667752
18279,1,7,8,15.783103885277272
18283,1,7,1,25.689507563665302
18288,1,7,4,0.3700090657260609
18301,1,7,8,26.471529252205055
18305,1,7,8,21.460357542465065
18312,1,7,8,23.913098855906426
18323,1,7,3,3.088615572385548
18325,1,7,9,19.08632798367123
18334,1,7,8,26.266060498860984
18348,1,7,4,0.3700090657260609
18359,1,7,4,0.3700090657260609
18360,1,7,4,0.3700090657260609
18363,1,7,9,24.360835337176304
18365,1,7,8,29.18617498316727
18377,1,7,7,6.383903342400339
18383,1,7,10,21.697488312438164
18384,1,7,7,1.0902620153667872
18424,1,7,5,0.3700090141005197
18430,1,7,8,19.566428467725466
18441,1,7,8,7.8776041627349755
18448,1,7,7,5.63316370999132
18454,1,7,4,0.3700090657260609
18512,1,7,7,6.2553452079479115
18513,1,7,4,0.3700090657260609
18558,1,7,6,16.068916172037138
18567,1,7,5,0.3700090141005197
18570,0,7,0,0.031529973814621415
18584,1,7,9,22.14899109529763
18591,1,7,5,0.3700090141005197
18596,1,7,5,0.37000902039789374
18598,1,7,3,3.051883876166932
18617,1,7,6,20.4301034804239
18624,1,7,9,30.973681035959103
18631,1,7,4,0.3700090657260609
18653,1,7,6,10.18112387084809
18656,1,7,8,19.803026155101573
18658,1,7,6,21.217812133663532
18668,1,7,9,27.66524311162666
18681,1,7,2,8.57957836248247
18690,1,7,5,0.3700090141005197
18696,1,7,8,29.205101663644736
18699,1,7,9,14.439524669943072
18702,1,7,4,0.3700090657260609
18710,1,7,10,26.030203338942002
18712,1,7,6,23.89108393004259
18721,1,7,4,0.3700090657260609
18731,1,7,4,0.3700090657260609
18732,1,7,6,29.269471913121436
18734,1,7,9,21.168025550600397
18746,1,7,6,29.498951835577056
18753,1,7,1,19.746481907449496
18755,1,7,9,24.53576586606655
18768,1,7,9,33.39486679809811
18792,1,7,6,28.14143257697737
18793,1,7,8,32.65152838309166
18811,1,7,6,21.220293433267038
18819,1,7,4,0.3700090657260609
18822,1,7,8,35.88149039346375
18824,1,7,9,26.028871246489786
18830,1,7,9,27.83935854589073
18853,1,7,9,5.961133301633695
18870,1,7,3,2.545976322033502
18872,1,7,1,15.674066091544868
18885,1,7,6,11.093721937491173
18891,1,7,10,9.68439020093805
18901,1,7,4,0.3700090657260609
18921,1,7,4,0.3700090657260609
18943,1,7,4,0.3700090657260609
18947,1,7,10,25.627189663351338
18958,1,7,6,30.513497040143644
18984,1,7,4,0.3700090657260609
18991,1,7,6,28.565386783570855
18998,1,7,7,3.502480706433197
19008,1,7,9,30.32455294726859
19012,1,7,10,16.896631352200934
19015,1,7,10,9.048610061885467
19032,1,7,10,6.275291556981308
19045,1,7,6,25.316635155367948
19050,1,7,10,10.370781886434983
19053,1,7,8,28.138293336768175
19061,1,7,3,2.226564251815461
19066,1,7,10,3.5758731966748876
19070,1,7,1,13.211765189914267
19071,1,7,7,2.9672992436069205
19072,1,7,7,4.08214010937945
19114,1,7,8,9.766185977539212
19130,1,7,5,0.3700090141005197
19136,1,7,10,3.5816809355919226
19140,1,7,9,31.593343045488137
19141,1,7,5,0.3700090141005197
19150,1,7,9,30.617459291798603
19161,1,7,6,11.416336483434888
19166,1,7,3,1.8620995902535156
19187,0,7,0,0.052314037656785134
19196,1,7,1,18.96658201138162
19209,1,7,4,0.3700090657260609
19217,1,7,10,14.624238968523036
19227,1,7,1,10.580358642698421
19233,1,7,5,0.3700090141005197
19240,1,7,9,23.8286799348523
19248,1,7,8,36.01229747593763
19262,1,7,6,28.44871885657523
19267,1,7,10,16.79827483346655
19287,1,7,5,0.3700090141005197
19295,1,7,1,13.642555163431771
19299,1,7,2,12.899725278480307
19301,1,7,2,9.791128938734378
19313,1,7,8,35.73327769176804
19318,1,7,9,11.120826554536162
19320,1,7,1,14.16246784145753
19322,1,7,6,7.835816875843969
19327,1,7,4,0.3700090657260609
19328,1,7,9,22.84542246848875
19349,1,7,3,3.2163915264742777
19368,1,7,7,6.525749325582199
19370,1,7,9,21.218606774775612
19379,1,7,9,32.969733820333204
19386,1,7,7,3.3822490358307356
19389,1,7,10,24.42225623522672
19395,1,7,9,9.343922843621629
19410,1,7,1,13.795627243114147
19416,1,7,5,0.3700090141005197
19427,1,7,8,31.91685675892657
19432,1,7,8,22.23223378171725
19437,1,7,1,25.008403293439617
19443,1,7,1,23.265337540645366
19444,1,7,6,11.715510414325863
19449,1,7,8,36.04627205794102
19453,1,7,7,5.92939165403309
19464,1,7,8,15.841759548013878
19472,1,7,8,30.408756933938083
19479,1,7,4,0.3700090657260609
19481,1,7,9,12.885695559751806
19491,1,7,6,11.345518618067143
19503,1,7,8,22.55371876808016
19507,1,7,7,4.464533742743464
19544,1,7,9,10.3150627410156
19550,1,7,6,22.738815531387893
19551,1,7,10,18.880961296085434
19557,1,7,5,0.3700090141005197
19577,1,7,1,18.17877145399764
19589,1,7,5,0.3700090141005197
19591,1,7,5,0.3700090141005197
19622,1,7,9,26.943357551381165
19627,1,7,3,1.44566880694323
19634,1,7,5,0.3700090141005197
19635,1,7,9,10.740854379110726
19639,1,7,5,0.3700090141005197
19644,1,7,6,29.357258904095573
19668,1,7,6,26.10165664378561
19679,1,7,9,18.78337765559641
19680,1,7,6,20.44002108250007
19726,1,7,6,20.804092024192258
19729,1,7,8,11.36958052228553
19730,1,7,2,7.780003282066165
19746,1,7,9,12.07205101485669
19751,1,7,6,10.230228913842124
19756,1,7,6,19.910549388196007
19761,1,7,7,0.5642281534644331
19766,1,7,9,26.58391205846291
19769,1,7,8,26.79404487974686
19770,1,7,8,24.346658475938167
19788,0,7,0,0.034415540376780525
19789,1,7,1,21.500670510947952
19794,0,7,0,0.03533074980558324
19802,1,7,6,24.119312787974405
19808,0,7,0,0.0783912254882676
19809,1,7,5,0.3700090141005197
19819,1,7,10,15.008737262243352
19821,1,7,1,8.344049287363537
19825,1,7,9,23.941794566076112
19827,1,7,4,0.3700090657260609
19835,1,7,9,6.323769696250703
19844,1,7,9,14.56618901257339
19862,1,7,10,8.971018200393193
19893,1,7,6,29.051018425611296
19894,1,7,5,0.3700090141005197
19896,1,7,9,25.076292179872553
19906,0,7,0,0.03571522544128234
19919,1,7,9,24.991485756989935
19933,1,7,3,0.841976627914975
19935,1,7,10,21.45080160434185
19941,1,7,6,27.00485766822119
19946,1,7,9,29.767637609253036
19977,1,7,5,0.3700090141005197
19992,1,7,6,22.050272226856446
20024,1,7,10,12.856001649665009
20039,1,7,4,0.3700090657260609
20046,1,7,10,26.008453224521016
20084,1,7,8,9.039479758238905
20102,0,7,0,0.045791541677773696
20110,0,7,0,0.03715225658856887
20114,1,7,9,31.10803180412869
20116,1,7,7,0.605587944398342
20123,1,7,4,0.3700090657260609
20128,1,7,6,19.446455197407218
20130,1,7,9,19.803497017552303
20147,1,7,8,3.900008044386337
20157,1,7,7,5.722945784525214
20164,1,7,1,18.805534993115742
20201,0,7,0,0.0303496484820574
20218,1,7,6,9.22485967644041
20221,1,7,9,24.61043345284232
20226,1,7,1,8.044664509882596
20231,1,7,5,0.3700090141005197
20236,1,7,9,28.70669678466671
20238,1,7,6,28.077816156029776
20248,1,7,8,31.50676332155386
20250,1,7,2,15.58318036501723
20265,1,7,9,1.996934240527702
20298,1,7,8,26.793669443862253
20306,1,7,9,9.045594253295732
20309,1,7,4,0.3700090657260609
20311,1,7,8,26.552941509722572
20314,1,7,5,0.3700090141005197
20325,0,7,0,0.02665977973344325
20329,1,7,5,0.3700090141005197
20339,1,7,4,0.3700090657260609
20340,1,7,1,25.78633671731194
20351,1,7,9,3.4703908776808445
20370,0,7,0,0.03897232660691636
20376,1,7,3,2.0082894676559135
20383,1,7,10,5.649139716664371
20384,0,7,0,0.042320682038297
20389,1,7,10,14.296724124297942
20402,1,7,5,0.3700090141005197
20417,1,7,8,20.995368645637505
20426,1,7,9,24.648636247515665
20437,1,7,10,26.01337237762085
20452,1,7,8,19.352712740532823
20459,1,7,6,18.28209517134155
20476,1,7,9,32.69367691537816
20478,1,7,10,15.86333175474336
20497,1,7,10,24.759272533662386
20509,1,7,6,18.65342814386811
20512,1,7,3,2.4115930493875655
20523,1,7,6,23.331709265072966
20528,1,7,1,18.5295952843192
20540,1,7,5,0.3700090141005197
20561,1,7,9,21.937554749367315
20567,1,7,10,14.176983836166233
20571,1,7,1,17.840832313098872
20600,1,7,2,11.932418584079697
20601,1,7,1,19.771644457010613
20609,1,7,7,2.467982114584889
20616,1,7,10,22.13283307969252
20623,0,7,0,0.03518302808235893
20632,1,7,5,0.3700090141005197
20646,1,7,7,4.234719402378018
20683,1,7,8,25.393088016448246
20687,1,7,9,21.76657349587234
20694,1,7,5,0.3700090141005197
20714,1,7,8,24.53987870492392
20735,1,7,6,24.98048213592237
20745,1,7,4,0.3700090656202526
20755,1,7,7,5.452142118186342
20761,1,7,4,0.3700090657260609
20763,1,7,8,4.2623236434599425
20783,1,7,9,25.8413435594324
20794,1,7,4,0.3700090657260609
20795,1,7,6,15.224864224779528
20800,1,7,9,25.786070699654402
20807,1,7,5,0.3700090141005197
20838,1,7,6,21.391839245743935
20841,1,7,7,3.8513262363506673
20843,1,7,4,0.3700090657260609
20875,1,7,1,27.385396269384525
20890,1,7,10,21.826371157736475
20892,1,7,6,7.543424126410659
20900,1,7,7,1.471276423459885
20902,1,7,7,1.731874021181438
20906,1,7,4,0.3700090657260609
20909,1,7,5,0.3700090141005197
20913,1,7,4,0.3700090657260609
20914,1,7,8,34.978812541919694
20931,1,7,8,13.890544213545903
20982,1,7,8,27.359887840965776
20984,1,7,8,18.066568447114864
20993,1,7,10,22.72357217563814
21017,1,7,5,0.3700090141005197
21019,1,7,6,10.677310570962987
21020,1,7,9,10.234230770395929
21026,1,7,6,16.088457938777445
21041,1,7,4,0.3700090657260609
21044,1,7,9,31.158536911394776
21052,1,7,6,29.35888162394999
21061,1,7,4,0.3700090656202526
21075,1,7,9,17.42953402172475
21076,1,7,6,18.43392789320498
21078,1,7,4,0.3700090657260609
21085,1,7,9,33.630185157851784
21153,1,7,7,1.7910882122558236
21155,1,7,9,16.026141502847118
21161,1,7,9,18.9314682178387
21163,1,7,5,0.3700090141005197
21180,1,7,4,0.3700090657260609
21184,1,7,2,15.604755216822563
21187,1,7,10,5.8612243536921405
21206,1,7,1,25.936532602697497
21208,1,7,1,13.331817350976996
21210,1,7,7,2.5382679801859127
21218,1,7,1,7.829713763945602
21227,1,7,5,0.3700090141005197
21238,1,7,6,21.653980422237563
21251,1,7,3,3.2467515895906858
21263,1,7,4,0.3700090657260609
21283,1,7,2,13.832909661504258
21284,1,7,7,6.215471622710906
21296,1,7,4,0.3700090657260609
21306,1,7,2,12.04292433185766
21329,1,7,6,23.02472052384107
21334,1,7,5,0.3700090141005197
21336,1,7,8,31.86086116050573
21340,1,7,5,0.3700090141005197
21343,1,7,8,28.76608977090724
21372,1,7,6,24.2421141140215
21380,0,7,0,0.03887080688646908
21395,1,7,4,0.3700090656202526
21424,1,7,5,0.37000902039789374
21425,1,7,8,6.75185014354089
21436,1,7,9,33.165554931686664
21460,1,7,8,17.42926842515471
21461,1,7,5,0.3700090141005197
21475,1,7,6,29.561647032082355
21494,1,7,9,4.819123714668645
21504,1,7,8,19.78238830268911
21515,1,7,9,29.373155891310805
21536,1,7,2,2.55483592695415
21553,1,7,9,14.917307339149579
21598,1,7,7,4.365868920982741
21612,1,7,6,22.15691337874335
21693,1,7,9,24.575929859474215
21695,1,7,5,0.3700090141005197
21704,1,7,10,14.139929661038034
21723,1,7,9,17.423736643046574
21735,1,7,6,17.11262007232753
21741,1,7,8,27.334209922186773
21765,1,7,7,0.9195820959085644
21766,1,7,8,34.339486799917886
21772,1,7,5,0.3700090141005197
21773,1,7,8,9.363706985119222
21787,1,7,10,8.852406524252517
21788,1,7,5,0.3700090141005197
21803,1,7,7,5.799033246154709
21810,0,7,0,0.035383549578508464
21813,1,7,9,22.23981733702657
21819,1,7,5,0.3700090141005197
21831,1,7,6,19.78793450615211
21849,1,7,8,30.77233877980832
21857,1,7,6,6.92569138885953
21863,1,7,5,0.37000902039789374
21934,1,7,1,20.166388397107
21952,1,7,6,23.87296647142708
21967,1,7,9,30.68819285650817
22008,1,7,9,33.516009051445764
22040,1,7,8,31.505970946195742
22041,1,7,8,17.12463164604441
22054,1,7,9,18.94012624974183
22055,1,7,6,7.424261914063131
22057,1,7,9,24.517937353243845
22063,1,7,9,24.641305742940293
22064,1,7,5,0.3700090141005197
22069,1,7,10,10.39416271870311
22070,1,7,4,0.3700090657260609
22073,1,7,7,5.85629624478388
22078,1,7,4,0.3700090657260609
22080,1,7,1,18.87093602186264
22087,1,7,9,23.169549681454026
22101,1,7,9,30.64635797732803
22121,1,7,2,14.821860779273857
22123,1,7,2,14.41912846553125
22150,1,7,9,31.266277383976874
22153,1,7,5,0.3700090141005197
22155,1,7,9,29.024055940273907
22165,1,7,5,0.3700090141005197
22167,1,7,5,0.3700090141005197
22186,1,7,9,32.804127716615575
22190,1,7,9,33.33347689857583
22199,1,7,10,7.053163441469544
22201,1,7,9,23.12739089719909
22202,1,7,7,0.3467211148114406
22208,1,7,5,0.37000902039789374
22212,1,7,9,14.519022125117353
22226,1,7,5,0.3700090141005197
22236,1,7,5,0.3700090141005197
22244,1,7,1,19.296539810046205
22255,1,7,1,8.100304839844021
22258,1,7,10,17.671180008456247
22276,1,7,1,16.16160559680968
22284,1,7,6,25.061737364083648
22303,0,7,0,0.12810375930599927
22305,1,7,7,3.4166403310340407
22326,1,7,4,0.3700090657260609
22331,1,7,9,11.387448503321078
22332,1,7,9,16.977674590528057
22334,1,7,4,0.3700090657260609
22348,1,7,8,27.29115433789954
22362,1,7,8,15.216317135995013
22379,1,7,6,29.03898192964997
22399,1,7,6,12.590838707737284
22403,1,7,1,12.175448211407964
22405,1,7,5,0.3700090141005197
22414,1,7,9,19.814759032287956
22438,0,7,0,0.047156708001960694
22447,1,7,2,11.87143525470112
22465,1,7,8,18.53761413418673
22466,1,7,8,31.091143817540985
22468,1,7,6,29.51735444119363
22470,1,7,5,0.3700090141005197
22476,1,7,1,7.719725868562934
22487,1,7,1,15.787584579623891
22492,1,7,9,2.681642035296286
22498,1,7,10,14.151235241941675
22506,1,7,6,30.08201001354756
22519,1,7,5,0.37000902039789374
22523,1,7,7,3.0856211896239816
22526,1,7,3,2.6314524175227567
22533,1,7,9,21.771575006517434
22534,1,7,9,23.109159831387775
22541,1,7,6,28.25803224011809
22542,1,7,4,0.3700090657260609
22543,1,7,6,14.24546242065437
22551,1,7,4,0.3700090657260609
22557,1,7,10,22.9582495556069
22565,1,7,3,3.13811801496913
22578,1,7,7,6.0767754385837005
22594,1,7,5,0.3700090141005197
22597,1,7,6,8.399635599722137
22610,1,7,4,0.3700090657260609
22613,1,7,8,22.51091649319072
22618,1,7,4,0.3700090657260609
22628,1,7,6,29.617645246612692
22636,1,7,6,6.906616812905389
22640,1,7,6,17.79535610217637
22731,1,7,9,16.59931569015879
22734,1,7,10,16.50185069974036
22738,1,7,1,9.076429609642949
22750,1,7,5,0.3700090141005197
22754,1,7,9,24.725377137031764
22756,1,7,6,25.724480598249727
22781,1,7,6,29.794235290283826
22785,1,7,8,29.180821579457703
22792,1,7,6,30.631142055458497
22794,1,7,5,0.3700090141005197
22813,1,7,4,0.3700090657260609
22817,0,7,0,0.03206398358946615
22827,1,7,8,18.17861398279833
22829,1,7,3,3.121208878434758
22831,1,7,8,31.083007927184543
22835,1,7,9,26.420793298302467
22853,1,7,9,31.49659722109169
22858,1,7,8,29.182342240322594
22876,1,7,1,24.370816028278995
22881,1,7,9,30.14601317408534
22892,1,7,2,14.133535948338086
22899,1,7,9,18.861414810575614
22926,1,7,4,0.3700090657260609
22936,1,7,1,11.612505421555744
22949,1,7,6,25.51503435231327
22952,1,7,9,19.332551993938747
22961,1,7,6,17.91603708945303
22976,1,7,4,0.3700090657260609
22990,1,7,9,20.60447350348597
22992,1,7,4,0.3700090657260609
22995,1,7,4,0.3700090657260609
23010,1,7,8,16.394729046712406
23071,1,7,4,0.3700090657260609
23085,1,7,4,0.3700090657260609
23104,1,7,9,33.60165816653068
23107,1,7,1,23.896287648555944
23112,1,7,6,25.32019056094308
23113,1,7,8,25.02144141615173
23122,1,7,9,24.656700408691698
23133,1,7,4,0.3700090657260609
23145,0,7,0,0.0394680133599471
23172,1,7,1,15.917047370985925
23181,1,7,9,25.367375038685957
23182,1,7,8,30.94950705230709
23188,1,7,10,11.856003335390492
23199,1,7,5,0.3700090141005197
23202,1,7,9,13.200204306235623
23206,1,7,6,15.211221642284995
23229,0,7,0,0.028514524844408626
23236,0,7,0,0.03620329421030047
23243,1,7,9,26.707390212936218
23266,1,7,10,13.4474643678343
23271,1,7,5,0.3700090141005197
23275,1,7,9,18.175521894719086
23286,1,7,6,17.65701599825391
23309,1,7,9,11.294507179877886
23312,1,7,9,6.836728044056406
23315,1,7,4,0.3700090657260609
23340,1,7,10,25.993461114975023
23344,1,7,8,32.729217354820506
23355,1,7,6,22.66263480191059
23359,1,7,4,0.3700090657260609
23364,1,7,5,0.3700090141005197
23368,0,7,0,0.034779884010613334
23404,1,7,6,13.236779103036502
23414,1,7,6,30.498760812810282
23415,1,7,7,3.3265855841118968
23420,1,7,9,19.841428318851793
23438,1,7,5,0.3700090141005197
23439,1,7,10,10.333836970255721
23446,1,7,9,9.084961065360645
23449,1,7,2,3.4963489374810583
23456,1,7,6,29.59285485992095
23464,1,7,9,8.46522825503177
23470,1,7,4,0.3700090657260609
23478,1,7,6,29.261720564992224
23483,1,7,3,3.2185067295823546
23497,1,7,2,3.3889169290611814
23500,1,7,3,2.2293292447313324
23515,1,7,6,28.14752737306728
23527,1,7,9,20.29845814888881
23538,1,7,10,22.340322375259124
23554,1,7,8,5.431505549389798
23616,1,7,8,17.62104132594457
23620,1,7,8,28.426117405633377
23626,1,7,5,0.3700090141005197
23634,1,7,1,14.494063800880912
23648,1,7,8,23.841318260600886
23652,1,7,9,4.373733596377759
23653,1,7,9,15.086617218902523
23655,1,7,4,0.3700090657260609
23661,1,7,9,13.904203532029165
23668,1,7,1,24.23573516125261
23691,1,7,2,9.00034369089223
23701,1,7,8,25.458265697970294
23708,1,7,1,15.420771189092092
23730,1,7,10,5.396807689311873
23732,1,7,6,25.310609191787403
23741,1,7,8,35.34236798324221
23747,1,7,6,29.079338798378387
23752,1,7,5,0.3700090141005197
23757,1,7,6,28.765577679793303
23766,1,7,3,1.4611096396747796
23777,1,7,1,24.762430792247574
23783,1,7,9,27.443995545663576
23787,1,7,5,0.3700090141005197
23797,0,7,0,0.023383021288206077
23808,1,7,4,0.3700090656202526
23812,1,7,7,5.234808679771397
23817,1,7,2,13.101105952657097
23820,1,7,9,12.011120829111416
23829,1,7,3,2.8724118446674725
23834,1,7,9,24.882110958503503
23840,1,7,6,14.557854970330204
23853,1,7,5,0.3700090141005197
23874,0,7,0,0.133366329076058
23885,1,7,6,22.522169081280673
23898,1,7,5,0.3700090141005197
23905,1,7,8,32.32604366022778
23921,1,7,7,4.210445964914406
23931,1,7,8,21.660771317170813
23951,0,7,0,0.0336367506714673
23960,1,7,6,20.15788694023197
23988,1,7,6,23.945949785810026
23991,1,7,8,35.37865206983443
23998,1,7,4,0.3700090657260609
24004,1,7,4,0.3700090657260609
24021,1,7,9,28.11829109061384
24038,0,7,0,0.03395294270558537
24055,1,7,5,0.3700090141005197
24066,1,7,6,25.707445067788434
24075,1,7,6,7.23691252866433
24114,1,7,4,0.3700090657260609
24120,1,7,10,13.187031241806851
24121,1,7,4,0.3700090657260609
24127,0,7,0,0.03884994819836526
24131,1,7,6,18.331188968028748
24132,1,7,6,9.952796861995614
24145,1,7,5,0.3700090141005197
24150,1,7,9,16.782815432983654
24158,0,7,0,0.04458278250756868
24166,1,7,4,0.3700090657260609
24176,1,7,9,8.485712055479194
24178,1,7,5,0.3700090141005197
24192,1,7,9,27.76154842574866
24196,1,7,1,26.583414606490212
24204,1,7,9,25.089560034434495
24206,1,7,5,0.3700090141005197
24215,1,7,8,10.272126582951982
24216,0,7,0,0.0309953999932942
24217,1,7,9,26.72614259083524
24220,0,7,0,0.037469448155362385
24245,1,7,8,34.180684858372196
24255,1,7,6,29.30463176138117
24260,1,7,4,0.3700090657260609
24276,1,7,9,33.6994912211833
24277,1,7,7,3.5173596472481674
24282,1,7,1,18.839267557912425
24291,1,7,9,22.976577900171907
24299,1,7,9,28.206636521111285
24313,0,7,0,0.03799042753201715
24323,1,7,8,10.220698377653347
24334,1,7,4,0.3700090657260609
24351,1,7,9,31.084937355984064
24356,1,7,9,22.15419284349497
24360,1,7,4,0.3700090657260609
24366,1,7,8,34.53754814324939
24368,0,7,0,0.04713411130358712
24375,1,7,9,16.040747236037657
24386,1,7,1,19.146580103897058
24395,1,7,5,0.3700090141005197
24403,1,7,9,17.869269488812698
24404,1,7,7,0.6976098380670056
24410,1,7,5,0.3700090141005197
24423,0,7,0,0.03717487711529318
24430,1,7,1,16.34987845447869
24433,1,7,5,0.3700090141005197
24440,1,7,9,24.37782796567514
24447,1,7,5,0.3700090141005197
24448,1,7,8,2.9087642592923992
24459,1,7,7,4.380921794803392
24461,1,7,6,28.97716475340384
24467,1,7,9,18.36510974788452
24477,1,7,6,8.648157913930945
24480,1,7,2,6.01152811729745
24499,1,7,9,23.4508128692736
24520,1,7,9,8.770284915696836
24538,1,7,6,24.392853526678202
24552,1,7,1,21.45930438191984
24556,1,7,9,33.48412055125534
24557,1,7,1,22.194437708204937
24566,1,7,6,13.730701482243816
24571,1,7,5,0.3700090141005197
24594,0,7,0,0.03297715179659521
24598,1,7,9,32.83788938347916
24627,1,7,3,3.0951278869898236
24636,1,7,5,0.3700090141005197
24641,1,7,8,36.05679293690371
24646,1,7,6,30.116524446252562
24670,1,7,5,0.3700090141005197
24678,1,7,3,3.199110973833433
24691,1,7,10,7.929987163844418
24694,1,7,10,5.264408655348481
24696,1,7,6,12.239498738587834
24707,1,7,7,6.465945562092649
24712,1,7,4,0.3700090657260609
24714,1,7,6,17.472402451411043
24717,1,7,9,19.094328073675392
24733,1,7,6,30.529129832806877
24779,1,7,6,28.963396796325526
24813,1,7,9,11.231400097080513
24835,1,7,9,28.56743071304848
24842,1,7,9,18.611242741647008
24845,1,7,1,26.03735466028771
24850,1,7,8,12.294792258145872
24856,1,7,10,15.73505544184829
24863,1,7,9,23.280710778504357
24864,1,7,8,26.137949462478545
24866,1,7,6,29.255086925251298
24869,1,7,9,28.933474433757222
24884,0,7,0,0.16082932122707405
24899,1,7,5,0.3700090141005197
24900,1,7,6,14.96067918095724
24914,1,7,9,32.67349601851892
24916,1,7,9,21.099159337342186
24922,1,7,8,31.597846733369096
24926,1,7,9,20.28065243261219
24946,1,7,6,10.523646838305062
24956,1,7,8,35.33138413796421
24978,1,7,8,14.110600761793185
25000,1,7,9,30.147888764529334
25002,1,7,9,10.814695302473371
25010,1,7,7,4.74981908027477
25020,1,7,7,5.938889968738225
25021,1,7,6,13.984842347310744
25050,1,7,8,15.546707907382116
25052,1,7,4,0.3700090656202526
25065,1,7,8,22.751899204661946
25085,1,7,1,4.705890824985506
25107,1,7,9,28.96361593282657
25114,1,7,3,3.004574748078803
25129,1,7,9,28.69951737242435
25144,1,7,5,0.3700090141005197
25177,1,7,2,12.688214420365016
25180,1,7,6,28.772675557792773
25185,1,7,5,0.3700090141005197
25192,1,7,10,16.281043090034938
25199,1,7,5,0.3700090141005197
25202,1,7,4,0.3700090657260609
25204,0,7,0,0.033220088180120885
25213,1,7,6,26.602041712256984
25223,1,7,1,17.338617825959734
25228,1,7,6,24.054521810584692
25250,1,7,5,0.3700090141005197
25251,0,7,0,0.03651136084562432
25263,1,7,9,25.04607283361008
25268,1,7,1,14.914064980922408
25270,1,7,8,29.854232245778164
25275,1,7,1,24.11350906565142
25284,1,7,6,30.51191264623255
25293,1,7,9,27.57774204115177
25296,1,7,6,14.545427409172941
25297,1,7,8,24.038109820225664
25302,1,7,9,33.63508793861244
25303,1,7,9,25.374845941977554
25325,1,7,4,0.3700090657260609
25349,1,7,5,0.3700090141005197
25352,1,7,10,14.302928197626848
25359,1,7,10,23.76254480116806
25364,1,7,4,0.3700090657260609
25365,1,7,6,17.925942499144085
25385,1,7,9,16.144889138831193
25386,1,7,2,4.2905732916151695
25391,1,7,4,0.3700090657260609
25406,1,7,8,19.458493322027465
25408,1,7,9,28.56639326871492
25437,1,7,7,1.9865498498871599
25441,1,7,8,22.233566087846434
25454,1,7,9,30.709225791704466
25476,1,7,9,26.91627071546395
25480,1,7,4,0.3700090657260609
25495,1,7,10,12.783076545843153
25509,1,7,6,29.703539999062507
25512,1,7,6,18.875060750767737
25518,1,7,6,22.175703325034824
25528,1,7,9,33.413381735916
25529,1,7,8,25.63896768166096
25561,1,7,6,27.14946753583577
25572,1,7,8,17.69111849007397
25583,1,7,6,7.420064438816088
25623,1,7,8,4.892580402695896
25637,1,7,1,9.341592792300363
25643,1,7,9,33.026409818385844
25648,1,7,5,0.3700090141005197
25651,1,7,6,18.750819936625117
25670,1,7,10,16.70216508456736
25674,1,7,4,0.3700090657260609
25677,1,7,7,2.8416771119199673
25692,1,7,9,22.64623748677409
25696,1,7,6,23.348315356583658
25728,1,7,4,0.3700090656202526
25730,1,7,5,0.3700090141005197
25742,0,7,0,0.04102172586930257
25755,1,7,9,28.5827898249823
25774,1,7,8,35.84673009806069
25782,1,7,7,5.992783963424608
25783,0,7,0,0.03351685405099635
25786,1,7,6,22.844986549913948
25806,1,7,8,28.33226331551206
25811,1,7,5,0.3700090141005197
25821,1,7,6,10.64929304040239
25824,1,7,4,0.3700090657260609
25825,1,7,2,4.922719620324082
25836,0,7,0,0.04238897127360692
25838,1,7,5,0.3700090141005197
25856,1,7,5,0.3700090141005197
25872,1,7,6,30.506307765171876
25875,1,7,9,10.651001119589727
25907,1,7,9,22.772335074629023
25910,1,7,8,21.756643395109272
25912,1,7,8,18.883468196361544
25915,1,7,9,32.838631318472586
25925,1,7,9,24.099363112015425
25935,1,7,2,5.747925215124559
25937,1,7,6,29.721760479754003
25938,1,7,10,23.26734019048147
25942,1,7,8,12.693262514174835
25957,1,7,4,0.3700090657260609
25958,1,7,1,8.994795041812317
25964,1,7,5,0.3700090141005197
25974,1,7,8,18.611153889401976
25983,1,7,6,21.296864403460567
26003,1,7,9,33.15186155668069
26018,1,7,8,21.41312311343663
26024,1,7,7,2.1435883956467454
26029,1,7,6,26.589121573009514
26031,1,7,8,31.52432591933006
26056,1,7,9,31.523868372829725
26063,1,7,6,9.84511227980325
26064,1,7,8,12.277882609887612
26065,1,7,9,17.339676622794506
26070,1,7,9,8.921895521179904
26071,1,7,2,12.305287466787226
26102,1,7,9,14.875702619486045
26104,1,7,9,7.54509563629198
26119,1,7,9,28.367770353949815
26121,1,7,5,0.3700090141005197
26133,1,7,4,0.3700090657260609
26135,1,7,1,6.20167246394577
26142,1,7,9,8.845107000596368
26144,1,7,7,2.0710228730660916
26149,0,7,0,0.040844924002728315
26161,1,7,4,0.3700090657260609
26165,1,7,5,0.3700090141005197
26174,1,7,9,22.464086863561686
26216,1,7,9,18.237498063585836
26231,1,7,10,25.623163103707753
26236,1,7,4,0.3700090657260609
26263,1,7,8,27.743557095401872
26267,1,7,5,0.3700090141005197
26285,1,7,9,32.69544513384923
26289,1,7,4,0.3700090657260609
26294,1,7,6,12.40270562292484
26298,1,7,6,30.646165197257712
26304,1,7,8,35.32821595686034
26305,1,7,10,13.395554218522342
26310,1,7,10,16.929911420344403
26318,1,7,5,0.3700090141005197
26331,0,7,0,0.03650669888069433
26343,1,7,6,27.504466723980507
26346,1,7,5,0.3700090141005197
26347,1,7,8,20.857002571142655
26353,1,7,5,0.3700090141005197
26368,1,7,5,0.3700090141005197
26375,1,7,2,8.456965180295981
26388,1,7,4,0.3700090657260609
26390,1,7,8,33.64008911060084
26419,1,7,8,27.045985022870262
26424,1,7,8,30.414997718389714
26457,1,7,6,23.690739879373773
26464,1,7,4,0.3700090657260609
26471,1,7,9,11.156853777955389
26502,1,7,9,25.078315240789845
26504,1,7,10,26.040777034518147
26529,1,7,9,13.142476648245943
26545,1,7,10,20.89723092735565
26558,1,7,9,26.256821205564844
26562,1,7,8,6.699711355783704
26568,1,7,8,6.0164862887598245
26574,1,7,9,26.482250742389212
26588,1,7,4,0.3700090657260609
26603,1,7,1,15.13864926134639
26605,1,7,8,10.010757081681055
26641,1,7,4,0.3700090657260609
26674,1,7,1,20.77011312046991
26679,1,7,9,31.275392035821046
26694,1,7,1,20.378676846648535
26706,1,7,10,18.52606663033883
26707,1,7,7,6.307638901960375
26709,1,7,8,34.75761643721535
26728,1,7,5,0.3700090141005197
26740,1,7,5,0.3700090141005197
26741,1,7,9,8.135433073976671
26748,1,7,9,29.983135098563185
26753,1,7,8,15.309435403668578
26756,1,7,6,18.820043530983202
26757,1,7,6,28.99767769951054
26780,1,7,5,0.3700090141005197
26782,1,7,8,11.984812937483062
26791,1,7,7,0.9673197739643418
26799,1,7,6,24.390885210603816
26805,1,7,1,22.403935564961888
26835,1,7,9,23.790014178086192
26851,1,7,5,0.3700090141005197
26894,1,7,5,0.3700090141005197
26900,1,7,9,17.89931887816202
26905,1,7,1,19.494643523431662
26908,1,7,4,0.3700090657260609
26915,1,7,4,0.3700090657260609
26917,1,7,3,2.90828185944737
26931,1,7,6,27.1337193930512
26938,1,7,9,29.871861110312864
26947,1,7,4,0.3700090657260609
26956,1,7,9,33.69357173960986
26959,1,7,5,0.3700090141005197
26962,1,7,4,0.3700090657260609
26966,1,7,5,0.3700090141005197
27009,1,7,8,18.81916575886119
27018,1,7,9,27.441422648231637
27027,1,7,1,9.58380553939636
27030,1,7,8,12.932334730338116
27040,1,7,8,22.570077054341358
27051,1,7,4,0.3700090657260609
27061,1,7,9,16.059011459012805
27081,1,7,10,24.221546872374095
27084,1,7,9,21.412505278100298
27098,1,7,5,0.3700090141005197
27099,1,7,10,20.329813914101234
27100,1,7,9,16.100832498994357
27123,1,7,7,5.006254523284924
27126,1,7,6,20.371057899774765
27129,1,7,1,23.258295527549855
27154,1,7,5,0.3700090141005197
27160,1,7,9,28.692304916445018
27174,1,7,6,23.730453991800445
27190,1,7,3,3.1333420645051606
27198,1,7,5,0.3700090141005197
27208,1,7,1,19.146294109193136
27228,1,7,6,24.691298317699758
27231,1,7,5,0.3700090141005197
27238,1,7,1,5.104930881727816
27240,1,7,8,24.854961249283427
27285,1,7,8,20.421041738118877
27288,1,7,9,31.02394910599642
27301,1,7,9,17.75956096346007
27307,1,7,10,19.339431636291742
27318,1,7,9,25.038076665283786
27323,1,7,5,0.3700090141005197
27324,1,7,9,28.964602589592648
27330,1,7,4,0.3700090656202526
27339,1,7,6,30.195380482321713
27347,1,7,10,25.05180817527359
27353,1,7,8,20.137920830813968
27361,1,7,4,0.3700090657260609
27393,1,7,4,0.3700090657260609
27416,1,7,6,17.49750272213267
27427,1,7,6,21.985951369105408
27432,1,7,10,25.941788859172487
27447,1,7,8,35.45239212050175
27450,1,7,5,0.3700090141005197
27454,1,7,9,4.437890050941496
27459,1,7,9,32.69479028638213
27461,1,7,7,6.156139243352632
27462,1,7,5,0.3700090141005197
27465,1,7,8,8.160921022898794
27469,1,7,10,14.087827638189657
27485,1,7,9,20.3259131463898
27488,0,7,0,0.03351324440601959
27496,1,7,10,15.548618943136256
27502,1,7,4,0.3700090657260609
27543,0,7,0,0.04042604608954893
27555,1,7,8,29.158611589200124
27571,1,7,6,12.023578339736959
27576,1,7,2,9.863771673612256
27592,1,7,10,17.816522358654293
27602,1,7,9,31.110638639886247
27608,1,7,3,1.7695413019797541
27618,1,7,7,5.202913201771186
27628,1,7,6,20.088449338179583
27632,1,7,8,22.51116360963892
27643,1,7,9,24.914985361775585
27654,1,7,5,0.37000902039789374
27683,1,7,9,16.279665171952008
27685,1,7,6,22.39230282938828
27690,1,7,9,32.6634045882654
27699,1,7,10,21.78844985907685
27700,1,7,1,25.33139071569998
27714,1,7,10,16.8261252103243
27718,0,7,0,0.027019277434597862
27722,1,7,10,7.477835090461746
27724,1,7,10,25.05738514228232
27736,1,7,9,32.342177902791995
27756,1,7,1,22.705103706599143
27758,1,7,8,27.864300179656126
27765,1,7,2,4.313444234356267
27770,1,7,4,0.3700090657260609
27788,1,7,6,21.16166616910558
27801,1,7,8,27.0392999956276
27828,1,7,4,0.3700090657260609
27846,1,7,6,17.073771415114276
27847,1,7,1,15.852537996798597
27848,1,7,8,23.121245102996408
27853,1,7,6,30.449521617163406
27866,0,7,0,0.03537462287720797
27869,1,7,1,15.602211298281963
27877,1,7,5,0.3700090141005197
27880,1,7,9,16.648723489236595
27882,1,7,9,25.421348318466357
27895,1,7,4,0.3700090657260609
27896,1,7,10,16.434107526627358
27902,1,7,5,0.3700090141005197
27906,1,7,5,0.3700090141005197
27922,1,7,9,25.166869305915935
27924,1,7,5,0.37000902039789374
27950,1,7,10,19.131715592462985
27957,1,7,1,19.941845126964505
27985,1,7,4,0.3700090657260609
27995,1,7,9,24.468905869172797
28000,1,7,9,28.68748303063948
28002,1,7,6,7.211929642765011
28010,1,7,9,33.72574474864444
28011,1,7,8,32.51465654302401
28017,1,7,5,0.3700090141005197
28018,0,7,0,0.03535366687771599
28029,1,7,6,17.896368655489223
28051,1,7,5,0.3700090141005197
28056,1,7,2,9.476179784933073
28060,1,7,9,32.33956067864379
28068,1,7,9,22.29944915767369
28074,0,7,0,0.02876166220379435
28087,1,7,8,27.240442743899724
28098,1,7,6,11.780945985151222
28108,1,7,8,4.689493596623345
28127,1,7,9,31.034190975278232
28135,1,7,10,7.884981759214266
28144,1,7,9,23.211356980948185
28151,1,7,9,21.552409745455996
28153,1,7,5,0.3700090141005197
28156,1,7,8,15.285198498158799
28162,1,7,5,0.3700090141005197
28163,1,7,9,32.31995689554903
28179,1,7,8,21.648755357731112
28187,1,7,6,29.997180136495114
28212,1,7,5,0.3700090141005197
28213,1,7,8,19.96372934361176
28219,1,7,9,2.5706738191791527
28259,1,7,9,31.340526177912835
28268,1,7,9,8.388782706069554
28277,1,7,4,0.3700090657260609
28287,1,7,6,24.578287876492638
28290,1,7,5,0.3700090141005197
28298,1,7,5,0.3700090141005197
28299,1,7,6,8.143044546070726
28316,1,7,6,12.285762653424028
28340,1,7,4,0.3700090657260609
28343,1,7,10,14.139354391968821
28346,1,7,8,29.20291830603015
28362,1,7,6,18.421551537390027
28388,1,7,3,3.084965221721544
28389,1,7,9,26.394872188111446
28407,1,7,6,15.731785245276134
28411,1,7,4,0.3700090657260609
28418,1,7,9,30.68215731084153
28432,1,7,8,25.396630394189305
28438,1,7,9,26.10916123044713
28458,1,7,9,22.847894760906108
28464,1,7,10,7.508606064852958
28465,1,7,5,0.3700090141005197
28466,1,7,7,5.502523081495429
28474,1,7,7,4.876566877021373
28476,1,7,9,33.066073024068956
28480,0,7,0,0.036364599738122116
28486,1,7,2,6.556568044077485
28493,1,7,2,3.8699947021560424
28512,1,7,4,0.3700090657260609
28524,1,7,8,20.353129440503167
28533,1,7,8,19.467170911187374
28541,1,7,4,0.3700090656202526
28560,1,7,5,0.37000902039789374
28561,0,7,0,0.037938317404638384
28567,1,7,8,10.058160466116737
28568,1,7,6,18.951688077275627
28579,1,7,1,18.186903576456476
28591,1,7,8,18.420697040103114
28603,1,7,9,30.227300003804736
28606,0,7,0,0.03938376390739575
28608,1,7,1,12.432848072006655
28610,1,7,6,21.380255223120027
28631,1,7,8,15.739841846607254
28634,1,7,4,0.3700090657260609
28645,1,7,8,26.062867153879733
28659,1,7,10,16.441480125548594
28690,1,7,6,27.92009752199999
28743,1,7,6,13.959068196069769
28749,1,7,4,0.3700090657260609
28759,1,7,8,30.94264318978122
28763,1,7,6,22.19744644122653
28770,1,7,7,1.8058393174785923
28771,1,7,10,11.53577315699063
28775,1,7,1,24.62614649103253
28796,1,7,8,25.785595639254048
28805,1,7,1,19.725241179724247
28832,1,7,9,29.876385831961585
28833,1,7,1,11.768076844691869
28839,1,7,1,8.652834274836922
28844,1,7,1,15.766324631930797
28856,1,7,8,24.93337858392265
28878,1,7,8,20.653834975065283
28880,1,7,9,15.769115666735644
28888,1,7,1,4.24419351055868
28891,1,7,6,24.895069865480817
28895,1,7,6,17.339055387569406
28901,1,7,5,0.3700090141005197
28905,1,7,9,31.320202510861275
28906,1,7,8,22.502796994002175
28917,1,7,8,18.090238560205446
28923,1,7,8,21.720246339759008
28925,1,7,10,18.85009394074318
28948,1,7,8,26.060657079071554
28982,1,7,10,17.960215511047725
28998,1,7,6,24.812014759621317
29003,1,7,8,24.558639704670583
29016,1,7,6,28.96894933851299
29060,1,7,5,0.3700090141005197
29072,1,7,4,0.3700090657260609
29077,0,7,0,0.15301867585891069
29080,1,7,9,27.557284133064446
29088,1,7,5,0.3700090141005197
29102,1,7,8,25.845851669910687
29104,1,7,10,12.460550645847057
29124,1,7,5,0.3700090141005197
29126,1,7,10,20.452604710785916
29136,1,7,4,0.3700090657260609
29137,1,7,8,30.21850223245154
29148,1,7,10,16.310000871537884
29149,1,7,5,0.3700090141005197
29157,1,7,10,6.423751671261812
29158,0,7,0,0.045707067599828594
29177,1,7,8,16.888741605908333
29196,1,7,3,2.11144761606216
29209,1,7,4,0.3700090657260609
29216,0,7,0,0.0339206072918907
29217,1,7,6,12.234578440053136
29227,1,7,6,8.86026919784701
29235,1,7,5,0.3700090141005197
29240,1,7,8,28.85613607620155
29243,1,7,8,9.93382276365395
29253,1,7,10,11.34373695098624
29262,1,7,1,18.32408169247454
29270,1,7,1,26.54190696009116
29271,1,7,6,18.83990286885357
29280,1,7,1,8.856794532287896
29284,1,7,5,0.3700090141005197
29288,1,7,7,4.73584520669256
29293,1,7,9,32.34372509070213
29295,1,7,6,13.082426943088658
29301,1,7,6,21.425794180004626
29304,0,7,0,0.047029607685616835
29307,1,7,8,28.334438954225256
29311,0,7,0,0.02798819701983381
29343,1,7,4,0.3700090657260609
29354,1,7,6,22.052277782647963
29362,1,7,7,3.3174652151206327
29371,1,7,1,26.468903008633312
29374,1,7,9,33.68823788511111
29412,1,7,8,18.75391750570607
29415,1,7,9,7.46745299531152
29420,1,7,10,23.49225418286879
29429,1,7,1,4.373504302873568
29434,1,7,4,0.3700090657260609
29441,1,7,8,31.541833797248586
29446,1,7,4,0.3700090657260609
29447,0,7,0,0.04668367823532546
29461,0,7,0,0.02954697651151151
29474,1,7,9,29.23090168318728
29476,1,7,9,18.410354465368126
29483,1,7,4,0.3700090657260609
29487,1,7,6,6.188687083448356
29490,1,7,8,29.07776622815769
29497,1,7,4,0.3700090657260609
29505,1,7,5,0.3700090141005197
29515,1,7,9,23.759346582025334
29519,1,7,4,0.3700090657260609
29565,1,7,1,6.412944689332879
29568,1,7,8,9.378785172318967
29607,1,7,5,0.3700090141005197
29613,1,7,6,10.23961994502384
29615,1,7,2,16.234432068732822
29623,1,7,9,16.981378037687332
29626,1,7,5,0.3700090141005197
29633,1,7,10,25.391956007824977
29634,1,7,9,14.570513960844572
29638,1,7,6,10.150554928828114
29643,1,7,1,19.167639598473347
29660,1,7,10,22.028762449434506
29666,1,7,6,28.147328143118806
29686,1,7,6,22.309146998971414
29689,1,7,2,0.9831403058135637
29708,1,7,8,16.21682349993219
29711,0,7,0,0.042750090387746326
29718,0,7,0,0.038371830888330745
29731,1,7,2,16.457326105841826
29769,1,7,5,0.3700090141005197
29780,1,7,4,0.3700090657260609
29782,1,7,9,20.34308354031251
29793,1,7,5,0.37000902039789374
29806,1,7,9,18.418421212988235
29825,1,7,6,21.948043194332747
29826,1,7,8,34.50464146415843
29841,1,7,6,29.28111380133953
29845,1,7,8,2.441263348048276
29849,1,7,5,0.3700090141005197
29857,1,7,5,0.3700090141005197
29862,1,7,9,28.558515617843153
29870,1,7,6,21.965350948883295
29878,1,7,10,15.39457575371078
29911,1,7,8,5.67390566613101
29937,1,7,7,0.36480198320377494
29942,1,7,3,3.258632063099697
29960,1,7,8,8.573374841735223
29972,1,7,10,12.406812311681671
29976,1,7,4,0.3700090657260609
29980,1,7,2,2.3311974998258265
29982,1,7,9,29.187369297200572
29986,1,7,1,25.49346917876533
29999,1,7,9,31.579266324767858
30000,1,7,1,21.160154969911485
30003,1,7,9,21.275949705534618
30011,1,7,5,0.3700090141005197
30015,1,7,5,0.3700090141005197
30018,1,7,9,30.64439820456232
30022,1,7,8,30.15841857270092
30047,1,7,5,0.3700090141005197
30050,1,7,9,28.922570906119446
30055,1,7,8,2.35644854244102
30059,1,7,5,0.3700090141005197
30066,1,7,2,16.375670038474617
30098,0,7,0,0.035330570820631436
30100,1,7,9,16.536138918287975
30102,1,7,9,33.53509694320835
30123,1,7,5,0.3700090141005197
30127,1,7,9,18.25163886342706
30128,1,7,4,0.3700090657260609
30149,1,7,6,26.74363682838346
30169,1,7,5,0.3700090141005197
30177,1,7,3,2.6751593067060178
30187,1,7,8,10.970193961166594
30189,1,7,3,3.276432950194638
30195,1,7,6,29.708376142066083
30212,0,7,0,0.047192766184569364
30216,1,7,5,0.3700090141005197
30219,1,7,10,20.544475698033608
30227,1,7,8,16.342758774498705
30228,0,7,0,0.027757834600075457
30237,1,7,7,3.03016561841958
30238,1,7,8,12.126395906466147
30247,1,7,5,0.3700090141005197
30248,1,7,6,26.66048146854785
30249,1,7,9,22.41954024788012
30254,0,7,0,0.03146303023971601
30263,1,7,6,7.0793730450108265
30276,1,7,4,0.3700090657260609
30277,1,7,4,0.3700090657260609
30289,0,7,0,0.03851607115374912
30308,1,7,9,3.5092185661531885
30321,1,7,3,2.7732027420312284
30326,1,7,1,19.569462124190387
30357,1,7,6,21.990984805319748
30361,1,7,6,12.690201208581774
30376,1,7,5,0.37000902039789374
30386,1,7,4,0.3700090656202526
30394,1,7,2,13.583579779798129
30399,1,7,4,0.3700090657260609
30405,0,7,0,0.033320801953698055
30407,1,7,2,1.50438828430028
30431,0,7,0,0.0367716944132885
30440,1,7,5,0.3700090141005197
30449,1,7,9,33.7362599472973
30455,0,7,0,0.03115675488701472
30462,1,7,10,7.530796602209419
30471,1,7,5,0.3700090141005197
30473,1,7,8,18.890586894369612
30495,1,7,10,7.987427704547168
30512,1,7,1,24.74092442963764
30516,1,7,4,0.3700090657260609
30521,1,7,9,3.27480684901484
30522,1,7,8,25.67752516287735
30535,1,7,9,28.44100334335676
30538,1,7,10,6.977146667014843
30543,1,7,10,10.73525051741017
30569,1,7,8,3.874974334788678
30572,0,7,0,0.03288835084687559
30576,1,7,10,18.376304952896625
30586,1,7,5,0.3700090141005197
30587,1,7,4,0.3700090657260609
30616,1,7,5,0.3700090141005197
30629,1,7,10,15.245215825953435
30631,1,7,6,22.17919700864869
30636,1,7,8,10.716524678187618
30637,1,7,5,0.3700090141005197
30645,1,7,2,16.12920883819226
30646,1,7,3,3.0091769166971694
30656,1,7,9,11.577116057647874
30657,1,7,3,3.1598163053014607
30661,1,7,8,29.129556237940626
30662,1,7,1,26.97747981141866
30663,1,7,4,0.3700090657260609
30667,1,7,10,8.196986563835992
30669,1,7,10,6.533703589407287
30696,1,7,10,17.966002680928856
30697,1,7,4,0.3700090657260609
30727,1,7,6,19.932391057991968
30728,1,7,2,2.8192363305297192
30756,1,7,4,0.3700090657260609
30762,1,7,3,2.6787505707811703
30771,1,7,9,32.99914073522203
30777,1,7,4,0.3700090657260609
30783,1,7,6,12.810745762206071
30787,1,7,4,0.3700090657260609
30827,1,7,6,19.082788302051398
30829,1,7,8,20.324673405185923
30832,1,7,9,20.20645070098548
30838,1,7,1,26.705452070778133
30843,1,7,6,26.119980851453658
30854,1,7,9,15.733847191352298
30890,1,7,9,31.270227780260274
30893,1,7,10,26.03416557372271
30904,1,7,1,15.742383611566778
30908,1,7,1,23.912894174567775
30913,1,7,6,13.056266080692708
30915,1,7,3,3.2336352505785273
30916,1,7,7,6.1680524888299795
30921,1,7,9,31.86965595403372
30924,0,7,0,0.038126705886595044
30925,1,7,3,2.646935617289635
30928,1,7,9,22.46742628086066
30968,1,7,10,5.850151132785821
30971,1,7,8,35.34323941688044
30974,1,7,4,0.3700090657260609
30998,1,7,10,7.892814043780914
31000,1,7,7,1.749250456272869
31001,1,7,1,21.51836991958815
31009,1,7,6,9.38099258887148
31028,1,7,8,17.776617109038327
31031,1,7,2,13.053789970520143
31050,1,7,8,33.740779989724935
31058,1,7,5,0.3700090141005197
31063,1,7,8,31.8564178124407
31065,1,7,5,0.3700090141005197
31067,1,7,6,21.32225983889359
31071,1,7,8,6.229100894123153
31091,1,7,1,21.634805933005087
31093,1,7,9,24.565955896663326
31101,1,7,8,33.50700552656683
31110,1,7,8,29.22623436596138
31127,1,7,3,3.210014357569796
31167,1,7,3,1.6054939754909476
31171,1,7,3,1.0588273598957265
31201,1,7,6,8.49011002291076
31216,1,7,8,6.356209665187225
31220,1,7,9,22.123647127413438
31231,1,7,5,0.3700090141005197
31249,1,7,5,0.3700090141005197
31253,1,7,4,0.3700090657260609
31254,1,7,9,7.3125389621829155
31275,1,7,1,26.65598722327252
31277,1,7,9,32.83409934442925
31281,1,7,8,21.58325922644465
31287,1,7,3,1.7590949148862978
31302,1,7,10,24.003129590919396
31327,1,7,8,3.5327068234571426
31331,1,7,9,5.84587988762939
31337,1,7,4,0.3700090657260609
31344,1,7,10,26.015186828602204
31352,1,7,6,20.55638732288752
31361,1,7,6,18.744157920498328
31375,1,7,4,0.3700090657260609
31377,1,7,9,18.147223190968482
31380,1,7,9,32.4182982594099
31385,1,7,9,16.88320378798593
31418,1,7,9,30.68086914411084
31420,1,7,9,22.667212108832906
31425,1,7,9,30.663858706034365
31434,1,7,1,6.801173432307411
31439,1,7,4,0.3700090657260609
31442,1,7,4,0.3700090657260609
31448,1,7,6,6.651558455475676
31464,1,7,5,0.3700090141005197
31467,1,7,5,0.3700090141005197
31488,1,7,8,23.74005657533181
31491,1,7,9,26.948746192147652
31507,1,7,8,20.400108940702953
31508,1,7,1,25.847939943075012
31516,1,7,1,25.13316328328943
31517,1,7,3,1.868687562556119
31518,1,7,6,27.390511930712602
31522,1,7,5,0.3700090141005197
31551,1,7,5,0.37000902039789374
31554,1,7,6,22.038204986378254
31564,1,7,8,27.316880081046474
31567,1,7,6,30.010363898680076
31570,1,7,9,6.054360821879848
31577,1,7,1,14.041752076935799
31583,1,7,7,5.18159542201543
31603,1,7,8,31.112164001169138
31604,1,7,8,13.21753635094918
31611,1,7,6,29.451379477973745
31620,1,7,5,0.3700090141005197
31627,1,7,9,33.196761745483265
31632,1,7,10,18.43089798900046
31642,1,7,8,28.138944013901106
31649,1,7,5,0.3700090141005197
31653,1,7,4,0.3700090657260609
31656,1,7,7,2.6272418950479106
31664,1,7,9,10.230401723219437
31665,1,7,8,10.487527320713909
31669,1,7,5,0.3700090141005197
31678,1,7,1,19.430313896266107
31681,1,7,6,19.684399205377495
31688,1,7,7,2.5791336820820288
31694,1,7,5,0.3700090141005197
31704,1,7,9,25.00216583934778
31724,1,7,8,21.024885094416234
31741,1,7,2,12.281022215124336
31754,1,7,9,25.830687259952654
31760,1,7,3,1.6319793641577254
31783,1,7,6,21.998617703503307
31793,1,7,4,0.3700090657260609
31820,1,7,8,33.47029864650203
31846,1,7,3,1.1028198247013135
31849,1,7,8,28.743836763613754
31859,1,7,6,23.444569100984356
31861,1,7,5,0.3700090141005197
31862,1,7,6,25.693273689462327
31868,1,7,5,0.3700090141005197
31893,1,7,4,0.3700090657260609
31910,1,7,8,22.408471110330215
31924,1,7,4,0.3700090657260609
31943,1,7,10,13.627561531539612
31970,1,7,9,32.037361353608006
31971,1,7,7,3.56315070435701
31974,1,7,8,21.27404331416462
31992,1,7,8,26.238609673075093
31999,1,7,4,0.3700090657260609
32001,1,7,2,4.5046340455819385
32008,1,7,3,2.4103492877662953
32035,1,7,8,14.356258845204305
32036,1,7,7,5.238436589907825
32053,1,7,4,0.3700090657260609
32058,1,7,1,21.250857725613713
32059,1,7,6,24.74836168527384
32077,1,7,6,15.21588428565752
32100,1,7,5,0.3700090141005197
32101,1,7,7,4.2835151564150555
32122,1,7,5,0.3700090141005197
32123,1,7,6,20.572604368188017
32149,1,7,7,2.6718849099325457
32160,1,7,6,26.47986703582903
32170,1,7,2,8.940664357976457
32177,0,7,0,0.02983723043394366
32184,1,7,3,3.232526888230905
32200,1,7,4,0.3700090656202526
32207,1,7,6,19.267368229458313
32215,1,7,9,19.69209966274431
32216,1,7,2,12.674987394462915
32235,1,7,8,31.503184620564536
32242,1,7,9,30.634453365893048
32256,0,7,0,0.03666117447944195
32268,1,7,5,0.3700090141005197
32269,1,7,8,21.478675690960966
32275,1,7,10,22.87565764223115
32279,1,7,3,3.115361920765926
32284,1,7,8,14.746951432863343
32288,1,7,2,12.90668637030378
32298,1,7,8,19.968322139308835
32306,1,7,9,4.428637076309946
32308,1,7,10,22.88450206774005
32312,1,7,5,0.3700090141005197
32315,1,7,8,31.13650297500044
32324,1,7,8,35.99131902875533
32332,1,7,1,8.324372895127139
32336,1,7,8,35.34440553852216
32345,1,7,6,20.654011013257346
32355,1,7,10,9.534455590521294
32356,1,7,8,8.384305871237101
32359,1,7,5,0.3700090141005197
32368,1,7,8,30.413356381435722
32398,1,7,9,11.756904920040515
32415,1,7,1,21.31057146201541
32422,1,7,1,8.07081666171139
32426,1,7,1,19.271918666457065
32434,0,7,0,0.03482721249567309
32437,1,7,10,17.824045372944127
32440,0,7,0,0.032935375089888044
32449,1,7,6,29.437574303861876
32450,1,7,4,0.3700090657260609
32461,1,7,5,0.3700090141005197
32465,1,7,6,20.35596831953093
32489,1,7,6,26.67132497012383
32490,1,7,1,6.042545012826657
32494,1,7,4,0.3700090657260609
32499,1,7,9,6.485587915231367
32526,1,7,7,1.5928153783057954
32528,1,7,6,20.557755333101312
32536,1,7,5,0.3700090141005197
32541,1,7,4,0.3700090657260609
32543,1,7,9,33.68703804084681
32546,1,7,9,30.879927028419264
32569,1,7,4,0.3700090657260609
32572,1,7,4,0.3700090657260609
32587,1,7,8,2.7797259885888863
32595,1,7,5,0.3700090141005197
32605,1,7,9,18.052865278118627
32609,1,7,8,4.244238678536764
32661,1,7,10,15.02217366953705
32678,1,7,9,23.238943053752237
32691,1,7,6,8.373760189766815
32696,1,7,10,18.506565026247124
32705,1,7,5,0.3700090141005197
32719,1,7,5,0.3700090141005197
32723,1,7,4,0.3700090657260609
32734,1,7,9,16.14920611281718
32747,1,7,8,25.67512080697371
32756,1,7,9,23.45382721378698
32768,1,7,3,3.13023257332015
32771,0,7,0,0.14901714833787905
32776,1,7,10,4.640479283844608
32799,1,7,8,17.755437560380265
32802,1,7,6,18.78854496042964
32817,1,7,3,1.1346085711492127
32829,1,7,9,20.027468415503535
32835,1,7,4,0.3700090657260609
32847,1,7,8,24.19922565370791
32860,1,7,6,27.63991652558136
32883,1,7,10,10.411426259106486
32901,1,7,9,30.673816275406363
32937,1,7,7,6.4093442353094074
32941,1,7,10,8.17986329433608
32946,0,7,0,0.0340187376515785
32960,1,7,9,29.79984851839848
32963,1,7,4,0.3700090657260609
32972,1,7,9,32.96664819254516
32974,1,7,6,5.439897073869959
32986,1,7,8,25.053616891665943
32991,1,7,8,3.528202000967282
33006,1,7,10,5.8705720205785825
33013,1,7,4,0.3700090657260609
33021,1,7,10,11.074545208491717
33028,1,7,6,16.61599945609864
33037,1,7,10,8.117639175823829
33043,1,7,4,0.3700090657260609
33073,1,7,10,26.039616767961594
33078,1,7,5,0.3700090141005197
33089,1,7,1,13.430391684663475
33097,1,7,9,26.22530851437293
33105,1,7,10,9.834143297474949
33120,0,7,0,0.024055662529679573
33121,1,7,9,27.627279398380267
33126,1,7,6,22.539748239267475
33132,1,7,5,0.3700090141005197
33148,1,7,10,17.502851384279715
33150,1,7,2,13.200977019322409
33172,1,7,1,13.988920659037367
33193,1,7,6,29.26590078638264
33194,1,7,9,21.785239849176886
33196,1,7,6,27.764699889462452
33207,1,7,9,28.2283086268079
33216,1,7,1,21.018628209174754
33310,1,7,10,4.945405738241836
33335,1,7,8,11.410099729846971
33343,1,7,10,11.694091725479575
33358,1,7,8,27.986511196199647
33359,1,7,2,8.40286865066746
33381,1,7,10,21.799886003504064
33390,1,7,9,6.265601747159826
33411,1,7,10,16.6944318764377
33436,1,7,8,26.06289975424754
33440,1,7,4,0.3700090657260609
33446,1,7,5,0.3700090141005197
33455,1,7,10,18.46393208614631
33469,1,7,9,23.708346010774328
33474,1,7,6,18.117176633171116
33478,0,7,0,0.04238002928834679
33484,1,7,1,26.54563678969787
33493,1,7,9,29.05982623710003
33496,1,7,8,3.7976523082986606
33499,0,7,0,0.038450327084263505
33504,1,7,5,0.3700090141005197
33507,0,7,0,0.09204169070821983
33512,1,7,8,17.043827615973274
33514,1,7,8,36.12495324493111
33535,1,7,6,5.253563444493382
33558,1,7,9,20.840899469011372
33566,1,7,1,24.386579393072896
33583,1,7,4,0.3700090657260609
33584,1,7,4,0.3700090657260609
33588,1,7,6,23.413562581474125
33594,1,7,6,22.487963458887776
33597,0,7,0,0.03691821937117615
33609,0,7,0,0.01850386132707851
33617,1,7,6,29.480195373331924
33626,1,7,8,6.51766399696304
33674,1,7,1,6.846056684775514
33676,1,7,7,0.8859748818155693
33680,1,7,8,18.56972671570495
33689,1,7,5,0.3700090141005197
33696,1,7,9,4.392600245838221
33701,1,7,1,25.544516421599738
33702,1,7,9,18.8217947613331
33708,1,7,9,31.2831373247648
33715,1,7,10,12.285865185005628
33716,1,7,1,14.948044603066439
33724,1,7,2,13.578073501157775
33726,0,7,0,0.03296189230895522
33730,1,7,8,20.263005068259375
33731,1,7,4,0.3700090657260609
33739,1,7,7,1.8696039748317688
33765,1,7,9,12.393733309731058
33766,1,7,1,12.989526916025845
33768,1,7,4,0.3700090657260609
33773,1,7,7,2.810629157358463
33778,1,7,9,16.659577380970852
33779,1,7,6,25.195575093514172
33793,1,7,3,1.8700412515773615
33798,1,7,10,9.31106747052906
33799,1,7,5,0.3700090141005197
33807,1,7,8,13.811757878975838
33809,1,7,8,13.534424553021507
33817,1,7,10,18.675732025093154
33833,1,7,5,0.3700090141005197
33880,1,7,5,0.3700090141005197
33887,1,7,9,14.116288113036287
33921,1,7,3,3.243152759861909
33927,1,7,10,12.617685697900676
33944,1,7,4,0.3700090657260609
33945,1,7,4,0.3700090657260609
33954,1,7,7,0.6024234434434786
33976,1,7,3,2.7352304572924426
33981,1,7,6,9.491879614030273
33990,1,7,10,16.87819841727823
34001,1,7,4,0.3700090657260609
34005,1,7,7,6.5080294595983545
34019,1,7,5,0.3700090141005197
34022,1,7,3,1.249019828301078
34027,1,7,5,0.3700090141005197
34043,1,7,3,3.242415806535749
34048,1,7,1,12.489467307522936
34049,1,7,9,25.032597773786026
34062,1,7,9,33.59042806671881
34083,1,7,1,6.7937108975552505
34120,1,7,6,21.96297987290272
34136,1,7,10,11.213241503431338
34157,1,7,8,24.527730301104196
34161,1,7,4,0.3700090656202526
34163,1,7,4,0.3700090656202526
34169,1,7,6,10.288649459841048
34177,1,7,9,17.474445761668626
34179,1,7,9,15.298198548533396
34182,1,7,2,15.567429066704548
34183,1,7,7,5.647080334953931
34184,1,7,6,8.261038349392434
34185,1,7,3,0.8076480737816625
34210,1,7,9,9.279850389843736
34211,1,7,8,19.72746286207302
34223,1,7,1,4.453900990765222
34225,1,7,8,27.818770611296532
34237,1,7,3,3.0740922189102733
34240,1,7,4,0.3700090657260609
34243,1,7,10,14.212315251746674
34245,1,7,4,0.3700090657260609
34246,1,7,1,24.769918209611266
34252,1,7,4,0.3700090657260609
34271,1,7,9,12.180225362940945
34273,1,7,5,0.3700090141005197
34279,1,7,4,0.3700090657260609
34282,1,7,4,0.3700090657260609
34284,1,7,8,22.08147130567322
34286,1,7,8,20.604161012935485
34302,1,7,1,15.976316849153957
34309,1,7,9,33.48179320467813
34311,1,7,4,0.3700090657260609
34331,1,7,7,3.295013662666247
34338,1,7,9,20.304290145129144
34344,1,7,9,6.669172142108174
34345,1,7,4,0.3700090657260609
34373,1,7,9,30.67329377999264
34390,1,7,9,29.501080855777275
34401,1,7,1,4.5519988530915185
34411,1,7,10,25.44065263354491
34416,1,7,6,23.33349926813389
34423,1,7,5,0.3700090141005197
34431,0,7,0,0.024853392618490882
34444,1,7,10,18.08998741238587
34454,0,7,0,0.03948131616589837
34486,1,7,1,23.818938039598432
34487,1,7,1,12.213595826015801
34489,1,7,1,6.675663593537462
34498,0,7,0,0.042297457202720115
34509,1,7,6,29.75691785252836
34535,1,7,3,2.583387779056183
34540,1,7,4,0.3700090657260609
34554,1,7,6,11.790698362343946
34556,1,7,8,4.325536556927287
34558,1,7,9,23.105697171829508
34559,1,7,2,15.845548930543027
34569,0,7,0,0.03664621009908512
34571,0,7,0,0.046379448362272285
34584,1,7,8,2.669283575752737
34591,1,7,8,29.665971641857784
34607,1,7,6,30.3780389558209
34614,1,7,4,0.3700090657260609
34629,1,7,10,13.15704101971032
34635,1,7,9,31.318238398034428
34663,1,7,3,3.219223768270625
34688,1,7,9,20.0184651584813
34706,0,7,0,0.03343232591513985
34708,1,7,9,11.619556155506789
34714,1,7,10,7.635140434315152
34719,1,7,9,6.865920518649549
34721,1,7,9,20.233638574127443
34722,1,7,6,16.910495183359213
34731,1,7,6,30.506709638835684
34736,0,7,0,0.031020660040136788
34765,1,7,4,0.3700090657260609
34780,1,7,6,29.663334420603192
34790,1,7,9,22.30072857994576
34799,1,7,1,16.759933332651997
34812,1,7,5,0.3700090141005197
34814,1,7,9,11.379757176865635
34816,1,7,5,0.3700090141005197
34819,0,7,0,0.035944500747808424
34831,1,7,9,3.985070927263037
34834,1,7,2,16.470053400599333
34844,1,7,10,23.651390838658017
34848,1,7,8,20.09581621705115
34855,1,7,4,0.3700090657260609
34857,1,7,8,12.598129513586318
34859,1,7,7,1.860578407660438
34871,1,7,6,22.681998590085666
34876,1,7,6,21.907018710137628
34911,1,7,5,0.3700090141005197
34913,1,7,7,0.3435708668046775
34914,1,7,6,14.185500990111196
34916,1,7,10,20.61831504999852
34922,1,7,9,27.28693819196819
34923,1,7,10,23.81502589523318
34930,1,7,9,22.273669510876715
34954,1,7,6,22.1891078948183
34969,1,7,6,28.72820193209527
34985,1,7,6,20.425812870414806
35006,1,7,10,7.231025057582401
35008,1,7,8,35.62291115111439
35013,1,7,10,20.124486971355925
35017,1,7,10,12.302715740391331
35022,1,7,5,0.3700090141005197
35025,1,7,8,13.761495744972557
35034,1,7,5,0.3700090141005197
35042,1,7,9,29.871264535750672
35046,1,7,10,26.039740508112217
35058,1,7,4,0.3700090657260609
35062,1,7,10,21.24226086820451
35077,1,7,8,16.26321091022625
35080,1,7,4,0.3700090657260609
35084,0,7,0,0.03564424085940897
35095,1,7,6,15.725334765299783
35096,1,7,7,1.9841048441794282
35106,1,7,7,5.298870837838348
35111,1,7,8,27.305006857786715
35125,1,7,6,21.852889668500783
35128,1,7,10,19.791319866586463
35132,1,7,8,9.633012801398637
35158,1,7,8,12.480467860206717
35162,1,7,1,20.895717828606717
35166,1,7,1,11.7058747196664
35170,1,7,6,6.12116964605138
35172,1,7,10,20.562762925144217
35183,1,7,6,10.545421533536484
35199,1,7,10,17.300622126995904
35203,1,7,6,18.685931568398832
35204,0,7,0,0.04254683790976674
35206,1,7,1,17.434901413430865
35219,1,7,10,16.794574410817294
35221,1,7,2,7.678177492566717
35222,1,7,5,0.3700090141005197
35230,1,7,8,28.694276260324774
35233,1,7,10,6.864902500179418
35248,1,7,10,20.729240496875583
35250,1,7,8,22.95000310210794
35251,1,7,1,23.967298764196894
35256,1,7,5,0.3700090141005197
35260,1,7,9,25.04324838914279
35285,1,7,10,23.997678992768385
35291,1,7,9,8.912914164672118
35294,1,7,8,5.592511901716744
35295,1,7,7,5.00586717863546
35298,1,7,1,9.14410047397328
35301,1,7,4,0.3700090657260609
35307,1,7,4,0.3700090657260609
35309,1,7,7,5.496738809808124
35325,1,7,5,0.3700090141005197
35340,1,7,1,19.171749340469
35347,1,7,8,16.396745083984992
35356,1,7,6,15.31058214254637
35380,1,7,6,22.710003765593424
35385,1,7,8,30.481813895243008
35390,1,7,7,4.50148692752042
35396,1,7,8,35.52564355486663
35397,1,7,5,0.3700090141005197
35415,0,7,0,0.043470403442003494
35427,1,7,5,0.3700090141005197
35434,1,7,9,21.331930716402045
35435,1,7,9,26.886956694787845
35453,1,7,10,16.681153079437568
35482,1,7,5,0.37000902039789374
35486,1,7,10,9.651775241620202
35488,1,7,1,17.137029257351543
35502,1,7,8,26.645048311098083
35505,1,7,10,25.05044909850675
35506,1,7,5,0.3700090141005197
35510,1,7,5,0.3700090141005197
35512,1,7,9,29.723219237030218
35525,1,7,9,12.36910740246874
35531,1,7,1,13.196571098150708
35540,1,7,1,17.63712985961679
35542,1,7,1,16.70483364577372
35561,1,7,9,21.77890435546093
35564,1,7,10,25.71269926253568
35572,1,7,8,21.770425265632554
35575,1,7,7,5.596875753381301
35585,1,7,9,21.1853071118184
35587,1,7,10,16.68724897006135
35603,1,7,1,19.321799266443428
35613,1,7,4,0.3700090657260609
35620,1,7,8,31.51804712574195
35621,1,7,8,17.195352590023855
35626,1,7,5,0.3700090141005197
35628,1,7,5,0.3700090141005197
35629,1,7,5,0.3700090141005197
35635,1,7,5,0.3700090141005197
35640,1,7,5,0.3700090141005197
35647,1,7,4,0.3700090657260609
35660,1,7,4,0.3700090657260609
35675,1,7,4,0.3700090657260609
35687,1,7,5,0.3700090141005197
35690,1,7,6,27.35100548946249
35729,0,7,0,0.04243984268056639
35735,1,7,5,0.37000902039789374
35744,1,7,5,0.3700090141005197
35755,1,7,1,8.168455559259383
35760,1,7,7,5.123977127625568
35779,1,7,9,31.791164548793237
35780,0,7,0,0.09848204843371072
35798,1,7,7,0.34849148473454156
35848,1,7,2,7.676908858934667
35865,1,7,9,26.68924207051096
35894,1,7,4,0.3700090657260609
35900,1,7,4,0.3700090657260609
35907,1,7,5,0.3700090141005197
35909,1,7,9,33.64941369057834
35921,1,7,8,33.540609859041744
35929,1,7,4,0.3700090657260609
35938,1,7,8,7.2202993547701855
35955,1,7,5,0.3700090141005197
35985,1,7,8,21.9407709224623
35990,1,7,4,0.3700090657260609
35997,1,7,9,17.596892791237185
36003,1,7,7,1.0084298315960194
36011,1,7,10,16.249394906973833
36014,1,7,8,32.59075391732981
36017,1,7,9,14.964987569153967
36027,1,7,8,2.9821495514082574
36032,1,7,9,25.04638865498647
36037,1,7,8,12.244617278601508
36038,1,7,5,0.3700090141005197
36052,1,7,2,15.54557074872462
36080,1,7,6,16.0964067342366
36090,1,7,6,18.30707586759427
36102,1,7,2,10.798917408648244
36127,1,7,9,30.682107482071775
36142,1,7,5,0.3700090141005197
36149,1,7,8,17.535508763263863
36154,0,7,0,0.03591836783092927
36162,1,7,5,0.3700090141005197
36165,1,7,8,10.269777267325525
36168,1,7,9,29.92029278601621
36175,1,7,9,24.79172286818901
36180,1,7,5,0.3700090141005197
36188,1,7,6,11.135085458765463
36189,1,7,5,0.3700090141005197
36207,1,7,9,19.19490973805463
36209,1,7,8,3.2749107615560447
36222,1,7,3,2.7655854885123072
36223,1,7,7,6.466495942560095
36227,1,7,4,0.3700090657260609
36231,1,7,5,0.3700090141005197
36233,1,7,7,5.230155181482489
36243,1,7,8,28.108223435768483
36249,0,7,0,0.04117855966646717
36309,1,7,1,16.334050634632753
36311,1,7,8,19.033973393166544
36345,1,7,10,5.5654952455228734
36350,1,7,8,29.58079007453711
36354,1,7,8,32.16727908456693
36361,1,7,8,13.404135773850165
36364,1,7,8,14.235234638299318
36373,1,7,9,10.908996199939942
36385,1,7,5,0.3700090141005197
36425,1,7,5,0.3700090141005197
36449,1,7,6,28.994946821370387
36456,1,7,10,18.5166367621429
36457,1,7,4,0.3700090656202526
36467,1,7,9,9.223454670413037
36470,1,7,6,29.393715554582567
36480,1,7,4,0.3700090657260609
36490,1,7,10,12.126082034303197
36501,1,7,10,13.820636523643405
36512,1,7,5,0.3700090141005197
36527,1,7,7,4.9903809961105985
36529,1,7,5,0.3700090141005197
36531,1,7,6,27.488535234226354
36533,1,7,6,8.569755069674068
36559,1,7,6,13.583065506108614
36563,1,7,2,15.141512784786716
36564,1,7,4,0.3700090657260609
36575,1,7,6,26.117135812808044
36576,1,7,8,17.37039474967493
36579,1,7,6,18.620834609791892
36581,1,7,5,0.3700090141005197
36598,1,7,7,6.432999576035915
36599,1,7,6,8.081603288795208
36609,1,7,9,15.290193848969855
36620,1,7,10,25.988271891700954
36627,1,7,4,0.3700090657260609
36629,1,7,4,0.3700090657260609
36633,1,7,1,28.07359189603548
36636,1,7,3,3.014126823884925
36646,1,7,8,10.00024336330772
36650,1,7,2,15.408306549356181
36666,1,7,6,9.04653962443606
36669,1,7,7,0.5663399728760014
36690,1,7,3,3.1996596292412423
36697,1,7,3,3.2491797666935245
36708,1,7,4,0.3700090656202526
36713,1,7,7,2.589958798501814
36742,1,7,10,9.264207938516819
36743,1,7,9,26.883207520995125
36751,1,7,8,13.757199469808178
36752,1,7,3,3.1210985814805507
36765,1,7,10,23.754161584149585
36770,1,7,7,2.5830272458816532
36787,1,7,9,25.192576954388517
36798,1,7,5,0.3700090141005197
36810,1,7,8,5.744700327770007
36819,1,7,2,16.4099667026634
36830,1,7,7,0.7303528160187708
36835,1,7,3,2.296345595954661
36854,1,7,1,16.79937743334329
36862,1,7,6,10.348348985977784
36869,1,7,8,16.219460231673786
36875,1,7,1,14.887010033027982
36879,1,7,9,13.399692761361072
36890,1,7,4,0.3700090657260609
36922,1,7,6,21.645421005937443
36933,1,7,6,24.482470471324376
36934,1,7,6,15.227540319423959
36958,1,7,7,1.9100076019751697
36965,0,7,0,0.03966118253974415
36973,1,7,8,30.435388122741113
36986,1,7,6,13.821598968538733
37006,1,7,10,13.947201356347271
37008,1,7,2,15.988195322571919
37017,1,7,4,0.3700090657260609
37021,1,7,9,24.739769748621416
37023,1,7,4,0.3700090656202526
37026,1,7,4,0.3700090656202526
37038,1,7,8,10.894773923954727
37046,1,7,9,33.667374053241566
37049,1,7,3,2.2815253369839232
37053,1,7,9,4.24725983943668
37054,1,7,8,15.647674253541705
37062,1,7,4,0.3700090657260609
37065,1,7,9,10.954121454510398
37082,1,7,8,33.89279032995134
37088,1,7,7,1.4423174743270146
37124,1,7,6,25.287227870967122
37135,1,7,5,0.3700090141005197
37148,1,7,4,0.3700090657260609
37158,1,7,3,3.2095392480882574
37175,1,7,2,9.815741264379987
37176,1,7,5,0.3700090141005197
37180,1,7,10,25.620574441064388
37183,1,7,6,17.61662383115227
37187,1,7,4,0.3700090657260609
37199,1,7,1,21.452183647865766
37211,1,7,4,0.3700090657260609
37224,1,7,9,28.707305285137434
37260,1,7,6,22.454081874452136
37264,1,7,10,7.181478907802849
37284,1,7,9,33.44860898364423
37318,1,7,9,8.44258203863481
37339,0,7,0,0.035349518564320406
37341,1,7,9,28.46324913388242
37353,1,7,9,26.384587501307507
37356,0,7,0,0.04699154138746155
37359,1,7,8,11.883619797454733
37369,1,7,4,0.3700090656202526
37390,1,7,8,3.1638748224705435
37396,1,7,10,25.310171965762702
37406,1,7,4,0.3700090657260609
37409,0,7,0,0.1651249148280901
37412,1,7,9,31.572609346090356
37429,1,7,8,17.06946141721475
37443,1,7,10,19.136992794972638
37452,1,7,6,9.152987824772397
37459,1,7,3,2.582878193709386
37465,1,7,8,23.436738513096575
37471,1,7,10,14.61007193206575
37489,1,7,9,32.631565742672905
37492,1,7,4,0.3700090657260609
37509,1,7,1,10.039087757326802
37511,1,7,4,0.3700090657260609
37513,1,7,1,21.544587435938666
37515,1,7,8,31.267772367934672
37539,1,7,9,19.932023405339667
37541,1,7,5,0.3700090141005197
37551,1,7,7,4.1719165177098825
37558,1,7,5,0.3700090141005197
37567,1,7,5,0.3700090141005197
37578,1,7,6,4.371337210219379
37581,1,7,2,8.427451814466107
37594,1,7,9,10.50840616646363
37595,1,7,5,0.3700090141005197
37597,1,7,6,16.166505306215434
37611,1,7,4,0.3700090657260609
37651,1,7,10,10.422826819789368
37666,1,7,3,3.2075319745173747
37705,1,7,9,33.1506661256415
37716,1,7,5,0.37000902039789374
37720,1,7,5,0.37000902039789374
37727,1,7,6,17.975553315555384
37728,1,7,7,4.392532049825248
37735,1,7,4,0.3700090657260609
37743,1,7,8,25.031435842193986
37747,1,7,5,0.3700090141005197
37748,1,7,4,0.3700090657260609
37757,1,7,9,22.325989809154404
37761,1,7,6,21.67332882094564
37802,1,7,5,0.3700090141005197
37806,1,7,9,24.658790873218855
37829,1,7,5,0.3700090141005197
37845,1,7,6,23.575701123732834
37860,1,7,10,17.59847453998638
37869,1,7,8,29.434928268228877
37874,1,7,1,3.7403187536715237
37876,0,7,0,0.03271115946840701
37889,1,7,10,16.941820065171402
37892,1,7,3,2.338474028908792
37910,1,7,1,23.352209425913234
37921,1,7,1,14.164302282174749
37980,1,7,5,0.3700090141005197
37989,1,7,1,10.651248543034708
37991,1,7,5,0.3700090141005197
37994,1,7,10,17.080335238856158
38004,1,7,5,0.3700090141005197
38012,1,7,6,8.265114335624114
38014,1,7,6,20.274674145483523
38017,1,7,6,22.000567984960064
38023,1,7,2,1.3809386910934864
38081,1,7,1,9.923273324782564
38098,1,7,6,30.12389197992102
38103,1,7,4,0.3700090656202526
38104,1,7,1,15.3041557458654
38107,1,7,9,23.221907457221064
38110,1,7,6,12.521238035414624
38114,1,7,8,31.084702080673704
38125,1,7,5,0.3700090141005197
38131,1,7,7,4.595853710733887
38143,1,7,10,21.657340287838956
38153,1,7,8,19.234352664968604
38158,1,7,5,0.3700090141005197
38180,1,7,6,24.18058856964316
38186,1,7,10,17.063466742410007
38191,1,7,3,2.6833743820652396
38195,1,7,1,7.695711053987734
38204,1,7,9,32.32339026598907
38207,1,7,9,11.90925877407626
38217,1,7,10,18.36289275814698
38230,1,7,9,24.582534969457726
38248,1,7,8,29.14099290307221
38250,1,7,7,2.9222748034898696
38256,1,7,6,29.564071909289982
38275,1,7,9,32.18009760104254
38282,1,7,9,18.528806504642237
38292,1,7,9,24.79711753817072
38294,1,7,10,10.04014076959612
38297,1,7,5,0.3700090141005197
38310,0,7,0,0.038972716532669475
38319,1,7,5,0.3700090141005197
38326,1,7,9,20.854259290677305
38334,1,7,8,29.188960867758354
38346,1,7,6,14.18756278930822
38350,1,7,8,23.77601158072879
38352,1,7,7,5.5049135067574255
38359,0,7,0,0.029850826630298574
38362,1,7,10,22.598863081900923
38364,1,7,2,3.0727163411738667
38401,1,7,5,0.3700090141005197
38408,1,7,8,20.296232006547502
38429,1,7,6,22.897248231033387
38431,1,7,6,23.244995492873286
38445,1,7,8,13.181863623570857
38456,1,7,10,23.13610070131481
38461,1,7,6,20.110342694514827
38472,1,7,9,14.17025135603123
38491,1,7,2,8.82046144007851
38495,1,7,4,0.3700090657260609
38496,1,7,5,0.3700090141005197
38507,1,7,5,0.3700090141005197
38511,0,7,0,0.030078264553010697
38527,1,7,6,6.324330536570971
38531,1,7,9,23.14204384341573
38540,1,7,9,33.72331138792159
38542,1,7,9,26.587309065760167
38565,1,7,10,10.954612730122195
38582,1,7,6,26.728458970983034
38583,1,7,6,29.73315258711401
38591,1,7,2,15.262136488906744
38593,1,7,9,25.208750571165144
38595,1,7,4,0.3700090657260609
38608,1,7,6,11.104381998950586
38617,1,7,9,17.612043263275172
38630,1,7,5,0.3700090141005197
38631,1,7,6,29.17974828588804
38636,1,7,4,0.3700090656202526
38638,1,7,8,11.064318241607449
38640,1,7,5,0.3700090141005197
38654,1,7,10,22.061078645784917
38669,1,7,5,0.3700090141005197
38673,1,7,9,16.02587326511128
38707,1,7,8,23.711519670347386
38714,1,7,2,14.78024035099425
38734,1,7,8,32.45986890371385
38745,1,7,8,32.861361139806526
38750,1,7,6,7.826242090820417
38752,1,7,9,9.311594420045289
38777,1,7,8,2.528805690712611
38796,1,7,5,0.3700090141005197
38808,1,7,4,0.3700090657260609
38826,1,7,8,30.83262014988583
38828,1,7,1,5.300489741526737
38839,1,7,6,23.914525432484734
38857,1,7,6,19.55767149066383
38859,1,7,8,24.930076112988935
38860,1,7,9,5.2642473584090235
38864,1,7,4,0.3700090657260609
38880,1,7,8,7.869369226644292
38891,1,7,2,3.0113273280211437
38901,1,7,6,5.538386616884461
38910,1,7,10,13.772965850585967
38916,1,7,9,23.112025348745302
38945,1,7,8,18.245560881553406
38951,1,7,5,0.3700090141005197
38953,1,7,8,24.51271635637107
38978,1,7,2,14.239738216817933
38986,1,7,9,24.31041490693124
39002,1,7,5,0.37000902039789374
39007,1,7,2,3.0263618526177067
39010,1,7,7,1.7607550501615332
39022,1,7,5,0.3700090141005197
39043,1,7,6,25.00751711268548
39044,1,7,9,33.051128256696764
39046,1,7,6,21.792553370269367
39056,1,7,9,27.21483869154541
39057,1,7,2,12.590574713421745
39063,1,7,9,32.62576723937833
39085,1,7,7,6.480050712266084
39088,1,7,10,23.44616175985386
39111,1,7,10,20.6596634340163
39113,1,7,1,26.713321401068796
39115,1,7,5,0.3700090141005197
39120,1,7,7,2.9686216489394104
39123,1,7,9,32.80555897087694
39131,1,7,1,5.728570660311617
39152,1,7,6,28.968810028411102
39176,1,7,5,0.3700090141005197
39179,1,7,7,3.004157639667543
39180,1,7,8,31.302061129796044
39183,1,7,7,1.9083558007223511
39184,1,7,6,19.768867669824733
39200,1,7,9,32.52040067641242
39204,1,7,1,4.5324720233765925
39212,1,7,6,20.129191752438235
39238,1,7,9,20.26276254334032
39242,1,7,6,29.73158501576751
39254,1,7,6,21.995881205335063
39255,0,7,0,0.033483853846259154
39262,1,7,4,0.3700090657260609
39282,1,7,5,0.37000902039789374
39283,1,7,4,0.3700090656202526
39293,1,7,5,0.3700090141005197
39304,1,7,8,22.820254293191777
39312,1,7,6,25.32830460116813
39314,1,7,5,0.3700090141005197
39339,1,7,8,25.5888943423958
39344,1,7,1,9.51051183640361
39356,0,7,0,0.03975909915321896
39361,1,7,10,25.19750866140619
39370,1,7,1,27.371909967973277
39378,1,7,6,22.031960805075872
39393,1,7,5,0.3700090141005197
39416,1,7,6,23.816108152779034
39420,1,7,8,19.051679903684928
39440,1,7,8,21.283821007660634
39459,1,7,6,14.650267193725727
39473,1,7,8,26.796902645246526
39474,1,7,8,25.31782154567736
39482,1,7,3,2.620433946461267
39488,1,7,8,9.038982879940853
39493,1,7,5,0.3700090141005197
39506,1,7,8,22.767413489072638
39515,1,7,9,32.46140384142471
39517,1,7,9,31.884106292071245
39522,1,7,9,31.48461442463515
39527,1,7,5,0.3700090141005197
39542,1,7,8,15.781495114817663
39556,1,7,6,17.109352456210857
39560,1,7,9,12.649290261563063
39586,1,7,3,3.0499245076905246
39587,0,7,0,0.0995056770365534
39594,1,7,4,0.3700090656202526
39595,1,7,4,0.3700090656202526
39598,1,7,6,26.969685178711643
39609,0,7,0,0.04540543303318488
39624,1,7,9,26.085397840066587
39628,1,7,9,14.720585258976929
39636,1,7,9,26.013551400614475
39648,1,7,5,0.3700090141005197
39657,1,7,6,28.404626468398547
39661,1,7,9,7.021121438859012
39675,1,7,4,0.3700090657260609
39680,1,7,4,0.3700090657260609
39686,0,7,0,0.04433774032580666
39689,1,7,6,19.084442318576375
39704,1,7,6,18.213661356551132
39711,1,7,5,0.3700090141005197
39761,1,7,9,29.38373322437841
39765,1,7,5,0.3700090141005197
39783,1,7,10,12.831603044850798
39789,1,7,10,8.576080355164352
39790,1,7,7,2.5456829464361137
39795,1,7,2,13.373797897389561
39826,1,7,8,35.634652622946994
39830,1,7,2,15.208768620468875
39832,1,7,5,0.3700090141005197
39835,1,7,6,21.827448896918092
39847,1,7,9,25.091280356662228
39883,1,7,8,25.691307378629222
39889,1,7,8,17.101180174982517
39896,0,7,0,0.025323433764573283
39903,1,7,9,18.95075586046146
39904,1,7,8,22.492918197417083
39909,1,7,8,25.662054512697587
39934,1,7,8,34.445247144619536
39937,1,7,4,0.3700090657260609
39943,1,7,9,18.61484111395898
39946,1,7,6,29.758054766259217
39948,1,7,4,0.3700090657260609
39963,1,7,2,16.164262397700412
39965,1,7,6,22.126468398058023
39967,1,7,1,16.81844951769508
39978,1,7,9,11.445577570851897
40004,1,7,1,21.318447916359847
40006,1,7,4,0.3700090657260609
40018,1,7,8,31.234647347700033
40030,1,7,1,20.40039758420791
40036,1,7,6,26.36317887187657
40042,1,7,8,36.022119253384545
40046,1,7,5,0.3700090141005197
40047,1,7,4,0.3700090657260609
40051,1,7,9,30.447118522300705
40052,1,7,4,0.3700090657260609
40066,1,7,9,28.970327750326433
40089,1,7,1,26.381327875955193
40102,1,7,4,0.3700090657260609
40108,1,7,8,28.162747032399324
40110,1,7,6,22.16996421878884
40112,1,7,6,5.521629325293128
40122,1,7,7,0.34486954525950114
40125,1,7,9,29.923483744103407
40128,1,7,9,26.282086002114955
40129,1,7,5,0.3700090141005197
40133,1,7,5,0.3700090141005197
40152,1,7,8,3.7836442080051516
40161,1,7,6,8.980236816003153
40167,1,7,9,13.835469711223295
40168,1,7,5,0.3700090141005197
40172,1,7,5,0.3700090141005197
40196,1,7,8,9.145161013950027
40211,1,7,1,9.562816659232322
40217,1,7,8,15.381039982316517
40221,1,7,4,0.3700090657260609
40239,1,7,6,23.296500909831252
40243,1,7,4,0.3700090657260609
40265,1,7,5,0.3700090141005197
40278,1,7,1,18.012666931763732
40298,1,7,7,1.777675234283123
40301,1,7,10,25.417543393295844
40304,1,7,8,17.08834384922674
40310,1,7,10,21.093228978126753
40312,1,7,10,15.461942267250832
40319,1,7,9,14.164385018673697
40323,1,7,4,0.3700090657260609
40327,1,7,8,9.87266101104793
40328,1,7,4,0.3700090657260609
40337,1,7,6,18.42108932194363
40339,1,7,6,18.150318865332462
40344,1,7,4,0.3700090657260609
40353,1,7,5,0.3700090141005197
40365,1,7,9,24.898581070926703
40372,1,7,5,0.3700090141005197
40389,1,7,10,9.842872925199377
40422,1,7,8,24.556961035529312
40439,1,7,8,25.49030824631589
40457,1,7,5,0.3700090141005197
40465,1,7,8,28.332828926974273
40478,1,7,4,0.3700090656202526
40482,1,7,8,22.91050246468908
40490,1,7,4,0.3700090657260609
40506,1,7,9,26.706837194067706
40508,1,7,8,24.76709739287202
40523,1,7,4,0.3700090657260609
40524,1,7,8,27.35483272760403
40528,1,7,9,4.42045865104583
40543,1,7,7,4.739647182642308
40555,1,7,8,29.21293048302727
40556,0,7,0,0.02614165085367951
40571,1,7,10,17.588720479246323
40573,1,7,6,22.40478872254357
40584,1,7,10,24.063158586478483
40602,1,7,4,0.3700090657260609
40606,1,7,3,3.12000112661397
40609,1,7,4,0.3700090657260609
40613,1,7,6,27.660257641539054
40625,1,7,10,16.141160178864165
40627,1,7,10,18.48194752684492
40628,1,7,9,32.09515787014043
40629,1,7,10,14.236780739528513
40659,1,7,8,27.15807338423366
40668,1,7,6,21.201032326415092
40671,1,7,8,34.70160681015112
40677,1,7,6,29.769338701483
40700,1,7,1,19.894653762537377
40702,1,7,8,3.2888521642254034
40729,1,7,9,22.991132485350466
40747,1,7,5,0.3700090141005197
40766,1,7,6,9.770569889209606
40805,1,7,8,23.997445192656382
40823,1,7,9,31.047960619677106
40835,1,7,5,0.37000902039789374
40841,1,7,9,24.99467247238533
40845,1,7,9,6.073109233922566
40856,1,7,8,21.491219007387258
40867,1,7,1,12.670896714092313
40875,1,7,4,0.3700090657260609
40878,1,7,10,23.1379110230044
40887,1,7,4,0.3700090657260609
40909,1,7,5,0.3700090141005197
40938,1,7,5,0.3700090141005197
40945,1,7,8,23.837235020787993
40946,1,7,5,0.3700090141005197
40972,1,7,8,23.319272640651633
40982,1,7,5,0.3700090141005197
40988,1,7,9,21.003641837939888
41017,1,7,5,0.3700090141005197
41019,1,7,5,0.3700090141005197
41029,1,7,3,3.0981302057759117
41030,1,7,4,0.3700090657260609
41059,1,7,9,16.14407339876258
41067,1,7,9,24.911038075335053
41078,1,7,6,22.633136404064146
41080,1,7,5,0.3700090141005197
41083,1,7,10,6.508305215279375
41092,1,7,7,2.512221774574426
41108,1,7,8,36.07810211711093
41109,1,7,6,16.645602035008835
41120,1,7,9,32.438774175928856
41123,0,7,0,0.03690151934024853
41132,1,7,6,29.76883923627912
41182,1,7,8,13.202288589146846
41192,1,7,10,7.044722525470261
41209,1,7,9,15.87402808129712
41213,0,7,0,0.04053694791708175
41215,1,7,4,0.3700090657260609
41219,1,7,4,0.3700090657260609
41227,1,7,7,1.1575294928584907
41253,1,7,8,5.3684794864511955
41254,1,7,9,23.890571835016225
41255,1,7,10,17.480732970756765
41272,1,7,4,0.3700090657260609
41283,1,7,9,33.00850226472163
41296,1,7,5,0.3700090141005197
41308,1,7,10,20.253161455577985
41310,1,7,8,35.32756663267394
41320,1,7,6,17.806120154931758
41321,1,7,5,0.3700090141005197
41326,1,7,6,21.22156420337957
41335,1,7,8,16.331024637063354
41351,1,7,9,5.248022536304911
41353,1,7,8,23.937481792423828
41369,1,7,1,21.231505424434612
41384,1,7,8,19.55941084548379
41387,1,7,8,31.123011225971226
41422,1,7,10,6.126529838109336
41423,1,7,8,28.51264356362795
41429,1,7,9,31.13958696991948
41461,1,7,4,0.3700090657260609
41466,1,7,1,13.157822568758219
41470,1,7,5,0.3700090141005197
41474,1,7,6,11.118257805202513
41494,1,7,1,24.114781976421668
41505,1,7,5,0.3700090141005197
41507,1,7,8,36.051377735044966
41509,1,7,1,20.763209558885976
41514,1,7,3,2.6141467859386145
41542,1,7,5,0.3700090141005197
41544,1,7,1,8.440730070165538
41562,1,7,3,1.8874530301775216
41565,1,7,6,21.94526548158208
41582,1,7,6,19.665611766860984
41602,1,7,6,29.375810238637072
41604,1,7,10,12.02595292569227
41606,1,7,4,0.3700090657260609
41627,1,7,9,13.369775564107785
41643,1,7,9,19.751366414569762
41654,1,7,9,17.782783244675645
41656,1,7,8,22.793637771588397
41665,1,7,9,24.667445197791107
41701,1,7,8,23.388054196085985
41707,1,7,7,1.709609945574164
41718,1,7,1,21.771680035667067
41724,1,7,5,0.3700090141005197
41725,1,7,4,0.3700090657260609
41728,1,7,1,21.70424148074145
41742,1,7,7,5.575235021817559
41746,1,7,5,0.3700090141005197
41772,1,7,8,10.268149172868302
41782,0,7,0,0.046935266034180204
41784,1,7,9,23.48462550166616
41790,1,7,9,4.252478938716597
41805,1,7,8,20.965270805482938
41822,1,7,8,24.351111723069334
41855,1,7,7,2.8318483774621668
41859,1,7,6,25.776709500512414
41871,1,7,9,22.301051178579094
41875,1,7,1,9.914055285542855
41879,1,7,8,15.773224265767155
41887,1,7,5,0.3700090141005197
41909,1,7,2,15.78815098909299
41915,1,7,6,19.55612175519652
41919,1,7,9,29.51141110893971
41924,1,7,9,5.219978418113707
41931,1,7,6,17.99610692593956
41940,1,7,9,23.627631717353125
41943,1,7,9,24.0154517239565
41954,1,7,3,2.8651364208860675
41967,0,7,0,0.04085816005238253
41986,1,7,8,19.352370275058643
41987,1,7,8,35.343462028106984
41988,1,7,6,22.852615763952763
42004,1,7,9,31.804174634046696
42012,1,7,8,15.721856632674012
42016,0,7,0,0.03237675570524693
42035,1,7,1,25.473424988326983
42036,1,7,10,20.425446817277265
42044,1,7,2,6.233789559336104
42046,1,7,6,5.8416986408214004
42056,1,7,9,30.13633899149481
42065,1,7,8,10.756073455151808
42080,0,7,0,0.036613499187873384
42086,1,7,6,29.77663473806542
42099,1,7,4,0.3700090657260609
42107,1,7,9,14.531354314452079
42111,1,7,8,26.85367580462428
42122,1,7,9,24.855961770487262
42140,1,7,6,13.371723529845088
42160,1,7,5,0.37000902039789374
42162,1,7,7,2.3934946511347395
42165,1,7,5,0.3700090141005197
42191,1,7,5,0.3700090141005197
42234,1,7,1,4.655906112415296
42242,1,7,5,0.3700090141005197
42243,1,7,5,0.3700090141005197
42246,1,7,7,0.8055140917944769
42288,1,7,5,0.3700090141005197
42290,1,7,4,0.3700090657260609
42301,1,7,9,18.85714243607611
42312,1,7,6,21.111765976075954
42375,1,7,8,30.22247335418379
42380,1,7,5,0.3700090141005197
42386,1,7,6,26.567304940870045
42387,1,7,1,23.19033503793336
42397,1,7,7,0.4285475271590403
42405,1,7,1,23.91974650819673
42411,1,7,8,31.526075906860616
42422,1,7,4,0.3700090657260609
42426,1,7,6,30.12893387196612
42429,1,7,1,21.577801240080415
42433,1,7,6,5.778826599641981
42440,1,7,4,0.3700090657260609
42445,1,7,9,23.32740817658881
42448,1,7,6,21.941181902999524
42452,1,7,8,34.6489059199889
42464,1,7,7,4.928694074151386
42473,1,7,8,15.038404494394227
42491,1,7,8,20.607272316749675
42539,1,7,6,8.993823052922435
42542,1,7,8,7.440767808434523
42544,1,7,5,0.37000902039789374
42547,1,7,10,19.85235181288544
42552,1,7,6,28.844280236223614
42555,1,7,6,17.920415215561892
42567,1,7,4,0.3700090657260609
42586,1,7,4,0.3700090657260609
42601,1,7,6,26.662553593737613
42627,0,7,0,0.032251588074782477
42640,1,7,8,2.6445344455114705
42656,1,7,5,0.3700090141005197
42670,1,7,1,16.38031258637
42685,1,7,10,3.462754182619571
42688,1,7,1,5.7025255348238675
42702,1,7,9,24.693513731403844
42710,1,7,10,8.538769643209761
42713,1,7,6,15.653379565968796
42714,1,7,6,13.35926320930396
42748,1,7,6,21.091489869429648
42771,1,7,9,23.961361102146043
42778,1,7,5,0.3700090141005197
42793,1,7,4,0.3700090657260609
42803,1,7,6,30.25036909790614
42809,1,7,4,0.3700090657260609
42831,1,7,4,0.3700090657260609
42838,1,7,8,3.8576416777578677
42844,1,7,8,27.585166456131272
42886,1,7,10,22.779149953413445
42909,1,7,9,10.872214964642042
42927,1,7,10,24.614578272158784
42945,1,7,9,29.979622365582063
42975,1,7,4,0.3700090657260609
42981,1,7,3,2.6847741097330644
42998,0,7,0,0.04706950213012191
43013,1,7,7,5.229230840405773
43022,1,7,9,33.55552493032748
43024,1,7,10,24.429407466256492
43030,1,7,9,21.543940031089726
43043,1,7,8,3.886616305338671
43054,1,7,8,31.53566581003143
43079,1,7,8,23.75091510998138
43084,1,7,8,23.986010776997865
43088,1,7,5,0.3700090141005197
43090,1,7,8,36.01247866609481
43127,1,7,4,0.3700090657260609
43161,1,7,9,31.266962059043006
43165,1,7,10,17.662750999490548
43187,1,7,9,23.497349865142045
43225,1,7,4,0.3700090657260609
43230,1,7,9,21.34614718970885
43254,1,7,5,0.3700090141005197
43296,1,7,9,2.223941310054694
43297,1,7,10,25.23487084688927
43298,1,7,5,0.3700090141005197
43326,1,7,5,0.3700090141005197
43333,1,7,5,0.3700090141005197
43337,1,7,1,26.861168506236744
43357,1,7,4,0.3700090657260609
43370,1,7,10,16.106502520824513
43396,1,7,7,2.5432082362918718
43440,1,7,9,23.936691567864514
43441,1,7,2,5.523279942859293
43444,1,7,9,8.781482737601193
43459,1,7,8,18.987007149992
43461,1,7,6,30.19193089867921
43464,1,7,10,26.001252358240436
43505,1,7,3,2.7128329122431394
43526,1,7,9,31.260243162245338
43532,1,7,3,2.2106422984809204
43547,1,7,8,22.487446793192355
43556,1,7,4,0.3700090657260609
43559,1,7,9,11.758475963098192
43565,1,7,5,0.3700090141005197
43574,1,7,6,18.301400713572683
43575,0,7,0,0.03295952339285756
43582,1,7,6,22.48103825602051
43584,1,7,9,4.706663843000101
43597,1,7,4,0.3700090657260609
43602,1,7,1,19.94764300789595
43625,1,7,10,8.645448039677827
43638,1,7,9,9.733633390390501
43642,1,7,5,0.3700090141005197
43652,1,7,4,0.3700090657260609
43693,1,7,6,25.83115208064181
43707,1,7,5,0.3700090141005197
43716,1,7,1,22.056231091232977
43717,1,7,8,28.217467785243656
43718,1,7,3,2.968224560775904
43721,0,7,0,0.03292827694998504
43735,1,7,3,1.6900523562433232
43740,0,7,0,0.03912407534394406
43742,1,7,6,19.096584331264424
43765,1,7,4,0.3700090657260609
43774,1,7,6,29.031873042096485
43799,1,7,10,26.040851877909738
43803,1,7,1,15.885956284515816
43806,1,7,9,31.240213539933784
43807,1,7,8,9.363261663716068
43831,1,7,9,3.863101731373376
43833,1,7,1,26.002668892981212
43864,1,7,9,33.284310675991584
43875,0,7,0,0.17035109755688485
43897,0,7,0,0.03935909378216393
43912,1,7,5,0.3700090141005197
43913,1,7,8,20.754251149381165
43940,1,7,9,32.749169254151354
43947,1,7,5,0.3700090141005197
43961,1,7,10,25.085811091400505
43977,1,7,10,25.05129270041448
43997,1,7,8,32.987825662565285
44004,1,7,5,0.3700090141005197
44024,1,7,1,8.293856443521456
44027,1,7,5,0.3700090141005197
44039,1,7,8,10.243186348064851
44041,1,7,3,1.3230495541666687
44050,1,7,6,21.651592027177717
44051,1,7,7,3.3109153630219343
44060,1,7,10,17.66061373962686
44072,1,7,1,20.605838975261822
44086,1,7,4,0.3700090657260609
44088,1,7,10,24.033612183464754
44097,1,7,8,20.099084222329093
44115,1,7,4,0.3700090657260609
44120,1,7,4,0.3700090657260609
44128,1,7,4,0.3700090657260609
44137,1,7,1,22.378010391871722
44145,1,7,6,10.579084871771828
44152,1,7,1,6.819696141665495
44154,1,7,3,3.286012368660842
44191,1,7,10,15.578351195896536
44198,1,7,9,7.874834053775895
44199,1,7,9,33.12552369253316
44210,1,7,6,26.990673400374305
44212,1,7,5,0.3700090141005197
44213,1,7,6,22.009605426468003
44265,1,7,8,29.559983731402134
44282,1,7,8,11.130432925372558
44291,1,7,2,6.910981276154389
44310,1,7,5,0.3700090141005197
44320,1,7,9,16.197619320522485
44331,1,7,8,22.2104868795986
44332,1,7,6,6.805902220561767
44346,1,7,5,0.3700090141005197
44372,1,7,4,0.3700090657260609
44376,1,7,6,7.111637756958911
44378,1,7,3,3.092125105819315
44381,1,7,10,17.322761292209393
44414,1,7,9,13.386359979047022
44427,1,7,6,8.293183476012608
44433,1,7,9,32.49962758456489
44443,1,7,9,22.960276291322575
44444,1,7,4,0.3700090657260609
44450,0,7,0,0.03493730124916855
44452,1,7,4,0.3700090657260609
44470,1,7,2,15.297956509553966
44476,1,7,6,8.322728132884821
44480,1,7,9,16.157545299682372
44484,1,7,1,7.637858420788397
44504,1,7,10,17.265770450950047
44509,1,7,8,22.645924897721525
44523,1,7,6,22.60517149256398
44525,1,7,4,0.3700090656202526
44528,1,7,8,11.75459614366017
44537,1,7,6,17.06194737287795
44540,1,7,2,16.52787624475858
44542,1,7,7,5.1268041766468455
44555,1,7,1,11.623590561617535
44563,1,7,9,18.858707645054274
44565,1,7,1,16.956946755239088
44575,1,7,4,0.3700090657260609
44579,1,7,1,12.163610703402442
44584,1,7,3,2.9447621034902096
44591,1,7,6,29.383499773529802
44600,1,7,7,6.44800426218323
44632,0,7,0,0.03411613134844279
44633,1,7,4,0.3700090657260609
44649,1,7,6,29.636221876745473
44665,1,7,4,0.3700090657260609
44693,1,7,1,13.530390238083275
44695,1,7,3,3.150085795893302
44708,1,7,10,17.594306034045882
44744,0,7,0,0.12267084737972614
44745,1,7,8,21.260011242812094
44764,1,7,10,26.003659910866517
44770,1,7,9,29.632028215258845
44773,1,7,9,3.5018319423254733
44800,1,7,9,17.4114566436924
44814,1,7,3,1.046618941292406
44816,1,7,9,31.57419107902998
44819,1,7,1,11.14166004475439
44830,1,7,8,26.9516328525882
44846,1,7,7,0.6527998963592322
44849,1,7,1,5.111758669116267
44850,1,7,6,10.19987277834703
44854,1,7,4,0.3700090656202526
44867,1,7,2,12.90877291376754
44895,1,7,5,0.3700090141005197
44921,1,7,9,30.699736282197062
44931,0,7,0,0.047114414857633194
44943,1,7,8,7.255069608851757
44951,1,7,1,10.173507904150133
44965,1,7,1,17.713745343069995
44977,1,7,10,24.981019381539895
44981,0,7,0,0.03334270061038701
44988,1,7,8,7.940069879705833
44994,1,7,5,0.3700090141005197
45004,1,7,1,24.487824400373263
45007,1,7,1,21.61720478278459
45018,1,7,4,0.3700090657260609
45022,1,7,10,16.13803641223747
45034,1,7,7,4.3144463035783
45044,1,7,7,1.4934968585155772
45048,1,7,9,20.99102798488031
45058,1,7,4,0.3700090657260609
45059,1,7,10,9.759043740401614
45065,1,7,4,0.3700090657260609
45068,1,7,9,23.67327229785414
45076,1,7,10,23.135062777461986
45088,1,7,5,0.3700090141005197
45096,1,7,5,0.3700090141005197
45103,1,7,8,27.45431573043157
45105,1,7,6,14.414729680796862
45124,1,7,4,0.3700090657260609
45125,1,7,5,0.3700090141005197
45127,1,7,5,0.3700090141005197
45150,1,7,5,0.37000902039789374
45155,1,7,6,20.371545957799462
45190,1,7,6,20.073435828495395
45194,1,7,1,7.3201237088350215
45197,1,7,6,29.41218099186242
45228,1,7,5,0.3700090141005197
45229,1,7,8,26.826085221221028
45232,1,7,5,0.3700090141005197
45235,1,7,9,26.726939529335496
45272,1,7,4,0.3700090657260609
45273,1,7,4,0.3700090657260609
45288,0,7,0,0.034914551054207627
45315,1,7,5,0.3700090141005197
45317,1,7,8,22.420539194302854
45323,1,7,2,12.824815187608404
45324,1,7,6,22.720858542393945
45331,1,7,10,14.028922389012463
45340,1,7,1,21.541378148049244
45353,1,7,6,30.590384149107628
45385,1,7,4,0.3700090657260609
45386,1,7,9,31.585637508879742
45392,1,7,7,4.870397004971859
45418,1,7,5,0.3700090141005197
45423,1,7,5,0.3700090141005197
45432,1,7,5,0.3700090141005197
45442,1,7,4,0.3700090657260609
45458,1,7,3,3.199711580503046
45466,1,7,1,16.979156444251224
45469,1,7,8,29.840436891336886
45482,0,7,0,0.04067818634667777
45483,1,7,9,6.253904062912147
45487,1,7,10,23.561675241345977
45490,1,7,8,30.08028254554401
45527,1,7,5,0.37000902039789374
45536,1,7,8,28.40654405032788
45544,1,7,6,10.72986255288732
45557,1,7,5,0.3700090141005197
45559,1,7,3,1.8536668305349404
45579,1,7,8,28.234235356416587
45616,1,7,5,0.3700090141005197
45659,1,7,10,21.3988603975554
45663,1,7,7,2.3268484608371582
45673,1,7,5,0.3700090141005197
45680,1,7,5,0.3700090141005197
45685,1,7,9,21.954869484132807
45727,1,7,7,2.9844765584651984
45737,1,7,9,33.06121047509009
45745,1,7,9,23.291116923358054
45750,1,7,4,0.3700090657260609
45763,1,7,5,0.3700090141005197
45774,1,7,5,0.3700090141005197
45807,1,7,9,32.327045447911594
45830,1,7,2,16.131664944917212
45866,0,7,0,0.16731028715062893
45870,1,7,10,17.62158999274126
45879,1,7,4,0.3700090657260609
45882,1,7,8,16.218783528578893
45952,1,7,5,0.3700090141005197
45959,1,7,8,12.501184249706393
45962,1,7,4,0.3700090657260609
45967,1,7,9,28.990134869518315
45972,1,7,10,9.245672771953616
45979,1,7,2,16.039496946827462
45992,1,7,2,12.811183785665836
46014,1,7,5,0.37000902039789374
46015,1,7,5,0.37000902039789374
46020,1,7,8,4.200913315606927
46029,1,7,9,29.766497223575843
46030,1,7,4,0.3700090657260609
46032,1,7,5,0.3700090141005197
46037,1,7,6,22.524034761357246
46038,1,7,4,0.3700090657260609
46041,1,7,5,0.3700090141005197
46047,1,7,9,27.774818963919184
46061,1,7,7,3.371578893735214
46082,1,7,6,10.854290582036727
46089,1,7,8,24.064867958259153
46097,0,7,0,0.038825231216316
46105,1,7,8,36.0353655366757
46109,1,7,8,22.152338865085316
46120,0,7,0,0.03315673549558653
46123,1,7,1,16.78166145809881
46127,1,7,8,8.478044500810851
46129,1,7,9,29.90870275549262
46133,1,7,10,15.74779944466652
46139,1,7,6,29.321213412515924
46145,1,7,9,28.927601351885613
46151,1,7,1,18.40144066413086
46165,1,7,9,23.4134184554375
46173,1,7,9,15.007983572671565
46194,1,7,9,29.6362813461894
46199,1,7,5,0.3700090141005197
46200,1,7,10,26.00014800220647
46230,1,7,10,25.85579259080398
46248,1,7,4,0.3700090657260609
46250,1,7,4,0.3700090657260609
46264,1,7,7,6.273657350551327
46271,1,7,5,0.37000902039789374
46281,1,7,9,24.84411092027499
46287,1,7,8,34.4397335559752
46314,1,7,4,0.3700090657260609
46318,1,7,5,0.3700090141005197
46334,1,7,8,18.246957745845016
46337,1,7,4,0.3700090657260609
46341,1,7,1,5.451183106469649
46342,1,7,9,28.105826196271632
46347,1,7,8,19.610748385025598
46349,1,7,9,12.499868062032713
46350,1,7,9,13.677916007296508
46368,1,7,8,13.59559537615763
46390,1,7,4,0.3700090657260609
46408,1,7,2,1.9965459811623412
46426,1,7,5,0.3700090141005197
46430,1,7,8,24.85982523675755
46445,1,7,6,25.195056472814382
46452,1,7,5,0.3700090141005197
46492,1,7,8,33.899159027796394
46495,1,7,4,0.3700090657260609
46498,1,7,6,7.332102095809439
46500,1,7,2,9.03873051588583
46503,0,7,0,0.05822611066127485
46522,1,7,10,24.51777300753972
46548,1,7,10,5.268578220268611
46550,1,7,8,4.0561961661288874
46551,1,7,4,0.3700090657260609
46565,1,7,10,26.00591473498167
46568,1,7,6,22.516493334065206
46586,1,7,6,20.060609969679568
46627,1,7,6,29.42311224807853
46630,1,7,9,24.66862805032878
46642,1,7,4,0.3700090657260609
46648,1,7,7,1.3840498398886947
46656,1,7,8,34.832540390515476
46664,1,7,1,19.09764958912663
46682,1,7,8,7.921554360448695
46684,1,7,9,21.912454490492173
46688,1,7,6,22.4629842215734
46689,1,7,9,25.783075695419463
46690,1,7,5,0.3700090141005197
46696,1,7,6,17.633576047618657
46703,1,7,4,0.3700090657260609
46707,1,7,4,0.3700090657260609
46718,1,7,2,9.424531489732255
46744,1,7,4,0.3700090657260609
46750,1,7,5,0.3700090141005197
46756,1,7,7,4.8424155473132755
46760,1,7,4,0.3700090657260609
46779,1,7,10,13.013267947493325
46787,1,7,4,0.3700090657260609
46804,1,7,1,18.20585893868625
46814,1,7,5,0.3700090141005197
46824,1,7,9,19.506549798680066
46827,1,7,4,0.3700090657260609
46841,1,7,5,0.3700090141005197
46859,1,7,8,14.908475810830144
46866,1,7,6,13.987998868877051
46884,1,7,4,0.3700090657260609
46899,1,7,8,18.03259233401581
46903,1,7,8,22.7519816248535
46911,1,7,5,0.3700090141005197
46938,1,7,8,32.71920052723982
46949,1,7,9,19.62963475677666
46951,1,7,8,3.056709816532273
46956,1,7,10,18.396911284766787
46957,1,7,5,0.3700090141005197
46962,1,7,8,26.979706935930942
46964,1,7,4,0.3700090657260609
46967,1,7,6,7.144466927076565
46983,1,7,5,0.3700090141005197
46998,1,7,5,0.3700090141005197
47005,1,7,9,33.3122614593098
47006,1,7,8,13.857188802571082
47019,1,7,5,0.3700090141005197
47037,1,7,10,20.113816151438083
47048,1,7,8,24.79250644953412
47059,1,7,8,24.984946743165207
47062,1,7,10,25.62351773949906
47065,1,7,4,0.3700090657260609
47067,1,7,9,11.293436905659263
47071,1,7,8,28.084857463512844
47079,1,7,8,21.727938966412424
47092,1,7,9,3.1250024353905075
47095,1,7,4,0.3700090657260609
47096,1,7,1,21.597498339178696
47118,1,7,5,0.3700090141005197
47138,1,7,4,0.3700090657260609
47141,0,7,0,0.03620474496151855
47146,1,7,9,18.18161720806626
47159,1,7,2,5.443479118773757
47168,1,7,8,31.263641099290222
47172,1,7,10,22.756729762985362
47178,1,7,10,17.062769041659504
47182,1,7,9,27.545966080555193
47187,1,7,4,0.3700090656202526
47192,1,7,6,19.549584974445686
47205,1,7,6,11.77363915749834
47206,1,7,5,0.3700090141005197
47223,1,7,9,33.219826500525485
47226,1,7,9,17.873446352029173
47231,1,7,4,0.3700090657260609
47232,1,7,9,14.556638678468396
47240,1,7,8,22.244246959577165
47243,1,7,4,0.3700090657260609
47245,1,7,5,0.3700090141005197
47247,1,7,9,13.64696841068984
47257,1,7,10,12.88542874319026
47268,1,7,8,32.944565373517115
47272,1,7,7,3.988983114384472
47283,1,7,1,15.511239105449034
47286,1,7,10,17.579358492779928
47288,1,7,4,0.3700090657260609
47300,1,7,7,1.9927998573193977
47307,1,7,9,2.865060210140894
47318,1,7,2,4.830688413068341
47334,1,7,9,4.659061209864302
47361,0,7,0,0.037186970018256965
47365,1,7,4,0.3700090657260609
47371,1,7,4,0.3700090657260609
47374,1,7,4,0.3700090657260609
47377,1,7,7,0.5549606758157396
47381,1,7,9,33.44908940087325
47383,1,7,8,13.860149985561245
47420,1,7,6,13.464551948212188
47430,1,7,8,9.942862364069835
47437,1,7,8,22.109590262127078
47438,0,7,0,0.08782691018211379
47445,1,7,4,0.3700090657260609
47456,1,7,8,32.320736340265405
47459,1,7,6,29.19367456156137
47466,1,7,9,23.973996021623204
47473,1,7,4,0.3700090657260609
47479,1,7,9,19.36039846194092
47481,1,7,10,20.04998254182959
47510,1,7,10,12.844814594341754
47528,1,7,8,28.58437386092207
47530,1,7,8,27.742648873350415
47537,1,7,10,23.578544502149416
47540,1,7,5,0.3700090141005197
47543,1,7,4,0.3700090657260609
47553,1,7,8,23.334437330651276
47557,1,7,4,0.3700090657260609
47561,1,7,8,25.192103771213212
47582,1,7,8,32.59548079217633
47584,1,7,7,6.354707928527034
47589,1,7,6,10.69311648107659
47607,0,7,0,0.17709554576524555
47612,1,7,2,10.055438533415648
47624,0,7,0,0.040873657351209694
47628,1,7,6,25.36324218466322
47631,1,7,4,0.3700090657260609
47632,1,7,5,0.3700090141005197
47635,1,7,10,19.78723388202124
47638,1,7,8,23.95686255746309
47639,1,7,5,0.3700090141005197
47646,0,7,0,0.033077823418871395
47650,1,7,6,22.976568220893984
47699,1,7,7,3.1935132709644565
47713,1,7,8,23.43710334661312
47736,1,7,5,0.3700090141005197
47738,1,7,7,2.7761331030814453
47749,1,7,8,29.04559317318494
47761,1,7,5,0.3700090141005197
47779,1,7,4,0.3700090657260609
47790,1,7,9,18.00086355208565
47792,1,7,1,24.17010297481998
47807,1,7,8,24.34363198882844
47824,1,7,7,4.090055668169204
47832,1,7,9,20.294775144253524
47846,0,7,0,0.12155605010309045
47870,1,7,5,0.3700090141005197
47874,1,7,6,22.222170679993347
47876,1,7,5,0.3700090141005197
47887,1,7,6,28.857707196093333
47923,1,7,3,3.1204334223406582
47929,1,7,6,29.323491948671673
47945,1,7,10,15.841512903417556
47960,1,7,6,9.585196544046756
47961,0,7,0,0.023897081132557726
47980,1,7,9,33.413674856925354
47989,1,7,5,0.3700090141005197
47995,1,7,9,14.567082736992276
48015,1,7,3,3.223614368637661
48026,1,7,10,5.086135940731387
48030,1,7,2,1.123264836281128
48043,1,7,5,0.3700090141005197
48045,1,7,8,18.350098634802748
48049,1,7,9,26.12477961238656
48052,0,7,0,0.06557975733920307
48062,1,7,6,16.967458344958654
48092,0,7,0,0.0369420381751654
48107,1,7,9,10.846387527839601
48115,1,7,5,0.3700090141005197
48120,1,7,8,8.785005963512493
48138,1,7,10,23.517875292078234
48150,1,7,8,17.080574602368788
48175,1,7,8,16.133635114396974
48179,1,7,10,16.72635432854927
48182,1,7,8,19.367234307961763
48199,1,7,9,10.72503781975923
48203,1,7,8,16.814015221670818
48214,0,7,0,0.0385838086587104
48227,1,7,8,25.896738568462904
48255,1,7,4,0.3700090657260609
48269,1,7,4,0.3700090657260609
48272,1,7,8,11.70662308490863
48274,1,7,9,30.62919012753847
48278,1,7,9,30.037488352379963
48284,1,7,6,10.673084724058901
48311,1,7,1,20.602770792596864
48362,1,7,9,22.105778366838052
48366,1,7,8,35.147618957810415
48379,1,7,6,24.579984129876824
48383,1,7,10,26.050392655424382
48392,1,7,6,29.61064259713831
48397,1,7,1,8.670703199613458
48401,1,7,10,5.841105481723447
48402,1,7,4,0.3700090657260609
48432,1,7,5,0.3700090141005197
48435,1,7,9,13.717861827239368
48449,1,7,3,1.4614569652092915
48500,1,7,10,6.06377821886349
48509,1,7,10,24.364830850250023
48517,0,7,0,0.033479608442295625
48526,1,7,5,0.3700090141005197
48578,0,7,0,0.03584485310129203
48579,1,7,8,34.46326692652149
48597,1,7,2,15.985707371132625
48599,1,7,9,20.08574261392345
48604,1,7,5,0.3700090141005197
48613,1,7,9,33.43470953697982
48632,1,7,4,0.3700090657260609
48636,1,7,4,0.3700090657260609
48654,1,7,3,1.6512490118131973
48670,1,7,5,0.3700090141005197
48703,1,7,8,24.192682171001692
48708,1,7,1,5.803116332179233
48717,1,7,4,0.3700090657260609
48723,1,7,9,28.10981383068606
48729,1,7,10,8.692226414260146
48752,1,7,9,15.172947843565067
48757,1,7,8,23.763961578329646
48760,1,7,2,12.8242806449874
48765,1,7,4,0.3700090657260609
48770,1,7,5,0.3700090141005197
48804,1,7,4,0.3700090657260609
48811,1,7,7,0.4241097161329774
48825,1,7,5,0.3700090141005197
48845,1,7,9,17.70509465147939
48846,1,7,6,24.097272789805356
48857,1,7,6,16.857580368440466
48869,1,7,8,25.63225727521142
48876,1,7,9,12.311514327062465
48897,1,7,6,9.519255071482311
48902,0,7,0,0.044777370144093415
48903,0,7,0,0.03881716173656532
48913,1,7,10,22.34250100306703
48923,1,7,1,26.48184565532503
48925,1,7,8,17.28277524067905
48928,1,7,9,9.390917690671527
48944,0,7,0,0.032754287535221915
48956,1,7,7,6.071841872862721
48957,1,7,9,13.952078565544047
48968,1,7,6,25.42024274579972
49007,1,7,10,12.138872999420471
49008,1,7,6,14.056392449116649
49010,1,7,8,18.1829370472857
49011,1,7,6,21.771020331836638
49019,1,7,7,1.7914564111397082
49020,1,7,9,17.59345669526633
49022,1,7,2,7.426326257732073
49027,1,7,5,0.3700090141005197
49053,1,7,8,23.14177944758347
49055,1,7,9,14.229218041124133
49093,1,7,6,22.306455633449854
49096,1,7,6,21.0609565951053
49113,1,7,3,2.071557339085746
49129,1,7,8,13.200304898771636
49150,1,7,2,9.869175064486086
49162,1,7,8,24.553017225912065
49171,1,7,1,13.128667917233722
49172,1,7,5,0.3700090141005197
49183,1,7,5,0.3700090141005197
49222,1,7,8,26.668138336936533
49231,1,7,5,0.3700090141005197
49237,1,7,6,14.224202864598682
49252,1,7,2,12.774149135649516
49263,1,7,8,22.224627490701188
49272,1,7,4,0.3700090657260609
49278,1,7,9,18.708160307082604
49289,1,7,8,24.233989856743634
49302,1,7,4,0.3700090657260609
49304,1,7,6,24.519471008198494
49309,1,7,2,12.624277896123312
49310,1,7,3,2.6296409697684937
49318,1,7,8,24.5906640287394
49320,1,7,2,5.4117083551114336
49348,1,7,9,12.184780176594144
49352,1,7,9,14.891121340709491
49354,1,7,7,3.571329147918781
49369,1,7,8,21.785030695127197
49370,1,7,9,23.59536378322349
49380,1,7,5,0.3700090141005197
49384,1,7,5,0.3700090141005197
49392,1,7,8,25.042570572106328
49395,1,7,1,15.919637280940224
49415,1,7,6,8.245424305193865
49421,1,7,9,4.161813585183286
49430,1,7,9,33.352068021630416
49432,1,7,4,0.3700090657260609
49443,1,7,1,27.93369625930977
49446,1,7,10,24.77880249334141
49450,1,7,6,22.331316306909468
49454,1,7,6,6.818364056398524
49462,1,7,8,15.425596596537318
49469,1,7,4,0.3700090657260609
49472,1,7,10,4.491971020265439
49485,1,7,4,0.3700090656202526
49489,1,7,2,12.299791696631479
49495,1,7,4,0.3700090657260609
49540,1,7,8,29.6410305697891
49563,1,7,7,0.7057274851071766
49573,1,7,10,25.39849691299357
49593,0,7,0,0.04689438236799024
49595,1,7,6,18.290732082206365
49603,1,7,9,20.83192310921231
49617,1,7,5,0.3700090141005197
49625,1,7,9,30.887966886267986
49630,1,7,9,23.01246476263763
49641,1,7,3,3.2127414032392045
49642,1,7,1,24.764383422285967
49650,1,7,8,6.732720792523732
49671,1,7,9,4.21823856499662
49673,0,7,0,0.04083769121895487
49678,1,7,9,31.616747415194794
49679,1,7,4,0.3700090657260609
49693,1,7,5,0.3700090141005197
49706,0,7,0,0.026727521946938095
49716,1,7,9,12.737367935276776
49720,1,7,7,0.4651061895296485
49722,1,7,7,0.391200166731366
49724,1,7,6,22.62286668306242
49757,1,7,1,11.052636546200407
49771,1,7,6,11.365076345447607
49786,1,7,5,0.3700090141005197
49812,1,7,8,16.386212759784097
49823,1,7,5,0.3700090141005197
49834,1,7,8,9.675268188021482
49844,1,7,1,5.636588787563539
49862,1,7,10,17.74127292721715
49890,1,7,9,11.954622035562181
49896,1,7,3,1.0039021712931109
49900,1,7,9,33.597596960017384
49901,1,7,6,13.731894491128102
49902,1,7,4,0.3700090657260609
49908,1,7,10,16.19867728519583
49913,1,7,9,24.87470973151385
49925,0,7,0,0.034424472677526345
49932,1,7,9,32.504157165899144
49937,1,7,8,13.427597865426398
49967,1,7,10,18.968360091461708
49970,1,7,10,20.32425881313679
49974,1,7,4,0.3700090657260609
49980,1,7,10,8.96633226763051
50027,1,7,9,31.240211425335474
50043,1,7,4,0.3700090657260609
50046,1,7,8,35.2511957490074
50059,1,7,8,25.70141567571629
50064,1,7,5,0.3700090141005197
50070,1,7,9,19.767268324204537
50077,1,7,6,13.779891690387101
50114,1,7,5,0.3700090141005197
50117,1,7,6,29.554713096614655
50119,1,7,8,28.256402822500615
50125,1,7,8,29.94384091618576
50145,1,7,8,34.05108284506568
50158,1,7,1,19.574181233776585
50170,1,7,7,3.795453237992101
50179,1,7,9,9.73429275520666
50189,1,7,7,1.0611525035246787
50205,1,7,2,11.398371125434904
50212,1,7,8,28.660571550918704
50232,1,7,10,13.169864719296497
50261,1,7,8,30.250400154108362
50262,1,7,1,21.503079102664795
50290,1,7,6,26.100430738612022
50294,1,7,10,5.739648460361775
50298,1,7,4,0.3700090657260609
50300,1,7,9,15.620436418585891
50311,1,7,10,9.337150121604761
50319,1,7,8,32.5880019662566
50345,1,7,10,8.921968490365009
50355,1,7,6,17.98606761202657
50364,1,7,5,0.3700090141005197
50372,1,7,6,30.642167573167598
50378,0,7,0,0.04025486488517758
50415,1,7,6,21.381763667463822
50421,1,7,4,0.3700090657260609
50425,1,7,4,0.3700090657260609
50427,1,7,4,0.3700090657260609
50433,1,7,9,31.781041895253466
50435,1,7,7,1.7585579693349125
50438,1,7,9,17.30331537149116
50446,1,7,6,19.447366300322127
50451,1,7,2,13.042660679422442
50508,1,7,8,31.54932205229275
50514,1,7,4,0.3700090657260609
50524,1,7,5,0.3700090141005197
50531,1,7,9,32.92206017556347
50537,1,7,8,24.165572985722182
50552,1,7,9,29.741234617623967
50557,1,7,2,12.299024473728455
50590,1,7,4,0.3700090657260609
50598,1,7,10,11.560924617134777
50619,1,7,1,7.182307476917075
50625,1,7,9,32.06837439980805
50638,1,7,5,0.3700090141005197
50655,1,7,8,21.09012025701595
50656,1,7,4,0.3700090657260609
50666,1,7,8,28.981476115298374
50674,1,7,10,12.198817741021623
50690,1,7,4,0.3700090657260609
50691,1,7,1,19.048893281464135
50694,1,7,9,31.863221563390645
50733,1,7,10,7.3173538374591685
50748,1,7,3,3.1904084361676808
50752,1,7,5,0.3700090141005197
50755,0,7,0,0.03510914436233487
50791,1,7,10,14.119706242349473
50798,1,7,6,19.86695627100451
50807,1,7,9,20.89119536001578
50808,1,7,6,22.617511383613454
50840,1,7,9,21.044203109306018
50846,0,7,0,0.028634490275885122
50849,1,7,6,17.93446234711933
50851,1,7,4,0.3700090657260609
50865,1,7,8,36.0610036838112
50869,1,7,6,17.80824791543209
50870,1,7,10,26.02060376483411
50873,1,7,9,13.138984988190996
50908,1,7,8,26.51922054363255
50930,1,7,10,15.8206950508463
50932,0,7,0,0.032656672208836196
50940,1,7,8,9.235537134685295
50965,0,7,0,0.03538355130318396
50973,1,7,5,0.37000902039789374
50986,1,7,3,3.1531264644824453
50989,1,7,10,11.621490591136812
51008,1,7,6,26.24067328223675
51010,1,7,5,0.3700090141005197
51013,1,7,1,27.82182476423098
51029,1,7,1,22.463203899635914
51036,1,7,10,9.700889817035995
51037,1,7,3,1.0532562226909867
51062,1,7,6,8.362621411990746
51067,1,7,4,0.3700090657260609
51071,1,7,9,26.05688828169131
51072,1,7,8,16.140753336100165
51074,1,7,8,12.446499439385223
51080,1,7,4,0.3700090657260609
51081,1,7,6,19.247328378968646
51128,1,7,9,2.701394150236482
51155,1,7,6,7.188894186604168
51156,1,7,9,9.766641053563932
51164,1,7,7,3.8570780302815786
51169,1,7,5,0.3700090141005197
51194,1,7,9,25.080013154396887
51216,1,7,3,2.5050497342454343
51230,1,7,9,32.95912137719425
51238,1,7,8,27.920568035663845
51250,1,7,6,19.941574525278664
51261,1,7,10,16.616468672127148
51262,1,7,8,29.38792384244882
51263,1,7,8,16.61328633647139
51270,1,7,2,16.578783726445675
51282,1,7,3,3.091478849477569
51334,1,7,7,2.1986267020168353
51355,1,7,8,18.32051889131336
51359,1,7,4,0.3700090656202526
51382,1,7,7,3.9884892891919783
51387,1,7,1,6.84936902133386
51388,1,7,7,4.4884708480259965
51391,1,7,6,28.872343598634487
51392,1,7,10,17.971435895068094
51428,1,7,6,7.464977119910556
51431,1,7,8,9.20927892873997
51460,1,7,8,21.192672137169488
51472,1,7,5,0.3700090141005197
51481,1,7,8,36.092293456438725
51482,1,7,4,0.3700090657260609
51483,1,7,3,3.016109568550857
51484,1,7,10,5.6997895269331
51486,1,7,4,0.3700090657260609
51495,1,7,9,6.307923651888473
51505,1,7,8,32.795413586520674
51510,1,7,5,0.3700090141005197
51515,1,7,6,30.494859190464496
51523,0,7,0,0.03700814680680019
51524,1,7,9,26.43390780383334
51554,1,7,10,14.263616665337562
51560,1,7,10,10.294699362848995
51578,1,7,9,20.777574341237063
51590,1,7,6,27.131762432269042
51591,1,7,1,6.433411277182913
51595,1,7,7,5.609680623527838
51603,1,7,5,0.3700090141005197
51617,1,7,5,0.3700090141005197
51631,1,7,9,33.70919040556683
51641,1,7,9,33.060779651438324
51643,1,7,6,9.398288525542794
51648,1,7,7,3.0418137689984577
51666,1,7,6,11.925708117718395
51673,1,7,10,7.28106793456187
51690,1,7,2,11.25193328214605
51711,1,7,4,0.3700090657260609
51719,1,7,5,0.3700090141005197
51722,1,7,7,6.311422854747139
51724,0,7,0,0.036462119857186406
51727,1,7,9,16.48669441560106
51744,1,7,9,22.326587880114623
51753,1,7,6,7.756728707424444
51757,1,7,4,0.3700090657260609
51758,1,7,10,8.776452146765314
51766,1,7,6,22.215926793570695
51784,1,7,4,0.3700090657260609
51792,1,7,6,22.459014817763407
51797,1,7,9,5.118674886369725
51804,1,7,8,23.597513977312225
51820,1,7,10,19.924573039078798
51831,1,7,4,0.3700090657260609
51844,1,7,9,31.096050887761987
51845,1,7,8,21.839240508302716
51853,1,7,6,22.58978821414735
51856,1,7,10,24.330752974231476
51858,1,7,3,2.4193304869644843
51861,1,7,5,0.3700090141005197
51869,1,7,8,36.02170455163749
51898,1,7,8,4.156849917983468
51902,1,7,4,0.3700090657260609
51907,1,7,6,9.264178397295185
51908,1,7,1,13.408569192903672
51958,1,7,5,0.37000902039789374
51963,1,7,4,0.3700090656202526
51995,1,7,5,0.3700090141005197
52033,1,7,1,8.48363896014199
52047,1,7,5,0.3700090141005197
52055,1,7,8,23.697374395218066
52084,1,7,8,13.92394512167575
52086,1,7,4,0.3700090657260609
52091,1,7,1,26.388828797207502
52093,0,7,0,0.03911001872332339
52103,1,7,8,30.259877037554382
52109,1,7,6,30.062120500525317
52156,1,7,4,0.3700090657260609
52171,1,7,2,13.18662177351249
52200,1,7,10,26.02910044393549
52212,1,7,1,19.254902800600572
52225,1,7,5,0.3700090141005197
52226,1,7,9,31.60473476117848
52229,1,7,5,0.3700090141005197
52231,1,7,5,0.3700090141005197
52268,1,7,5,0.3700090141005197
52271,1,7,6,20.864344145598462
52278,1,7,9,23.75677833886862
52282,1,7,6,19.517742827758102
52290,1,7,6,30.187521047562768
52350,1,7,5,0.3700090141005197
52362,1,7,9,33.647465399752924
52363,1,7,7,6.420500278915477
52386,0,7,0,0.08734379477725038
52402,1,7,5,0.3700090141005197
52420,1,7,5,0.3700090141005197
52422,1,7,5,0.3700090141005197
52424,1,7,8,18.945206791776354
52429,1,7,9,11.24471547415281
52446,1,7,9,25.216167373694994
52449,1,7,4,0.3700090657260609
52464,1,7,7,1.510744717870286
52475,1,7,8,20.751256852731622
52496,1,7,8,30.726512498581883
52517,1,7,7,1.2086745100092895
52541,1,7,3,2.9300659696138913
52547,1,7,9,23.435002724523553
52561,1,7,2,9.229316609148087
52573,1,7,6,29.370549822609725
52574,1,7,5,0.3700090141005197
52580,1,7,2,15.636521786550661
52582,1,7,9,31.485738228185156
52590,1,7,8,2.638779310795838
52601,1,7,9,29.17972147604913
52604,1,7,8,14.312861427847583
52614,1,7,9,16.46838248968449
52625,1,7,5,0.3700090141005197
52634,0,7,0,0.03306192834782818
52642,1,7,9,13.083595936712547
52653,1,7,5,0.3700090141005197
52668,1,7,4,0.3700090657260609
52674,1,7,10,26.04328815583835
52675,1,7,5,0.3700090141005197
52682,1,7,8,33.283453454420126
52702,1,7,6,13.38569634067177
52706,1,7,2,11.480063805881242
52708,1,7,4,0.3700090657260609
52722,1,7,5,0.3700090141005197
52724,1,7,6,11.986329736823837
52725,1,7,8,11.800258568936052
52733,1,7,8,14.47090467859868
52739,1,7,9,6.999903130435885
52758,1,7,6,9.475379649558016
52764,1,7,7,2.0266089666009472
52826,1,7,4,0.3700090657260609
52830,1,7,7,5.708522313376449
52834,1,7,2,12.557459749799897
52841,1,7,9,18.452759742933225
52845,1,7,8,25.434477024332423
52850,1,7,7,3.281860823165434
52855,1,7,7,3.1593279727226378
52856,1,7,10,22.713568030720193
52863,1,7,6,28.336111977017364
52882,1,7,7,5.232761681871717
52908,1,7,6,17.088626383759955
52912,1,7,10,19.32932337418865
52959,1,7,7,3.635613479888031
52977,1,7,4,0.3700090657260609
52983,1,7,4,0.3700090657260609
53004,1,7,9,24.720694639928446
53019,1,7,7,6.476793936146379
53020,1,7,8,25.30841862201342
53022,1,7,5,0.3700090141005197
53036,1,7,1,16.04896603633888
53041,1,7,9,25.33512988159401
53064,1,7,6,24.878157343493868
53128,1,7,5,0.3700090141005197
53138,1,7,5,0.3700090141005197
53142,1,7,6,29.215318474542055
53146,1,7,8,6.845515976865995
53151,1,7,7,3.1959857505855487
53154,1,7,5,0.37000902039789374
53156,1,7,1,21.225755465100967
53164,1,7,5,0.3700090141005197
53168,1,7,9,26.630440138949083
53194,1,7,9,33.06543827620946
53202,1,7,10,8.433018663006484
53210,1,7,1,27.49337675736951
53213,1,7,4,0.3700090657260609
53219,1,7,8,16.696958058874646
53229,1,7,8,19.629575548421723
53248,1,7,4,0.3700090657260609
53249,1,7,10,20.076618562102034
53253,1,7,7,5.896715408965901
53263,1,7,5,0.3700090141005197
53274,1,7,6,24.06132244906252
53286,1,7,5,0.3700090141005197
53306,1,7,6,22.689994055391516
53309,1,7,6,12.052342189912252
53311,1,7,5,0.3700090141005197
53318,1,7,8,36.04788084995223
53322,1,7,9,8.084579497472575
53326,1,7,6,8.0899513287975
53332,1,7,8,7.994707366620913
53337,1,7,6,21.967154404120777
53338,1,7,4,0.3700090657260609
53345,1,7,5,0.3700090141005197
53348,1,7,9,17.23354956213152
53349,1,7,6,29.745216054799243
53352,1,7,9,20.808355730426303
53360,1,7,5,0.3700090141005197
53372,1,7,4,0.3700090657260609
53375,1,7,1,12.933212645154997
53381,1,7,8,34.89502836309932
53382,0,7,0,0.03991325981699176
53387,1,7,1,16.842214916458165
53392,1,7,9,26.406882025248308
53401,1,7,1,19.48936607923918
53402,1,7,9,10.596376364019399
53404,1,7,3,1.6619796864920007
53405,1,7,9,32.147078373070926
53407,1,7,3,2.44745438597082
53425,1,7,5,0.3700090141005197
53426,1,7,6,13.661592410803493
53428,1,7,8,20.305968805067725
53441,1,7,5,0.3700090141005197
53443,1,7,4,0.3700090657260609
53462,1,7,7,2.23180761831505
53465,1,7,8,30.745286553297824
53468,1,7,6,30.21008011230827
53475,1,7,9,24.83228889958275
53476,1,7,5,0.3700090141005197
53486,1,7,6,27.858942543888077
53492,1,7,8,23.073036277696488
53510,1,7,10,4.3079381371261665
53525,1,7,7,1.2825678261782962
53535,1,7,9,26.580036127530573
53538,0,7,0,0.03405399281582286
53539,1,7,6,25.414564030620376
53545,1,7,4,0.3700090657260609
53546,0,7,0,0.03254770540904824
53557,1,7,6,27.35936288742552
53562,0,7,0,0.033136620866729215
53565,0,7,0,0.032657189176046174
53593,1,7,4,0.3700090657260609
53595,1,7,8,20.749802900791487
53616,1,7,1,24.76771327015424
53630,1,7,4,0.3700090657260609
53636,0,7,0,0.03885475138765619
53642,1,7,6,20.151465986343776
53649,1,7,9,14.454977940425751
53650,1,7,5,0.3700090141005197
53652,1,7,5,0.3700090141005197
53667,1,7,5,0.3700090141005197
53668,1,7,6,26.952603392703207
53672,1,7,1,16.398998617662123
53682,1,7,10,22.9720055326123
53689,1,7,4,0.3700090657260609
53698,1,7,6,25.189082481978566
53711,1,7,1,9.76108250873559
53714,1,7,4,0.3700090657260609
53716,1,7,8,26.542680305441593
53728,1,7,9,22.10559391037803
53731,1,7,2,13.801188833964892
53745,1,7,6,21.56650870897268
53769,1,7,9,19.765086527473326
53787,1,7,9,20.176620408607587
53788,1,7,9,21.84948337050946
53789,1,7,3,2.9871573757875916
53795,1,7,6,11.595865813728123
53798,1,7,6,12.048397921202247
53802,1,7,9,24.03988056227976
53803,1,7,10,20.483371978561287
53807,1,7,2,11.82211305435706
53808,1,7,1,26.213769325204225
53828,1,7,4,0.3700090657260609
53837,1,7,8,29.79473290517977
53841,1,7,9,22.708408377144348
53850,1,7,6,27.562235472369
53851,0,7,0,0.0988718292210144
53872,1,7,9,21.332975979701857
53874,1,7,10,22.75899666361511
53887,1,7,1,25.78718388010307
53905,0,7,0,0.04449030825087588
53909,1,7,9,33.575279216320695
53920,1,7,8,16.602395968062485
53925,1,7,6,25.851818939374986
53928,1,7,2,12.356172370680795
53936,1,7,9,25.008885802904537
53939,0,7,0,0.04610804465183237
54032,1,7,8,19.44779341070522
54035,1,7,9,8.981040673057006
54059,1,7,9,24.350972579602697
54077,1,7,6,30.6318796183417
54111,1,7,5,0.3700090141005197
54113,1,7,10,9.843623533746975
54115,1,7,8,33.3485136324361
54151,1,7,4,0.3700090657260609
54160,1,7,9,20.248412322165994
54168,1,7,6,13.903620175807033
54182,1,7,8,32.081951085451756
54195,1,7,4,0.3700090657260609
54198,1,7,9,4.814720772137254
54203,1,7,5,0.3700090141005197
54209,1,7,1,10.67620130013435
54221,1,7,3,2.9952663469183194
54227,1,7,8,35.4353679277788
54229,1,7,9,6.331012776127816
54238,1,7,8,15.625814056258438
54249,1,7,9,28.54887471629731
54265,1,7,9,5.439487348743618
54290,1,7,9,32.74513285806981
54309,1,7,8,19.511860158902902
54331,1,7,8,30.486835784590095
54333,1,7,10,5.158794391589483
54341,1,7,10,24.235320905303354
54350,1,7,1,16.07593125853332
54371,1,7,9,29.19062042586129
54374,1,7,4,0.3700090657260609
54393,1,7,9,25.341222688480684
54396,1,7,10,15.871402516431996
54419,1,7,9,4.1038348651172525
54423,1,7,1,7.245241043131842
54429,0,7,0,0.07545861809809154
54446,1,7,6,22.17144560848831
54451,1,7,5,0.3700090141005197
54453,1,7,10,12.08059047813617
54473,1,7,1,11.758341521199803
54480,1,7,8,6.307858367813272
54482,1,7,3,3.2165194383419657
54483,1,7,9,29.255098503030897
54493,1,7,4,0.3700090657260609
54502,1,7,9,23.572934575184078
54512,1,7,1,17.83925972148037
54547,1,7,6,29.505244687692198
54549,1,7,6,27.266658256775855
54556,1,7,7,1.1624823634382444
54574,1,7,5,0.3700090141005197
54589,1,7,9,21.353030333192397
54591,1,7,6,24.43032685736801
54601,1,7,7,3.429023171241098
54603,1,7,8,26.516750803439923
54620,1,7,7,2.0219726076570943
54628,1,7,2,3.565870420458141
54648,1,7,4,0.3700090657260609
54657,1,7,10,26.006250726266643
54670,1,7,6,21.71879341505257
54676,1,7,6,18.75732084261624
54696,1,7,8,23.243553278300617
54705,1,7,9,28.45652777173119
54706,0,7,0,0.02889512360182137
54720,0,7,0,0.0322186005113916
54727,1,7,2,4.298043378683387
54732,1,7,5,0.3700090141005197
54733,1,7,9,11.484142778635393
54734,1,7,2,16.40152827788081
54739,1,7,4,0.3700090657260609
54748,1,7,8,21.72633524376086
54764,1,7,8,24.929778787816215
54779,0,7,0,0.033743255354353144
54799,1,7,9,27.327428408842408
54805,1,7,6,16.857346657123724
54810,1,7,8,7.639086422323579
54823,0,7,0,0.04665166373575071
54837,1,7,1,26.038053508608463
54838,1,7,9,3.100389278821195
54842,0,7,0,0.04279565017389861
54853,0,7,0,0.033065498554298384
54863,1,7,1,15.284193508294992
54866,1,7,5,0.3700090141005197
54869,1,7,6,21.37476533046182
54884,1,7,6,6.38483922998704
54887,1,7,5,0.3700090141005197
54895,1,7,10,15.881828188452474
54896,1,7,8,19.52344088831998
54905,1,7,10,9.717004484024397
54914,1,7,10,14.010446514067054
54917,1,7,5,0.3700090141005197
54921,1,7,10,15.8792218255953
54922,1,7,1,19.868938559326033
54925,1,7,4,0.3700090657260609
54932,1,7,9,33.49589753241827
54952,1,7,5,0.3700090141005197
54966,1,7,8,8.082705629589878
54967,1,7,9,3.7255601426540625
54969,1,7,4,0.3700090657260609
54989,1,7,6,7.393368157727284
54998,1,7,4,0.3700090657260609
55006,0,7,0,0.08623905447722932
55014,1,7,9,8.66326190623708
55052,1,7,2,14.758179672076894
55082,1,7,6,19.078545977412087
55088,1,7,5,0.3700090141005197
55091,1,7,6,20.638288790217775
55093,1,7,5,0.3700090141005197
55114,1,7,10,17.760821491590466
55115,1,7,9,3.7289988390720734
55143,1,7,9,33.68251544737987
55147,1,7,4,0.3700090657260609
55155,1,7,10,18.45906266513709
55170,0,7,0,0.0361600766767754
55174,1,7,5,0.3700090141005197
55180,1,7,5,0.3700090141005197
55181,1,7,2,6.1173263082324105
55190,1,7,1,7.938990803169318
55198,1,7,9,20.230895799097517
55217,1,7,10,20.895339892972807
55226,1,7,7,3.7026344723163067
55231,1,7,8,30.059463183363953
55233,1,7,1,20.89095061635584
55238,1,7,1,6.769268057855686
55239,1,7,9,17.073930808836725
55260,1,7,6,13.905961098600063
55262,1,7,10,15.909603298072533
55267,1,7,3,1.4459597069069714
55273,1,7,5,0.3700090141005197
55278,1,7,9,2.4808006025106435
55291,1,7,9,15.370932154301032
55294,1,7,8,24.587775278358997
55330,1,7,6,23.74743880514291
55357,1,7,4,0.3700090657260609
55359,1,7,8,35.72223018356364
55380,1,7,9,31.851745418810342
55399,1,7,9,16.042288660219455
55419,0,7,0,0.03145955471007288
55423,1,7,5,0.3700090141005197
55430,1,7,4,0.3700090657260609
55440,1,7,4,0.3700090657260609
55446,1,7,9,29.735712132622144
55448,1,7,8,18.850166597330954
55454,1,7,1,12.464106291969324
55457,1,7,5,0.3700090141005197
55474,1,7,2,14.60950992768257
55480,1,7,9,20.711335084557064
55484,1,7,6,12.100380428262126
55566,1,7,3,3.1996433075530835
55572,1,7,6,22.456305813271104
55590,1,7,10,19.319179035337726
55591,1,7,5,0.37000902039789374
55616,1,7,8,19.803169067200386
55617,1,7,5,0.3700090141005197
55632,1,7,4,0.3700090657260609
55643,1,7,9,32.80723417972853
55680,1,7,10,24.254849401461687
55681,1,7,5,0.3700090141005197
55703,1,7,10,18.383469641991503
55704,1,7,7,1.292419770475759
55738,1,7,5,0.3700090141005197
55745,1,7,6,17.931188384998297
55753,1,7,8,36.02132432486664
55756,1,7,6,21.20169371882141
55778,1,7,6,24.25358860307093
55786,1,7,5,0.3700090141005197
55790,1,7,8,14.327974245723956
55800,1,7,10,25.40499553476834
55810,1,7,10,22.16053467656572
55814,1,7,4,0.3700090657260609
55825,1,7,3,2.5724484824067075
55831,1,7,5,0.3700090141005197
55839,1,7,9,13.327721647294455
55845,1,7,9,24.983448839748437
55851,1,7,6,27.724805319234957
55892,1,7,3,3.205111838515515
55900,1,7,3,1.1534204056626778
55901,1,7,5,0.3700090141005197
55945,1,7,10,26.056775724721078
55947,1,7,10,20.99279245127646
55957,1,7,4,0.3700090657260609
55975,1,7,8,17.74965875305841
55977,1,7,9,31.17878006320633
55979,1,7,10,22.348092181710264
55991,1,7,4,0.3700090657260609
56000,1,7,10,12.77433338397817
56005,1,7,4,0.3700090657260609
56007,0,7,0,0.03444515677883942
56024,1,7,8,24.302044572406338
56026,1,7,8,17.937111900603224
56070,1,7,9,28.566084114924426
56076,1,7,1,17.725166076125635
56078,1,7,9,20.51234992724927
56081,1,7,10,17.8731686778409
56083,1,7,4,0.3700090657260609
56113,1,7,6,17.189596924692793
56114,1,7,10,17.720541343355436
56136,1,7,6,22.643336196478657
56151,1,7,8,16.397574181920767
56172,1,7,7,5.410558744133636
56184,1,7,4,0.3700090657260609
56199,1,7,8,18.716607733953456
56224,1,7,4,0.3700090657260609
56229,1,7,6,22.64736095345367
56230,1,7,2,3.795990116810978
56235,1,7,5,0.3700090141005197
56239,1,7,6,29.533848956424123
56249,1,7,9,20.29580981203141
56253,0,7,0,0.034308560390291135
56260,1,7,6,23.688797357000983
56269,1,7,9,29.772954169535737
56270,1,7,9,4.654677754877698
56272,1,7,6,26.770029758446075
56276,1,7,2,15.624633020463047
56280,1,7,5,0.37000902039789374
56282,1,7,6,5.890743369196251
56295,1,7,6,19.946345566969978
56300,1,7,6,25.19425808051547
56306,1,7,4,0.3700090657260609
56322,1,7,4,0.3700090657260609
56331,1,7,8,27.301732203609554
56341,1,7,8,35.29656065493381
56347,1,7,5,0.3700090141005197
56355,1,7,6,19.54970492043659
56357,1,7,1,22.29833566020436
56358,1,7,6,29.4005203758004
56400,1,7,1,27.126057088020485
56404,1,7,9,31.89625053581991
56405,1,7,6,8.720217824713737
56409,1,7,1,15.700013913445252
56439,1,7,7,1.2936384684800726
56442,1,7,9,26.735278520050247
56449,1,7,9,25.8855519760536
56454,1,7,6,23.125935306521146
56472,1,7,4,0.3700090657260609
56473,1,7,8,27.29731509198143
56481,1,7,9,29.917135761681877
56483,1,7,1,7.889203202459437
56491,1,7,9,26.782614876517066
56496,1,7,10,14.13345995778386
56498,1,7,8,20.310541824903723
56501,1,7,8,12.789757652803656
56513,1,7,5,0.3700090141005197
56524,1,7,1,23.36324188288784
56542,1,7,8,6.063889109610559
56545,1,7,7,5.693080574587373
56574,1,7,8,16.37999313002215
56577,1,7,1,10.678923494675004
56586,1,7,6,15.506884759147013
56592,1,7,10,15.958031593527215
56606,1,7,3,3.0573438439044187
56608,1,7,8,28.381182826893646
56609,1,7,8,15.916878900441068
56617,1,7,1,23.46254948718844
56621,1,7,1,19.289755938304197
56623,1,7,6,23.71804794038233
56624,1,7,8,7.2956017857989846
56629,1,7,6,26.337426191445026
56642,1,7,9,20.528342152970716
56644,1,7,8,30.683555058292086
56652,1,7,5,0.3700090141005197
56654,1,7,8,30.172303931505496
56656,1,7,10,14.636486795050606
56660,1,7,9,17.901416573365267
56663,1,7,4,0.3700090657260609
56674,1,7,9,21.51047862541265
56692,1,7,7,5.325542758390615
56707,1,7,9,14.836516284456389
56716,1,7,8,23.76924334893572
56717,1,7,5,0.3700090141005197
56722,1,7,9,19.322737620407874
56725,1,7,9,11.366889063506207
56735,1,7,4,0.3700090657260609
56739,1,7,4,0.3700090657260609
56749,1,7,8,29.312372339799165
56754,1,7,1,9.28218764194361
56764,1,7,8,23.518057631485476
56769,1,7,4,0.3700090657260609
56790,1,7,10,15.513028577072062
56804,1,7,5,0.37000902039789374
56805,1,7,6,30.32440323774742
56806,0,7,0,0.029543754615652222
56814,1,7,8,17.816225805503155
56819,1,7,9,33.250843478643816
56822,1,7,2,12.893698160797557
56823,1,7,1,25.164953934974175
56827,1,7,9,32.87661740373491
56836,1,7,4,0.3700090657260609
56840,1,7,5,0.3700090141005197
56855,1,7,6,30.027238768288658
56927,1,7,4,0.3700090657260609
56928,1,7,9,30.461850031843763
56960,1,7,6,23.80593421505952
56966,1,7,4,0.3700090657260609
56974,1,7,5,0.3700090141005197
56975,1,7,1,26.019876839507948
56986,1,7,6,27.55190866664306
56988,1,7,2,16.049911821811968
57005,1,7,1,10.074033602385022
57016,1,7,4,0.3700090657260609
57079,1,7,5,0.3700090141005197
57082,1,7,8,14.265006405714924
57099,1,7,9,16.736091330220432
57101,1,7,5,0.3700090141005197
57106,1,7,1,13.945351653583735
57121,1,7,3,1.2472673175835136
57129,1,7,10,13.774447791721812
57134,1,7,9,9.16533621081762
57136,1,7,8,5.514504940170131
57143,1,7,9,18.1719496109799
57152,1,7,10,16.701440372430746
57165,1,7,5,0.37000902039789374
57173,1,7,2,8.398429010028266
57187,1,7,10,17.879232175785273
57188,1,7,4,0.3700090657260609
57207,1,7,5,0.3700090141005197
57208,1,7,3,3.2332279527414527
57210,1,7,4,0.3700090657260609
57225,1,7,5,0.3700090141005197
57230,1,7,7,6.0462590427208065
57244,1,7,6,15.777459596168073
57253,1,7,7,2.255404184018697
57256,1,7,8,24.105247993007623
57268,1,7,9,25.04355545890809
57270,1,7,1,26.365504357471877
57273,1,7,5,0.3700090141005197
57278,1,7,9,23.62414923277177
57305,1,7,6,27.130625358477126
57313,1,7,8,21.589806389111317
57317,1,7,1,4.990325831698412
57331,1,7,8,24.534024622689618
57334,1,7,4,0.3700090657260609
57338,1,7,6,8.623199644871672
57367,1,7,1,25.130953186262694
57391,1,7,2,1.215497361841966
57399,1,7,2,16.17485299481171
57402,1,7,6,6.56944856203023
57419,1,7,4,0.3700090657260609
57423,1,7,4,0.3700090657260609
57430,1,7,2,6.7474584553256785
57437,1,7,9,29.63147139398567
57438,1,7,8,27.39042810778575
57443,1,7,8,29.909641263614198
57452,1,7,8,25.03176782581453
57456,1,7,10,6.362728180427442
57479,1,7,6,13.243530383285124
57480,1,7,1,26.99441983657195
57495,0,7,0,0.03795154769661781
57501,1,7,5,0.3700090141005197
57505,1,7,8,22.42222893981935
57507,1,7,9,18.277558105697906
57510,1,7,5,0.3700090141005197
57512,1,7,10,24.433261702258125
57521,1,7,8,10.729990153849558
57527,1,7,4,0.3700090657260609
57540,1,7,9,17.680948861483053
57541,1,7,4,0.3700090657260609
57552,1,7,4,0.3700090657260609
57554,1,7,5,0.3700090141005197
57555,1,7,10,13.052332114447827
57558,1,7,2,16.57291306077292
57573,1,7,9,23.85603057072618
57594,1,7,5,0.3700090141005197
57604,1,7,6,29.040177667285135
57614,0,7,0,0.03624005007945474
57620,1,7,5,0.3700090141005197
57634,1,7,5,0.3700090141005197
57653,0,7,0,0.032113337801016065
57654,1,7,4,0.3700090657260609
57655,0,7,0,0.04187281908654479
57659,1,7,6,25.494999588434112
57664,1,7,1,24.14149190503762
57667,1,7,9,24.737185951958367
57672,1,7,4,0.3700090657260609
57675,1,7,9,25.030193857155595
57701,1,7,10,7.7336599896722475
57721,1,7,3,2.8318529668282313
57730,1,7,5,0.3700090141005197
57732,1,7,10,16.000819236036875
57751,1,7,9,16.657089628533075
57763,1,7,9,32.49876519858198
57771,1,7,5,0.3700090141005197
57786,1,7,9,17.297228725632554
57789,1,7,9,7.499412469548476
57790,1,7,10,18.17921197894834
57802,1,7,1,21.144247469605027
57806,1,7,5,0.3700090141005197
57814,1,7,9,18.77125298026312
57826,1,7,5,0.3700090141005197
57828,1,7,4,0.3700090657260609
57829,1,7,5,0.3700090141005197
57833,1,7,9,23.44922949997024
57847,1,7,9,25.09267583437377
57852,1,7,3,3.0804060377357017
57855,1,7,6,10.294006034125346
57861,0,7,0,0.12924723293793638
57868,1,7,5,0.3700090141005197
57877,1,7,6,11.564177443485429
57878,1,7,9,24.067863917789516
57880,1,7,6,7.757347529765058
57893,1,7,8,26.042518764835823
57919,1,7,8,13.584457597447605
57938,1,7,6,28.370527973043973
57940,1,7,5,0.3700090141005197
57949,1,7,6,30.170823437776395
57965,1,7,9,28.36083740306034
57975,1,7,6,28.304410352700266
58007,1,7,10,16.66340854747642
58009,1,7,10,13.085726010165939
58013,1,7,8,14.0203649628255
58019,1,7,7,2.616753909073333
58029,1,7,9,33.646578731637945
58053,1,7,9,13.556298256316259
58054,1,7,4,0.3700090657260609
58068,1,7,9,15.449108264827759
58075,1,7,6,7.424812960364388
58083,1,7,10,26.026854110541628
58090,1,7,5,0.3700090141005197
58097,1,7,7,2.4921669960816497
58106,1,7,9,23.99683587627644
58116,1,7,9,31.885537614438945
58117,1,7,1,9.050277301359763
58129,1,7,5,0.3700090141005197
58133,1,7,8,8.89168845636392
58141,1,7,10,18.471218887734103
58147,1,7,10,26.017869006710672
58172,1,7,5,0.3700090141005197
58173,1,7,5,0.3700090141005197
58176,1,7,9,21.97169254964368
58183,1,7,6,22.652958394044223
58201,0,7,0,0.046529428883081606
58221,1,7,2,16.29043050470806
58223,1,7,10,24.364249521967924
58231,1,7,1,11.419471431671116
58235,1,7,8,23.248156516938753
58252,1,7,6,15.20609961719584
58276,1,7,8,28.16746484390969
58281,1,7,9,32.69844049729459
58296,1,7,10,13.091936859271447
58304,1,7,4,0.3700090656202526
58334,1,7,1,23.16711190289868
58340,1,7,10,18.45810810136071
58351,1,7,4,0.3700090657260609
58368,1,7,5,0.3700090141005197
58381,1,7,7,5.443127928774965
58382,1,7,4,0.3700090657260609
58400,1,7,2,7.915172620773248
58406,1,7,1,27.48678038349146
58432,1,7,5,0.3700090141005197
58452,1,7,9,14.304615134307902
58458,1,7,10,5.4070204513186
58467,1,7,10,5.732506787149312
58485,1,7,2,12.75977742497718
58490,1,7,5,0.3700090141005197
58493,1,7,8,10.930834516408655
58508,1,7,6,13.950205865968982
58538,1,7,6,23.853167019403678
58542,1,7,1,21.391001042120987
58570,1,7,9,29.583682947199968
58582,1,7,8,17.793563522470844
58590,1,7,5,0.3700090141005197
58597,1,7,9,32.37522571898908
58600,1,7,6,29.715405857282764
58611,1,7,10,11.869224837512034
58613,1,7,10,23.359212296647737
58616,1,7,6,26.725363574646753
58619,1,7,8,34.29901230613067
58641,1,7,9,11.448313554365582
58678,1,7,10,20.47996885392576
58687,1,7,8,32.219501845102286
58689,1,7,10,18.44024149076881
58694,1,7,9,24.277179496782853
58703,1,7,4,0.3700090657260609
58705,1,7,1,18.56823080632952
58716,1,7,4,0.3700090657260609
58719,1,7,6,27.493243298526576
58725,1,7,10,19.180327341004457
58726,1,7,7,3.5749833329344165
58732,1,7,9,17.209296932094617
58734,1,7,4,0.3700090657260609
58748,1,7,6,6.683626121834619
58763,1,7,4,0.3700090657260609
58793,1,7,3,1.7135778318818438
58802,1,7,9,23.762018879920603
58804,1,7,6,29.32887346376203
58810,1,7,5,0.3700090141005197
58827,1,7,9,24.566271263100507
58841,1,7,5,0.3700090141005197
58844,1,7,9,7.60888796267029
58845,0,7,0,0.08641472972701643
58847,1,7,3,1.57999590431822
58858,1,7,4,0.3700090657260609
58860,1,7,6,8.62065680472265
58867,1,7,8,22.760566125528186
58875,1,7,4,0.3700090657260609
58882,1,7,8,29.702377557504242
58885,1,7,5,0.3700090141005197
58886,1,7,8,34.18049299124549
58898,1,7,6,9.90210851323994
58915,1,7,5,0.3700090141005197
58919,1,7,9,27.04901659458096
58929,1,7,4,0.3700090657260609
58941,1,7,8,7.865809295268391
58954,1,7,9,17.25766143134898
58962,1,7,5,0.3700090141005197
58975,1,7,2,10.748060401989218
58991,1,7,6,26.893271779341035
58999,1,7,6,23.342939703428527
59012,1,7,5,0.3700090141005197
59013,1,7,6,26.496600961715718
59020,1,7,6,29.997076257906297
59034,1,7,10,15.248521006892913
59042,1,7,9,25.699350539980433
59054,1,7,4,0.3700090657260609
59062,1,7,4,0.3700090657260609
59070,1,7,2,14.55749975969487
59072,1,7,8,22.723015482847075
59081,1,7,8,34.0717057437751
59084,0,7,0,0.10462880187068657
59101,1,7,10,10.727689337782074
59108,1,7,6,28.391115457605117
59139,1,7,6,6.138554508376134
59144,1,7,9,21.876902334635666
59146,1,7,4,0.3700090657260609
59151,1,7,1,12.780534175886
59187,1,7,6,11.268828732326693
59192,1,7,1,13.240070190873986
59211,0,7,0,0.03528281040525567
59214,1,7,10,15.575647907067
59222,1,7,6,25.411319604842426
59227,1,7,5,0.3700090141005197
59245,1,7,7,5.586275730083913
59256,1,7,6,29.88298060141082
59260,1,7,9,32.46389381292584
59278,0,7,0,0.03938175983096436
59292,1,7,1,22.98585101508628
59295,1,7,6,11.506368474819332
59301,1,7,4,0.3700090657260609
59318,1,7,5,0.3700090141005197
59344,1,7,1,24.466157751962278
59363,1,7,1,19.478059879727077
59364,1,7,5,0.3700090141005197
59366,1,7,5,0.3700090141005197
59370,1,7,8,20.54014219449243
59378,1,7,5,0.3700090141005197
59382,1,7,2,8.212282678183907
59392,1,7,4,0.3700090657260609
59395,1,7,8,22.44101003697578
59406,1,7,8,29.723896701324037
59430,1,7,4,0.3700090657260609
59462,1,7,6,30.002593679022752
59487,1,7,6,21.217876035615113
59494,1,7,9,23.289038531459738
59502,1,7,8,19.252046034895297
59505,1,7,8,31.111665982897794
59523,1,7,6,27.02342095525263
59527,1,7,5,0.3700090141005197
59553,1,7,5,0.3700090141005197
59559,1,7,1,12.705468223564422
59560,1,7,6,30.185313186674065
59569,1,7,2,4.130100569430718
59577,1,7,6,29.30936184251078
59585,1,7,4,0.3700090657260609
59588,1,7,10,7.261839321806163
59594,1,7,5,0.3700090141005197
59610,1,7,8,24.34317913253699
59627,1,7,8,18.215347893556366
59628,1,7,5,0.37000902039789374
59648,1,7,8,31.105125218317994
59653,1,7,4,0.3700090657260609
59658,1,7,10,17.89370462987108
59680,1,7,10,18.476737002323336
59681,1,7,10,24.96048783792328
59684,1,7,10,24.455444191755674
59704,1,7,1,23.564134252494718
59706,1,7,10,22.34347925367408
59741,1,7,9,5.905317616197873
59785,1,7,10,3.2864004923893417
59795,1,7,6,27.355015659895756
59806,1,7,7,5.6493549606792826
59807,1,7,8,4.26927810991091
59820,1,7,4,0.3700090657260609
59826,0,7,0,0.038695792156728
59844,1,7,2,2.4191829913288125
59872,1,7,8,19.16499013867805
59876,0,7,0,0.035368716144973326
59893,1,7,9,14.163597394791292
59902,1,7,9,33.744357943644026
59906,1,7,6,30.25776566721251
59927,1,7,7,2.48309936879651
59928,1,7,8,24.562579366068345
59931,1,7,2,12.929303111106988
59940,1,7,9,29.99541767780151
59942,1,7,8,12.909594396043065
59948,1,7,8,26.334196635788075
59963,1,7,8,35.51580070055619
59994,0,7,0,0.026219083828162782
60006,1,7,2,12.60983611385886
60009,1,7,3,3.1858800140167314
60023,1,7,6,30.010747503130123
60032,1,7,2,13.519561337886746
60039,1,7,5,0.3700090141005197
60047,1,7,10,21.3770972089956
60050,1,7,6,19.56846983839898
60061,1,7,5,0.3700090141005197
60062,1,7,8,35.19888152142043
60064,1,7,10,9.840244181376596
60065,1,7,4,0.3700090657260609
60067,1,7,6,25.835899014698935
60071,1,7,6,16.75128230005975
60077,1,7,6,29.224676345464218
60078,1,7,1,27.76314426438817
60079,1,7,4,0.3700090657260609
60086,0,7,0,0.042687587150291854
60092,1,7,10,12.970437435502179
60099,1,7,9,28.207823007322343
60107,1,7,5,0.3700090141005197
60129,1,7,5,0.3700090141005197
60132,1,7,3,3.169124034384867
60143,1,7,5,0.3700090141005197
60144,1,7,6,21.999207290906323
60152,1,7,8,24.4237188013208
60156,1,7,5,0.3700090141005197
60176,1,7,5,0.3700090141005197
60182,1,7,8,36.118248347908946
60193,1,7,4,0.3700090657260609
60197,1,7,6,29.761004608186855
60198,1,7,9,29.573014192084084
60199,1,7,5,0.3700090141005197
60207,1,7,7,1.1864701282711985
60215,1,7,4,0.3700090656202526
60225,1,7,6,29.642354071339923
60227,1,7,6,9.855204150466195
60233,1,7,7,6.074870151385841
60242,0,7,0,0.037603250406920086
60244,1,7,5,0.3700090141005197
60251,1,7,6,22.657866971403237
60252,1,7,4,0.3700090657260609
60254,1,7,9,31.91510435136372
60265,1,7,7,0.34586193008395355
60266,1,7,2,16.552764131154085
60273,1,7,5,0.3700090141005197
60281,1,7,3,2.7678457776567646
60288,1,7,6,21.946663788697457
60295,1,7,3,1.2655214210361263
60308,1,7,8,26.66857979547045
60339,1,7,4,0.3700090657260609
60365,0,7,0,0.03279295108830945
60399,1,7,1,13.005201621895182
60400,1,7,4,0.3700090657260609
60426,1,7,8,34.91600788670772
60429,1,7,8,15.999974720789826
60434,0,7,0,0.035571750439373315
60440,1,7,9,33.26576432895035
60478,1,7,1,14.641841641434088
60485,1,7,9,29.874855171221494
60489,1,7,5,0.3700090141005197
60493,1,7,8,14.620662297394748
60511,1,7,4,0.3700090657260609
60512,1,7,5,0.3700090141005197
60525,1,7,6,25.827382386470767
60543,1,7,4,0.3700090657260609
60544,1,7,8,25.033461610718014
60546,1,7,9,32.4584468524053
60548,1,7,7,2.476359105839407
60550,1,7,9,9.200675448918872
60566,0,7,0,0.033696372275358155
60568,1,7,3,3.1154056044071807
60578,1,7,8,5.407228184205036
60588,1,7,8,18.398313242603404
60592,1,7,6,29.577458041969138
60595,1,7,4,0.3700090657260609
60608,1,7,7,3.0521377938704455
60610,1,7,1,16.877030214672555
60611,1,7,10,14.686969488377272
60614,1,7,9,30.236613229064275
60616,1,7,4,0.3700090657260609
60635,1,7,1,19.64796813040866
60650,1,7,9,24.82854739982895
60661,0,7,0,0.03858877174083378
60673,1,7,5,0.3700090141005197
60701,1,7,9,21.90199626231718
60725,1,7,8,16.60502122445371
60728,1,7,10,21.513688477975485
60740,1,7,5,0.3700090141005197
60743,1,7,9,30.967732766326364
60748,1,7,8,4.146036281351517
60754,1,7,7,6.220387301156433
60764,1,7,5,0.3700090141005197
60765,1,7,8,8.80910858733501
60775,1,7,2,8.503651398392728
60778,1,7,8,14.792018760605904
60783,1,7,8,18.95880489984509
60788,1,7,9,16.36868313376565
60802,1,7,6,18.054335674829503
60818,1,7,8,12.993750467268637
60821,1,7,4,0.3700090657260609
60825,1,7,1,22.901867038629824
60830,1,7,4,0.3700090657260609
60849,1,7,9,23.523321287671894
60858,1,7,8,8.431973659563706
60859,1,7,9,18.66340699584245
60860,1,7,4,0.3700090657260609
60863,1,7,6,12.374540486679864
60875,1,7,4,0.3700090657260609
60877,1,7,7,5.3344622312228465
60889,1,7,6,26.586165277789323
60903,1,7,5,0.3700090141005197
60910,1,7,8,19.454223432511114
60917,1,7,8,36.11951929289869
60925,1,7,9,23.60902644893516
60926,1,7,4,0.3700090657260609
60929,1,7,8,18.25320837696853
60957,1,7,7,5.786085918788306
60961,1,7,9,12.395811470892006
60966,1,7,6,27.900513250246746
60988,1,7,9,31.327278722670737
61004,1,7,7,6.435047258583421
61017,1,7,5,0.3700090141005197
61020,1,7,9,15.21449343994172
61069,1,7,4,0.3700090657260609
61073,1,7,5,0.3700090141005197
61076,1,7,3,3.155103111029708
61088,1,7,5,0.3700090141005197
61095,1,7,10,12.60692950995263
61099,1,7,4,0.3700090657260609
61100,1,7,6,17.643179225422564
61104,1,7,6,28.96699152659125
61108,0,7,0,0.046262891102644095
61113,1,7,6,7.807859970535078
61123,1,7,5,0.3700090141005197
61132,1,7,1,21.942976137514677
61134,1,7,3,3.121099378457175
61135,1,7,10,8.952313063248702
61154,0,7,0,0.04703042394568673
61163,1,7,10,11.8472765528339
61166,1,7,8,21.005017844579196
61169,1,7,4,0.3700090657260609
61172,1,7,6,23.144391373420426
61175,1,7,1,24.29597850638523
61195,1,7,7,1.1750591166332789
61210,1,7,1,17.446210460318877
61233,1,7,5,0.3700090141005197
61243,0,7,0,0.023457770048885725
61247,1,7,4,0.3700090657260609
61252,1,7,1,16.544982685898805
61290,1,7,4,0.3700090657260609
61291,1,7,3,2.5731157761183896
61303,1,7,6,25.073287859417473
61307,1,7,9,9.300050796947508
61308,0,7,0,0.037618847146949894
61325,1,7,9,25.088991114845065
61332,1,7,8,13.894891416008864
61334,1,7,8,30.39164661012511
61342,1,7,9,4.520042367341086
61346,1,7,8,24.950202621933116
61358,1,7,10,25.51943599178784
61387,1,7,8,14.61795905311495
61400,1,7,8,12.725894906482575
61406,1,7,6,22.06964563777421
61417,1,7,9,33.06769347225247
61418,1,7,10,24.459795833231524
61436,1,7,10,20.725708009238936
61447,1,7,9,17.611204050068878
61455,1,7,10,20.744494120964074
61459,1,7,10,5.970512504780295
61460,1,7,5,0.3700090141005197
61470,1,7,3,1.4391697742694387
61471,1,7,9,8.673829615385522
61488,1,7,8,30.41944828381402
61491,1,7,8,32.6606138776894
61517,1,7,9,11.095761096395703
61530,1,7,9,20.48708745509555
61549,1,7,1,17.06751192016225
61565,1,7,8,23.212703464712078
61569,1,7,8,24.175070112078746
61578,1,7,10,18.192889909200446
61588,1,7,7,4.9180056380627635
61592,1,7,9,24.13651204311013
61595,1,7,10,18.51539015168329
61599,1,7,10,25.422907163183677
61611,1,7,2,3.7685218939779896
61612,1,7,6,22.553149491566494
61613,1,7,8,6.67457370016887
61623,1,7,8,8.479054315041848
61641,1,7,7,4.95376840340299
61643,1,7,6,14.553692199152499
61648,1,7,6,19.462040214649992
61649,1,7,9,22.59623785079754
61665,1,7,5,0.3700090141005197
61666,1,7,8,26.05081171496648
61671,0,7,0,0.02292015320375985
61673,1,7,8,13.546469446348702
61674,1,7,5,0.3700090141005197
61688,1,7,4,0.3700090657260609
61702,1,7,8,4.909714894206962
61715,1,7,8,35.324981242849205
61749,1,7,1,22.570469451709833
61756,1,7,10,7.690035124208492
61775,0,7,0,0.03366800418739973
61776,1,7,8,12.43429857070696
61800,0,7,0,0.07142308908857188
61801,0,7,0,0.14587417019289586
61814,0,7,0,0.0466370262719287
61825,1,7,5,0.3700090141005197
61833,1,7,1,26.903722767807917
61847,1,7,5,0.3700090141005197
61853,1,7,1,27.663318905482882
61854,1,7,1,14.216289651617615
61867,1,7,6,22.58654296214316
61878,1,7,5,0.3700090141005197
61887,1,7,6,27.215680706669147
61895,1,7,4,0.3700090657260609
61927,1,7,6,23.682838905766012
61941,1,7,8,21.55464020870062
61945,1,7,9,30.55311360983878
61948,1,7,9,31.28670708830285
61949,1,7,3,1.7165240511766189
61950,1,7,5,0.3700090141005197
61955,1,7,9,33.48683768040469
61958,1,7,5,0.3700090141005197
61965,1,7,4,0.3700090657260609
61985,1,7,9,33.165720579446344
61989,1,7,9,12.39940458634189
61992,1,7,1,16.742922440587773
61993,1,7,8,5.312727328313091
61994,1,7,5,0.3700090141005197
62003,1,7,3,1.441369039063374
62010,1,7,8,24.608283920034168
62055,1,7,6,11.418340966984736
62057,1,7,6,8.70931025125471
62063,1,7,8,22.52620808363862
62067,1,7,1,14.024686496697807
62074,1,7,8,26.770520324356728
62076,0,7,0,0.03279164633836562
62079,1,7,6,30.26763292191505
62096,1,7,8,27.74200739729691
62104,1,7,5,0.3700090141005197
62109,1,7,10,16.793292619627703
62114,1,7,6,15.792221512088975
62144,1,7,5,0.3700090141005197
62147,1,7,6,13.522306539604514
62154,1,7,2,1.0085428993435013
62157,1,7,6,21.64825492506859
62165,1,7,4,0.3700090657260609
62179,1,7,4,0.3700090657260609
62204,1,7,3,3.011837879221315
62209,1,7,3,3.160672726714854
62211,1,7,4,0.3700090657260609
62214,1,7,2,14.417255361414817
62252,1,7,5,0.3700090141005197
62273,1,7,4,0.3700090657260609
62281,1,7,9,3.347270713939231
62290,1,7,9,25.208800782273194
62303,1,7,9,31.299431166611104
62308,1,7,3,1.050317857945187
62316,1,7,9,28.204087833139813
62329,1,7,1,26.671991639609175
62341,1,7,8,30.974397820717694
62351,1,7,9,24.237552155111693
62365,1,7,8,8.560000714912302
62372,1,7,1,20.83323630958358
62374,1,7,9,27.160170743319032
62401,1,7,4,0.3700090657260609
62407,1,7,4,0.3700090657260609
62414,1,7,1,7.136468424983831
62415,1,7,9,10.282699255419983
62428,1,7,3,2.0657348276105867
62429,1,7,4,0.3700090657260609
62437,1,7,10,15.769144669748043
62439,1,7,4,0.3700090657260609
62440,0,7,0,0.03416894621674482
62460,1,7,6,30.0788065200965
62469,1,7,10,25.79650784433434
62470,1,7,2,3.801079145542855
62476,1,7,9,33.30040502843111
62484,1,7,9,26.14750008762052
62487,1,7,1,26.052336992335135
62490,1,7,5,0.3700090141005197
62495,1,7,1,25.230540515724442
62498,1,7,6,30.093590461439696
62503,1,7,9,28.648182330558768
62528,1,7,5,0.3700090141005197
62529,1,7,6,24.191077208817514
62545,1,7,1,16.628392456132705
62552,1,7,1,6.394245157197704
62574,1,7,6,30.179500756800998
62612,1,7,4,0.3700090656202526
62617,1,7,5,0.3700090141005197
62619,1,7,9,19.96485786458223
62627,1,7,10,25.622241596683917
62631,1,7,5,0.3700090141005197
62638,1,7,9,32.94013325393168
62650,1,7,9,9.684172614617072
62653,1,7,2,14.333534099395548
62658,1,7,9,24.92236869075708
62671,1,7,10,7.898328825561204
62683,1,7,1,17.191318114377996
62686,1,7,6,13.93653694549124
62687,1,7,7,2.5068845079788256
62726,1,7,1,7.768553145201452
62728,1,7,1,8.19684939714732
62730,1,7,8,8.684200618982848
62731,1,7,9,29.188703295177767
62738,1,7,9,15.961777878822998
62744,1,7,9,14.291702906894237
62752,1,7,6,22.769960930439453
62761,1,7,6,8.064507091056724
62779,1,7,9,26.613325931082954
62781,1,7,10,15.086512584704163
62785,1,7,9,15.570702734507403
62789,1,7,9,31.01914045337271
62802,1,7,1,18.18593188542383
62811,1,7,7,6.48675916204712
62814,1,7,1,6.508372920924609
62815,1,7,8,11.23916257075148
62819,1,7,8,33.49121383926591
62824,1,7,8,15.86487471748484
62852,1,7,4,0.3700090656202526
62856,1,7,4,0.3700090656202526
62866,1,7,7,0.8486471375795578
62872,1,7,8,11.932626849081517
62874,1,7,7,3.280666209424365
62875,1,7,8,24.023394683532022
62907,1,7,1,16.603960083794412
62913,1,7,9,15.833707632548105
62945,1,7,7,2.9712781013880893
62946,1,7,8,32.476840472580164
62948,0,7,0,0.033669166836541684
62949,1,7,5,0.3700090141005197
62961,1,7,8,3.4957304212300153
62962,1,7,9,25.3028639965954
62971,1,7,8,7.725316747498393
62974,1,7,2,2.9439389971106915
62975,1,7,5,0.3700090141005197
62979,1,7,4,0.3700090657260609
62990,1,7,5,0.3700090141005197
62991,1,7,6,19.59896519049448
63012,1,7,6,15.396248558554479
63026,1,7,5,0.3700090141005197
63038,1,7,5,0.3700090141005197
63048,1,7,9,21.659095438142288
63049,1,7,9,31.878599780645107
63072,1,7,5,0.3700090141005197
63074,1,7,6,19.951774559617515
63075,1,7,10,8.102452440882558
63085,1,7,9,25.385468201676183
63103,1,7,1,8.054950393842587
63117,1,7,1,16.420985650859414
63124,1,7,9,27.898676325855988
63132,1,7,5,0.37000902039789374
63156,0,7,0,0.042135650635747715
63174,1,7,5,0.3700090141005197
63178,1,7,10,25.43974582130398
63182,1,7,10,16.670946661362258
63196,1,7,9,12.658731522249134
63206,1,7,10,13.464741178434425
63215,0,7,0,0.08747589994326313
63222,0,7,0,0.043936680353767944
63228,1,7,4,0.3700090657260609
63234,1,7,8,8.574525849072359
63238,1,7,4,0.3700090657260609
63256,0,7,0,0.04686376273852517
63270,1,7,10,7.091274817952692
63273,1,7,8,8.549138297563053
63276,1,7,5,0.3700090141005197
63282,1,7,7,4.637139334791708
63283,1,7,6,27.146685602107194
63287,1,7,7,4.171261641148935
63292,1,7,9,22.069434628685176
63294,1,7,10,21.017722533664436
63322,1,7,3,2.77889168120263
63364,1,7,2,14.781906698449115
63368,1,7,6,19.210772124784498
63370,1,7,10,5.845916471410946
63383,1,7,8,29.77578360251942
63384,1,7,6,29.33985209484764
63386,1,7,7,2.421184688470996
63387,1,7,7,2.3378930090441483
63395,1,7,8,22.780206087941654
63410,1,7,6,24.433661131256766
63435,1,7,5,0.3700090141005197
63439,1,7,4,0.3700090656202526
63453,1,7,6,13.568604364945886
63455,1,7,9,27.668974849651455
63457,1,7,9,28.854512173698648
63459,1,7,8,9.686880209879801
63482,1,7,6,17.909992800684417
63493,1,7,9,33.04130246288655
63495,1,7,5,0.3700090141005197
63500,0,7,0,0.12393628525718224
63501,1,7,9,33.11545047117541
63506,1,7,9,29.538706169423207
63515,1,7,9,13.912301306575646
63524,1,7,7,0.9360509010153771
63525,1,7,5,0.3700090141005197
63526,1,7,1,6.882435016481047
63532,1,7,5,0.3700090141005197
63533,1,7,10,16.68245317391233
63539,0,7,0,0.037023340242269706
63543,1,7,4,0.3700090657260609
63551,1,7,1,19.631164100550066
63556,1,7,5,0.3700090141005197
63568,0,7,0,0.03249667593405363
63592,0,7,0,0.03653659079751403
63593,1,7,1,25.94916782497094
63595,1,7,1,15.822277644056356
63647,1,7,6,14.555389779770655
63653,1,7,10,6.315512511068888
63659,1,7,10,10.437174974470224
63687,1,7,3,3.0414472862635598
63692,1,7,3,0.7592327366892495
63701,0,7,0,0.03315273429304345
63703,1,7,6,21.972294249578987
63728,1,7,6,22.51542027959744
63738,1,7,5,0.37000902039789374
63739,1,7,5,0.3700090141005197
63741,1,7,8,32.63197863445605
63743,1,7,6,13.746292783804392
63752,1,7,4,0.3700090657260609
63756,1,7,8,29.080587182612252
63776,1,7,1,27.92055956091088
63780,1,7,2,2.218237181446798
63784,1,7,9,31.48486327046269
63799,1,7,8,25.451399898911706
63804,1,7,2,16.360674704103765
63808,1,7,9,11.636369656028585
63817,1,7,9,16.94044421884523
63821,1,7,7,5.192588995251206
63825,1,7,5,0.3700090141005197
63828,1,7,8,28.16668716860982
63841,1,7,4,0.3700090657260609
63845,1,7,5,0.3700090141005197
63848,1,7,8,8.706158289041973
63850,1,7,6,27.240274756337207
63853,1,7,5,0.3700090141005197
63856,1,7,5,0.3700090141005197
63881,1,7,8,27.40583329799374
63884,1,7,8,16.792466040362932
63897,1,7,9,10.31767853630818
63918,1,7,5,0.3700090141005197
63927,1,7,4,0.3700090657260609
63929,1,7,6,16.69810014854758
63930,1,7,9,24.541295957873746
63934,1,7,5,0.3700090141005197
63938,1,7,9,30.627732819019272
63939,1,7,7,6.1620635675039805
63947,1,7,5,0.37000902039789374
63957,1,7,6,21.018709580034162
63963,1,7,4,0.3700090657260609
63969,1,7,6,29.525809178938403
63988,1,7,4,0.3700090657260609
63991,1,7,1,6.046598022514627
64011,1,7,2,1.5394748163235739
64045,1,7,4,0.3700090657260609
64048,1,7,8,14.67500634092609
64051,1,7,10,25.056703820120244
64055,1,7,2,16.189759502573086
64062,0,7,0,0.04260154098968207
64084,1,7,5,0.3700090141005197
64110,1,7,3,2.7904884191593804
64111,1,7,7,6.208545582651573
64121,1,7,8,10.753598884532634
64123,1,7,8,26.041412229865916
64137,1,7,5,0.3700090141005197
64149,1,7,8,27.377951079634816
64187,1,7,6,5.460201722726574
64192,1,7,9,21.49264934962144
64198,1,7,9,20.271391781803633
64216,0,7,0,0.17016503918875023
64220,1,7,4,0.3700090657260609
64224,1,7,6,27.983289714346956
64234,1,7,9,33.12294760525999
64236,1,7,2,5.991491840178118
64248,1,7,9,30.835152240792954
64255,1,7,8,6.280213333526911
64269,1,7,8,24.78566630544535
64288,1,7,4,0.3700090657260609
64291,1,7,8,26.26529530494218
64298,1,7,5,0.37000902039789374
64308,1,7,9,29.053911056474963
64320,1,7,5,0.3700090141005197
64340,1,7,8,4.157530703255868
64383,1,7,7,0.34012258497183784
64393,1,7,6,9.858983177837933
64397,1,7,7,5.534444652335226
64406,1,7,8,22.493033937029814
64419,1,7,5,0.3700090141005197
64420,1,7,6,14.23027957669597
64423,1,7,7,3.5165754540807015
64425,1,7,10,13.120452099079221
64427,1,7,10,11.076121014851832
64448,1,7,6,8.017724116312687
64454,1,7,2,2.032899758653389
64485,1,7,9,33.348754254914745
64492,1,7,6,22.120427184725767
64494,0,7,0,0.03666083488274067
64497,1,7,8,25.954495946496145
64498,1,7,1,22.565875663728217
64506,1,7,10,18.309838990005588
64511,1,7,9,30.648454142191728
64528,1,7,10,16.453334264982633
64530,1,7,4,0.3700090657260609
64536,1,7,9,30.058811671361298
64550,1,7,1,7.099485450867575
64559,1,7,10,24.989674517794835
64561,1,7,9,30.99191613318026
64567,0,7,0,0.0385037174219722
64589,1,7,10,5.405616993560504
64600,1,7,6,21.939268707355097
64620,1,7,6,29.30557158379745
64629,1,7,7,3.1377465069252275
64645,1,7,6,15.871047129869023
64647,1,7,5,0.3700090141005197
64650,0,7,0,0.03689745463152973
64651,1,7,5,0.3700090141005197
64681,1,7,6,29.323024196637846
64690,1,7,10,25.53365388064422
64698,0,7,0,0.03337950386261025
64706,1,7,6,17.947044937025293
64730,1,7,10,4.3188525634043575
64765,1,7,10,18.043948468904013
64768,1,7,10,23.496333666380682
64782,1,7,10,18.235020546983836
64784,1,7,9,25.011525552484862
64796,1,7,8,20.65328845784878
64830,1,7,9,14.93733941630542
64834,1,7,7,2.377915965924635
64862,1,7,4,0.3700090657260609
64874,1,7,6,7.488026133375768
64876,1,7,5,0.3700090141005197
64879,1,7,6,21.866371490257116
64886,1,7,1,8.068584622800964
64892,1,7,6,30.109846921578466
64898,0,7,0,0.04663725325796482
64900,1,7,5,0.3700090141005197
64910,1,7,5,0.3700090141005197
64912,1,7,10,13.966389836996981
64915,1,7,10,13.714193313447268
64930,1,7,8,23.050226996950126
64969,1,7,10,17.801484312471256
64976,1,7,10,16.803449101311884
64996,1,7,8,12.428169500618766
64997,1,7,4,0.3700090656202526
65008,1,7,6,13.688792627940023
65018,1,7,4,0.3700090657260609
65019,1,7,8,36.09280744145948
65024,0,7,0,0.03504598511933276
65040,1,7,3,3.1375704456486484
65052,1,7,4,0.3700090657260609
65057,1,7,9,18.24387494135285
65062,1,7,9,22.729382185309884
65064,1,7,10,7.292705969883478
65068,1,7,5,0.3700090141005197
65070,1,7,6,16.081548179743244
65071,1,7,10,9.377279868045326
65077,1,7,8,35.853574964579785
65115,1,7,5,0.3700090141005197
65116,1,7,6,30.512450120508866
65126,1,7,7,2.451563881600491
65132,1,7,7,1.7123886711843097
65143,1,7,8,33.41583834529301
65145,1,7,8,13.262359271311285
65154,1,7,6,20.396634260455198
65163,1,7,9,28.224065300668876
65175,1,7,5,0.3700090141005197
65186,1,7,7,0.46615397991209667
65190,1,7,3,3.1408011425196247
65192,1,7,7,2.382023317243161
65193,1,7,8,27.72434734619658
65202,1,7,4,0.3700090657260609
65209,1,7,4,0.3700090657260609
65214,0,7,0,0.03946948250967579
65228,1,7,5,0.3700090141005197
65250,1,7,6,9.376186560153041
65258,1,7,9,21.961472228311614
65275,1,7,2,12.680661978130162
65291,1,7,9,24.68985330749934
65299,1,7,4,0.3700090657260609
65301,1,7,6,17.96914325182003
65304,0,7,0,0.05442240738232424
65313,1,7,8,17.281107493199944
65321,1,7,5,0.3700090141005197
65356,1,7,10,15.538602889156627
65375,1,7,5,0.3700090141005197
65419,1,7,8,6.823186640673551
65433,1,7,5,0.3700090141005197
65451,1,7,10,22.53811295343345
65458,1,7,9,28.85385836753035
65459,1,7,9,2.95830552006257
65465,1,7,1,11.53166511857844
65473,1,7,9,18.844827945605196
65474,1,7,8,14.595419997971742
65508,1,7,5,0.3700090141005197
65512,1,7,8,30.418581944063508
65515,1,7,4,0.3700090657260609
65523,1,7,2,8.615035768487042
65527,1,7,5,0.3700090141005197
65531,1,7,8,21.395927036730054
65534,1,7,4,0.3700090657260609
65541,1,7,8,13.99926737901892
65548,1,7,2,11.465683813024151
65550,1,7,2,9.813711993035813
65577,1,7,1,26.57341696316681
65581,1,7,4,0.3700090657260609
65594,1,7,9,30.607725773189845
65596,1,7,8,21.527704542567626
65611,1,7,6,29.991536073653336
65623,1,7,8,18.610115770334897
65628,1,7,6,26.923253899205747
65646,1,7,1,16.093424462305673
65648,1,7,6,11.722507647981669
65652,1,7,8,13.584881916603663
65660,1,7,9,19.360814715618975
65671,1,7,6,27.506824252010677
65706,1,7,6,16.96848079835499
65720,1,7,8,31.042710978365402
65721,1,7,4,0.3700090657260609
65730,1,7,3,3.23305403499992
65740,1,7,9,14.919710087353545
65749,1,7,6,13.989927973683438
65756,1,7,10,4.746977214492617
65763,1,7,10,7.463098053205053
65772,1,7,6,15.670844854340782
65783,1,7,1,14.597936753040226
65792,1,7,4,0.3700090657260609
65798,1,7,1,6.830467833753681
65817,0,7,0,0.03898618119894637
65825,1,7,9,12.562847293401042
65826,1,7,1,7.551370825440527
65843,1,7,8,34.15778325692285
65846,1,7,10,9.406573521823528
65863,1,7,6,25.62298139155594
65867,1,7,10,16.100359620860885
65880,1,7,10,19.88791171047529
65881,1,7,8,17.972469148708115
65891,1,7,4,0.3700090657260609
65896,1,7,5,0.3700090141005197
65900,1,7,9,10.02193380488334
65904,1,7,5,0.37000902039789374
65921,1,7,8,18.080980107098043
65931,1,7,8,29.947084057020387
65933,1,7,3,2.904896767357655
65946,1,7,1,4.3670738030026195
65948,1,7,4,0.3700090657260609
65961,1,7,9,6.010667849408584
65973,1,7,1,23.635998401688376
65975,1,7,10,7.737921571283687
65981,1,7,6,19.29074833307074
65995,1,7,8,13.778534292199557
66000,1,7,6,11.67644353104732
66016,1,7,5,0.3700090141005197
66022,1,7,9,26.64587578143629
66029,1,7,8,21.39633179478342
66032,1,7,6,20.668377568638572
66042,1,7,1,12.274506728524917
66067,1,7,2,10.094223012185186
66069,1,7,6,28.075548247781466
66077,1,7,8,26.90689776785541
66080,1,7,6,26.787043227046293
66089,1,7,3,2.7983210983238633
66092,1,7,10,11.897794297912853
66105,1,7,8,31.805358348484557
66109,1,7,7,2.171043718826743
66114,0,7,0,0.047041843609186264
66129,1,7,10,9.714734452816238
66130,1,7,5,0.3700090141005197
66146,1,7,9,15.021958197162963
66147,1,7,6,30.289379255473264
66150,1,7,8,20.93557845239923
66154,0,7,0,0.04652390040586607
66162,1,7,4,0.3700090656202526
66171,1,7,6,10.846087886282103
66175,1,7,1,22.939241023063587
66190,1,7,9,30.88520022886174
66196,1,7,5,0.3700090141005197
66208,1,7,6,24.445451690230787
66221,1,7,9,15.66279302648794
66227,1,7,9,20.03746928568548
66243,1,7,2,10.598023744982415
66270,1,7,8,18.090616820174528
66286,0,7,0,0.03685167303746571
66306,0,7,0,0.16879602136306154
66328,1,7,5,0.3700090141005197
66340,1,7,4,0.3700090657260609
66342,1,7,1,21.710379487900084
66351,1,7,10,15.179156845411073
66357,1,7,9,33.25611879592698
66362,1,7,10,22.847396790349922
66366,1,7,1,23.976768547503863
66371,1,7,8,24.504221424349105
66387,1,7,4,0.3700090657260609
66399,1,7,6,30.156825535741504
66411,1,7,5,0.3700090141005197
66432,1,7,9,19.91970283211246
66439,1,7,7,0.3434213226665258
66453,1,7,8,31.086289976208644
66457,1,7,5,0.3700090141005197
66461,1,7,6,28.258283818056558
66470,1,7,4,0.3700090657260609
66478,1,7,5,0.3700090141005197
66481,1,7,1,19.923814337567162
66490,1,7,10,15.897223726961208
66500,1,7,9,29.744947855597736
66510,1,7,8,24.029005735286795
66517,1,7,9,24.555608666956573
66552,1,7,9,32.07903819142869
66560,1,7,6,25.27972546179446
66581,1,7,5,0.3700090141005197
66582,1,7,4,0.3700090657260609
66639,1,7,9,13.491472186675644
66671,1,7,9,19.922447321993246
66675,1,7,8,20.39862874509509
66679,1,7,8,6.202244596259385
66714,1,7,7,6.316920116746129
66716,1,7,4,0.3700090657260609
66726,1,7,4,0.3700090657260609
66737,1,7,9,17.879105217892572
66762,0,7,0,0.03282926970842241
66771,1,7,7,2.6308101786211835
66784,1,7,6,20.52102810174647
66787,1,7,10,15.262993741876095
66789,1,7,4,0.3700090657260609
66802,1,7,9,16.702500222934727
66805,1,7,3,3.214854189561157
66838,1,7,6,30.0485704942099
66858,1,7,4,0.3700090657260609
66869,1,7,5,0.3700090141005197
66872,1,7,10,14.979393621486851
66879,1,7,9,33.67006183528916
66889,0,7,0,0.03511882541142096
66906,1,7,5,0.3700090141005197
66916,1,7,9,32.99719629289121
66921,1,7,9,20.747257429701747
66926,1,7,4,0.3700090656202526
66929,1,7,9,10.59687796484858
66961,1,7,6,25.10048619743513
66962,0,7,0,0.03901076081569957
66963,0,7,0,0.03305821988709596
66964,1,7,10,14.361211859906716
66965,1,7,1,17.16640555969701
66968,1,7,9,19.101630426097472
66977,1,7,3,0.933264954857331
66994,1,7,9,18.180735849664977
66997,1,7,5,0.3700090141005197
67014,1,7,8,32.50639256523333
67048,1,7,9,15.244716222116518
67049,1,7,3,3.1658330454703236
67055,1,7,2,6.545453667606383
67061,1,7,8,28.36758151026485
67068,0,7,0,0.03204920445839603
67076,1,7,4,0.3700090657260609
67079,1,7,10,13.397680089020989
67083,1,7,10,14.998513487831966
67098,1,7,5,0.3700090141005197
67099,1,7,9,13.178042304688907
67125,1,7,5,0.3700090141005197
67127,1,7,5,0.3700090141005197
67130,1,7,1,7.7088438348604065
67142,1,7,8,28.108935673111365
67147,1,7,4,0.3700090657260609
67149,1,7,1,18.515394160644473
67152,1,7,10,23.495902126370215
67161,1,7,10,10.876082731320361
67167,1,7,3,2.5896980359796706
67181,1,7,5,0.3700090141005197
67198,1,7,1,24.248700548140906
67203,1,7,8,33.56438438477232
67252,1,7,5,0.3700090141005197
67263,1,7,8,7.724902042974354
67267,1,7,10,26.048355721656524
67278,0,7,0,0.035667098181499636
67289,1,7,6,27.482576318295823
67315,1,7,6,16.396919294033918
67316,1,7,3,3.1099104209525956
67317,1,7,9,33.41291800190529
67321,1,7,10,19.113043069715182
67329,1,7,4,0.3700090657260609
67336,1,7,6,23.916436488191607
67348,1,7,3,1.9922878465829192
67349,1,7,9,16.106763718686878
67366,1,7,2,4.823786526568479
67372,1,7,10,17.812674889881144
67375,1,7,8,19.87910596170866
67384,1,7,5,0.3700090141005197
67402,1,7,6,18.920031626651426
67423,1,7,8,16.00437293423211
67428,1,7,5,0.3700090141005197
67432,1,7,3,3.20877004829697
67442,0,7,0,0.0313045722442906
67450,1,7,1,22.209485223246997
67489,1,7,5,0.3700090141005197
67496,1,7,2,9.311886743826511
67497,1,7,10,9.83130644998134
67509,1,7,2,10.239268220205155
67516,1,7,9,21.505383314069245
67527,1,7,1,9.672985883504753
67528,1,7,5,0.3700090141005197
67541,1,7,9,28.96789912161848
67549,1,7,9,24.400876611821595
67557,0,7,0,0.041181574549101006
67577,1,7,9,32.19965266409037
67583,1,7,5,0.3700090141005197
67585,1,7,6,21.965919676171527
67605,1,7,9,30.159583824973968
67607,1,7,5,0.3700090141005197
67622,1,7,9,24.70680390764186
67631,1,7,9,25.02831746792188
67633,1,7,9,3.7400611409267768
67643,1,7,6,29.639609226899477
67647,1,7,7,5.215849336298381
67656,1,7,5,0.3700090141005197
67663,1,7,9,19.93062124772096
67677,1,7,6,15.306627542653445
67681,1,7,4,0.3700090657260609
67688,1,7,6,27.09592312986827
67699,1,7,9,22.380976000977327
67718,1,7,7,1.186190216034558
67725,1,7,10,25.821353387109237
67728,1,7,1,3.6956324483113394
67736,1,7,5,0.3700090141005197
67741,1,7,10,17.838531231153997
67774,1,7,2,7.431687183782024
67780,1,7,7,4.681703070883299
67788,1,7,6,13.147851410813423
67789,0,7,0,0.07989912529025535
67795,1,7,4,0.3700090657260609
67799,1,7,9,30.71166055307491
67809,1,7,9,13.7007014176442
67813,1,7,9,30.82221997155426
67819,1,7,9,32.24064325044162
67832,1,7,4,0.3700090656202526
67837,1,7,10,23.60120585417523
67843,1,7,5,0.3700090141005197
67861,1,7,4,0.3700090657260609
67873,1,7,9,30.32687937212705
67880,1,7,6,20.521641700204736
67881,1,7,6,18.977953914927316
67889,1,7,5,0.3700090141005197
67929,0,7,0,0.03342893848337156
67935,1,7,8,19.2951641876101
67937,1,7,6,8.874767049483278
67938,1,7,6,24.107986597568054
67953,1,7,10,6.634209257770749
67969,1,7,4,0.3700090657260609
67996,1,7,9,32.73968700641194
68003,1,7,5,0.3700090141005197
68012,1,7,1,11.15645333541834
68019,0,7,0,0.03346938011848133
68020,1,7,5,0.3700090141005197
68042,1,7,8,34.19684000984928
68061,1,7,8,23.617857028384673
68080,1,7,9,10.096187593692697
68087,1,7,1,14.020867837677017
68089,1,7,9,22.948029604283096
68099,1,7,8,23.206833167630734
68103,1,7,1,5.924317334283449
68114,1,7,9,32.887086539818704
68118,1,7,8,24.014145309262204
68123,1,7,8,28.858799301497914
68151,1,7,6,25.191338978225044
68161,1,7,9,28.364490791796058
68171,1,7,5,0.37000902039789374
68180,1,7,5,0.37000902039789374
68191,1,7,1,23.986714146350693
68202,1,7,6,29.679076220128398
68208,1,7,6,30.03387073710601
68234,1,7,9,17.053700888289995
68237,1,7,7,1.6911313234172636
68244,0,7,0,0.02249307951993269
68251,1,7,7,2.4546904531469838
68254,1,7,8,4.6931506779144945
68264,1,7,4,0.3700090657260609
68266,1,7,7,6.191976149410379
68267,1,7,6,20.19030975380822
68282,1,7,6,7.429958093953462
68287,1,7,6,11.480175171690169
68288,1,7,2,3.269459628438945
68304,1,7,1,26.2068585463733
68332,1,7,6,11.121472419931102
68339,1,7,7,3.287684042342774
68356,0,7,0,0.03739874903945872
68361,1,7,9,28.58101094678285
68363,1,7,3,3.1819364723969774
68371,1,7,10,18.16626442881746
68375,1,7,7,4.085193358239362
68393,1,7,4,0.3700090657260609
68414,0,7,0,0.0395136631539578
68420,1,7,9,22.64198969392125
68421,1,7,4,0.3700090657260609
68423,1,7,5,0.3700090141005197
68432,1,7,9,17.657392303709518
68435,1,7,1,27.130275883764995
68454,1,7,9,31.569661342495696
68466,1,7,8,31.66848405340744
68485,1,7,10,4.157119601542332
68492,1,7,5,0.3700090141005197
68534,0,7,0,0.03524225123369468
68547,1,7,2,6.029788868594641
68554,1,7,7,1.9392143662515258
68565,1,7,5,0.3700090141005197
68571,1,7,1,22.669842453878147
68574,1,7,6,24.444670131984953
68583,1,7,3,3.180090912405261
68586,1,7,5,0.3700090141005197
68597,1,7,1,13.426058040416459
68598,1,7,8,32.1752728375062
68609,1,7,10,18.02689628301179
68643,1,7,6,19.04187191654733
68653,1,7,8,26.406283252806723
68667,1,7,10,9.218170216985344
68671,1,7,3,3.111425299700594
68682,1,7,10,13.521118733102066
68686,1,7,10,23.289896538784227
68709,1,7,10,23.667214240529805
68731,1,7,9,33.59075523637003
68742,1,7,8,31.700624324424457
68753,1,7,6,22.523704922287717
68755,1,7,6,22.065670042279855
68760,1,7,5,0.3700090141005197
68761,1,7,8,29.089635327732363
68778,1,7,10,18.18537169557331
68798,1,7,9,33.36094073083879
68811,1,7,5,0.3700090141005197
68842,1,7,10,16.164177589580667
68846,1,7,9,13.50307782641286
68869,1,7,5,0.37000902039789374
68870,1,7,6,26.069517141048195
68871,1,7,4,0.3700090657260609
68886,1,7,8,24.607218491034594
68913,1,7,5,0.3700090141005197
68915,1,7,5,0.3700090141005197
68927,1,7,7,5.514876993147253
68943,1,7,8,19.19348992909899
68948,1,7,9,22.52279019041761
68961,1,7,8,14.482301028752296
68965,1,7,10,16.585494025233693
69018,0,7,0,0.030325213635551164
69020,1,7,8,24.58189710701066
69027,1,7,4,0.3700090657260609
69039,1,7,6,19.220255503775245
69046,1,7,5,0.3700090141005197
69061,1,7,5,0.3700090141005197
69067,1,7,1,4.403705203030951
69077,1,7,4,0.3700090657260609
69079,1,7,4,0.3700090657260609
69093,1,7,8,36.02837919786019
69101,1,7,3,3.0310863539076984
69106,1,7,4,0.3700090657260609
69108,1,7,1,14.321428845083938
69116,1,7,10,25.945186122080067
69119,1,7,6,22.438271328498026
69121,1,7,9,24.483629025573503
69125,1,7,9,33.01445103632991
69129,1,7,10,22.062438333200383
69167,1,7,7,5.663749426447342
69169,1,7,9,19.776948534098995
69170,1,7,6,12.736661874684762
69172,1,7,6,4.907447218922835
69187,1,7,4,0.3700090656202526
69216,1,7,5,0.3700090141005197
69226,1,7,7,1.9432241401875907
69241,1,7,1,6.727421481666003
69249,1,7,8,22.93059813012433
69252,1,7,10,17.8140060490094
69256,0,7,0,0.038640287206231895
69259,1,7,9,32.48315933430906
69267,1,7,9,6.862070107394738
69275,1,7,5,0.3700090141005197
69280,1,7,4,0.3700090657260609
69281,1,7,6,10.352906903428108
69295,1,7,1,21.847798700232822
69313,1,7,4,0.3700090657260609
69320,1,7,7,3.3684703875487085
69321,0,7,0,0.03608299660143563
69371,1,7,9,33.128336681389655
69391,1,7,6,14.402007220961954
69412,1,7,9,32.87746815563586
69418,1,7,5,0.3700090141005197
69424,1,7,9,23.761066062388114
69431,1,7,8,27.564943821448306
69442,1,7,5,0.3700090141005197
69443,1,7,4,0.3700090657260609
69447,1,7,6,14.996871002209248
69451,1,7,10,5.062624242206577
69452,1,7,7,0.9805128867704981
69456,1,7,1,18.712863841776805
69462,1,7,1,4.117294866781267
69464,1,7,3,3.163054553450323
69467,1,7,2,16.55793145074655
69469,1,7,7,1.719522717464959
69521,1,7,1,17.32664904443915
69531,1,7,5,0.3700090141005197
69538,1,7,8,24.333345459030305
69539,1,7,4,0.3700090657260609
69557,0,7,0,0.03869168378645238
69562,1,7,4,0.3700090657260609
69614,1,7,9,17.2327114226252
69615,1,7,6,18.190766461135993
69617,0,7,0,0.042533775265802605
69648,1,7,1,20.158616488142943
69656,1,7,8,24.664462940763165
69702,1,7,9,21.1377958423239
69708,1,7,9,11.971601351464056
69735,1,7,8,20.24284548252945
69748,1,7,9,33.42617704333529
69753,1,7,9,25.009244561715757
69764,1,7,5,0.3700090141005197
69765,1,7,5,0.3700090141005197
69771,1,7,8,35.434112770662495
69779,1,7,9,26.5263672773716
69794,1,7,10,19.857102982134876
69812,1,7,1,4.421319429752941
69819,0,7,0,0.0387079348936451
69821,1,7,8,17.600939814416567
69835,1,7,9,33.256131512171116
69839,1,7,5,0.3700090141005197
69846,1,7,8,23.336444845281008
69856,1,7,8,25.46037633997654
69875,1,7,9,23.15831536754179
69881,1,7,10,9.62309914123259
69889,1,7,8,35.83454810151425
69896,0,7,0,0.03806506630589975
69919,1,7,5,0.37000902039789374
69924,1,7,4,0.3700090657260609
69943,1,7,1,9.94772358520447
69948,1,7,5,0.3700090141005197
69956,1,7,9,24.965577877267837
69961,1,7,6,27.749087554451894
69977,1,7,5,0.3700090141005197
69983,0,7,0,0.03878059236602491
70031,1,7,1,13.124137073954268
70048,1,7,8,8.041871426163462
70051,0,7,0,0.03653763301946805
70059,0,7,0,0.031158866961301376
70061,1,7,6,4.843948803003028
70083,1,7,9,17.739433778228722
70084,1,7,8,16.896622395990175
70085,1,7,4,0.3700090657260609
70088,1,7,2,9.265370341270412
70104,1,7,4,0.3700090657260609
70108,1,7,8,18.84447384236655
70111,0,7,0,0.028183806010756568
70150,1,7,5,0.3700090141005197
70177,1,7,9,23.300582059936584
70189,1,7,6,11.221104120588388
70192,1,7,4,0.3700090657260609
70199,1,7,8,9.265625618092498
70215,1,7,7,0.42837177769316837
70238,1,7,5,0.3700090141005197
70239,1,7,7,1.1389294964487295
70240,1,7,1,11.346907708903617
70249,1,7,5,0.3700090141005197
70254,1,7,6,22.353686946526153
70255,1,7,9,31.13994593264328
70258,1,7,4,0.3700090656202526
70276,1,7,5,0.3700090141005197
70287,1,7,8,25.55783946544562
70305,1,7,4,0.3700090657260609
70312,1,7,8,25.854010000949913
70317,0,7,0,0.030324680411159453
70318,1,7,1,13.271947931601806
70344,1,7,4,0.3700090657260609
70345,1,7,4,0.3700090657260609
70353,1,7,6,5.564515148160451
70361,1,7,5,0.3700090141005197
70379,1,7,9,33.574735106059855
70396,1,7,9,21.919860403617136
70399,1,7,8,30.39401721905803
70431,1,7,5,0.3700090141005197
70435,1,7,4,0.3700090657260609
70454,0,7,0,0.04024463571069662
70463,0,7,0,0.03352953592817713
70467,1,7,9,6.270038435501021
70500,1,7,9,17.698612164052385
70505,1,7,4,0.3700090657260609
70512,1,7,1,16.439453544002163
70531,1,7,10,12.07475603955441
70543,1,7,10,17.99398960545612
70549,1,7,5,0.3700090141005197
70561,1,7,6,26.07065301466976
70590,1,7,9,19.043344960350165
70608,1,7,8,25.84017017497315
70611,1,7,7,3.6723929026123776
70617,1,7,8,35.63759174120082
70634,1,7,4,0.3700090657260609
70636,0,7,0,0.01931474261781437
70650,1,7,8,14.923473591930822
70652,1,7,6,29.422501639183338
70662,1,7,6,27.284868842230043
70666,1,7,9,14.837551192515559
70680,1,7,9,3.15462433188576
70682,0,7,0,0.03523714581669099
70683,1,7,4,0.3700090657260609
70697,1,7,2,6.651699771306569
70702,1,7,4,0.3700090657260609
70703,1,7,8,21.63684408787426
70711,1,7,6,19.85762723772121
70724,1,7,10,7.598663825975029
70731,1,7,5,0.3700090141005197
70733,1,7,8,12.777666110940112
70744,1,7,8,11.03596808695873
70751,1,7,5,0.3700090141005197
70756,1,7,6,30.245946703846084
70767,1,7,10,26.03291887595083
70784,1,7,5,0.3700090141005197
70800,1,7,10,16.589555257214517
70809,1,7,10,12.0843491379491
70818,1,7,10,10.657927219777552
70819,1,7,3,2.588734787784784
70826,1,7,6,28.659015265072597
70837,0,7,0,0.045107719059861016
70838,1,7,10,26.031493241945448
70888,1,7,3,2.195524945433704
70889,1,7,8,16.932142104770048
70892,1,7,1,21.739846834285057
70897,1,7,5,0.3700090141005197
70918,1,7,8,26.98872944285393
70926,1,7,3,0.7544466749643222
70954,1,7,7,2.723594921316186
70962,1,7,9,32.45512420561665
70971,1,7,7,1.02807397553045
70978,1,7,6,9.965734201426198
70990,1,7,9,17.760340620134347
70993,1,7,9,14.597620874000993
71007,1,7,5,0.3700090141005197
71015,1,7,7,3.1013070548746535
71025,1,7,4,0.3700090657260609
71052,1,7,4,0.3700090657260609
71065,1,7,5,0.3700090141005197
71089,1,7,10,4.486877471893939
71105,1,7,10,17.93036357433443
71108,1,7,8,22.202555789140725
71123,1,7,5,0.3700090141005197
71125,1,7,7,4.436598569415915
71128,1,7,10,7.953746897259201
71137,1,7,4,0.3700090657260609
71162,1,7,8,33.31707268628703
71163,1,7,1,27.50579965230952
71175,1,7,4,0.3700090657260609
71177,1,7,5,0.3700090141005197
71185,1,7,6,9.537638579615477
71193,1,7,9,26.21772405001712
71194,1,7,8,20.005821597808904
71195,1,7,6,24.292217361951458
71196,1,7,8,18.616962499338076
71215,1,7,9,15.848947938421368
71253,1,7,8,25.60790285704084
71297,1,7,10,13.57483816037882
71318,1,7,5,0.3700090141005197
71334,1,7,2,12.293331956423375
71362,1,7,6,5.908819020569325
71366,1,7,6,24.944783015595284
71368,0,7,0,0.03918598385586803
71376,1,7,9,26.22658445906291
71386,1,7,1,22.681849711769072
71387,1,7,10,6.765452176295769
71403,1,7,9,31.293662699491247
71433,1,7,6,16.934250966914064
71446,1,7,4,0.3700090657260609
71464,1,7,5,0.3700090141005197
71470,1,7,7,0.859768471148028
71488,1,7,9,19.991827963320052
71510,1,7,6,22.341943961180167
71511,1,7,10,14.861635603564041
71538,1,7,8,21.426210203199634
71542,1,7,5,0.3700090141005197
71547,1,7,9,21.396191296067972
71559,1,7,8,15.176774075936574
71570,1,7,8,30.396172352822436
71587,1,7,1,27.32438083770723
71596,1,7,10,22.326207261635084
71629,1,7,1,27.107832853069425
71631,1,7,9,4.2218540275134435
71645,1,7,7,5.149562408957134
71648,1,7,3,2.6608986627330657
71662,1,7,9,32.923512138690576
71669,1,7,9,2.5650237369715225
71687,1,7,7,2.1574713844927236
71692,1,7,5,0.3700090141005197
71694,0,7,0,0.03305074249825537
71707,1,7,9,14.040669054917036
71709,1,7,1,20.58827123662201
71718,1,7,9,9.626141852276133
71722,1,7,6,22.41058532956379
71749,1,7,6,12.609191047052521
71753,1,7,9,30.323889693025187
71754,1,7,4,0.3700090657260609
71756,1,7,9,21.486564340844954
71758,1,7,1,18.19170196943626
71783,1,7,1,4.758571009763462
71799,1,7,10,10.895705409651189
71800,1,7,9,15.668940788800448
71816,0,7,0,0.04686401543060939
71820,1,7,5,0.3700090141005197
71822,1,7,6,18.71219300699988
71829,1,7,9,29.385392845321142
71880,1,7,4,0.3700090657260609
71885,1,7,8,14.621240786985771
71900,1,7,1,12.541091998907667
71907,1,7,10,9.908306737648305
71919,1,7,10,15.976786586736695
71942,1,7,4,0.3700090657260609
71944,0,7,0,0.03311790132027287
71948,1,7,5,0.3700090141005197
71984,1,7,5,0.3700090141005197
71986,1,7,6,25.018909616380743
71997,1,7,2,9.230105228577548
71998,1,7,8,6.596856783090559
72001,0,7,0,0.06646668841293965
72003,1,7,10,17.113870459483895
72011,1,7,7,3.362101010249366
72027,1,7,6,13.23420423257717
72046,1,7,2,13.062704756251321
72058,1,7,4,0.3700090656202526
72078,1,7,9,15.200194931662995
72084,1,7,8,27.359358751015904
72111,1,7,5,0.3700090141005197
72116,1,7,10,25.39139853481476
72118,1,7,9,9.715960350271487
72131,1,7,6,15.360420375083711
72172,1,7,1,22.020304450854916
72193,1,7,6,20.107308442731863
72199,1,7,4,0.3700090657260609
72210,1,7,6,22.883242655307583
72226,1,7,1,10.50171330189967
72229,1,7,2,2.7563889993970987
72244,1,7,6,6.663050556270568
72258,1,7,6,29.454137678605917
72259,1,7,9,5.255504833467689
72284,1,7,1,24.896930593005077
72286,1,7,8,2.8898579267141367
72295,1,7,4,0.3700090657260609
72306,1,7,4,0.3700090657260609
72309,1,7,10,21.942056469144514
72323,1,7,6,5.877976650507916
72324,1,7,10,12.801810515451404
72334,1,7,6,20.482792049201457
72350,1,7,8,25.898885078989558
72352,1,7,10,19.466911435169138
72371,1,7,9,14.696619354168789
72373,1,7,7,1.2434648000388677
72385,1,7,1,26.38337761222331
72397,1,7,5,0.3700090141005197
72399,0,7,0,0.04691944491227148
72403,1,7,2,8.094355007228943
72404,1,7,9,22.22876938195757
72413,1,7,9,30.470970203207543
72419,1,7,3,3.123318364680324
72421,1,7,6,30.395445382302643
72433,1,7,8,12.95532707910308
72434,1,7,6,18.40568055533518
72449,1,7,4,0.3700090657260609
72458,1,7,6,21.684995821858788
72482,1,7,5,0.3700090141005197
72486,1,7,8,19.785803648406752
72496,1,7,4,0.3700090657260609
72524,1,7,5,0.3700090141005197
72540,1,7,6,8.912105781395182
72554,1,7,1,24.629942686057277
72562,1,7,4,0.3700090657260609
72577,1,7,9,16.946008355842924
72588,1,7,6,22.17579724838471
72601,1,7,9,27.749665596874706
72613,1,7,9,32.72126619453766
72617,1,7,6,29.3909495937938
72618,1,7,5,0.3700090141005197
72626,1,7,3,3.065562637062139
72627,1,7,1,19.001510172037804
72650,0,7,0,0.04620048300129653
72672,1,7,8,24.596782666131773
72696,0,7,0,0.03946870931798444
72713,0,7,0,0.02836954448155111
72714,1,7,4,0.3700090657260609
72719,1,7,4,0.3700090657260609
72738,1,7,4,0.3700090657260609
72755,1,7,8,5.048930951194098
72772,1,7,4,0.3700090657260609
72776,1,7,1,22.58443037548622
72780,1,7,8,10.55269997364703
72792,1,7,8,16.37408247621576
72793,1,7,3,2.132242102108553
72818,1,7,4,0.3700090657260609
72820,1,7,5,0.3700090141005197
72836,1,7,8,29.001025910217162
72850,1,7,3,2.960687250393311
72876,1,7,4,0.3700090657260609
72890,1,7,9,20.033807965138116
72896,1,7,9,27.142215856253827
72905,1,7,5,0.3700090141005197
72918,1,7,5,0.3700090141005197
72941,1,7,5,0.3700090141005197
72944,1,7,5,0.3700090141005197
72945,1,7,6,14.100340718452715
72948,1,7,4,0.3700090657260609
72955,1,7,6,27.118796378295063
72957,1,7,9,18.810258081987783
72961,1,7,9,15.62028449424152
72967,1,7,4,0.3700090657260609
72968,1,7,4,0.3700090657260609
72985,1,7,10,21.00624391375034
72999,1,7,8,14.916602193865883
73006,1,7,7,3.2491581139701986
73009,1,7,9,25.043219480238555
73023,1,7,10,18.850532687284026
73025,1,7,5,0.3700090141005197
73069,1,7,8,31.76322721868973
73074,1,7,5,0.3700090141005197
73079,1,7,6,9.348981431251863
73082,1,7,10,21.072857802686446
73083,1,7,6,13.23608896350524
73088,1,7,9,22.94605008283156
73109,1,7,8,19.001392053528942
73112,1,7,9,21.498649631021387
73117,1,7,5,0.3700090141005197
73123,1,7,9,17.054132889418366
73126,1,7,3,2.921175155708383
73130,1,7,6,7.252195168128145
73141,1,7,10,10.194109030862737
73142,1,7,10,12.762491116517161
73145,1,7,9,14.115836506420246
73157,1,7,7,2.995753469103133
73165,1,7,2,15.915888282364746
73167,0,7,0,0.04569981353476188
73179,1,7,4,0.3700090657260609
73200,1,7,5,0.3700090141005197
73204,1,7,8,10.803032560929958
73206,0,7,0,0.13185607971760616
73229,1,7,5,0.3700090141005197
73235,1,7,9,33.42895953311603
73250,1,7,8,20.23780859996913
73253,1,7,6,25.30601411077718
73255,1,7,6,17.99255116412513
73256,0,7,0,0.14814793547901994
73277,1,7,9,29.638690970721846
73283,1,7,10,26.017999790488016
73305,1,7,9,31.036601708462904
73316,1,7,8,5.131176670424898
73321,1,7,8,30.982201722855983
73326,1,7,4,0.3700090657260609
73327,1,7,8,35.33846174465957
73335,1,7,5,0.3700090141005197
73372,1,7,1,15.248242712812768
73382,1,7,6,18.05598431903797
73387,1,7,6,16.673033942269242
73408,1,7,8,3.222692847441326
73410,1,7,4,0.3700090657260609
73424,1,7,8,32.04187052080339
73433,1,7,8,35.337792747253
73434,1,7,1,25.47784993372821
73438,1,7,8,23.05838481475021
73439,1,7,6,28.55103342235747
73455,1,7,7,3.396511825512192
73460,1,7,2,3.042508225018181
73462,1,7,7,5.8380725935127336
73493,0,7,0,0.04484015683774678
73500,1,7,7,5.201335725106862
73504,1,7,4,0.3700090657260609
73513,1,7,8,31.085408295798064
73551,1,7,3,2.85922456280877
73560,1,7,8,23.531109892891042
73564,0,7,0,0.0334277424972
73575,1,7,4,0.3700090657260609
73580,0,7,0,0.043697021892368265
73611,1,7,9,22.801771794493476
73612,1,7,5,0.3700090141005197
73618,0,7,0,0.03125732685285328
73623,1,7,1,21.326248201082056
73624,1,7,6,14.142183707577406
73634,1,7,9,31.974620402035974
73666,1,7,5,0.3700090141005197
73670,1,7,9,20.6924719308542
73671,1,7,5,0.3700090141005197
73672,1,7,2,9.67396365994211
73675,1,7,7,3.4372204337577585
73693,1,7,6,12.952507043598164
73696,1,7,6,19.699985973615256
73725,1,7,5,0.3700090141005197
73742,1,7,6,15.143793718890043
73746,1,7,9,12.72057523288731
73751,1,7,10,19.566646392322458
73757,1,7,4,0.3700090657260609
73775,1,7,4,0.3700090657260609
73779,0,7,0,0.03213698437735058
73782,1,7,4,0.3700090657260609
73784,1,7,6,24.185166289615264
73785,1,7,8,15.82795908715657
73788,1,7,6,12.36537032971202
73791,1,7,4,0.3700090657260609
73797,1,7,9,24.088238122733234
73831,1,7,8,25.562207519843604
73832,1,7,8,34.851008870301705
73838,1,7,6,13.94323244021626
73842,0,7,0,0.042451414217250724
73851,1,7,2,6.3626952250194915
73855,1,7,6,12.844986752385827
73897,1,7,3,0.9349182907461425
73898,1,7,8,31.441497414459167
73907,1,7,1,8.267794307895052
73909,0,7,0,0.04658761891881789
73928,1,7,6,7.767982401403152
73934,1,7,3,1.3971767874039658
73955,1,7,4,0.3700090657260609
73978,1,7,6,23.53506011363334
73986,1,7,3,3.202849465981582
73999,1,7,9,24.845407838274767
74001,1,7,7,1.9967114764169986
74012,1,7,8,19.443974581124035
74034,1,7,5,0.3700090141005197
74048,1,7,5,0.3700090141005197
74055,1,7,6,17.467239606656687
74056,1,7,9,33.47800538090115
74065,1,7,5,0.3700090141005197
74068,1,7,6,28.151568309580842
74077,1,7,9,28.680406714025384
74085,1,7,6,6.352304085736928
74088,1,7,8,27.731091939978704
74098,1,7,8,11.981124652027106
74122,1,7,8,20.98023307398307
74155,1,7,6,18.137540638134194
74167,1,7,9,22.94805323865482
74178,1,7,6,7.957488356199154
74202,1,7,5,0.3700090141005197
74248,1,7,9,30.829108383725313
74259,1,7,5,0.3700090141005197
74260,1,7,1,5.715294435452473
74263,1,7,8,26.09052452969272
74274,1,7,7,4.548701905402154
74294,1,7,8,17.408098442891436
74295,1,7,5,0.3700090141005197
74314,1,7,10,16.295790509426382
74334,1,7,10,25.888265040631403
74342,1,7,9,14.142026283644219
74374,1,7,9,9.808232973675125
74396,1,7,9,24.41576308756184
74408,1,7,5,0.3700090141005197
74416,1,7,4,0.3700090657260609
74426,1,7,8,15.989098311797665
74434,1,7,6,17.618472791517704
74459,1,7,10,17.491093065365984
74461,1,7,5,0.3700090141005197
74466,1,7,2,9.661370662156868
74471,1,7,8,26.083081112290202
74475,1,7,6,27.553825526137764
74477,1,7,5,0.3700090141005197
74490,1,7,8,21.617368427475554
74503,1,7,8,18.828801574148297
74508,1,7,4,0.3700090657260609
74511,1,7,6,7.315186967487093
74518,1,7,1,17.6599275284298
74528,1,7,5,0.3700090141005197
74538,1,7,4,0.3700090657260609
74568,0,7,0,0.03583472087532939
74596,1,7,10,20.819073242313994
74606,1,7,10,16.292381336702192
74622,1,7,9,23.13175854675383
74623,1,7,6,29.338553320741465
74627,1,7,2,9.711105429401469
74632,0,7,0,0.031131773335018695
74652,0,7,0,0.032795956924874005
74671,1,7,9,25.108752486468624
74687,1,7,8,24.158284698359946
74699,1,7,5,0.3700090141005197
74701,1,7,6,28.70494404247413
74702,1,7,9,33.43388204715649
74718,1,7,5,0.3700090141005197
74719,1,7,4,0.3700090657260609
74725,1,7,2,9.019819748575173
74734,1,7,6,19.463818169546723
74735,1,7,1,11.479727962987734
74749,1,7,5,0.37000902039789374
74753,1,7,5,0.37000902039789374
74754,1,7,4,0.3700090657260609
74755,1,7,5,0.3700090141005197
74768,1,7,5,0.3700090141005197
74772,1,7,4,0.3700090657260609
74808,1,7,8,26.786914149012308
74823,0,7,0,0.035443498333006376
74830,1,7,7,6.437089376396267
74838,0,7,0,0.03661077546894943
74840,1,7,10,12.670344686976934
74860,1,7,9,20.5066804703512
74868,1,7,4,0.3700090657260609
74874,1,7,5,0.3700090141005197
74879,1,7,1,21.6175570930023
74880,1,7,10,16.404321063798566
74894,1,7,6,26.96639592728753
74897,1,7,10,26.052204308051937
74909,1,7,1,24.21987132784706
74924,1,7,8,20.429975979553713
74937,1,7,1,13.501812605340218
74956,0,7,0,0.12377818942225104
74963,1,7,5,0.3700090141005197
74964,1,7,5,0.3700090141005197
74979,1,7,9,28.948284393731257
74988,1,7,8,6.356512948824194
74989,1,7,3,2.9504061255986986
74995,1,7,2,11.16827454229055
74996,1,7,10,16.06535753460205
74997,1,7,1,19.712168737023084
75006,1,7,8,17.7933799946496
75018,1,7,4,0.3700090657260609
75025,1,7,1,19.327099966264534
75036,1,7,9,29.592186973795396
75037,1,7,9,8.485157464406182
75055,1,7,5,0.3700090141005197
75082,1,7,5,0.3700090141005197
75087,1,7,1,27.49283135843146
75099,1,7,5,0.3700090141005197
75106,1,7,8,3.8677747942297516
75122,1,7,1,27.51522384116324
75123,1,7,1,11.434552600366409
75125,1,7,9,9.344634942889565
75126,1,7,5,0.3700090141005197
75128,1,7,2,12.599091801746518
75129,1,7,9,18.712324591544316
75135,1,7,5,0.3700090141005197
75152,1,7,8,23.225251761889073
75157,1,7,7,2.215912081609694
75159,1,7,8,23.523705931236293
75162,1,7,8,9.09594139078778
75168,1,7,4,0.3700090657260609
75179,1,7,6,22.461498294490386
75182,1,7,5,0.3700090141005197
75192,1,7,1,14.382354592343601
75204,1,7,9,21.83991626627556
75242,1,7,8,34.29880509834326
75251,1,7,10,16.04983462167444
75262,1,7,8,20.088954142731712
75264,1,7,8,13.014707131018229
75266,1,7,7,0.34948878070348566
75284,1,7,7,6.21696658363493
75296,1,7,6,14.725152945222103
75297,1,7,8,23.82070415793027
75304,1,7,9,32.70255281157466
75311,1,7,4,0.3700090656202526
75312,1,7,7,4.921727807765891
75314,1,7,10,17.61302535192761
75321,1,7,4,0.3700090657260609
75327,1,7,4,0.3700090657260609
75329,1,7,9,32.8872181365855
75335,0,7,0,0.047131757540248176
75338,1,7,8,21.639974118914633
75344,1,7,5,0.3700090141005197
75345,1,7,1,24.353763480689043
75346,1,7,6,28.656123256912338
75347,1,7,6,22.613431501031233
75357,1,7,9,17.128470449897645
75360,1,7,7,6.279833033656374
75364,1,7,5,0.3700090141005197
75372,1,7,5,0.3700090141005197
75376,1,7,8,8.336125569620355
75382,1,7,4,0.3700090657260609
75389,1,7,4,0.3700090657260609
75395,1,7,9,15.04254415377385
75414,1,7,1,28.057515838046385
75426,1,7,9,8.420357200887425
75462,1,7,6,9.062508950741393
75467,1,7,2,9.441000652551548
75490,1,7,9,12.824459167186474
75505,1,7,9,30.733229944834186
75509,1,7,9,33.61863608078393
75514,1,7,8,16.29974331082201
75528,1,7,5,0.3700090141005197
75537,1,7,5,0.3700090141005197
75542,1,7,8,18.008778110479465
75543,1,7,7,4.395855354285724
75554,0,7,0,0.02908464684909216
75556,1,7,9,13.711043863839759
75561,1,7,4,0.3700090657260609
75566,1,7,7,5.609488226253496
75591,1,7,1,14.359132592204341
75594,1,7,8,31.111378660269747
75598,1,7,9,9.587120830134687
75616,1,7,8,20.889469280483656
75618,1,7,5,0.3700090141005197
75619,1,7,10,22.159810577669464
75631,1,7,9,23.816888938266707
75634,1,7,9,12.130794610217794
75648,1,7,9,31.08986266601804
75656,1,7,9,9.272612932437369
75670,1,7,8,29.22991106763428
75680,1,7,9,6.336955507481555
75691,0,7,0,0.04679644395157255
75695,1,7,4,0.3700090657260609
75697,1,7,5,0.3700090141005197
75703,1,7,2,12.55603813819436
75716,1,7,4,0.3700090657260609
75717,1,7,8,24.532533465548827
75719,1,7,6,20.758635649162112
75753,1,7,4,0.3700090657260609
75769,0,7,0,0.05144246887106052
75782,1,7,4,0.3700090657260609
75785,1,7,6,14.88630032808955
75790,1,7,5,0.3700090141005197
75810,1,7,9,28.940438380915413
75827,1,7,8,23.25344435637912
75841,1,7,4,0.3700090657260609
75863,1,7,6,19.29282460149788
75876,1,7,8,34.191660188288154
75885,1,7,9,32.69098615206211
75902,1,7,10,13.43258557079819
75910,1,7,1,6.879368993419494
75912,1,7,9,22.977589537651767
75918,0,7,0,0.04655475960382931
75922,1,7,8,13.416376452067901
75924,0,7,0,0.04714983526116933
75928,1,7,5,0.3700090141005197
75942,1,7,7,0.6664940426695097
75958,1,7,4,0.3700090657260609
75960,1,7,6,23.32781892862068
75966,1,7,6,28.144090762759436
75975,1,7,10,15.882259989846798
75980,1,7,5,0.3700090141005197
75989,1,7,8,15.845850548210962
75991,1,7,9,33.55266975730574
76016,1,7,7,0.9272889313911733
76027,1,7,6,29.08322963154
76030,1,7,9,12.799138853880631
76035,1,7,1,17.028561567927795
76041,1,7,5,0.3700090141005197
76043,1,7,2,4.534994522701755
76050,1,7,2,4.007891109714104
76065,1,7,5,0.3700090141005197
76103,1,7,6,28.74104192286608
76115,1,7,5,0.3700090141005197
76156,1,7,6,9.465185919757797
76163,1,7,5,0.3700090141005197
76164,1,7,8,33.30656401705266
76167,1,7,6,24.423416209772245
76172,1,7,1,14.404705254571565
76183,1,7,6,20.48204816757239
76187,1,7,4,0.3700090657260609
76208,1,7,5,0.3700090141005197
76221,1,7,9,26.92906535506303
76223,1,7,1,26.9004923908766
76225,1,7,1,8.03570530928704
76227,1,7,6,26.27332463557919
76239,1,7,10,10.421191401183146
76256,0,7,0,0.03255938019992744
76263,1,7,4,0.3700090657260609
76272,1,7,9,8.028587961371867
76291,1,7,9,22.35670100608197
76302,1,7,8,17.93818191564553
76310,1,7,7,5.068189916473269
76331,1,7,1,7.413178967336321
76338,0,7,0,0.03690990014252292
76344,1,7,8,10.268697339316764
76359,1,7,8,31.448990546903964
76364,1,7,3,3.267395037873796
76383,1,7,3,1.0555102274053934
76386,1,7,3,3.1469497250367304
76399,1,7,8,32.689780753787645
76405,1,7,8,25.94542014715814
76418,1,7,5,0.3700090141005197
76425,1,7,9,12.922064060842068
76431,1,7,9,6.003668000778284
76437,1,7,9,21.0569161494621
76438,1,7,6,21.61769286516372
76445,1,7,8,30.84809052239948
76462,1,7,5,0.3700090141005197
76475,1,7,9,29.562385598988953
76476,1,7,6,6.64870993200504
76479,1,7,2,11.23784865416382
76482,1,7,1,27.72545513299585
76487,1,7,9,23.600178946512433
76532,1,7,9,23.655425554131465
76548,1,7,6,11.336559973516886
76558,1,7,4,0.3700090657260609
76560,1,7,5,0.3700090141005197
76562,1,7,6,12.713449801442337
76582,1,7,10,7.03465874606306
76589,1,7,2,13.747981953928255
76596,1,7,9,21.49658393548014
76605,1,7,6,13.468665348918767
76611,1,7,10,15.880140428846174
76617,1,7,6,18.394292195601732
76620,1,7,5,0.3700090141005197
76634,1,7,5,0.3700090141005197
76636,1,7,9,8.348494962572415
76639,1,7,8,7.71271749638742
76650,1,7,7,2.4619223527684615
76653,1,7,5,0.3700090141005197
76674,1,7,6,17.38312481557141
76690,1,7,4,0.3700090657260609
76706,0,7,0,0.03249053794701108
76723,1,7,10,6.056773184751392
76731,1,7,6,17.04378864941348
76737,1,7,6,23.468421173480674
76743,1,7,9,32.37853420094534
76748,1,7,4,0.3700090657260609
76771,1,7,1,8.350308038914132
76789,1,7,10,9.355963611240366
76814,1,7,6,29.646336842260254
76829,1,7,4,0.3700090656202526
76857,1,7,5,0.37000902039789374
76869,0,7,0,0.03634416603175778
76883,0,7,0,0.021152845796287872
76886,1,7,6,28.658912509850335
76896,1,7,6,16.618525008909728
76898,0,7,0,0.035406809346285074
76904,1,7,4,0.3700090657260609
76910,1,7,9,17.58913764433076
76915,1,7,9,10.767250447808484
76919,1,7,8,35.33843324052682
76934,1,7,2,12.889918557724751
76936,1,7,5,0.3700090141005197
76943,1,7,5,0.3700090141005197
76952,1,7,7,3.876220303979895
76956,1,7,9,33.0244517353109
76959,1,7,8,21.93895336447598
76960,1,7,10,3.4700292749574824
76979,1,7,7,6.079541879211206
76984,1,7,2,14.236983194863942
76991,1,7,5,0.3700090141005197
76993,1,7,9,17.019290592036665
76997,1,7,10,19.334892936916198
77000,1,7,4,0.3700090657260609
77009,1,7,6,7.767037289379209
77012,1,7,6,7.432635329848689
77014,1,7,1,20.051719315662165
77032,0,7,0,0.04335987749502501
77045,1,7,3,3.224648550087713
77053,1,7,4,0.3700090657260609
77059,1,7,10,15.246052061978254
77070,0,7,0,0.08632195951089441
77081,1,7,8,29.946520741262198
77083,1,7,7,2.89405236946888
77087,1,7,6,22.559044298315953
77090,1,7,3,1.3814627598677307
77096,1,7,8,17.919702307224647
77116,1,7,7,2.69602953095482
77139,1,7,4,0.3700090657260609
77142,1,7,1,9.180903697924998
77158,1,7,5,0.3700090141005197
77162,0,7,0,0.07642990022181675
77187,1,7,7,5.028427647014267
77194,1,7,5,0.3700090141005197
77208,1,7,8,25.28626573250729
77219,1,7,9,13.376064075895556
77245,1,7,3,3.128277258019176
77256,1,7,10,17.896361562912844
77264,1,7,9,22.57185133392826
77268,1,7,10,18.857138892264302
77272,1,7,8,18.876444553169843
77273,1,7,5,0.3700090141005197
77283,1,7,5,0.3700090141005197
77286,1,7,4,0.3700090657260609
77311,1,7,8,5.343578033491986
77314,1,7,3,2.989142170373971
77317,1,7,5,0.3700090141005197
77322,1,7,2,9.0599039228659
77323,1,7,9,31.175029830325805
77324,1,7,9,32.71530733115413
77325,1,7,10,26.04081336611306
77336,1,7,10,23.65988057901373
77352,1,7,6,6.844303460468127
77387,1,7,5,0.3700090141005197
77388,1,7,9,26.49840805868187
77404,1,7,8,15.061523768679963
77409,1,7,7,0.861223935095522
77423,1,7,9,28.098562201188404
77447,0,7,0,0.03351318234002219
77460,1,7,10,13.586692173168288
77465,1,7,3,3.095474173716105
77467,1,7,6,25.092736578947758
77483,1,7,6,9.325807336862662
77484,1,7,8,29.205700829259044
77497,1,7,6,26.474074682738163
77499,1,7,9,24.26117196646391
77511,0,7,0,0.04696258721327717
77517,1,7,6,6.1652050327693795
77531,0,7,0,0.028577307353974835
77541,1,7,9,23.665102484198794
77554,1,7,4,0.3700090657260609
77559,1,7,8,26.480147584688133
77560,0,7,0,0.03717160908043555
77564,1,7,4,0.3700090657260609
77569,1,7,6,20.649882104071807
77573,1,7,6,18.388242508087195
77581,1,7,10,5.79047033874995
77583,1,7,9,5.646605899781318
77586,1,7,4,0.3700090657260609
77595,1,7,5,0.3700090141005197
77604,1,7,9,27.144409675329463
77609,1,7,5,0.3700090141005197
77610,1,7,1,9.81372720607568
77620,1,7,4,0.3700090657260609
77621,1,7,7,3.4613049894735357
77637,1,7,6,25.794546669319097
77641,1,7,9,22.75185235558299
77650,1,7,1,12.380864690096342
77659,1,7,5,0.3700090141005197
77688,1,7,10,18.108810274656957
77705,1,7,6,16.647054322498814
77706,1,7,1,20.79248093184456
77726,1,7,8,9.54812897337537
77727,1,7,8,29.58016348632339
77763,1,7,10,22.973430735459065
77777,1,7,8,13.831117666065666
77778,1,7,10,24.451667436360562
77786,1,7,4,0.3700090657260609
77789,1,7,8,35.950461688798406
77794,1,7,8,12.204325706536334
77819,1,7,10,23.971237559549955
77845,1,7,6,17.676679214026784
77861,1,7,4,0.3700090657260609
77867,1,7,1,13.731079333968527
77870,1,7,5,0.3700090141005197
77882,1,7,7,4.5427174519306215
77883,1,7,10,13.954002923497193
77904,1,7,7,2.7797694618023843
77926,1,7,2,3.515208190932873
77953,1,7,9,28.568102810476947
77960,1,7,5,0.3700090141005197
77966,1,7,1,16.21110037944296
77979,1,7,6,23.967600050333772
77997,1,7,9,33.48729759561249
78014,1,7,10,14.859349056236134
78018,1,7,8,28.217851962847657
78023,1,7,1,21.590435952363315
78036,1,7,6,5.934907260499407
78061,1,7,5,0.37000902039789374
78067,1,7,1,5.210165763834572
78071,1,7,6,9.898674837912807
78074,1,7,3,2.6428440278573073
78085,1,7,7,3.4979220078507516
78087,1,7,10,13.129197525383098
78110,1,7,9,20.021595344687192
78120,1,7,1,23.495853506314898
78126,1,7,8,22.409117085260288
78150,1,7,4,0.3700090657260609
78168,1,7,1,20.494861202828115
78173,1,7,6,14.468426598875766
78191,1,7,9,6.392666385627397
78196,1,7,5,0.3700090141005197
78209,1,7,9,14.436213894491233
78210,1,7,5,0.3700090141005197
78220,1,7,6,15.073613235021458
78223,1,7,4,0.3700090657260609
78225,1,7,7,0.34524652642874293
78233,1,7,6,26.355309967884736
78237,1,7,9,25.661392748962705
78316,1,7,7,0.6571108131636246
78322,1,7,9,33.75232876469578
78323,1,7,8,34.6373100778684
78333,1,7,5,0.3700090141005197
78347,1,7,4,0.3700090657260609
78352,1,7,1,24.264166730553644
78361,1,7,8,2.4541102184049945
78367,1,7,6,10.257869836187568
78389,1,7,8,25.69565662391552
78404,1,7,7,0.9164851178019618
78408,1,7,9,24.310308270556973
78414,1,7,5,0.37000902039789374
78419,1,7,4,0.3700090656202526
78425,1,7,8,11.363888753993058
78433,1,7,5,0.3700090141005197
78458,1,7,9,7.92694664496736
78479,1,7,2,7.813150582919522
78498,1,7,6,8.129931912942247
78502,1,7,10,24.399808146199376
78511,1,7,9,24.91243163391996
78515,1,7,8,36.03584552948232
78518,0,7,0,0.04523214755490019
78522,1,7,9,23.23567510179525
78531,1,7,6,13.849321593999
78551,0,7,0,0.05347775495249092
78555,1,7,3,1.8979470383189434
78562,1,7,4,0.3700090657260609
78563,1,7,4,0.3700090657260609
78581,1,7,5,0.3700090141005197
78592,1,7,1,12.99370298737907
78597,1,7,4,0.3700090657260609
78600,1,7,8,26.062370929381114
78627,1,7,9,11.488773515991452
78638,1,7,4,0.3700090657260609
78640,1,7,8,27.812812552417082
78645,1,7,6,25.079260366552905
78653,1,7,10,13.691649834683146
78658,1,7,4,0.3700090657260609
78674,1,7,9,21.934032455236995
78679,1,7,6,8.1440127735345
78685,1,7,8,33.69196380701694
78698,1,7,4,0.3700090657260609
78708,1,7,9,30.23451792211984
78721,1,7,4,0.3700090656202526
78731,1,7,9,31.41962472379725
78732,0,7,0,0.03293682798497325
78740,1,7,6,14.250645066068692
78757,1,7,7,6.443933726426574
78795,0,7,0,0.07106735066821848
78824,1,7,9,5.712475285797467
78832,1,7,10,3.47061206984296
78836,1,7,9,29.728857121719074
78838,1,7,8,27.3116395669069
78848,1,7,9,20.07286631658796
78851,1,7,10,14.321123017731715
78865,1,7,7,2.8205274225840573
78869,1,7,1,25.83531881589898
78878,1,7,1,26.584324207821695
78881,1,7,8,12.768434040215935
78885,1,7,5,0.3700090141005197
78892,1,7,7,1.428527560051734
78905,1,7,5,0.3700090141005197
78936,1,7,8,8.678393995436512
78937,1,7,2,10.01615084668901
78949,1,7,8,17.503168875089425
78951,1,7,6,4.833675242664997
78955,1,7,8,6.230883339695515
78957,1,7,9,27.863749631396143
78962,1,7,6,22.635351587759587
78965,1,7,10,16.042558085148475
78968,1,7,5,0.3700090141005197
78969,1,7,6,8.054269032426657
78988,1,7,10,15.840761859657178
79004,1,7,6,25.19747329837049
79010,1,7,10,26.01945327633062
79027,1,7,9,17.52731381338015
79037,1,7,6,29.223661160120393
79044,1,7,8,9.241066140886788
79050,1,7,2,8.477546406086148
79059,1,7,9,23.200006740672073
79060,1,7,8,29.925622527865926
79063,1,7,5,0.3700090141005197
79065,1,7,8,29.214572550890168
79067,1,7,8,7.77150010209658
79068,1,7,6,22.089174309791343
79073,1,7,5,0.3700090141005197
79074,1,7,4,0.3700090657260609
79084,1,7,4,0.3700090657260609
79087,1,7,9,20.505983778292208
79097,1,7,6,29.058410041632428
79111,1,7,9,15.461080294627285
79128,1,7,4,0.3700090657260609
79133,1,7,6,22.179827392798668
79140,1,7,4,0.3700090657260609
79146,1,7,10,11.941463779561865
79157,1,7,9,22.171968191233017
79165,1,7,5,0.3700090141005197
79172,1,7,1,12.309803510300917
79176,1,7,2,11.498728026037144
79208,0,7,0,0.03767857142681476
79228,1,7,6,21.634283859869193
79258,1,7,7,6.026190058259336
79268,1,7,10,22.703361259678317
79271,1,7,9,21.39100077252828
79306,1,7,1,26.204855457999795
79309,0,7,0,0.0288627018690624
79312,1,7,8,25.51550223670934
79313,0,7,0,0.03144560933167351
79334,1,7,10,23.656494942028253
79336,1,7,2,14.791981212264886
79337,1,7,6,22.284986661870988
79345,1,7,3,1.3953030681319079
79347,1,7,3,1.5287225853215274
79353,1,7,8,13.46392829815623
79374,1,7,10,7.2902265417654695
79378,1,7,10,18.064035690701097
79393,1,7,9,15.167613093999988
79394,1,7,10,25.185661821282228
79405,1,7,10,13.700104771289544
79436,1,7,10,16.803718783256937
79437,1,7,6,22.62905092237751
79446,1,7,9,5.3415217275693
79450,1,7,9,23.998115790453298
79482,1,7,4,0.3700090657260609
79488,1,7,6,19.834113153792476
79490,1,7,8,16.840410388153437
79511,1,7,1,19.681783039653226
79522,1,7,9,32.57331710920465
79525,1,7,10,5.786152496801981
79528,1,7,6,28.066868820366217
79538,1,7,5,0.3700090141005197
79541,1,7,8,32.69993316805992
79561,1,7,2,8.689054559631673
79572,1,7,3,3.2424624567539198
79573,1,7,8,18.31939794048303
79578,1,7,9,24.93221449599519
79585,1,7,9,23.51027107048395
79590,0,7,0,0.04232043266397196
79601,1,7,9,10.208307992097753
79605,1,7,4,0.3700090656202526
79608,1,7,9,31.3019123929219
79611,1,7,9,22.109675866024652
79615,1,7,6,20.340373725706623
79633,0,7,0,0.035743110036621395
79635,1,7,6,11.99250159600685
79663,1,7,10,20.724506331645205
79676,1,7,9,23.015072263956128
79678,1,7,4,0.3700090657260609
79703,1,7,2,8.565996495742136
79707,1,7,1,9.06297691535
79727,1,7,1,25.663821525247936
79735,1,7,2,2.8631641715458653
79740,1,7,1,11.556373433723081
79741,1,7,5,0.3700090141005197
79752,1,7,10,4.515759837210534
79756,1,7,4,0.3700090657260609
79765,1,7,1,23.579244809711152
79766,1,7,8,11.103034949924465
79770,1,7,9,12.697401347485544
79778,1,7,9,32.835586501523316
79780,0,7,0,0.04658907346195743
79785,1,7,4,0.3700090657260609
79796,1,7,8,32.51668315747195
79811,1,7,10,16.950688684172
79822,1,7,7,5.939861188438874
79825,1,7,10,25.503537156729795
79830,1,7,4,0.3700090657260609
79831,1,7,4,0.3700090657260609
79868,1,7,9,31.24632965907601
79870,1,7,4,0.3700090657260609
79874,1,7,6,20.909280448776634
79880,1,7,5,0.37000902039789374
79889,1,7,6,10.502944457928702
79905,1,7,8,13.385764657141557
79910,1,7,6,13.096981865857137
79917,1,7,8,21.142783353028374
79924,1,7,2,16.133284673568088
79926,1,7,5,0.3700090141005197
79940,1,7,10,19.777190026345465
79941,1,7,9,26.103321209024827
79965,1,7,4,0.3700090657260609
79969,1,7,3,1.6791650851248208
79971,1,7,9,14.234698865871671
79975,1,7,6,30.201044780384972
79977,1,7,9,32.8149192573152
79979,1,7,1,13.174854834727547
80017,1,7,5,0.3700090141005197
80039,1,7,4,0.3700090657260609
80059,1,7,8,22.81103669231914
80066,1,7,7,1.5543169801229904
80067,1,7,3,3.213439961894026
80081,1,7,3,3.0528463316945906
80087,1,7,6,29.466150786450683
80094,1,7,6,29.76551327212267
80114,1,7,4,0.3700090657260609
80115,1,7,7,6.415091278099224
80154,1,7,8,20.94756467854753
80155,1,7,4,0.3700090657260609
80157,1,7,10,9.914312296748585
80195,1,7,9,3.5745437349422495
80203,1,7,9,31.334420634372314
80205,1,7,9,22.471133751448054
80210,1,7,1,18.394858647867366
80230,1,7,3,1.6524197528492182
80231,1,7,5,0.37000902039789374
80233,1,7,4,0.3700090657260609
80248,1,7,3,2.9676545557557787
80254,1,7,10,25.798246904181337
80259,1,7,7,4.710070384775607
80260,1,7,8,35.24824944150403
80263,1,7,6,13.218314290792911
80268,1,7,5,0.3700090141005197
80279,1,7,10,5.659881400527333
80288,0,7,0,0.025970269208237758
80291,1,7,6,10.184678271189526
80298,1,7,1,14.094312037331925
80320,1,7,7,2.8440839126596593
80326,1,7,9,14.176153239161954
80332,1,7,1,25.642560309756483
80347,1,7,5,0.3700090141005197
80350,1,7,6,21.562673386108266
80363,1,7,9,20.45578197389636
80368,1,7,9,30.7382121870914
80383,1,7,6,28.990068770377302
80384,1,7,9,15.833610393045255
80396,1,7,9,15.95859973889195
80403,0,7,0,0.20187565940787539
80407,1,7,6,29.836846853981605
80412,1,7,8,10.080884660465085
80414,1,7,8,35.65736522178957
80443,1,7,8,16.22315520286141
80450,1,7,9,17.213088362954288
80452,1,7,5,0.3700090141005197
80466,1,7,8,24.350703811353096
80481,1,7,2,10.062524284706395
80485,1,7,6,5.445575972510615
80489,1,7,6,19.452590904792576
80491,1,7,8,9.928799863239814
80501,1,7,4,0.3700090657260609
80503,1,7,6,23.715692295230006
80509,1,7,9,8.955864452727134
80514,1,7,8,28.864177083441728
80564,1,7,5,0.3700090141005197
80565,1,7,10,17.102672682192527
80566,1,7,8,29.22604319991692
80571,0,7,0,0.04712533360154507
80574,1,7,4,0.3700090657260609
80597,1,7,5,0.3700090141005197
80603,1,7,10,16.82021011437276
80611,1,7,5,0.3700090141005197
80621,1,7,5,0.3700090141005197
80626,1,7,6,26.237703193201284
80644,1,7,8,32.5720265949208
80658,1,7,4,0.3700090657260609
80677,1,7,9,13.398829872602116
80679,1,7,5,0.3700090141005197
80729,1,7,9,19.984195102280736
80738,1,7,1,23.917809665779227
80741,1,7,10,25.564073440067137
80742,1,7,8,28.826535091513875
80744,1,7,2,2.599330135925809
80759,1,7,6,23.694324538926253
80777,1,7,9,23.65380001188006
80792,1,7,8,35.95020609391177
80795,1,7,6,22.48138482283916
80800,1,7,6,25.30394325416924
80813,1,7,8,24.684282452362268
80822,1,7,2,12.847139104736922
80849,1,7,5,0.37000902039789374
80860,1,7,8,16.386885605345228
80879,1,7,4,0.3700090657260609
80883,1,7,3,3.0046568633444815
80892,1,7,6,29.988518952276536
80899,1,7,6,11.804630960760239
80905,1,7,4,0.3700090657260609
80906,1,7,8,31.2276405761844
80924,1,7,9,24.677021270864824
80944,1,7,5,0.3700090141005197
80946,1,7,1,27.661796072715475
80951,0,7,0,0.09267090994948758
80961,1,7,5,0.3700090141005197
80974,1,7,6,22.562323530492392
80999,1,7,1,22.7764737324467
81013,1,7,10,16.208188113758194
81017,1,7,5,0.3700090141005197
81023,1,7,8,34.557845267678836
81024,1,7,10,7.7834072780374886
81029,1,7,10,12.7762420405886
81041,1,7,6,22.22084593144445
81045,1,7,6,29.44715315958603
81046,1,7,6,24.910620653924568
81052,1,7,5,0.3700090141005197
81062,1,7,9,33.61941986527168
81065,1,7,6,27.75028016123178
81066,1,7,5,0.3700090141005197
81075,1,7,9,21.47137505819122
81091,1,7,8,18.794815075801186
81101,1,7,9,20.649060320971984
81107,1,7,3,0.9424992140878659
81113,1,7,6,6.847783005703194
81121,1,7,5,0.37000902039789374
81125,1,7,1,16.5301712020136
81134,1,7,8,15.191421448337316
81136,1,7,10,10.447025636502625
81158,1,7,10,8.404709960231036
81161,1,7,10,7.7412297153787515
81167,1,7,8,13.400950120939722
81168,1,7,9,7.131979476668698
81182,1,7,9,20.04462657787368
81197,1,7,7,0.9731977862198091
81200,1,7,9,17.097447927453842
81204,1,7,7,3.4057511818037107
81221,1,7,1,13.955776221662132
81233,1,7,9,33.550782396489936
81237,1,7,6,8.144474361196819
81240,1,7,5,0.3700090141005197
81243,1,7,8,11.653378093494045
81249,1,7,9,31.283475060734485
81257,1,7,1,25.188496355179733
81261,1,7,5,0.3700090141005197
81262,1,7,9,32.90857364516328
81287,1,7,7,6.466424115257603
81298,1,7,9,16.99444014300112
81310,1,7,5,0.3700090141005197
81315,1,7,4,0.3700090657260609
81318,1,7,7,6.481710920671577
81321,1,7,8,19.59894105762647
81324,1,7,4,0.3700090657260609
81333,1,7,6,25.995090652107148
81343,0,7,0,0.03553761827701468
81345,1,7,6,21.919229276333002
81350,1,7,10,24.33379358793184
81351,1,7,8,13.426129858853207
81356,1,7,10,18.09635417534267
81365,1,7,4,0.3700090657260609
81367,1,7,8,23.214857092070414
81375,1,7,7,3.5430704145653507
81389,0,7,0,0.038873126774704954
81410,1,7,9,32.256917790900204
81414,1,7,9,12.250991678939274
81416,1,7,5,0.3700090141005197
81422,1,7,10,21.738392898529064
81439,1,7,8,13.355834681741685
81468,1,7,5,0.3700090141005197
81480,1,7,9,31.298689667021893
81481,1,7,3,1.4026941980261514
81482,1,7,6,7.798210493775815
81505,1,7,6,13.969077948099256
81507,1,7,7,2.2856364114085737
81517,1,7,7,6.403818006885744
81518,1,7,3,3.057030307444963
81532,1,7,9,32.86861389408561
81536,1,7,9,32.14490602546083
81548,1,7,6,23.256620510696774
81555,1,7,2,14.05009995200948
81558,1,7,10,18.2576889123993
81561,1,7,8,14.525613131497924
81565,1,7,7,1.7937691693405697
81579,1,7,4,0.3700090657260609
81581,1,7,5,0.3700090141005197
81595,1,7,10,5.264895256503937
81596,1,7,8,30.637496701927105
81604,1,7,7,2.1607591744949723
81606,1,7,4,0.3700090656202526
81609,1,7,10,4.7422831971147
81615,1,7,10,13.657964973643926
81634,1,7,9,20.968277007174724
81645,1,7,7,0.35227673752320415
81652,1,7,6,7.016262708118904
81657,1,7,10,21.6830395593143
81678,1,7,6,10.67251584543519
81704,1,7,10,21.703235845797142
81709,1,7,9,8.946631819897236
81716,1,7,5,0.3700090141005197
81718,1,7,1,21.5362672971946
81734,1,7,8,28.35695231877327
81735,1,7,8,21.664708949717518
81736,1,7,6,6.184145367786704
81742,1,7,10,9.835379647887677
81746,0,7,0,0.03591838733625975
81767,1,7,6,12.22358043550205
81784,1,7,6,24.884256228269912
81785,1,7,9,21.652238476671815
81786,1,7,7,5.611051205881774
81788,0,7,0,0.03893693067385032
81798,1,7,9,33.091975111326775
81816,1,7,4,0.3700090657260609
81844,1,7,9,17.347361087462467
81852,1,7,8,36.00567186764103
81870,1,7,6,26.597789254138053
81874,1,7,8,22.040405802657837
81876,1,7,10,23.416219788847698
81902,1,7,9,32.660402979511346
81909,1,7,8,23.518783013779107
81921,1,7,2,10.201582029697612
81926,1,7,8,22.754427075604003
81931,1,7,9,30.625438344737844
81934,1,7,4,0.3700090657260609
81936,1,7,8,28.28096216618152
81951,1,7,6,7.081891354798504
81962,1,7,5,0.3700090141005197
81968,1,7,10,15.423659262908185
81981,1,7,9,12.832019034128171
81996,1,7,5,0.3700090141005197
82001,1,7,6,19.17597178945637
82021,1,7,10,6.599409403507806
82035,1,7,8,7.7536490742282185
82048,1,7,9,30.810179691859275
82059,1,7,4,0.3700090657260609
82084,1,7,9,11.375731707087917
82088,1,7,10,19.776326455154408
82120,1,7,1,21.575305322595256
82124,1,7,5,0.3700090141005197
82125,1,7,10,24.738205847422627
82127,1,7,10,17.950903750279434
82130,1,7,9,16.427677625951826
82140,1,7,6,16.197425315030692
82144,1,7,3,3.1324133816770985
82170,0,7,0,0.021213190009159985
82172,1,7,2,13.480163130705122
82174,1,7,5,0.3700090141005197
82182,1,7,10,18.083295667932912
82186,1,7,9,9.798089386361957
82242,1,7,6,29.44269917550231
82248,1,7,3,1.868289429599818
82259,1,7,7,1.2313579682565545
82263,1,7,4,0.3700090657260609
82269,1,7,4,0.3700090656202526
82271,1,7,9,28.674720556244797
82272,1,7,1,16.169264760490208
82274,1,7,6,22.48504520687842
82281,1,7,6,12.839388529597874
82292,1,7,8,18.616068144398362
82304,1,7,7,0.8078488876334082
82306,0,7,0,0.03428827512201143
82336,1,7,9,33.1487257552702
82337,1,7,4,0.3700090657260609
82362,1,7,3,3.139224653434282
82366,1,7,2,5.301711486570778
82367,1,7,9,28.951139411331642
82385,1,7,9,18.370103815367575
82408,1,7,4,0.3700090657260609
82413,1,7,5,0.3700090141005197
82423,1,7,10,6.606745071438678
82429,1,7,4,0.3700090657260609
82469,1,7,2,13.232822420612088
82480,1,7,9,16.38970484421154
82497,1,7,6,24.261812305566302
82506,1,7,9,22.78547366815445
82507,1,7,8,14.63824687139092
82538,1,7,9,24.67814945892292
82543,1,7,4,0.3700090657260609
82551,1,7,6,14.316969516749388
82577,1,7,9,19.926590121207482
82608,1,7,9,30.376573108141656
82609,1,7,9,33.09782493723517
82615,1,7,6,17.173463512325444
82622,1,7,9,25.08540106608966
82660,1,7,4,0.3700090657260609
82666,1,7,10,15.574193953651541
82668,1,7,4,0.3700090656202526
82670,1,7,3,3.0705685138194214
82681,1,7,7,3.3035864262565457
82685,1,7,4,0.3700090657260609
82693,1,7,5,0.3700090141005197
82694,1,7,6,30.03318121822761
82701,1,7,4,0.3700090657260609
82702,1,7,9,33.33896085715501
82719,0,7,0,0.047016708759350274
82724,1,7,9,29.17389221790593
82731,1,7,10,18.31127452682599
82732,1,7,9,14.927632347193901
82742,1,7,10,6.9441969444426075
82786,1,7,5,0.3700090141005197
82797,0,7,0,0.04132409066963227
82811,1,7,8,23.67781327891767
82825,1,7,8,19.539887919187905
82863,1,7,1,12.326995178602465
82867,1,7,5,0.3700090141005197
82868,1,7,6,26.724903790857518
82883,0,7,0,0.03525964873104121
82891,1,7,5,0.3700090141005197
82917,1,7,9,17.867184372021526
82923,1,7,4,0.3700090657260609
82927,1,7,7,1.8731481287304623
82930,1,7,3,2.516865058991773
82937,1,7,1,6.928096541955327
82951,1,7,9,32.50473286211687
82974,1,7,6,26.19060715989474
82977,1,7,9,32.96911599289712
82978,1,7,7,5.4152445944767775
82995,1,7,9,19.939470857247834
83004,1,7,4,0.3700090656202526
83019,1,7,1,20.921697098188837
83020,1,7,5,0.3700090141005197
83037,1,7,5,0.3700090141005197
83044,1,7,10,4.880396532842639
83047,1,7,6,22.60074453467967
83049,1,7,7,3.4457875052789615
83052,1,7,5,0.3700090141005197
83087,1,7,8,16.60414901224575
83091,1,7,3,2.8517445395893017
83097,1,7,9,24.16926400835235
83101,0,7,0,0.03389449700303655
83104,1,7,9,22.50928189443185
83137,1,7,3,1.450614604709065
83140,1,7,6,15.791525000801093
83145,1,7,6,24.280914223731216
83146,1,7,4,0.3700090657260609
83148,1,7,8,15.213341105651754
83154,1,7,6,24.213962937398524
83158,1,7,5,0.3700090141005197
83167,1,7,4,0.3700090657260609
83176,1,7,9,25.09346126171417
83187,1,7,6,29.32999032683624
83189,1,7,9,30.733150769308633
83218,0,7,0,0.031004766316976556
83222,1,7,5,0.3700090141005197
83224,1,7,9,8.680014172231092
83229,1,7,8,17.4471907464492
83231,1,7,9,24.55481201444796
83239,1,7,7,2.5906189393036163
83246,1,7,9,24.85697800879454
83274,1,7,6,10.700613104036465
83285,1,7,6,22.349596401431896
83293,1,7,9,30.50098467964667
83295,1,7,6,19.265425730899516
83300,1,7,10,19.734600149446806
83317,1,7,5,0.3700090141005197
83320,1,7,5,0.3700090141005197
83321,1,7,9,5.021798002633993
83324,1,7,1,6.891108408760064
83327,1,7,8,31.521311545394106
83332,1,7,8,22.281210331233613
83338,1,7,9,32.197538523724894
83344,1,7,8,13.715636582754746
83346,1,7,9,26.03971796182718
83347,1,7,8,26.91844137978641
83348,1,7,7,6.463180885584981
83351,1,7,6,10.906009251834321
83363,1,7,4,0.3700090657260609
83378,1,7,8,21.94014724529948
83382,0,7,0,0.04714132018136505
83389,1,7,10,4.622557844504423
83406,1,7,4,0.3700090657260609
83437,1,7,9,23.265913521758648
83442,1,7,9,15.593653852925394
83450,1,7,9,23.5194860984259
83483,1,7,5,0.3700090141005197
83487,1,7,4,0.3700090657260609
83488,1,7,5,0.3700090141005197
83501,1,7,9,30.567231522062357
83503,1,7,6,14.553066534203111
83509,1,7,10,23.429692569175575
83511,1,7,1,20.947743327293292
83534,1,7,5,0.37000902039789374
83541,1,7,8,25.093011369067046
83552,0,7,0,0.03936103977088762
83554,1,7,10,18.395310519597917
83572,1,7,8,4.929452023833693
83580,1,7,9,24.349303487533543
83591,1,7,10,17.969169429428703
83596,1,7,8,13.02138768728529
83609,1,7,10,24.975553678637628
83627,1,7,4,0.3700090657260609
83635,1,7,4,0.3700090657260609
83645,1,7,9,25.020577256655443
83647,1,7,1,22.66316976029554
83657,1,7,6,18.42398390283501
83661,1,7,1,6.991524622594509
83662,1,7,6,17.90383789128841
83666,1,7,7,0.6039911162419024
83742,1,7,2,4.846854322585769
83748,1,7,7,4.611612210518911
83758,1,7,1,26.63199282626172
83759,1,7,4,0.3700090657260609
83764,1,7,8,22.648877500113752
83783,1,7,10,20.402845476563492
83790,1,7,8,3.138001144200527
83792,1,7,4,0.3700090657260609
83795,1,7,8,12.444418064653572
83809,1,7,7,6.352043429843903
83812,1,7,9,16.197727892490914
83819,1,7,8,14.76149382009808
83821,1,7,6,14.707117565833551
83823,1,7,9,30.846162297464314
83824,1,7,10,13.348599877015344
83844,1,7,9,9.984392830610087
83847,1,7,8,24.02769492964356
83851,1,7,6,26.14153945723892
83856,1,7,2,6.779455888035137
83857,1,7,8,19.322224465583062
83863,1,7,6,20.12001021804707
83874,1,7,8,24.66107726502237
83876,1,7,7,4.289956616949204
83892,1,7,10,11.956858222987766
83904,1,7,1,17.728064452426327
83919,1,7,6,26.132410321780352
83920,1,7,9,31.241645796464933
83922,1,7,9,23.80266757343538
83958,1,7,6,7.344460427517026
83961,1,7,8,18.391335910150193
84004,1,7,5,0.3700090141005197
84014,1,7,4,0.3700090657260609
84015,1,7,6,19.41606991986978
84031,1,7,4,0.3700090657260609
84050,1,7,5,0.3700090141005197
84055,1,7,8,18.4897955107291
84070,1,7,10,7.122470843146837
84073,1,7,1,21.675374803536425
84092,1,7,9,22.621353766410817
84118,1,7,10,9.791298169999171
84126,1,7,4,0.3700090657260609
84136,1,7,9,14.98681639841105
84141,1,7,2,8.18806112954353
84142,1,7,8,24.61217702188636
84157,1,7,7,6.495221350427961
84161,1,7,9,16.28557621453193
84162,1,7,4,0.3700090657260609
84185,1,7,1,26.68722129590605
84200,1,7,10,4.964587983720437
84201,1,7,1,26.31896866729813
84204,0,7,0,0.03634296630656319
84216,1,7,2,9.854632003372325
84234,1,7,8,23.635057815926405
84236,1,7,10,12.668477596312606
84266,1,7,10,20.909985728676002
84267,1,7,5,0.3700090141005197
84276,1,7,9,24.324065381493018
84281,1,7,6,11.379491145998033
84289,1,7,7,3.413077893595375
84293,1,7,9,24.714613356333622
84305,1,7,9,23.413851508382226
84309,1,7,4,0.3700090657260609
84316,1,7,3,3.221517903659687
84319,1,7,8,24.019281237631596
84328,1,7,6,12.75460417480336
84332,1,7,10,9.575608316240809
84334,1,7,7,1.929274298756982
84356,1,7,8,10.443148236496494
84373,1,7,6,8.585893911432755
84374,1,7,7,3.3016861929375203
84382,1,7,6,27.47762945998714
84397,1,7,9,14.443591773634532
84418,1,7,8,3.7342568676298904
84431,1,7,9,2.6183513241152174
84449,1,7,10,10.1477340396116
84461,1,7,8,29.86870447731035
84465,1,7,9,19.058326078072795
84479,1,7,5,0.3700090141005197
84485,1,7,9,33.47141933935545
84496,1,7,8,14.665113931775497
84513,1,7,5,0.37000902039789374
84517,1,7,5,0.3700090141005197
84522,1,7,6,8.452695142319259
84538,1,7,5,0.3700090141005197
84539,1,7,9,5.143349810545429
84548,1,7,5,0.3700090141005197
84559,1,7,5,0.3700090141005197
84561,1,7,9,24.443661330337473
84568,0,7,0,0.0441446180752088
84596,1,7,8,23.3885032784418
84598,1,7,5,0.3700090141005197
84645,1,7,9,10.545933033442882
84652,1,7,5,0.3700090141005197
84660,1,7,10,14.79000139011021
84662,1,7,9,32.476150503858584
84678,1,7,6,24.33738990597255
84705,1,7,9,5.207903604841209
84710,1,7,8,28.68253690382607
84722,1,7,9,3.190403168955771
84740,1,7,8,18.825550610452126
84778,1,7,8,31.459144923667864
84779,1,7,8,24.55665268350902
84787,1,7,5,0.3700090141005197
84790,1,7,9,9.789918141193716
84809,1,7,5,0.3700090141005197
84815,1,7,8,22.09837551223216
84816,1,7,9,31.6586783302969
84822,0,7,0,0.039109051304306246
84828,1,7,6,13.23372660363169
84840,1,7,2,11.723084675814263
84867,1,7,1,21.24403641053576
84877,1,7,4,0.3700090656202526
84881,1,7,9,6.433671345581095
84902,0,7,0,0.03342215817479893
84912,1,7,9,32.849013898758635
84915,1,7,4,0.3700090657260609
84922,1,7,4,0.3700090657260609
84929,1,7,9,33.30255406511981
84934,1,7,8,24.969552715236613
84942,1,7,9,7.8875750935313835
84967,1,7,10,19.03764245488095
84975,1,7,8,2.4274437401160323
84981,1,7,6,30.292394356164856
84989,1,7,2,15.19309971855475
84990,1,7,10,6.800845839990606
85006,1,7,4,0.3700090657260609
85015,1,7,4,0.3700090657260609
85017,1,7,9,14.145022792188605
85022,1,7,9,29.344165834680272
85033,1,7,5,0.3700090141005197
85041,1,7,4,0.3700090657260609
85046,1,7,9,33.51301565283596
85047,1,7,5,0.3700090141005197
85068,1,7,6,19.097300058573182
85084,1,7,8,5.700460171290752
85088,1,7,1,14.241214071741767
85097,1,7,4,0.3700090657260609
85101,1,7,5,0.3700090141005197
85109,1,7,2,0.8511773420014004
85136,1,7,10,17.37355597226925
85161,1,7,8,36.123023156506015
85162,1,7,6,22.234552417250008
85174,1,7,6,24.70617417813175
85179,1,7,5,0.37000902039789374
85183,1,7,6,5.539408689715776
85188,1,7,10,4.615727977873438
85194,1,7,9,24.534837739571707
85207,1,7,7,2.900724077024621
85213,1,7,5,0.3700090141005197
85224,1,7,5,0.3700090141005197
85226,1,7,8,28.43556630760339
85227,1,7,6,29.33698236183922
85240,1,7,5,0.3700090141005197
85245,1,7,4,0.3700090657260609
85246,1,7,9,23.95726883586183
85256,1,7,4,0.3700090657260609
85267,1,7,5,0.3700090141005197
85282,1,7,9,25.034932280551107
85295,1,7,1,11.399933770039723
85329,1,7,8,35.57220355813898
85361,1,7,9,15.37991168503648
85373,1,7,4,0.3700090657260609
85392,1,7,5,0.3700090141005197
85394,1,7,10,25.379956409651218
85396,1,7,8,11.631260798713477
85407,1,7,7,3.124159969279475
85417,0,7,0,0.04209704062419306
85418,1,7,8,5.369476166305925
85423,1,7,3,3.1863046030757065
85430,1,7,10,18.43454565890959
85447,1,7,6,18.905109275889068
85473,0,7,0,0.03400293800154509
85479,1,7,9,8.849077994335481
85482,1,7,7,1.1583228676878543
85487,1,7,9,12.04184251474508
85489,0,7,0,0.03477058711896544
85497,1,7,3,3.0234762900859384
85529,1,7,10,13.74359422943121
85530,1,7,1,27.320229258079213
85549,1,7,10,22.06372621232922
85565,1,7,8,11.051290333650405
85579,0,7,0,0.045696685946045874
85589,1,7,10,6.22978139542171
85604,1,7,6,29.51893947862072
85616,1,7,9,18.82428740434445
85643,1,7,5,0.3700090141005197
85652,1,7,8,26.28562940612783
85666,1,7,4,0.3700090657260609
85671,1,7,8,23.889921687965472
85686,1,7,8,18.374147776105215
85688,1,7,4,0.3700090657260609
85699,1,7,5,0.3700090141005197
85700,1,7,10,20.99247064795778
85706,1,7,6,29.307210891429158
85708,1,7,2,7.611656768883292
85712,1,7,6,15.540033754829624
85715,1,7,10,20.567690806667528
85723,1,7,6,16.25363661079711
85729,1,7,6,20.152560459079556
85741,1,7,5,0.3700090141005197
85756,1,7,4,0.3700090657260609
85761,0,7,0,0.029444340454889428
85767,1,7,5,0.9315402265792536
85771,1,7,9,30.623966341152464
85777,1,7,9,32.98182731321943
85804,1,7,8,25.78480926060396
85805,1,7,9,13.752519595224834
85838,1,7,8,31.7445364745077
85868,1,7,4,0.3700090656202526
85871,1,7,9,23.418709515759073
85875,1,7,5,0.3700090141005197
85882,1,7,6,15.043098600462837
85886,1,7,2,8.504685640887198
85897,1,7,9,26.93232633706052
85901,1,7,5,0.3700090141005197
85904,1,7,4,0.3700090657260609
85919,1,7,4,0.3700090657260609
85921,1,7,3,1.646556433069643
85936,1,7,6,29.771650866174088
85953,1,7,8,11.288707579163642
85962,1,7,9,19.454416217065578
85991,1,7,5,0.3700090141005197
86000,1,7,6,22.653895474323324
86008,1,7,9,24.860004858421956
86015,1,7,6,26.576295145701792
86021,1,7,4,0.3700090657260609
86036,1,7,9,25.28526976180873
86040,1,7,9,15.042419721016637
86042,1,7,10,7.131890669243668
86063,1,7,9,25.323102015191434
86064,1,7,10,6.798905633828988
86081,1,7,4,0.3700090657260609
86085,1,7,4,0.3700090657260609
86087,1,7,5,0.3700090141005197
86114,1,7,6,10.778213826727047
86115,1,7,3,2.41092228313998
86119,1,7,10,25.63487406583989
86135,1,7,9,27.036435012046745
86137,1,7,10,19.557032099550796
86139,1,7,6,25.346636225341978
86162,1,7,7,5.752496714978846
86174,1,7,2,16.286923637982824
86181,1,7,9,18.460271173858878
86193,1,7,1,11.371166440104316
86196,1,7,10,21.26296209991968
86211,1,7,6,23.742900572535877
86213,1,7,8,30.805941925040806
86226,1,7,9,12.33781814481049
86238,1,7,8,32.058106497854986
86244,1,7,5,0.3700090141005197
86252,1,7,10,18.132613657966754
86258,1,7,8,32.32917910985388
86267,1,7,4,0.3700090657260609
86277,0,7,0,0.0334514094648295
86283,1,7,1,22.394444052419065
86284,1,7,6,20.374816116964347
86319,1,7,5,0.3700090141005197
86326,1,7,4,0.3700090657260609
86327,1,7,9,21.314397340987266
86352,1,7,6,28.7649604658499
86353,1,7,1,12.461956686165504
86354,1,7,8,11.24467781103608
86356,0,7,0,0.03132016303891282
86358,1,7,8,24.752720252288857
86369,1,7,9,6.271020417966902
86393,1,7,6,19.895648332865044
86395,1,7,6,9.39876066185338
86424,1,7,8,11.10928066212343
86428,1,7,8,21.93474255873759
86429,1,7,6,27.88430661718221
86431,1,7,8,16.395187045331046
86457,1,7,7,5.237779172346357
86458,1,7,10,18.484407275987955
86460,1,7,1,26.466927727893328
86464,1,7,10,18.46809271929793
86484,1,7,5,0.3700090141005197
86491,0,7,0,0.030465954667452454
86511,1,7,10,22.334861286143155
86516,1,7,8,11.947608369714558
86522,1,7,2,11.503734991792525
86524,1,7,5,0.3700090141005197
86529,1,7,8,33.91901695640198
86534,1,7,8,16.359859782045614
86538,1,7,8,31.10722055205315
86541,1,7,5,0.3700090141005197
86542,1,7,8,24.100973023422608
86596,1,7,5,0.3700090141005197
86600,1,7,10,20.10977893922908
86605,0,7,0,0.04720279089849991
86610,1,7,6,24.362356257229898
86611,1,7,7,5.332727350062815
86624,1,7,4,0.3700090657260609
86625,1,7,9,22.84632196399889
86636,1,7,9,28.959513695053303
86666,1,7,6,12.71640343086739
86675,1,7,6,7.219492218978962
86706,1,7,6,7.913113051473553
86743,1,7,10,22.435398310583032
86746,1,7,8,21.726105797053776
86747,1,7,9,21.02388029414387
86766,1,7,2,9.273706182692147
86779,1,7,5,0.3700090141005197
86782,1,7,5,0.3700090141005197
86783,1,7,5,0.37000902039789374
86789,1,7,8,2.971862458051567
86807,1,7,2,8.811699999453383
86811,1,7,9,22.932296872196332
86816,1,7,5,0.3700090141005197
86851,1,7,9,32.238369896652756
86853,1,7,2,9.984925164049395
86859,1,7,8,25.424851132835382
86861,1,7,8,20.984079278085385
86865,1,7,4,0.3700090657260609
86879,1,7,5,0.3700090141005197
86882,1,7,4,0.3700090657260609
86895,1,7,9,14.546276426152797
86904,1,7,9,22.966361362596004
86909,1,7,9,13.425075181474972
86911,1,7,5,0.3700090141005197
86919,1,7,6,26.336257998479763
86920,1,7,5,0.3700090141005197
86922,1,7,8,14.796842455365162
86934,1,7,2,2.1222362912818844
86949,1,7,7,5.4024314935845625
86950,1,7,4,0.3700090657260609
86958,1,7,4,0.3700090657260609
86973,1,7,6,16.706802300186503
86979,1,7,9,32.032338439910355
86981,1,7,5,0.3700090141005197
86996,0,7,0,0.14455070275254
87028,1,7,5,0.3700090141005197
87054,1,7,5,0.3700090141005197
87055,0,7,0,0.039011200438365
87059,1,7,6,30.04098715284843
87065,1,7,9,16.54971548033051
87070,1,7,2,2.9823110494566625
87073,1,7,7,5.8733154882733
87075,1,7,4,0.3700090657260609
87094,1,7,9,10.110001324306246
87101,1,7,9,4.026893136755363
87117,1,7,10,16.80398914143232
87121,1,7,6,7.858016696211059
87124,1,7,10,16.8075068938119
87147,1,7,8,23.753661284455564
87162,1,7,10,25.278769133853725
87165,1,7,9,31.134424341840305
87173,0,7,0,0.03948468897412345
87176,1,7,10,10.833728424414431
87192,1,7,9,31.886736771286376
87195,1,7,10,16.996622262683324
87200,1,7,4,0.3700090657260609
87211,1,7,3,3.1471905231945536
87212,1,7,4,0.3700090657260609
87213,1,7,4,0.3700090657260609
87217,1,7,10,21.384623722453924
87225,1,7,2,9.968151719632091
87231,1,7,10,19.919315737315117
87232,1,7,5,0.3700090141005197
87255,1,7,9,33.63334151708765
87262,1,7,6,25.02678053849728
87266,1,7,9,26.479734710450828
87271,0,7,0,0.04285056704595102
87278,1,7,5,0.3700090141005197
87294,1,7,4,0.3700090657260609
87307,0,7,0,0.03258425107024405
87328,1,7,5,0.3700090141005197
87345,1,7,9,17.60350402223312
87351,1,7,1,21.39071500061178
87357,1,7,4,0.3700090656202526
87358,1,7,4,0.3700090657260609
87360,0,7,0,0.030848628231683883
87373,1,7,9,14.214594096115604
87375,1,7,9,19.903120949913472
87385,1,7,2,15.646725543786056
87402,1,7,10,3.9134076307850405
87403,1,7,9,33.222528724771664
87406,1,7,9,21.246001487908206
87410,1,7,3,3.1782332605394994
87424,1,7,10,19.44856464912319
87427,1,7,9,33.78183098749496
87430,1,7,8,5.674719422268379
87461,1,7,3,2.318160937207926
87467,1,7,10,6.125038919152736
87478,1,7,9,20.58637612057987
87482,1,7,1,25.950865375496186
87485,1,7,7,6.469479081603037
87492,1,7,5,0.3700090141005197
87505,1,7,9,33.642803580580484
87517,1,7,9,23.75039327258718
87522,1,7,8,3.1801057477037338
87534,1,7,5,0.3700090141005197
87543,1,7,9,32.94734450219029
87547,0,7,0,0.1307314894157328
87550,1,7,5,0.3700090141005197
87570,1,7,4,0.3700090657260609
87573,1,7,8,26.32280621784219
87576,1,7,8,14.582624272747355
87578,1,7,5,0.3700090141005197
87583,1,7,9,26.660951726055625
87590,1,7,7,2.6947013269400766
87591,1,7,5,0.37000902039789374
87601,1,7,5,0.3700090141005197
87608,0,7,0,0.04722439035665047
87609,1,7,5,0.3700090141005197
87628,1,7,9,27.01503062443698
87632,1,7,8,19.083272659585244
87637,1,7,8,25.903868412199866
87639,1,7,4,0.3700090657260609
87645,1,7,10,22.276171893091398
87671,1,7,9,28.590259034985525
87677,0,7,0,0.03885668437459492
87681,0,7,0,0.03631605488676935
87703,1,7,9,29.376445466792124
87707,1,7,5,0.3700090141005197
87710,1,7,4,0.3700090657260609
87716,1,7,8,24.793176244122073
87735,1,7,9,26.155345809726104
87770,1,7,1,14.045167706137539
87805,1,7,8,33.61525138298092
87841,1,7,9,30.719575309058907
87856,1,7,5,0.3700090141005197
87859,1,7,7,4.912175980806154
87869,0,7,0,0.03170757001172281
87871,1,7,10,3.4727897310787794
87896,1,7,6,10.879925261731051
87909,1,7,4,0.3700090657260609
87936,1,7,1,24.067397196847022
87945,1,7,8,9.589169866990412
87946,1,7,6,9.096056450237818
87952,1,7,8,24.034912883699164
87954,1,7,2,5.968231541698735
87958,1,7,5,0.37000902039789374
87969,1,7,7,5.553466105177738
87977,1,7,7,1.5081481214477708
87978,1,7,10,18.23287952977948
87985,1,7,6,30.504263208371977
88013,1,7,2,12.127018643274507
88016,1,7,8,20.53905353317056
88025,1,7,9,31.793001023394172
88028,1,7,10,18.61490150624271
88048,1,7,8,6.972109764829419
88049,1,7,9,30.85703924131901
88058,1,7,8,13.755517929353024
88063,1,7,5,0.3700090141005197
88068,1,7,9,13.084258916852775
88072,0,7,0,0.045888837620387785
88088,1,7,4,0.3700090657260609
88109,1,7,2,13.75620636012326
88121,1,7,5,0.3700090141005197
88126,1,7,5,0.3700090141005197
88132,1,7,6,16.513146290787653
88150,1,7,6,27.38620400444572
88153,1,7,9,14.616061179882276
88156,1,7,8,30.55062909853217
88166,0,7,0,0.02760482272415383
88172,1,7,9,19.218619132292147
88188,1,7,9,25.191434069423394
88199,1,7,4,0.3700090657260609
88200,1,7,8,24.550652070312033
88216,1,7,6,21.97890922098011
88226,1,7,7,6.075262532115653
88244,1,7,2,10.037397370143788
88247,1,7,1,19.28807292117057
88252,1,7,4,0.3700090656202526
88278,1,7,9,21.509692421599283
88302,1,7,6,9.288679592659951
88315,1,7,8,33.789180660013834
88318,1,7,1,19.731319155379673
88323,1,7,6,12.021703650271455
88346,1,7,9,21.62942063724737
88350,1,7,2,2.36609326133758
88356,1,7,10,9.83685359080382
88382,1,7,5,0.3700090141005197
88383,1,7,7,3.3978060872632496
88387,1,7,5,0.3700090141005197
88388,1,7,5,0.3700090141005197
88392,1,7,9,32.52100156732067
88395,1,7,8,11.42089143453197
88411,1,7,1,22.031908846728488
88413,1,7,6,12.817000142648558
88421,1,7,6,27.00479831190082
88425,1,7,5,0.3700090141005197
88426,1,7,1,27.73896858111467
88436,1,7,5,0.3700090141005197
88442,1,7,9,28.669511765980612
88460,1,7,7,5.3442661094917305
88474,1,7,4,0.3700090657260609
88497,1,7,10,7.631942416125285
88507,1,7,10,21.478707844166614
88509,1,7,2,1.979543441239824
88516,1,7,8,31.227948952736373
88517,0,7,0,0.037491106661747764
88523,1,7,4,0.3700090657260609
88525,1,7,3,3.217156053132821
88550,1,7,5,0.3700090141005197
88555,1,7,5,0.37000902039789374
88568,1,7,4,0.3700090656202526
88583,1,7,6,10.505710997034877
88589,1,7,8,16.09926623058277
88601,1,7,4,0.3700090657260609
88619,1,7,5,0.3700090141005197
88637,0,7,0,0.03888970320850794
88649,1,7,8,26.181449911713432
88658,1,7,7,6.4798268150647225
88660,1,7,6,19.96303807115017
88685,1,7,6,17.332869569561943
88692,1,7,8,31.95818406821055
88701,1,7,8,24.648782159302648
88705,1,7,8,25.639419429153048
88708,1,7,5,0.3700090141005197
88717,1,7,4,0.3700090657260609
88723,1,7,8,26.202419902171453
88730,1,7,10,7.6808736976019345
88732,0,7,0,0.0340277530714411
88757,1,7,9,14.401335604420428
88766,1,7,6,10.055412151184074
88775,1,7,3,2.6580120365835302
88789,1,7,1,21.478607094422202
88793,1,7,6,23.88899322714435
88794,1,7,7,6.014681830981287
88810,1,7,4,0.3700090657260609
88815,1,7,10,5.165156662874093
88816,1,7,4,0.3700090657260609
88835,1,7,4,0.3700090657260609
88840,1,7,5,0.3700090141005197
88850,1,7,5,0.3700090141005197
88857,1,7,5,0.3700090141005197
88862,1,7,9,33.587497904026364
88865,1,7,10,6.589337788099876
88914,1,7,6,29.98858361684836
88915,1,7,9,17.073814314447738
88935,1,7,4,0.3700090657260609
88942,1,7,6,28.059925593787728
88947,1,7,6,17.512828517911377
88954,1,7,10,25.922866300403037
88966,1,7,10,13.093994520434627
88968,1,7,6,26.34881582309009
88983,1,7,6,11.796927427682443
89007,1,7,6,21.079577897031715
89011,1,7,1,10.76273138883573
89014,1,7,5,0.3700090141005197
89015,1,7,9,32.453749385026185
89025,1,7,5,0.3700090141005197
89045,1,7,6,23.789669488631883
89057,1,7,7,2.543462567995928
89059,1,7,2,5.333618387095765
89090,1,7,8,30.21460810410258
89117,1,7,8,3.8204006060043514
89118,1,7,9,29.47751771207759
89119,1,7,2,16.46767830228689
89122,1,7,6,22.97236207024583
89177,1,7,8,17.200404161208365
89182,1,7,10,18.529978422433125
89201,1,7,4,0.3700090657260609
89203,1,7,4,0.3700090657260609
89209,1,7,9,19.632157320846773
89215,1,7,9,32.15867024482523
89217,1,7,6,7.428946240490103
89252,1,7,4,0.3700090657260609
89255,1,7,8,22.522680650374582
89270,1,7,1,5.926404531552022
89272,1,7,5,0.3700090141005197
89275,1,7,1,6.80588302507489
89298,1,7,8,22.832909023890508
89300,1,7,7,2.253263868685958
89309,1,7,8,30.22488461072957
89321,1,7,9,27.821473516274143
89323,1,7,7,1.1266921481711267
89340,1,7,9,9.548310062520953
89346,1,7,10,26.02932394287987
89380,0,7,0,0.03643614599049031
89381,1,7,1,27.13533538068052
89388,1,7,5,0.3700090141005197
89419,1,7,8,11.040671205047811
89420,1,7,3,2.5225642870328024
89424,1,7,9,23.4732013631189
89437,1,7,8,18.94192786516863
89476,1,7,8,27.11811739905346
89495,1,7,8,7.757077458811522
89498,1,7,6,17.484012397147033
89500,1,7,5,0.3700090141005197
89510,1,7,9,25.0058123397466
89511,1,7,10,9.171412867873007
89512,1,7,6,28.06544228230183
89517,1,7,6,21.368887404330124
89530,1,7,5,0.3700090141005197
89532,0,7,0,0.1200502592431907
89544,1,7,5,0.3700090141005197
89550,1,7,9,32.814165276946476
89554,1,7,4,0.3700090657260609
89569,1,7,8,19.005751202075693
89575,1,7,2,3.111604471833107
89580,1,7,2,8.971130318820078
89620,1,7,5,0.3700090141005197
89634,1,7,8,6.861768101840698
89660,0,7,0,0.039699203612531604
89663,1,7,9,20.336352236207023
89677,1,7,10,11.980439444044888
89686,1,7,3,3.2308408951457843
89716,1,7,1,17.190482915299718
89748,1,7,9,26.20787465344744
89749,1,7,9,10.36837627551745
89751,1,7,8,34.110631391591575
89764,1,7,8,33.03324817780172
89768,1,7,9,4.069308384571531
89777,0,7,0,0.06491662836509461
89784,0,7,0,0.03679136649295371
89787,1,7,5,0.3700090141005197
89789,1,7,9,11.065350582136467
89793,1,7,5,0.3700090141005197
89807,1,7,6,27.745297523737992
89812,1,7,9,23.619199661454505
89813,1,7,1,6.739042030068613
89828,1,7,9,8.60415756115323
89845,1,7,5,0.3700090141005197
89847,1,7,4,0.3700090657260609
89855,1,7,6,17.462106500864145
89857,1,7,7,0.34527833189413376
89858,1,7,6,7.835262408186798
89873,0,7,0,0.03214323781736967
89883,1,7,8,20.58190510389576
89908,1,7,8,19.87720844124482
89909,0,7,0,0.04678723492647151
89910,1,7,9,31.026789496218992
89919,1,7,9,29.37990741917647
89926,1,7,1,17.979589842818793
89930,1,7,8,33.805795457818434
89932,1,7,3,3.200744005264198
89945,1,7,4,0.3700090657260609
89947,1,7,6,29.94697126927376
89951,1,7,9,30.649752276830412
89954,1,7,10,3.5703943814282595
89955,1,7,6,14.66387806280246
89963,1,7,6,6.900014501169018
89969,1,7,8,24.170974963916805
89982,1,7,4,0.3700090657260609
89985,1,7,9,32.332934741328835
89987,1,7,8,32.57687534648439
90003,1,7,9,16.109183423133523
90017,1,7,6,9.236164913729064
90018,1,7,8,3.1743864729079356
90023,1,7,4,0.3700090657260609
90033,1,7,5,0.3700090141005197
90041,1,7,7,6.468226781587171
90049,1,7,6,9.762111617787486
90071,1,7,5,0.3700090141005197
90076,0,7,0,0.03316931792612968
90117,1,7,5,0.3700090141005197
90121,1,7,4,0.3700090657260609
90140,1,7,5,0.3700090141005197
90144,1,7,5,0.3700090141005197
90153,1,7,5,0.3700090141005197
90168,1,7,9,24.973920504738377
90175,1,7,4,0.3700090657260609
90179,1,7,4,0.3700090657260609
90188,1,7,10,8.823908028145418
90198,0,7,0,0.04475231249086902
90199,1,7,10,20.727442902273655
90202,1,7,5,0.3700090141005197
90209,1,7,6,22.764574448687522
90215,1,7,8,24.555022348092596
90220,1,7,8,17.775990520864454
90227,1,7,4,0.3700090657260609
90228,1,7,7,4.396243509681936
90230,1,7,6,22.87962606715314
90236,1,7,10,18.50974165376224
90251,1,7,9,32.6833008464423
90256,1,7,9,28.02778855212151
90268,1,7,8,5.446052560211802
90291,1,7,1,10.200460915518716
90303,1,7,6,22.209634554602413
90307,1,7,5,0.3700090141005197
90325,1,7,9,30.747533210747854
90331,1,7,7,5.097629632104423
90334,1,7,5,0.3700090141005197
90337,1,7,4,0.3700090657260609
90339,1,7,10,12.99235306019161
90392,1,7,8,25.93321843475041
90393,1,7,8,22.445388465446186
90395,1,7,2,3.23050314946693
90399,1,7,9,30.673748136292193
90409,1,7,8,20.685152265548606
90416,1,7,10,16.657347030967543
90418,1,7,5,0.3700090141005197
90419,1,7,9,12.396716521091715
90428,1,7,10,5.203382811731953
90441,1,7,10,11.361296024422932
90455,1,7,10,25.762158962161774
90462,1,7,3,3.1328147902483137
90470,1,7,3,3.0425832921140143
90492,1,7,6,15.112994542801832
90500,1,7,4,0.3700090657260609
90503,1,7,8,35.759448709769764
90507,1,7,6,26.986658761059765
90516,1,7,9,6.287419598008872
90547,1,7,6,28.78264752657782
90550,1,7,1,20.098937702587637
90556,1,7,7,6.236331459872835
90567,1,7,6,24.57632710844062
90572,1,7,9,24.653192030211862
90574,1,7,7,4.825233558967997
90576,1,7,1,21.580639711238366
90584,1,7,1,24.95011036469656
90596,1,7,6,24.980298288504525
90601,1,7,9,20.76607502382173
90606,1,7,9,18.41115929389259
90630,1,7,4,0.3700090657260609
90637,1,7,9,27.872238101275993
90644,1,7,9,27.838443728892575
90658,1,7,9,28.960620530518742
90670,0,7,0,0.03446058185387978
90674,1,7,6,9.545075983070246
90675,1,7,7,4.793976479595465
90683,1,7,9,32.18459948503134
90700,1,7,10,12.313222364058792
90711,1,7,10,7.629707194337714
90726,1,7,10,12.465436764179097
90728,1,7,8,30.437417366077668
90732,1,7,6,29.313464655427385
90745,0,7,0,0.17335749955442886
90750,1,7,9,31.865401962764686
90755,1,7,9,19.69146661462773
90757,1,7,6,22.44285066916155
90769,1,7,5,0.3700090141005197
90773,1,7,6,29.777818425533216
90782,1,7,4,0.3700090657260609
90783,1,7,6,29.361151780196323
90793,1,7,8,12.916923245382913
90794,1,7,5,0.3700090141005197
90814,1,7,9,16.060306111602213
90817,1,7,1,4.390756082495114
90820,1,7,1,11.561705513931216
90825,1,7,10,16.92467586690614
90834,1,7,9,31.861491846638764
90835,1,7,4,0.3700090657260609
90841,1,7,6,19.06171706573969
90867,1,7,6,26.003318589239537
90873,1,7,9,32.800124447722
90887,1,7,1,9.450416312252038
90891,1,7,5,0.3700090141005197
90925,1,7,1,9.6281211105922
90929,1,7,10,4.4175129408350795
90947,1,7,5,0.3700090141005197
90949,1,7,7,4.425104830504063
90965,1,7,10,17.583064893069842
90974,1,7,10,22.330011626371395
90977,1,7,6,8.360662048728358
90980,1,7,8,15.629765511514345
90981,1,7,2,9.614998677173954
90984,1,7,7,3.192853085993688
90988,1,7,10,7.415723054559096
91003,1,7,4,0.3700090656202526
91010,1,7,10,15.815145805488326
91038,1,7,9,23.8639909186916
91047,1,7,4,0.3700090657260609
91058,1,7,6,23.121747242823748
91067,0,7,0,0.033773116441003635
91072,0,7,0,0.03627762501271237
91075,1,7,4,0.3700090657260609
91104,1,7,8,9.542281099056899
91105,1,7,10,12.584539547726338
91120,1,7,1,18.991825516409648
91172,0,7,0,0.044970991850178575
91177,1,7,6,9.11447361685186
91184,1,7,9,22.97050731624818
91192,1,7,5,0.3700090141005197
91219,1,7,6,24.582360566576057
91222,1,7,1,23.97593045339164
91229,1,7,9,24.61741549295699
91230,1,7,10,10.12989586417644
91239,1,7,10,24.65804306694545
91240,1,7,5,0.3700090141005197
91244,1,7,8,13.9902507299441
91248,0,7,0,0.0386551419573548
91266,1,7,9,14.80541624861553
91277,1,7,6,17.115387160462447
91319,1,7,1,23.781296763266283
91332,1,7,6,16.163272853282766
91334,1,7,3,0.7314735284973393
91336,0,7,0,0.03381639126881055
91342,1,7,7,4.659436447734058
91344,1,7,3,3.2238675370935406
91358,1,7,4,0.3700090657260609
91371,0,7,0,0.18029141307919452
91380,1,7,8,33.285768162037535
91402,1,7,3,2.3632247434127795
91413,1,7,10,15.962501723985051
91420,0,7,0,0.04030627439818682
91429,1,7,5,0.3700090141005197
91430,1,7,4,0.3700090657260609
91437,1,7,9,21.24153032241622
91441,1,7,9,15.151830533901823
91456,1,7,10,9.199894323430428
91457,1,7,8,30.287340875892422
91466,1,7,1,22.161336308588947
91471,1,7,10,17.58182907616654
91473,0,7,0,0.03613110690868324
91505,1,7,5,0.3700090141005197
91511,1,7,4,0.3700090657260609
91524,1,7,9,22.405209426324493
91532,1,7,10,18.252680437978732
91536,1,7,4,0.3700090657260609
91544,1,7,9,31.090866541621786
91572,0,7,0,0.04714893273058931
91590,1,7,4,0.3700090657260609
91607,1,7,1,5.453253453020655
91627,1,7,5,0.3700090141005197
91629,1,7,2,6.407785693702934
91654,1,7,4,0.3700090657260609
91664,1,7,8,25.602613627258457
91665,1,7,6,22.391456687792985
91676,1,7,6,24.724749563278895
91682,1,7,7,6.316461772458627
91692,1,7,9,33.48735252023939
91703,1,7,8,26.213887594549046
91707,0,7,0,0.1542542260935577
91709,1,7,9,31.473894911322123
91713,1,7,1,25.7390214493814
91716,1,7,8,35.33094231525962
91750,1,7,1,8.707540210955456
91765,1,7,9,25.15661220822117
91780,1,7,2,10.67088935794183
91784,1,7,8,16.212010706182628
91803,1,7,8,7.117882405196848
91807,1,7,9,33.47763509985083
91836,1,7,9,29.228583278019638
91837,1,7,9,11.46452168222489
91839,1,7,4,0.3700090657260609
91857,1,7,1,15.046363189939669
91862,1,7,9,10.118312068585277
91900,1,7,4,0.3700090657260609
91954,1,7,3,3.150543233068712
91956,1,7,8,30.773429609594622
91965,1,7,1,25.834469981187308
91982,1,7,8,35.41100398009592
91987,1,7,6,20.566906255786073
92003,1,7,5,0.3700090141005197
92025,1,7,10,21.34798910203034
92026,1,7,4,0.3700090657260609
92047,1,7,4,0.3700090657260609
92055,1,7,8,23.36718680508577
92064,1,7,9,33.414325731780345
92069,1,7,4,0.3700090657260609
92073,1,7,9,8.240601093284686
92106,1,7,3,1.768731181243167
92112,1,7,5,0.3700090141005197
92116,1,7,2,7.13214038458765
92168,1,7,6,6.323879067069607
92172,1,7,7,6.272784383827117
92173,1,7,6,18.75726764165312
92180,1,7,10,13.585782139347586
92183,1,7,6,9.531518427055476
92196,1,7,1,15.731187160959006
92210,1,7,9,28.764024292781496
92214,1,7,5,0.3700090141005197
92235,1,7,6,21.631576888095694
92241,1,7,3,2.897169646646231
92246,1,7,9,32.196788905717476
92252,1,7,10,21.796827595530868
92255,0,7,0,0.10830029737975685
92259,1,7,2,5.860672791220131
92268,1,7,6,15.878274296618033
92270,1,7,1,12.063294416919435
92298,1,7,6,25.045998132040143
92299,1,7,6,14.10877893082267
92329,1,7,1,9.077965208159847
92334,0,7,0,0.03335657004400478
92366,1,7,10,26.0395618269258
92367,1,7,8,27.88282472368122
92370,1,7,7,4.562459855687092
92378,1,7,9,33.63235543135
92381,1,7,10,24.937368586573754
92405,1,7,2,3.2745169462313304
92424,1,7,3,3.2396582479953113
92429,1,7,9,33.44544931693866
92436,0,7,0,0.034894360072196304
92437,1,7,4,0.3700090657260609
92441,1,7,4,0.3700090657260609
92449,1,7,1,27.168167610931963
92461,1,7,10,6.863307974613273
92468,1,7,9,33.310931265625705
92492,1,7,4,0.3700090657260609
92519,1,7,5,0.3700090141005197
92525,1,7,10,14.13896637289177
92549,1,7,5,0.3700090141005197
92569,1,7,4,0.3700090657260609
92577,1,7,8,35.36228261058212
92586,1,7,3,1.3252662148649852
92594,1,7,8,3.27051085837716
92605,0,7,0,0.028590306245217266
92631,1,7,9,10.608191771342762
92632,1,7,8,6.700679894929159
92636,1,7,4,0.3700090657260609
92641,1,7,6,15.220981343145578
92651,1,7,8,20.3044825017638
92654,1,7,9,25.75318958429238
92659,1,7,3,3.1910095895100286
92675,1,7,8,26.332532540411794
92690,1,7,9,31.67083124430737
92697,1,7,5,0.3700090141005197
92705,1,7,6,24.524786824642113
92706,1,7,1,6.91961148816162
92716,1,7,1,19.069720797948413
92724,1,7,5,0.3700090141005197
92734,1,7,5,0.3700090141005197
92735,1,7,2,6.524605851304655
92736,1,7,8,21.08481260667471
92748,1,7,1,10.468401962029862
92755,1,7,8,17.79810779384257
92757,1,7,9,15.878646067649502
92765,1,7,10,11.175280534336146
92781,0,7,0,0.03931168265828319
92793,1,7,10,17.06126581353592
92800,1,7,5,0.3700090141005197
92809,1,7,5,0.3700090141005197
92825,1,7,4,0.3700090657260609
92827,1,7,6,24.909153240237277
92837,1,7,8,27.319152309239648
92854,1,7,9,23.666390861712763
92875,1,7,5,0.3700090141005197
92878,1,7,6,16.9528810610434
92886,1,7,5,0.3700090141005197
92890,1,7,3,2.8778327433522075
92893,1,7,1,27.569218343900346
92901,1,7,8,15.244066234243986
92902,1,7,9,22.793784733862687
92903,1,7,8,19.02672865563321
92931,1,7,10,14.825209614163153
92940,1,7,5,0.3700090141005197
92955,1,7,1,25.826451219103706
92959,1,7,6,14.411302479323535
92966,1,7,10,7.909021609718842
92970,1,7,9,26.741299670456254
92988,1,7,9,33.632823118448485
92993,1,7,9,30.49507894743979
92995,1,7,1,15.223724373085506
93007,1,7,4,0.3700090657260609
93027,1,7,5,0.3700090141005197
93030,1,7,9,3.208029421852198
93035,1,7,10,7.440106045364549
93048,1,7,8,30.704425276745262
93049,1,7,10,18.523884102385697
93051,1,7,4,0.3700090657260609
93052,1,7,8,7.76866675626026
93054,1,7,5,0.37000902039789374
93067,1,7,5,0.3700090141005197
93098,1,7,3,3.2578770689367396
93111,1,7,5,0.3700090141005197
93119,1,7,3,3.187517674833384
93143,1,7,8,27.48837240698538
93147,1,7,7,4.872276030196415
93160,1,7,4,0.3700090657260609
93163,1,7,3,1.930474088955459
93170,1,7,10,25.983573228374375
93173,1,7,6,21.960795355988704
93177,1,7,2,11.392530143761544
93186,1,7,4,0.3700090657260609
93200,1,7,7,2.8138846553509533
93229,1,7,3,3.2452634796804127
93233,1,7,8,12.501171999048445
93235,1,7,1,8.355264734764573
93240,1,7,7,5.644933264321101
93284,1,7,9,27.32246651137878
93292,1,7,9,31.8773895606031
93315,1,7,6,29.512868103925232
93344,1,7,1,14.044329988089919
93348,1,7,6,14.688582263026706
93349,1,7,8,26.78582819119006
93358,1,7,7,1.3398419191951705
93365,1,7,4,0.3700090657260609
93377,1,7,6,30.31743140941314
93382,1,7,10,14.909232948274187
93384,1,7,7,6.423784782785261
93394,1,7,8,31.7221344742606
93406,1,7,10,11.69098203053597
93407,1,7,7,2.550258090892272
93420,1,7,7,2.9071847607866403
93421,1,7,8,13.761214235045255
93427,1,7,5,0.3700090141005197
93432,1,7,4,0.3700090657260609
93438,1,7,5,0.3700090141005197
93443,1,7,7,4.868850078926352
93457,1,7,4,0.3700090657260609
93474,1,7,1,22.627308772473548
93481,1,7,10,25.12451065995512
93490,1,7,8,15.385153641418432
93491,1,7,6,12.49568934641914
93505,1,7,7,5.935831534553148
93513,1,7,4,0.3700090657260609
93519,1,7,8,33.57273234902781
93540,1,7,10,14.685699478513328
93552,1,7,4,0.3700090657260609
93562,1,7,9,33.675964093591126
93586,1,7,4,0.3700090657260609
93587,1,7,8,7.390229057022663
93592,1,7,9,25.569545438622026
93599,1,7,10,5.938661705825477
93606,1,7,4,0.3700090657260609
93624,1,7,9,22.990906301976263
93635,1,7,5,0.3700090141005197
93638,1,7,2,7.684450749478938
93646,1,7,4,0.3700090657260609
93648,1,7,6,15.398373557017942
93653,1,7,7,5.551664241402099
93661,0,7,0,0.033107605785448746
93672,1,7,9,18.76111055812208
93687,1,7,7,2.0472430380086855
93693,1,7,8,26.134781514171163
93727,1,7,4,0.3700090656202526
93736,1,7,6,19.0162780065562
93743,1,7,6,19.68537826687543
93752,1,7,9,8.452061013379025
93755,1,7,3,3.0511687879431433
93785,1,7,6,16.033113196797636
93811,1,7,8,26.88827827697008
93815,1,7,3,3.1674494533685675
93825,1,7,1,22.574671161254514
93831,1,7,10,19.124623044743103
93839,1,7,5,0.3700090141005197
93840,1,7,8,5.141909708222693
93842,1,7,8,8.73080285248532
93851,1,7,9,30.719394119755634
93862,1,7,4,0.3700090657260609
93879,1,7,10,23.23825762996427
93903,1,7,5,0.3700090141005197
93907,1,7,8,12.105796663161637
93931,1,7,7,3.2047840929538434
93950,1,7,9,14.923310400692621
93957,1,7,8,22.801085330199825
93963,1,7,10,16.446557532861238
93979,1,7,1,5.978717270495756
94012,1,7,3,2.0536577747189244
94015,1,7,4,0.3700090657260609
94022,1,7,2,16.535356913837465
94026,1,7,2,15.820668628885654
94030,1,7,6,27.657291289422812
94041,1,7,9,26.40232821603504
94047,1,7,10,15.43256864541842
94050,1,7,6,28.75166699248206
94059,1,7,7,6.036572650599597
94073,1,7,6,15.215372212767518
94093,1,7,5,0.3700090141005197
94109,1,7,9,30.910784805193977
94112,1,7,1,6.740084606920156
94122,1,7,5,0.3700090141005197
94133,1,7,5,0.3700090141005197
94136,1,7,10,23.076669901844706
94141,1,7,6,29.502761449096283
94148,1,7,6,27.908085299480202
94155,1,7,8,29.65174911707752
94160,1,7,10,18.372388757776566
94161,1,7,4,0.3700090657260609
94163,1,7,10,26.006551993172582
94192,1,7,7,2.9980522755892323
94198,1,7,6,23.919546726098094
94210,1,7,7,0.34152270460633194
94220,1,7,9,26.11146017188712
94222,1,7,4,0.3700090657260609
94224,1,7,8,33.43793685689227
94247,1,7,9,23.136601104084626
94265,1,7,9,22.974187959477938
94270,1,7,6,16.708033355526254
94272,1,7,9,22.861192728090927
94273,1,7,6,16.306043852037632
94312,1,7,4,0.3700090657260609
94313,1,7,6,19.429519723092888
94316,1,7,9,26.618496089394622
94317,1,7,9,27.872684535937772
94329,1,7,7,3.9997062787790165
94335,1,7,6,24.84104854461227
94350,1,7,1,11.498998111110785
94352,1,7,3,1.2545023385540897
94370,1,7,6,28.99688958787463
94394,1,7,4,0.3700090657260609
94396,1,7,8,17.23923295552707
94402,1,7,9,16.92303627168673
94415,1,7,8,29.970801334155414
94420,1,7,5,0.3700090141005197
94421,1,7,10,12.394505709754757
94439,1,7,6,9.09854862380379
94440,1,7,8,31.844961113547487
94447,1,7,10,9.826902434926504
94453,1,7,8,36.01551637658228
94465,1,7,9,16.186692459459362
94471,1,7,3,3.1615297427176277
94484,1,7,6,28.70414754400285
94490,1,7,5,0.3700090141005197
94513,1,7,5,0.3700090141005197
94546,1,7,5,0.3700090141005197
94556,1,7,8,7.337865012841512
94575,1,7,3,1.049683667094498
94595,1,7,8,29.234251048329995
94596,1,7,1,4.798499976391417
94598,1,7,5,0.3700090141005197
94627,1,7,1,21.7281180744423
94634,1,7,5,0.3700090141005197
94641,1,7,9,30.738904432314897
94655,1,7,8,23.255882173236333
94656,1,7,3,3.1687864805164145
94665,1,7,8,24.658149618295734
94668,1,7,4,0.3700090657260609
94683,1,7,1,12.787670139857546
94686,1,7,10,24.217749250388994
94687,1,7,7,4.558524890616593
94700,0,7,0,0.05382178557120626
94707,1,7,9,22.4883968619761
94711,1,7,9,32.74767398644891
94716,1,7,8,28.413913138692493
94717,1,7,8,27.77173496446604
94719,1,7,8,34.628040593418994
94720,1,7,3,2.9242808547230057
94768,0,7,0,0.038499136033050406
94775,1,7,8,33.30574872724311
94776,1,7,1,16.271963209160706
94781,1,7,6,13.031453610850079
94791,1,7,4,0.3700090657260609
94794,1,7,7,2.4376737782133455
94800,1,7,2,13.882538648789124
94844,1,7,9,33.0535875355175
94852,0,7,0,0.0381063884556418
94865,1,7,8,26.476384662857633
94870,1,7,5,0.3700090141005197
94871,1,7,6,10.363888590406736
94876,1,7,10,11.228431282185552
94894,1,7,5,0.3700090141005197
94900,1,7,1,25.765405513324055
94903,1,7,8,12.91788247064786
94911,1,7,9,26.63011126983256
94922,1,7,10,24.34157500951551
94933,1,7,6,21.34974025336194
94948,1,7,10,16.720912467529743
94953,1,7,8,6.287085336995815
94954,1,7,9,10.951963642797619
94965,1,7,4,0.3700090657260609
94967,0,7,0,0.24912068759214492
94974,1,7,4,0.3700090656202526
94992,1,7,9,21.52327708621194
95001,1,7,9,14.839515257503495
95016,1,7,9,22.355714866015955
95032,1,7,10,7.50988208547596
95039,0,7,0,0.033367301901226276
95045,1,7,8,20.254424652933235
95048,1,7,4,0.3700090657260609
95111,1,7,10,8.185265229797208
95120,1,7,1,18.469422390099865
95128,1,7,3,3.186939122129146
95129,0,7,0,0.02811655890844975
95134,1,7,10,18.332516936618532
95140,1,7,6,13.68553833208405
95141,1,7,5,0.3700090141005197
95142,1,7,6,30.06919052569447
95155,1,7,6,27.510012071438492
95172,1,7,1,16.91909117776391
95175,0,7,0,0.04697166770446435
95185,1,7,4,0.3700090657260609
95186,1,7,10,16.858784700608823
95209,1,7,9,33.73131718566597
95231,1,7,1,24.727342311361728
95246,1,7,5,0.3700090141005197
95278,1,7,8,10.06135250944013
95282,1,7,10,12.083885081422892
95283,0,7,0,0.03310905314224647
95285,1,7,10,4.613295576304545
95289,1,7,3,3.1314413059768467
95313,1,7,5,0.3700090141005197
95327,1,7,9,23.242499748325034
95337,1,7,5,0.3700090141005197
95342,1,7,6,24.51529367079475
95357,1,7,6,22.191645743924493
95364,1,7,1,10.3466849682442
95366,1,7,4,0.3700090657260609
95367,1,7,4,0.3700090657260609
95370,1,7,8,24.85467554620444
95378,1,7,6,26.99681458272093
95381,1,7,4,0.3700090657260609
95394,1,7,2,7.266820537754126
95403,1,7,5,0.3700090141005197
95425,1,7,8,23.936338152043486
95433,1,7,1,21.5006603902844
95434,1,7,9,19.883185507371554
95435,1,7,9,30.35250504826076
95440,1,7,7,4.1621129694751495
95441,1,7,1,25.88723544041881
95449,1,7,8,26.2949788535152
95488,1,7,4,0.3700090657260609
95520,1,7,5,0.3700090141005197
95523,1,7,8,11.755593749425584
95525,1,7,4,0.3700090657260609
95527,1,7,9,27.16586161849039
95530,0,7,0,0.03898797262971542
95552,1,7,7,5.326260738108594
95585,1,7,4,0.3700090657260609
95596,1,7,9,21.182246938911987
95604,1,7,5,0.3700090141005197
95605,0,7,0,0.0359124916881538
95607,1,7,10,23.548984263786004
95627,1,7,5,0.3700090141005197
95654,1,7,10,22.47879567144762
95658,1,7,5,0.3700090141005197
95675,1,7,3,2.9179822457511504
95680,1,7,1,15.541959918653031
95682,1,7,8,2.631342417799416
95687,1,7,6,28.98471253982598
95688,1,7,9,11.971745070964243
95694,1,7,2,10.431908463034079
95695,1,7,1,6.673591273100848
95717,1,7,8,14.461781967736407
95723,1,7,8,8.472128441807008
95743,0,7,0,0.03906081769911916
95763,1,7,8,28.049730188204776
95776,1,7,7,2.6980822426066973
95791,1,7,10,4.0542308761511965
95793,1,7,10,17.826901925028235
95797,1,7,8,19.926335817535616
95800,1,7,9,21.97772911845554
95819,1,7,6,18.406282330326302
95851,1,7,9,22.863543636807222
95852,1,7,8,17.034741169919446
95857,1,7,9,27.010729560186903
95858,1,7,5,0.3700090141005197
95864,1,7,6,22.420696420950822
95871,1,7,1,16.00483440517803
95874,1,7,8,7.525102887767588
95888,1,7,9,33.4144005962855
95905,1,7,6,21.236175080888625
95911,1,7,8,28.166434492232607
95925,0,7,0,0.04634494109962648
95930,1,7,4,0.3700090657260609
95953,1,7,6,14.380884675989748
95957,1,7,5,0.3700090141005197
95961,1,7,5,0.3700090141005197
95963,1,7,7,2.5106100988424083
95977,1,7,1,18.945437607566454
95988,1,7,9,4.201854473865723
96036,1,7,4,0.3700090657260609
96037,1,7,8,10.101493550248769
96038,1,7,9,10.330111648100555
96053,1,7,8,25.044040933805178
96069,1,7,8,3.8397350796756453
96073,1,7,9,27.266183270984236
96079,1,7,8,7.2436548204101046
96095,1,7,8,27.19726465758623
96110,1,7,8,23.434094878140737
96112,1,7,8,21.254719373435794
96130,1,7,4,0.3700090657260609
96134,1,7,6,7.921618112610713
96136,1,7,6,18.000895481073183
96143,1,7,6,23.825485387967447
96155,1,7,9,24.116673193425868
96163,1,7,6,21.828902116213914
96166,1,7,1,6.861409430544927
96167,0,7,0,0.03276589122727597
96168,1,7,4,0.3700090657260609
96178,1,7,7,2.158765662595099
96182,1,7,6,27.749945354720243
96187,1,7,8,7.933596895198369
96194,1,7,10,14.343028943537611
96197,0,7,0,0.07642990022181675
96202,1,7,7,6.427270265134946
96207,1,7,9,25.575651155215564
96215,1,7,5,0.3700090141005197
96217,1,7,4,0.3700090657260609
96225,1,7,4,0.3700090657260609
96237,1,7,1,25.498647129181016
96259,1,7,9,10.571652609726229
96273,1,7,3,2.287784060814608
96278,1,7,10,24.074646913687033
96280,1,7,7,6.192083881967315
96285,1,7,8,16.020614068107005
96307,1,7,4,0.3700090657260609
96312,1,7,9,31.7764115337388
96318,1,7,4,0.3700090657260609
96322,1,7,9,32.354965502905905
96323,1,7,9,31.09998900004967
96338,1,7,9,9.810074603156474
96341,1,7,9,24.446382852277075
96366,1,7,8,21.604802899525524
96383,1,7,5,0.3700090141005197
96385,1,7,4,0.3700090657260609
96392,1,7,9,21.69064990856754
96393,1,7,10,13.750397944327684
96394,1,7,10,16.598579589293433
96404,1,7,8,13.625875687679974
96412,1,7,9,32.02251231224441
96422,1,7,2,5.933356288348763
96431,1,7,7,0.6750337982771103
96448,1,7,9,9.287449062279014
96455,1,7,8,29.87004728957368
96473,1,7,6,29.442821729796577
96475,1,7,6,9.99926628311846
96482,1,7,9,33.45103299709465
96494,1,7,5,0.3700090141005197
96498,1,7,4,0.3700090657260609
96511,1,7,9,21.01475850082146
96524,1,7,1,13.338075353412298
96525,1,7,2,15.443591170245709
96526,1,7,8,31.101999174285506
96527,1,7,9,12.16950556696957
96531,1,7,9,15.837434358181005
96532,1,7,5,0.3700090141005197
96549,1,7,6,27.005623756238805
96557,1,7,8,25.735215460158848
96563,1,7,10,15.15271050380682
96564,1,7,2,8.495544727179155
96570,1,7,5,0.3700090141005197
96586,1,7,4,0.3700090657260609
96587,1,7,2,13.753071033340426
96602,1,7,2,8.916306028566101
96613,1,7,9,12.25202785795288
96616,1,7,6,20.366792756492288
96619,1,7,10,7.255599948567231
96628,1,7,1,18.575434728269673
96630,1,7,10,22.830703074812195
96646,1,7,6,12.964086521462988
96652,1,7,2,11.394561617276976
96653,1,7,4,0.3700090657260609
96654,1,7,6,16.943006542351764
96660,1,7,9,32.96825287314767
96669,1,7,9,8.500635044092602
96672,1,7,5,0.3700090141005197
96680,1,7,8,20.215255327272704
96682,1,7,4,0.3700090657260609
96689,1,7,6,23.795168307083127
96692,0,7,0,0.033639541117812116
96701,1,7,10,18.423866457411624
96705,1,7,8,26.754676931655546
96752,1,7,10,18.510527337939507
96760,1,7,9,32.781976300821036
96762,1,7,9,24.53515672461309
96764,1,7,5,0.3700090141005197
96776,1,7,8,26.33512819910603
96784,1,7,8,9.141686600148839
96803,1,7,6,17.33768548078349
96804,1,7,9,32.889980403978754
96823,1,7,5,0.3700090141005197
96842,1,7,8,8.59693349381676
96849,1,7,7,6.072610890655491
96851,1,7,9,15.688749250851785
96871,1,7,4,0.3700090657260609
96878,1,7,8,14.244157995121741
96880,1,7,10,25.52403591242424
96905,1,7,9,14.512454719363454
96910,0,7,0,0.04253041824632328
96916,1,7,9,26.19053607938909
96917,1,7,6,10.344668989395968
96919,1,7,4,0.3700090657260609
96920,1,7,8,20.797803805802904
96923,1,7,8,2.9780005794431985
96931,1,7,1,8.386460267687507
96932,1,7,8,21.902541777275726
96938,1,7,9,24.493073340244273
96948,1,7,10,8.124832332241455
96949,1,7,1,11.703855432033325
96950,1,7,10,11.606913414603007
96958,1,7,1,17.22968707782378
96990,1,7,9,5.171500231773728
97011,1,7,1,27.399785952786136
97028,1,7,8,28.054532094012384
97030,1,7,4,0.3700090657260609
97045,1,7,9,16.782468596080104
97052,1,7,7,1.7206362155128412
97063,1,7,1,22.572633087764817
97070,1,7,4,0.3700090657260609
97071,1,7,6,18.376889084422114
97114,1,7,3,2.608379302517458
97122,1,7,5,0.3700090141005197
97126,1,7,4,0.3700090657260609
97130,1,7,6,16.03061771230141
97136,1,7,6,18.10829485052911
97137,1,7,8,29.372798357844683
97149,1,7,4,0.3700090657260609
97158,1,7,8,4.449563895395802
97160,1,7,6,18.895912303567975
97163,1,7,9,25.30571957167978
97168,1,7,7,2.5892988715198944
97196,1,7,4,0.3700090657260609
97198,1,7,9,15.33653644475796
97222,1,7,3,2.7385966919907987
97224,1,7,9,17.036253463779477
97240,1,7,10,14.361778659004827
97265,1,7,6,10.773994070905754
97274,1,7,1,25.51152732088836
97285,1,7,6,18.816801575464837
97325,1,7,10,18.729271120321126
97350,1,7,5,0.3700090141005197
97351,1,7,5,0.3700090141005197
97352,1,7,10,24.041484815988117
97363,1,7,8,25.589129731540133
97367,1,7,9,28.667836918038745
97373,1,7,8,21.171181018028545
97376,1,7,2,15.844962014914252
97380,1,7,9,31.046789587570206
97385,1,7,6,13.461759849920323
97407,1,7,7,2.8481336262903256
97409,1,7,8,22.728970022006045
97416,1,7,9,33.429348318632044
97465,1,7,5,0.3700090141005197
97479,1,7,6,10.88649076662791
97493,1,7,6,14.411002413481238
97503,1,7,3,2.864392079821484
97504,1,7,9,20.955446272100264
97506,1,7,7,2.0576420272164317
97508,1,7,6,11.669867971396922
97512,1,7,6,14.092228663202953
97527,1,7,5,0.3700090141005197
97529,1,7,8,18.85777506375117
97530,1,7,6,12.070828287081547
97532,0,7,0,0.045881548588958966
97536,1,7,8,9.856420722395475
97544,1,7,2,8.631173862472933
97587,1,7,1,21.13250156683891
97591,1,7,6,7.306794476192386
97596,0,7,0,0.03735098357653875
97611,1,7,10,25.632067910735277
97623,1,7,9,28.37203197022526
97626,1,7,10,12.614958863360894
97628,1,7,9,22.61042882911695
97633,1,7,6,29.644644503561818
97656,1,7,1,23.91132285924719
97673,1,7,3,3.1752707515541143
97676,0,7,0,0.03842959676163152
97678,1,7,5,0.3700090141005197
97685,0,7,0,0.034954280836863555
97688,1,7,3,3.1845038720267347
97691,1,7,4,0.3700090656202526
97711,1,7,4,0.3700090657260609
97731,1,7,5,0.3700090141005197
97736,1,7,10,18.95162203649648
97738,1,7,9,26.517742637939946
97739,1,7,10,12.681886890661074
97741,1,7,2,3.6997136442708825
97759,1,7,4,0.3700090657260609
97768,1,7,6,19.0797531226132
97792,1,7,5,0.3700090141005197
97799,1,7,10,4.427224375560136
97803,1,7,10,21.203618107661725
97807,1,7,8,4.579515931286288
97808,1,7,3,3.0541096693383945
97818,1,7,6,12.184995417957717
97822,1,7,6,13.584297631276655
97823,1,7,4,0.3700090657260609
97832,1,7,5,0.3700090141005197
97848,1,7,4,0.3700090657260609
97858,1,7,6,21.319787580565624
97880,1,7,7,5.220817280859653
97881,1,7,4,0.3700090657260609
97883,1,7,10,15.129860688222733
97888,1,7,4,0.3700090657260609
97892,1,7,8,3.5094309788147404
97900,1,7,6,8.125236467391371
97912,1,7,5,0.3700090141005197
97928,1,7,9,33.06075897338827
97930,1,7,1,14.739697311283287
97945,1,7,10,9.907820275913409
97972,1,7,6,15.653153632839793
97973,1,7,4,0.3700090656202526
97974,1,7,3,2.2872295609546467
97977,1,7,4,0.3700090657260609
97985,1,7,6,30.126511277340516
97987,1,7,10,5.701350809589751
97989,1,7,7,0.9842096641730633
98007,1,7,6,6.881385958144906
98008,1,7,7,1.677714853079155
98011,1,7,10,21.22899209540214
98024,1,7,4,0.3700090657260609
98029,1,7,10,15.106345820742863
98039,1,7,7,6.394107226657975
98045,1,7,9,29.593864414987692
98047,1,7,5,0.3700090141005197
98049,1,7,9,31.148882026283566
98057,1,7,5,0.3700090141005197
98072,1,7,9,32.260906156091124
98103,1,7,8,35.31674862735447
98126,1,7,8,26.412039956707172
98128,1,7,5,0.3700090141005197
98136,1,7,5,0.3700090141005197
98138,1,7,7,3.115538015149861
98142,1,7,3,3.2590055636290747
98149,1,7,9,31.16685116326725
98164,1,7,6,17.896005843362726
98177,1,7,9,4.816843158447517
98183,1,7,8,33.181847138525754
98191,1,7,10,6.309411428012062
98215,1,7,4,0.3700090657260609
98219,1,7,1,24.14945945275878
98226,1,7,7,5.362378746213887
98245,1,7,5,0.3700090141005197
98308,1,7,5,0.37000902039789374
98324,1,7,8,36.042838466718834
98342,1,7,9,4.405294991069087
98366,1,7,7,6.00615931493596
98381,1,7,10,11.731851579638601
98389,1,7,9,24.74686455399094
98393,1,7,3,1.0900353640996052
98416,1,7,4,0.3700090657260609
98421,1,7,6,15.013753371311534
98441,1,7,9,32.64015133442008
98445,1,7,4,0.3700090657260609
98448,1,7,9,2.491660773094636
98462,1,7,6,22.776152094217537
98471,1,7,8,13.513868835216686
98472,1,7,4,0.3700090657260609
98473,1,7,10,4.304242233706977
98476,1,7,5,0.3700090141005197
98477,1,7,6,14.02494465227194
98517,1,7,8,36.02108636886428
98523,1,7,2,8.691984953425836
98527,1,7,5,0.3700090141005197
98531,1,7,9,25.7372809065816
98536,0,7,0,0.029634538189314826
98546,1,7,6,17.856505306770874
98556,1,7,4,0.3700090657260609
98558,1,7,9,12.617021511475038
98582,1,7,1,22.34701253689554
98597,1,7,9,17.871596118963616
98617,1,7,10,6.186880916547651
98620,1,7,8,24.159803224951983
98640,1,7,8,7.022759308560677
98658,0,7,0,0.04708011046937416
98663,1,7,6,20.490160653935938
98664,1,7,10,13.332239641220184
98679,0,7,0,0.14502807808750476
98682,1,7,2,13.149939640450885
98696,1,7,8,11.180627760935222
98704,1,7,10,16.55997148830154
98721,1,7,9,22.467142817195537
98753,1,7,10,13.88454185688117
98789,1,7,3,3.0743638989917588
98792,1,7,7,1.448404644244885
98829,1,7,9,24.01408458175359
98856,1,7,5,0.3700090141005197
98861,1,7,5,0.3700090141005197
98871,1,7,9,23.693029586170198
98876,1,7,1,26.301739981089572
98877,1,7,8,36.08135566538963
98897,1,7,8,15.809326955266013
98900,1,7,5,0.3700090141005197
98930,1,7,9,16.41373535624071
98931,1,7,5,0.3700090141005197
98973,1,7,10,8.150234708563808
98977,1,7,9,8.262750634128722
98978,1,7,5,0.3700090141005197
98980,1,7,8,17.906802290015108
98985,1,7,9,19.604301319408528
99016,1,7,9,33.560025184904056
99018,1,7,9,20.53986052710278
99042,1,7,9,10.777399454106313
99043,1,7,1,17.150792284541318
99052,1,7,8,9.039284323532199
99057,1,7,5,0.3700090141005197
99067,1,7,4,0.3700090657260609
99075,1,7,9,9.523209239084482
99077,1,7,5,0.37000902039789374
99079,1,7,6,23.922129537793083
99082,1,7,8,32.43744330002814
99091,1,7,2,10.88502368514633
99093,1,7,6,9.067190586265976
99105,1,7,5,0.3700090141005197
99124,1,7,2,6.187580444367807
99132,1,7,9,24.66330203296142
99156,1,7,3,3.1643960311904413
99159,1,7,6,25.194291017208318
99181,1,7,9,5.577645259768857
99182,1,7,6,8.699089537586612
99201,1,7,4,0.3700090657260609
99221,1,7,10,23.754175963852234
99227,0,7,0,0.047073218681225604
99237,1,7,10,23.8155692128139
99256,1,7,7,0.3788360794581491
99266,1,7,10,9.833283384524398
99303,1,7,6,10.18656411262115
99304,1,7,8,4.203383722736875
99311,1,7,9,24.500111635313413
99327,1,7,7,1.3453439011231405
99342,1,7,4,0.3700090657260609
99364,1,7,9,26.475643613247552
99376,1,7,10,15.571816864411028
99394,1,7,4,0.3700090657260609
99397,1,7,8,26.26739454742138
99402,1,7,8,21.097640562870893
99414,1,7,5,0.3700090141005197
99418,1,7,6,25.61568314040452
99451,1,7,6,29.802008415736598
99458,1,7,10,10.709967099382657
99466,1,7,7,1.4657765126544933
99474,1,7,10,24.687276576471643
99481,1,7,8,34.568900915297355
99499,1,7,10,14.506010490772919
99534,1,7,2,13.795716142786015
99535,0,7,0,0.039704979339757654
99538,1,7,7,2.1437274681909346
99546,1,7,6,30.28546972338453
99557,1,7,9,31.144778006375898
99559,1,7,5,0.3700090141005197
99563,1,7,5,0.3700090141005197
99564,1,7,9,32.67179569431744
99565,1,7,6,18.546515428231682
99567,1,7,8,15.954347325078174
99573,1,7,8,28.837364307401412
99574,1,7,8,21.659283798538453
99590,1,7,5,0.3700090141005197
99623,1,7,5,0.3700090141005197
99625,1,7,1,3.9282956647559506
99635,1,7,8,14.981927270384071
99638,1,7,6,21.218390216042426
99655,1,7,2,1.7658447994840147
99657,1,7,9,14.167734739265187
99660,1,7,9,24.225590012962492
99669,1,7,8,28.7678383849063
99678,1,7,3,2.9018268401572342
99681,1,7,3,3.2449244113067746
99692,1,7,8,14.52575006742619
99732,1,7,5,0.3700090141005197
99740,1,7,5,0.3700090141005197
99743,1,7,6,16.894560935054308
99769,1,7,9,33.20664409237478
99772,1,7,4,0.3700090656202526
99780,1,7,7,1.862168290836048
99781,1,7,10,15.108421520144516
99782,1,7,1,6.236063873056646
99783,1,7,7,5.528412259300932
99788,0,7,0,0.04706399521937756
99790,1,7,7,4.182386612382826
99822,1,7,5,0.3700090141005197
99823,1,7,9,16.595064282915924
99829,1,7,8,8.22058201731386
99831,1,7,6,10.896728608897982
99832,0,7,0,0.12944799920652467
99879,1,7,8,14.338170491204156
99888,1,7,9,33.46108009613481
99895,1,7,8,35.717161013529065
99896,0,7,0,0.04387220575904429
99903,1,7,5,0.3700090141005197
99925,1,7,6,17.493672779288776
99938,1,7,8,21.922624389863035
99939,1,7,1,22.129872780174974
99956,1,7,10,26.055983211133196
99957,1,7,6,30.127169518335585
99963,1,7,6,27.95219293705197
99985,1,7,8,14.582913335989005
99999,1,7,7,5.381520661991166
100007,1,7,9,16.247872968234734
100013,1,7,9,33.45248887609184
100018,1,7,9,15.607993579488468
100028,1,7,8,20.524272522145026
100040,1,7,4,0.3700090657260609
100045,1,7,5,0.3700090141005197
100054,1,7,4,0.3700090656202526
100070,1,7,9,33.13775859377294
100076,1,7,5,0.3700090141005197
100083,1,7,4,0.3700090657260609
100087,1,7,2,12.790965642657332
100102,1,7,6,9.48127707926938
100136,1,7,2,13.21063934202519
100158,1,7,5,0.3700090141005197
100164,1,7,6,28.55972294306691
100170,1,7,8,6.787665045256559
100172,1,7,9,14.839724827069933
100186,1,7,10,17.11503371255506
100192,1,7,2,6.204099821182635
100193,1,7,9,4.741524191306333
100195,1,7,8,15.434696290631114
100196,1,7,10,23.89269014773894
100208,1,7,3,2.814019409109647
100218,1,7,7,4.23999589958409
100243,1,7,6,29.33554075535109
100245,1,7,9,33.486812101892404
100250,1,7,8,33.14514582868075
100257,1,7,3,2.173601869154038
100270,1,7,9,19.69483874208839
100271,1,7,8,25.95015480160576
100285,1,7,8,10.428560727665682
100295,1,7,9,33.17262266144381
100305,1,7,4,0.3700090657260609
100341,1,7,10,21.127094586526848
100346,1,7,9,29.593943899978527
100351,1,7,2,2.2420604624020584
100355,1,7,5,0.3700090141005197
100359,1,7,9,29.73454026812318
100366,1,7,5,0.37000902039789374
100371,1,7,1,5.1265299956291175
100373,1,7,9,33.66704208027203
100374,1,7,4,0.3700090657260609
100379,1,7,8,19.249490956519185
100398,1,7,6,8.140172975911067
100404,1,7,9,13.73523876664644
100441,1,7,9,9.56993327564245
100448,1,7,8,13.644991614688431
100450,1,7,5,0.3700090141005197
100461,1,7,5,0.3700090141005197
100466,1,7,2,8.954729245736416
100475,1,7,5,0.3700090141005197
100477,1,7,8,22.64792824591708
100479,1,7,10,9.941466594605311
100498,1,7,6,29.61052403246891
100505,1,7,9,16.855739327827397
100509,1,7,9,24.84150207316867
100519,1,7,6,18.12924942739396
100521,1,7,5,0.3700090141005197
100533,1,7,4,0.3700090657260609
100541,1,7,8,27.74451343925013
100546,1,7,10,6.625766792284956
100555,1,7,5,0.3700090141005197
100561,1,7,7,1.7945088867916115
100568,1,7,10,24.500180930021994
100569,1,7,1,26.433010453414656
100585,1,7,5,0.3700090141005197
100593,1,7,5,0.3700090141005197
100599,1,7,8,9.532468684015399
100602,1,7,9,5.257804261932554
100609,1,7,9,31.357609573042925
100622,1,7,5,0.37000902039789374
100625,1,7,9,22.097740195454822
100632,1,7,6,29.37060226928805
100639,1,7,5,0.3700090141005197
100640,1,7,8,18.001954305872392
100645,1,7,5,0.3700090141005197
100663,0,7,0,0.03202883996292487
100667,1,7,5,0.3700090141005197
100680,1,7,5,0.3700090141005197
100684,1,7,6,13.450471954004307
100694,1,7,4,0.3700090657260609
100699,1,7,2,2.744196402518374
100705,1,7,10,8.516353162079433
100707,1,7,1,17.670573196301024
100723,1,7,4,0.3700090657260609
100737,1,7,6,10.966007484201608
100746,1,7,9,29.375083357173317
100752,1,7,1,17.75153481964545
100753,1,7,8,5.687423411617888
100789,0,7,0,0.025625565297934933
100807,1,7,6,15.774699606780558
100818,1,7,3,3.2039877442987477
100819,1,7,7,1.7879192310294758
100826,1,7,10,17.62219151044809
100830,1,7,3,3.179711655820844
100846,1,7,4,0.3700090657260609
100849,1,7,5,0.3700090141005197
100860,1,7,1,11.371240220305321
100870,1,7,1,6.413100309572642
100876,1,7,6,26.994726809233672
100878,1,7,9,13.412334469895576
100880,1,7,1,17.927779317206475
100884,1,7,7,6.265099726911924
100891,1,7,8,19.320678242896005
100894,1,7,5,0.3700090141005197
100899,1,7,7,5.851585724026909
100909,1,7,5,0.3700090141005197
100911,1,7,6,6.560127400309191
100922,1,7,8,35.870962366894744
100947,1,7,4,0.3700090657260609
100964,1,7,6,26.965425566187402
100966,1,7,6,22.771036514147184
100978,1,7,1,21.850048973592127
100980,1,7,6,22.893381995742583
100981,1,7,10,18.408876621433656
100985,1,7,9,16.112080978051964
100987,1,7,3,2.7155539594282367
101007,1,7,8,20.507274683168223
101013,1,7,8,32.35531894367583
101015,1,7,9,33.26336077441092
101030,1,7,6,17.83280880997483
101037,1,7,8,24.02144837163841
101041,1,7,7,6.502418856003355
101046,1,7,8,18.069401019899754
101048,1,7,5,0.3700090141005197
101060,1,7,8,23.6839025098914
101065,1,7,7,5.296474537216471
101090,1,7,9,28.433811175743422
101099,1,7,8,10.224851587977916
101103,1,7,8,12.743116674893287
101114,1,7,9,33.387758653174245
101118,1,7,6,22.56735203235349
101142,1,7,10,17.59800337397915
101149,1,7,5,0.3700090141005197
101157,1,7,9,16.516813964270547
101178,1,7,8,23.278004555634226
101183,1,7,9,14.666921828090675
101227,1,7,4,0.3700090657260609
101248,1,7,8,5.873646916769665
101250,1,7,8,17.07729279611887
101269,1,7,4,0.3700090657260609
101271,1,7,6,18.83670363949058
101279,1,7,1,6.784918444223502
101287,1,7,1,15.877625719974828
101293,1,7,4,0.3700090657260609
101303,1,7,10,11.938522332280678
101320,0,7,0,0.03286494143893013
101325,1,7,6,29.617834707637048
101331,1,7,9,30.934526888330616
101349,1,7,4,0.3700090657260609
101365,1,7,2,16.37795991323488
101371,1,7,5,0.3700090141005197
101372,0,7,0,0.04005292815926687
101380,1,7,5,0.3700090141005197
101385,1,7,8,30.067882801917442
101393,1,7,9,33.35555169912201
101394,1,7,9,17.854303623830152
101397,1,7,3,2.274241484639329
101408,1,7,9,17.018489416816404
101417,1,7,9,31.123866432271292
101427,1,7,6,13.16049407159241
101435,1,7,5,0.3700090141005197
101440,1,7,4,0.3700090657260609
101441,1,7,4,0.3700090657260609
101452,0,7,0,0.04397771047291301
101467,1,7,4,0.3700090657260609
101474,1,7,4,0.3700090656202526
101500,1,7,9,21.83679629310583
101526,1,7,1,4.358178726976763
101527,1,7,6,15.84735877395472
101534,1,7,5,0.3700090141005197
101536,1,7,4,0.3700090657260609
101545,1,7,5,0.3700090141005197
101562,1,7,8,24.053490869173668
101576,0,7,0,0.03793684717800868
101579,1,7,8,24.59790952451817
101595,1,7,6,16.737641157593977
101599,1,7,6,18.420475305895913
101603,1,7,6,13.32262753171222
101604,1,7,6,13.907509503768553
101623,1,7,1,22.75649005425378
101624,1,7,1,18.605815480993712
101663,1,7,9,28.577971908741784
101669,1,7,4,0.3700090657260609
101671,1,7,6,30.218876101162166
101678,1,7,9,31.32877432270595
101707,1,7,6,26.995680206857696
101715,1,7,9,25.57287118412119
101719,1,7,9,27.211497114230674
101722,1,7,9,32.818328528766266
101729,1,7,9,28.926492694766754
101749,1,7,8,22.590557440210933
101758,1,7,8,33.90104065946637
101773,1,7,9,8.998163153918728
101793,1,7,6,27.914561722492298
101795,1,7,8,26.60951285267579
101810,1,7,8,26.939747563593325
101814,1,7,8,13.352914996153157
101815,1,7,10,20.745551003459763
101820,1,7,5,0.37000902039789374
101844,1,7,3,1.441996756446653
101850,1,7,9,25.764968185966016
101852,1,7,3,1.0216561875890833
101856,0,7,0,0.12111365442164669
101857,1,7,9,23.99486117979048
101862,1,7,9,28.44607739330505
101867,1,7,9,16.56264311151243
101868,1,7,7,1.912752918974078
101869,1,7,9,24.611649381626407
101888,1,7,10,5.230440751560576
101895,1,7,8,20.37206634262013
101922,1,7,9,27.386050002479912
101928,1,7,8,24.459024578174585
101935,1,7,9,24.282177177845508
101967,1,7,5,0.3700090141005197
101999,1,7,6,30.400194705887333
102011,0,7,0,0.04238417721930855
102019,1,7,1,15.53027736776638
102046,1,7,5,0.3700090141005197
102064,1,7,3,0.7616883816288678
102096,1,7,3,1.3876997970221199
102099,1,7,6,23.144046685083282
102124,1,7,8,12.0930270264449
102142,1,7,5,0.3700090141005197
102155,1,7,10,7.023343213269151
102157,1,7,9,31.897493526678712
102166,1,7,4,0.3700090657260609
102177,1,7,9,26.673397810973448
102178,1,7,4,0.3700090657260609
102179,1,7,5,0.3700090141005197
102188,1,7,9,30.691722452062642
102190,1,7,1,27.262296008699895
102200,1,7,4,0.3700090657260609
102203,1,7,5,0.3700090141005197
102210,1,7,6,29.348854065763266
102214,1,7,7,4.2816716409300835
102225,1,7,9,32.8343084666401
102231,1,7,8,26.92476077521504
102237,1,7,10,22.26766024540066
102244,1,7,8,7.26524063037507
102247,1,7,1,5.521355099684651
102252,1,7,4,0.3700090657260609
102255,1,7,4,0.3700090657260609
102265,1,7,5,0.3700090141005197
102268,1,7,8,29.231715703213613
102275,1,7,6,12.709504283911185
102280,1,7,4,0.3700090657260609
102281,1,7,4,0.3700090657260609
102292,1,7,7,2.6396677483505906
102330,1,7,6,21.23026206077571
102332,1,7,10,10.747743136305496
102335,1,7,5,0.3700090141005197
102352,1,7,10,16.55890788655434
102353,1,7,6,20.58255314908546
102369,1,7,1,3.9318183299321117
102375,1,7,9,25.039231872189333
102384,1,7,1,24.999075927825007
102392,1,7,10,9.34199323438298
102396,1,7,8,25.978202925932102
102403,1,7,10,22.34988826234318
102407,1,7,6,29.731387628159123
102409,1,7,6,20.42464071046292
102445,1,7,5,0.37000902039789374
102446,1,7,6,12.375274068760538
102490,1,7,9,24.10601079799294
102495,1,7,1,23.784974564393625
102504,1,7,9,32.001072411163015
102524,1,7,2,6.4807557092224375
102537,1,7,4,0.3700090657260609
102539,1,7,1,23.301234161256563
102543,0,7,0,0.03531253887253434
102551,1,7,7,1.4671549656242142
102558,1,7,9,18.97408060010338
102563,1,7,8,4.903423823451645
102582,1,7,7,2.4958321795775444
102598,1,7,10,20.895131285259207
102602,1,7,10,20.233846265283734
102621,1,7,9,12.373211339389634
102623,1,7,5,0.3700090141005197
102627,1,7,5,0.3700090141005197
102630,1,7,7,4.013903989151314
102659,1,7,9,30.041185663688413
102670,1,7,8,3.9851344047944575
102675,1,7,4,0.3700090657260609
102693,1,7,2,10.743672508209535
102708,1,7,4,0.3700090657260609
102711,1,7,6,28.990304963573607
102716,1,7,1,16.839239381004834
102719,1,7,8,32.9075793550889
102726,1,7,4,0.3700090657260609
102730,1,7,6,8.232223477467754
102733,1,7,5,0.3700090141005197
102741,1,7,4,0.3700090657260609
102753,1,7,10,11.616524356671034
102755,1,7,8,16.450126211960367
102774,1,7,5,0.37000902039789374
102786,1,7,9,17.553700125304566
102791,1,7,3,2.2537166750977
102796,1,7,8,31.09663329497765
102800,0,7,0,0.03010603173648094
102826,1,7,5,0.3700090141005197
102828,1,7,3,3.029504076575004
102833,0,7,0,0.03955153731998204
102835,1,7,10,15.925163279439792
102848,1,7,10,8.600132100897078
102879,1,7,3,1.2174542533641521
102881,1,7,7,2.5364794913794846
102883,1,7,4,0.3700090657260609
102893,1,7,9,24.253746684593175
102896,1,7,5,0.3700090141005197
102897,1,7,2,7.7433413407393825
102899,1,7,5,0.3700090141005197
102904,1,7,9,30.1089199113235
102909,0,7,0,0.038338601220033144
102913,1,7,9,33.753552670720744
102917,1,7,1,19.00883971336119
102922,1,7,10,23.138889372386096
102931,1,7,4,0.3700090657260609
102936,1,7,3,3.2213646198695995
102941,1,7,9,14.070278686215891
102947,1,7,4,0.3700090657260609
102954,1,7,1,8.973676371220858
102966,1,7,8,24.601159848585265
102967,0,7,0,0.13999831912759747
102968,1,7,9,33.215298949272686
102970,1,7,10,25.505289368095326
102991,1,7,8,20.471730732694475
102996,1,7,5,0.37000902039789374
102997,1,7,8,36.06484659236381
103003,1,7,6,20.817017700293984
103021,1,7,2,9.695758579366496
103033,1,7,4,0.3700090657260609
103037,1,7,6,22.88772521707513
103041,1,7,9,5.757210444522469
103046,1,7,6,24.772569517694976
103084,1,7,5,0.3700090141005197
103088,1,7,5,0.3700090141005197
103100,1,7,5,0.3700090141005197
103113,1,7,9,22.45099780064953
103117,1,7,8,26.1325556249834
103135,1,7,5,0.3700090141005197
103164,1,7,1,21.696953749307017
103167,1,7,9,3.8004382878063865
103194,1,7,5,0.3700090141005197
103202,1,7,4,0.3700090657260609
103208,1,7,5,0.3700090141005197
103215,1,7,10,15.844791501034566
103223,1,7,6,22.12331081024238
103235,1,7,8,10.629372853298909
103245,1,7,5,0.3700090141005197
103257,1,7,4,0.3700090657260609
103259,1,7,4,0.3700090657260609
103262,1,7,7,4.50608072467083
103288,1,7,8,23.729916169854594
103291,1,7,6,25.95661572725816
103297,1,7,10,12.331800617330114
103327,1,7,9,21.915191013983954
103330,1,7,1,16.124587111869772
103342,1,7,7,4.106019862747646
103366,1,7,5,0.37000902039789374
103369,1,7,9,33.649101234569734
103376,1,7,2,3.4195250874185144
103386,0,7,0,0.039314511118101414
103387,1,7,1,27.363355754824145
103394,1,7,9,33.55414751595352
103407,1,7,8,29.059153972621814
103413,1,7,7,3.1981917984377692
103418,1,7,1,27.859889606225277
103420,1,7,9,27.71138450067959
103440,1,7,4,0.3700090657260609
103443,1,7,8,29.37828352376215
103446,1,7,10,24.06299198335872
103469,1,7,4,0.3700090657260609
103493,1,7,3,3.2503980401049843
103497,1,7,5,0.3700090141005197
103525,1,7,1,20.572149288151262
103531,1,7,4,0.3700090657260609
103541,1,7,9,19.60820253650991
103551,1,7,6,22.689448284016546
103557,1,7,8,31.10988896270918
103564,1,7,6,16.416567604530936
103571,1,7,10,17.73978108118832
103580,0,7,0,0.09030066319252068
103595,1,7,8,17.008314309588727
103608,1,7,5,0.3700090141005197
103609,1,7,9,31.690496695929102
103621,1,7,1,16.330198411708324
103630,1,7,8,15.046740558618978
103633,1,7,10,16.801438875662058
103646,1,7,6,22.693117592992692
103647,1,7,7,3.047514736918738
103655,1,7,6,21.653292954927384
103656,1,7,8,19.926888521907433
103658,1,7,9,17.599373764837782
103666,1,7,4,0.3700090657260609
103668,1,7,5,0.3700090141005197
103675,1,7,5,0.3700090141005197
103676,1,7,5,0.3700090141005197
103700,1,7,5,0.3700090141005197
103701,1,7,6,10.987933684047423
103711,0,7,0,0.09745809563192652
103729,1,7,8,4.492397333225851
103739,1,7,5,0.3700090141005197
103747,1,7,5,0.3700090141005197
103760,1,7,5,0.3700090141005197
103764,1,7,6,21.487234013360094
103770,1,7,4,0.3700090657260609
103774,1,7,4,0.3700090657260609
103776,1,7,6,24.841275183060898
103799,1,7,9,33.05619491179646
103814,1,7,5,0.3700090141005197
103822,1,7,10,15.36061035898959
103863,1,7,5,0.3700090141005197
103882,1,7,4,0.3700090657260609
103884,1,7,1,19.94941869706768
103885,1,7,6,30.3737393110896
103908,1,7,10,22.741419956862277
103911,1,7,4,0.3700090657260609
103922,1,7,7,5.798243425663742
103924,1,7,10,4.266589314898633
103928,1,7,2,14.998888902524916
103936,1,7,2,5.786304956671693
103939,1,7,8,25.982324160788526
103944,1,7,6,17.80103899373088
103949,1,7,8,7.919844740714331
103950,1,7,5,0.3700090141005197
103956,1,7,9,22.218227796677755
103963,1,7,10,14.63010682311935
103970,1,7,5,0.3700090141005197
103974,1,7,6,12.677398373570309
103984,1,7,8,3.8709031780912904
103995,1,7,1,18.211867492757413
104006,1,7,8,21.194540049406324
104009,1,7,2,2.2828930656893194
104018,0,7,0,0.02546607562202663
104025,1,7,8,18.646039707299416
104028,1,7,6,18.251183332896165
104029,1,7,1,13.871530825322486
104038,1,7,5,0.3700090141005197
104052,1,7,10,9.70658609202322
104063,1,7,6,30.54006213284948
104071,1,7,8,11.370373487121272
104076,1,7,7,1.8392057218932625
104078,1,7,9,30.63197631435449
104082,1,7,1,24.90658158404284
104090,1,7,2,6.11751014473082
104104,1,7,6,28.664788957177535
104120,1,7,8,14.155847984042422
104121,1,7,8,15.281472760754676
104136,1,7,6,27.504869636864846
104137,1,7,8,7.889130659440413
104152,0,7,0,0.035217150049551116
104154,1,7,9,33.00276898821564
104174,1,7,1,27.059434493719483
104207,1,7,10,17.82300611966062
104213,1,7,4,0.3700090656202526
104218,1,7,5,0.3700090141005197
104229,1,7,4,0.3700090657260609
104254,1,7,4,0.3700090657260609
104276,1,7,4,0.3700090657260609
104281,1,7,4,0.3700090657260609
104291,1,7,1,19.144957260873362
104305,1,7,8,29.358900830675175
104314,1,7,8,27.632443069020358
104319,1,7,9,32.82226393143613
104328,1,7,10,9.353118855128136
104334,1,7,6,11.527595850329899
104335,1,7,4,1.1082088403026322
104343,1,7,4,0.3700090657260609
104347,1,7,1,26.203627383995002
104348,1,7,2,3.1445135721037243
104379,1,7,2,2.8275673630116636
104407,1,7,1,20.70268693432398
104423,1,7,10,4.258093543556272
104426,1,7,10,13.033084459680172
104436,1,7,4,0.3700090657260609
104439,1,7,5,0.3700090141005197
104445,1,7,8,11.772241928342229
104451,1,7,9,31.762516630650524
104466,1,7,1,11.327212959229277
104467,1,7,5,0.3700090141005197
104472,1,7,8,3.484266907088083
104490,1,7,6,26.644265313896607
104492,1,7,1,8.11125075397518
104498,1,7,9,26.517611346004728
104505,1,7,7,4.289530480632338
104515,1,7,1,22.492616645420718
104519,1,7,6,11.78628065785687
104560,1,7,1,17.660096342704946
104567,1,7,8,21.871851727446998
104589,1,7,9,28.437447139294303
104595,1,7,9,30.137865197759037
104597,0,7,0,0.0429814118097796
104600,1,7,6,29.273141954928658
104607,1,7,6,23.731096752327872
104608,1,7,8,16.554313865045213
104617,1,7,9,21.492315699247452
104618,1,7,6,29.568992058737216
104622,1,7,1,27.101479692028683
104644,1,7,1,14.384359239211259
104651,1,7,6,21.67190998623884
104664,1,7,5,0.3700090141005197
104667,1,7,6,29.202548074253095
104677,1,7,5,0.3700090141005197
104689,1,7,9,31.08665265956364
104697,1,7,4,0.3700090657260609
104726,1,7,6,23.91653839553099
104728,1,7,9,31.579272628611623
104731,1,7,1,9.654534744962342
104739,1,7,8,10.625013837230227
104746,1,7,6,16.055771844976483
104776,1,7,9,9.081556683919842
104796,1,7,4,0.3700090657260609
104798,1,7,5,0.3700090141005197
104805,0,7,0,0.03198674009120385
104806,1,7,6,16.28148198692476
104812,1,7,9,32.02961408535987
104832,1,7,9,20.715513397166063
104850,1,7,1,22.95355392434941
104865,1,7,4,0.3700090656202526
104874,1,7,10,6.610462549113529
104875,1,7,9,6.49826045727612
104888,1,7,9,32.52938241833436
104910,1,7,9,15.06370266728357
104923,1,7,6,29.601930148564954
104940,1,7,10,20.40263670568966
104944,1,7,9,19.38844049894957
104945,1,7,5,0.3700090141005197
104964,1,7,1,9.593176544459217
104968,1,7,9,2.580605464578056
104970,1,7,5,0.3700090141005197
104971,1,7,6,30.310063145086456
104985,1,7,8,34.5901385296435
104987,1,7,9,14.07846432754716
105006,1,7,2,4.130277737998852
105010,1,7,10,20.12026284850314
105011,1,7,1,6.822413157648645
105016,1,7,10,5.202792241601277
105019,1,7,8,35.76202189201699
105047,1,7,5,0.3700090141005197
105053,1,7,8,33.575158521980306
105080,1,7,1,25.230395747304033
105087,1,7,7,1.636550157328166
105091,1,7,4,0.3700090657260609
105104,1,7,5,0.3700090141005197
105107,1,7,5,0.3700090141005197
105118,1,7,3,3.2211999605106727
105121,1,7,5,0.3700090141005197
105133,1,7,7,5.158540960609212
105138,1,7,5,0.3700090141005197
105147,1,7,4,0.3700090656202526
105148,1,7,1,20.177742685068235
105149,1,7,8,28.498782324840732
105160,1,7,3,2.42329968220685
105167,1,7,6,7.6114615353878134
105178,1,7,9,18.85924348087027
105212,1,7,9,6.49979778514429
105224,1,7,6,12.347293632851411
105226,1,7,10,24.21133687982515
105242,1,7,6,19.677721263332455
105245,1,7,5,0.3700090141005197
105247,1,7,1,8.582238678045371
105270,1,7,3,3.119800557271366
105275,1,7,6,18.331639986462037
105288,1,7,9,30.751439789997853
105330,1,7,8,29.462527311237192
105355,1,7,5,0.3700090141005197
105356,1,7,3,2.8380804305297787
105373,1,7,4,0.3700090657260609
105387,1,7,7,6.417624538524645
105422,1,7,1,25.898622167048053
105431,1,7,5,0.3700090141005197
105439,1,7,2,10.536077801445616
105441,1,7,4,0.3700090657260609
105443,1,7,7,0.9115899057048087
105477,1,7,4,0.3700090657260609
105479,1,7,8,32.7129228342531
105487,1,7,9,22.500409479992832
105503,1,7,4,0.3700090657260609
105512,1,7,6,30.538333941035305
105517,1,7,8,34.054648551325215
105521,1,7,8,6.294879074688051
105536,1,7,5,0.37000902039789374
105537,1,7,4,0.3700090656202526
105552,1,7,9,24.705402057783246
105598,1,7,3,0.7722436464017984
105608,1,7,9,21.65651318194879
105618,1,7,5,0.3700090141005197
105640,1,7,3,2.737799658598273
105641,0,7,0,0.0877123909986151
105649,1,7,9,33.60156869844062
105680,1,7,6,30.191757994119442
105685,1,7,5,0.3700090141005197
105693,1,7,4,0.3700090657260609
105703,1,7,10,10.510926316842493
105714,1,7,4,0.3700090657260609
105739,1,7,9,16.99537969145885
105753,1,7,5,0.3700090141005197
105761,1,7,8,10.171257890217937
105763,1,7,8,19.10522619420298
105776,1,7,4,0.3700090657260609
105781,1,7,5,0.3700090141005197
105789,1,7,4,0.3700090657260609
105796,1,7,9,11.965031600896989
105809,1,7,10,3.688672715640211
105813,1,7,1,23.392291738941882
105820,1,7,5,0.3700090141005197
105827,1,7,9,8.678588279799472
105832,1,7,9,19.90434163887473
105839,1,7,3,2.6566162499411003
105840,0,7,0,0.039785145446310906
105841,1,7,8,27.922954113659312
105857,1,7,8,29.988856576102002
105860,1,7,10,24.04955039948535
105879,1,7,9,19.93186131336227
105897,1,7,4,0.3700090656202526
105938,1,7,1,21.986716258429418
105944,1,7,2,10.56626631148241
105972,1,7,5,0.3700090141005197
105986,1,7,3,2.8902930774475166
105992,1,7,9,22.420526641090927
105998,1,7,9,17.27932850419863
106002,1,7,8,9.716359120382682
106013,1,7,4,0.3700090657260609
106031,1,7,9,31.78744822375528
106045,1,7,6,27.340822703677357
106046,1,7,10,17.52229155015569
106077,1,7,1,8.555808092155582
106082,1,7,1,9.913287113877294
106085,0,7,0,0.03675720828916613
106098,1,7,5,0.3700090141005197
106100,1,7,2,12.88508626222216
106101,1,7,1,22.26060577214869
106111,1,7,6,17.829280734970006
106134,1,7,8,14.040659858825393
106163,1,7,9,33.69611180053781
106167,1,7,9,23.414278778490317
106170,1,7,6,7.949556753318773
106174,1,7,5,0.3700090141005197
106177,1,7,6,10.002941717647767
106188,1,7,10,10.837465726811422
106191,1,7,1,24.18494173538479
106193,1,7,8,35.32624600595398
106222,1,7,6,23.8373867638693
106225,0,7,0,0.035778263298273195
106232,1,7,4,0.3700090657260609
106240,1,7,8,8.975461800628503
106242,1,7,4,0.3700090656202526
106244,1,7,6,23.5681411663275
106264,1,7,9,26.921331231892502
106269,1,7,1,17.187839793920162
106277,1,7,9,24.323311309417605
106298,1,7,3,1.7534160228613822
106300,1,7,6,11.512175274047731
106302,1,7,9,24.26039378212323
106304,1,7,6,23.606641247244525
106306,1,7,5,0.3700090141005197
106310,1,7,2,12.710754414744963
106333,1,7,5,0.3700090141005197
106358,1,7,8,24.165053407302096
106361,1,7,4,0.3700090657260609
106380,1,7,1,12.632235670531164
106391,1,7,9,17.98701981800338
106415,1,7,3,2.9207959571470865
106430,0,7,0,0.03371825145690999
106431,1,7,6,10.21767620204114
106432,1,7,8,20.240514108052214
106437,1,7,10,7.106193649087572
106444,1,7,1,22.145559534173376
106471,1,7,10,10.374063364048137
106491,0,7,0,0.03254146076244944
106494,1,7,6,20.75245785399779
106497,1,7,10,25.173538678374854
106524,1,7,1,11.188215874706168
106531,1,7,8,35.530354853210994
106541,1,7,8,33.29259299327128
106543,1,7,5,0.3700090141005197
106548,1,7,4,0.3700090657260609
106551,1,7,5,0.37000902039789374
106558,1,7,4,0.3700090656202526
106572,1,7,9,22.2969374980756
106575,1,7,5,0.3700090141005197
106580,1,7,8,4.391738501530717
106603,1,7,8,24.37751313894404
106629,1,7,8,31.13413269579166
106638,1,7,9,33.35115689160107
106642,1,7,1,27.064012521400237
106644,1,7,3,2.794068021673232
106652,1,7,4,0.3700090657260609
106661,1,7,9,32.4351836476647
106667,1,7,4,0.3700090657260609
106671,1,7,10,16.97548363473558
106674,1,7,1,20.992118818022153
106675,1,7,6,8.137440925132308
106682,1,7,9,4.416136715884457
106687,1,7,10,5.655497452415569
106694,1,7,10,23.51341583783974
106696,1,7,9,17.380887791132356
106713,1,7,1,14.250467107216688
106714,1,7,7,0.9567908325514665
106718,1,7,7,1.632336365501613
106719,1,7,8,29.86861797511521
106725,1,7,9,22.620638730807556
106740,1,7,6,24.979523324806657
106742,1,7,9,32.8083247278348
106750,1,7,9,31.177648692451537
106752,1,7,7,2.5513012378196174
106754,1,7,5,0.3700090141005197
106785,1,7,5,0.3700090141005197
106812,1,7,6,18.621965164574764
106838,1,7,8,23.146360236824634
106844,1,7,4,0.3700090656202526
106854,1,7,9,31.0323037188274
106862,1,7,9,12.687815204454465
106893,1,7,8,10.964415233915012
106895,1,7,9,26.703935377819857
106899,1,7,7,2.728756742707463
106909,1,7,8,3.15682574033278
106920,1,7,8,35.37047003191993
106931,1,7,8,32.333812671786056
106943,1,7,6,21.949625774653036
106945,1,7,8,15.458095980391805
106946,1,7,9,21.15158385423398
106952,1,7,1,22.23706395320393
106967,1,7,3,2.5368546139233317
106991,1,7,6,27.270358802081542
107005,1,7,1,23.45656172466994
107009,1,7,4,0.3700090657260609
107018,1,7,4,0.3700090657260609
107020,1,7,3,3.1861768071835574
107034,1,7,8,22.400857060165944
107044,1,7,6,15.313899088302847
107046,1,7,7,4.957758653941459
107049,1,7,4,0.3700090657260609
107052,1,7,6,21.41674551850586
107059,1,7,10,19.736185492419985
107064,1,7,6,30.16059682200518
107065,1,7,1,22.553111496024897
107072,1,7,1,5.514399548959631
107074,1,7,9,15.590289977496555
107076,1,7,4,0.3700090657260609
107077,1,7,8,17.393081484902595
107096,1,7,4,0.3700090656202526
107108,1,7,8,17.79196660593922
107113,1,7,8,15.760893344752096
107122,1,7,8,5.182991541640229
107146,0,7,0,0.05816208529436085
107148,1,7,8,15.789258825559955
107174,1,7,4,0.3700090657260609
107185,1,7,9,22.030352132073627
107194,1,7,9,6.514635203558971
107206,1,7,4,0.3700090657260609
107216,1,7,10,15.58026700214938
107219,1,7,6,20.397909954156646
107235,1,7,9,28.949225879929546
107248,1,7,7,0.5916203724777601
107251,1,7,5,0.3700090141005197
107256,1,7,6,16.632373912003
107257,1,7,8,36.056445286071735
107261,1,7,1,11.580744875704793
107264,1,7,9,12.733139604554129
107268,1,7,8,21.65200756624413
107271,1,7,5,0.3700090141005197
107278,1,7,2,5.930685272425132
107285,1,7,2,13.411930939632756
107302,0,7,0,0.035399782782111096
107310,1,7,3,2.7188520188530885
107321,1,7,6,26.763544428078653
107323,0,7,0,0.031760580017905986
107345,1,7,1,10.145115573321341
107353,1,7,9,12.483150109124567
107373,1,7,8,35.8004372188946
107384,1,7,5,0.3700090141005197
107385,1,7,4,0.3700090657260609
107405,1,7,8,16.035454933121095
107408,1,7,1,11.801286435504746
107418,1,7,8,10.067354895230277
107421,1,7,5,0.3700090141005197
107433,1,7,2,6.170893694312296
107446,1,7,6,6.79558620396389
107458,1,7,1,15.201179367986322
107471,1,7,10,25.619833571423854
107482,1,7,6,22.858056768711176
107485,1,7,5,0.3700090141005197
107492,1,7,2,1.120738905902565
107503,1,7,4,0.3700090657260609
107509,1,7,10,12.648774144007854
107513,1,7,3,3.2182699398868517
107514,1,7,8,28.641254255363474
107517,1,7,10,24.740372422141945
107519,1,7,10,11.07912517573818
107545,1,7,9,4.091223377633901
107553,1,7,4,0.3700090657260609
107567,1,7,3,3.252937612132288
107578,0,7,0,0.028573888974647115
107598,1,7,9,24.359689683481527
107616,1,7,9,32.06955857448795
107623,1,7,7,6.00636814710075
107626,1,7,2,12.667565430910306
107629,1,7,9,33.65565977844149
107655,1,7,8,10.694638536618358
107664,1,7,10,20.558580253406433
107665,1,7,7,1.7485427931061048
107666,1,7,8,19.52326889577761
107667,1,7,9,22.810870820774877
107671,1,7,5,0.3700090141005197
107689,1,7,8,20.49059266454831
107690,1,7,4,0.3700090656202526
107695,1,7,8,33.885550745026855
107702,1,7,6,29.789094269151494
107709,1,7,9,20.745570433135217
107741,1,7,4,0.3700090657260609
107756,1,7,9,17.66591934479036
107759,1,7,5,0.3700090141005197
107778,0,7,0,0.08657445866882083
107783,1,7,10,16.80773952277548
107787,1,7,6,16.24988157717494
107799,1,7,6,20.35968383996959
107816,1,7,10,20.9753671748834
107818,1,7,7,1.0242679138201054
107861,1,7,8,25.54735794035968
107867,1,7,5,0.3700090141005197
107868,1,7,9,13.364835801712502
107871,1,7,5,0.3700090141005197
107877,1,7,8,24.030377206345765
107889,1,7,1,14.775964540683113
107893,1,7,3,2.583857550194227
107914,1,7,8,6.5580763541916625
107916,1,7,3,3.2187238674336425
107929,1,7,10,9.935342551047055
107930,1,7,10,15.514259602196192
107932,1,7,9,30.62315489320569
107939,1,7,6,13.27721233373469
107942,1,7,10,25.10984370209159
107945,1,7,8,31.488112406094753
107952,1,7,6,19.19925053816432
107964,1,7,7,2.4578017634863256
107972,1,7,6,25.313693368935
107975,0,7,0,0.16791127793297364
107983,1,7,9,27.985447804856634
108007,1,7,5,0.3700090141005197
108022,1,7,3,1.833610609413046
108025,1,7,8,33.37906442963073
108039,1,7,8,29.9570589285347
108065,1,7,9,21.512646511257373
108066,1,7,9,32.623647986538586
108068,1,7,9,27.444733749423524
108074,1,7,8,13.098518462859069
108082,1,7,5,0.3700090141005197
108083,1,7,9,2.704029818436063
108102,1,7,5,0.3700090141005197
108105,0,7,0,0.031367444400159025
108111,1,7,8,33.562090080082235
108133,1,7,8,4.139480100062176
108141,1,7,9,27.97319772512045
108144,1,7,9,23.011943064015128
108145,0,7,0,0.037716687483951745
108146,1,7,8,33.358450093296646
108169,1,7,5,0.3700090141005197
108170,1,7,10,10.297997619522375
108176,1,7,9,20.805886101929882
108196,1,7,9,11.941467176420627
108202,1,7,5,0.3700090141005197
108218,1,7,1,24.64737040523909
108225,0,7,0,0.10022330333259206
108226,1,7,1,25.66158618246987
108228,1,7,4,0.3700090657260609
108243,1,7,8,22.157240634688918
108247,1,7,10,7.095969693787656
108251,1,7,1,21.537175388786412
108253,1,7,8,24.687946251613546
108258,1,7,6,17.8043855407881
108265,1,7,4,0.3700090657260609
108289,1,7,8,22.802014410148452
108302,1,7,5,0.3700090141005197
108311,1,7,6,16.12088069588491
108315,1,7,4,0.3700090657260609
108321,1,7,1,6.33717320034587
108323,1,7,8,32.23122424878417
108356,1,7,8,16.78963873924709
108364,1,7,1,6.63237381087223
108365,1,7,5,0.3700090141005197
108367,1,7,9,27.980745463226018
108382,1,7,8,29.6942350806416
108406,1,7,9,16.52828843312611
108416,1,7,8,12.450159884581161
108441,1,7,2,16.25057208155951
108460,1,7,9,32.14297592501357
108469,1,7,9,2.516675990066013
108480,1,7,4,0.3700090657260609
108520,1,7,8,24.604801385508747
108533,1,7,7,2.931397294526434
108537,1,7,10,26.02618321878527
108555,1,7,9,22.916965498040177
108569,1,7,4,0.3700090657260609
108577,1,7,8,17.38552138651111
108579,1,7,10,23.388258378858858
108581,1,7,4,0.3700090657260609
108596,1,7,7,5.997513907987495
108597,1,7,7,0.34713666137741656
108603,1,7,9,16.15031558263179
108642,1,7,10,20.133324116151858
108645,1,7,8,31.232473890471997
108647,1,7,5,0.37000902039789374
108655,1,7,9,18.240358168728868
108680,1,7,1,10.87906549350681
108687,1,7,8,12.49350841909455
108704,1,7,5,0.3700090141005197
108707,1,7,4,0.3700090657260609
108713,1,7,5,0.3700090141005197
108722,1,7,4,0.3700090657260609
108739,1,7,8,18.438973163896094
108740,1,7,9,2.646725640893996
108744,1,7,3,2.623825099019284
108753,1,7,5,0.3700090141005197
108764,1,7,10,23.526105122525426
108771,1,7,7,2.583375062462407
108775,1,7,7,5.520106108437795
108783,1,7,6,27.398595136961603
108785,1,7,4,0.3700090657260609
108786,1,7,5,0.3700090141005197
108790,1,7,6,30.1286982323648
108805,1,7,4,0.3700090657260609
108812,1,7,9,24.22334704317928
108845,1,7,10,13.295310237510234
108846,1,7,2,4.54684193695281
108850,1,7,1,6.861121319860061
108879,1,7,5,0.3700090141005197
108880,1,7,10,22.015217385568192
108885,1,7,5,0.3700090141005197
108896,1,7,4,0.3700090657260609
108906,1,7,7,3.1765460589065673
108910,1,7,8,22.824716206995568
108912,1,7,4,0.3700090657260609
108916,1,7,8,21.01271958631669
108921,1,7,9,26.392311084470727
108932,1,7,6,16.803404100483114
108952,0,7,0,0.028174038003349708
108955,1,7,3,0.6218156010190211
108962,1,7,1,14.184851670487367
108987,1,7,10,18.3234467472838
108997,1,7,10,9.517200357792428
109007,1,7,2,14.800587406909514
109029,0,7,0,0.03214618337638597
109034,1,7,6,20.87063788203975
109052,0,7,0,0.03340902458735068
109081,1,7,4,0.3700090657260609
109093,1,7,6,5.470937720858225
109095,1,7,4,0.3700090657260609
109097,1,7,7,0.3432760005679232
109121,1,7,4,0.3700090657260609
109123,1,7,2,2.1272651689567477
109145,1,7,1,19.68267941242377
109149,1,7,10,24.72984973077027
109168,1,7,5,0.3700090141005197
109175,1,7,9,4.480364071840087
109183,1,7,5,0.3700090141005197
109197,1,7,5,0.3700090141005197
109200,1,7,9,31.301460314002007
109203,1,7,6,9.072730089777691
109222,1,7,7,1.0674081902883787
109228,1,7,4,0.3700090657260609
109238,1,7,5,0.3700090141005197
109239,1,7,9,18.935621074656556
109256,1,7,5,0.3700090141005197
109260,1,7,8,25.796445447982613
109265,0,7,0,0.03567811347441056
109272,0,7,0,0.03329775097642052
109278,0,7,0,0.036749546641310395
109285,1,7,8,22.208925625854096
109292,1,7,4,0.3700090657260609
109300,1,7,10,25.654318811119442
109318,1,7,5,0.3700090141005197
109320,1,7,7,5.86780161953463
109325,1,7,6,17.48997532744004
109333,1,7,6,18.475618024717498
109358,1,7,9,8.2581916921689
109371,1,7,10,25.057474547275255
109380,1,7,1,27.542457325456912
109389,0,7,0,0.031209032812446393
109393,1,7,4,0.3700090657260609
109395,1,7,2,13.75161643342634
109416,1,7,6,22.70884996331545
109434,1,7,8,11.53485180927956
109436,1,7,4,0.3700090657260609
109440,1,7,5,0.3700090141005197
109448,1,7,3,1.239260539963459
109452,1,7,7,6.121861298645651
109459,1,7,9,22.168288613862213
109460,1,7,10,24.621530939819934
109465,1,7,8,11.95868919095029
109472,1,7,3,3.2670399033363284
109491,1,7,1,21.407120393088334
109496,1,7,2,7.142690540113731
109503,1,7,5,0.3700090141005197
109505,1,7,10,21.698022040307233
109509,1,7,9,11.096470540359855
109517,1,7,9,32.9206102360271
109522,1,7,4,0.3700090656202526
109523,1,7,9,32.63703175511734
109528,1,7,9,13.243755270754136
109534,1,7,9,31.88741229972303
109540,1,7,4,0.3700090657260609
109543,1,7,9,20.108775744204095
109544,1,7,8,25.464210697884177
109545,1,7,7,2.955145831743648
109548,1,7,1,20.4427984870669
109558,0,7,0,0.14345594614477625
109565,1,7,9,19.808915650609404
109566,1,7,9,16.401950620241365
109570,1,7,7,6.5048501406482355
109572,1,7,5,0.3700090141005197
109574,1,7,1,22.63997545287387
109577,1,7,7,4.033986562725129
109578,1,7,6,29.514744730691454
109637,1,7,8,29.41847034091698
109651,1,7,9,27.83716803602406
109653,1,7,4,0.3700090657260609
109658,1,7,9,22.8553169124067
109671,1,7,10,16.124481770260406
109675,1,7,5,0.3700090141005197
109677,1,7,8,25.518192799219058
109702,1,7,8,23.86275807934309
109722,1,7,3,2.347381694489445
109734,1,7,9,24.761123850777597
109740,1,7,9,31.36036728376757
109741,1,7,9,24.24528242170358
109751,1,7,1,21.251329437875565
109754,1,7,9,24.405569386192944
109758,1,7,8,15.581913659023426
109760,1,7,8,3.506434853842727
109778,1,7,9,13.337847525969053
109781,1,7,9,15.175664234376661
109783,1,7,4,0.3700090657260609
109790,1,7,9,31.075845413191526
109804,1,7,8,9.145165223555898
109807,1,7,5,0.3700090141005197
109824,1,7,2,7.2795130303564
109837,1,7,4,0.3700090657260609
109838,1,7,6,29.749287739626634
109843,1,7,8,15.830086559830058
109848,1,7,4,0.3700090657260609
109856,1,7,10,9.535240094858858
109858,1,7,10,18.46900204578191
109866,1,7,6,16.30971470955203
109873,1,7,9,24.869655694231618
109908,1,7,1,20.430323403731194
109915,1,7,9,18.88353211412417
109930,1,7,4,0.3700090657260609
109945,1,7,7,1.5560374301930515
109962,0,7,0,0.03582167388403367
109992,0,7,0,0.1102982796204408
109995,1,7,7,1.5284746437147303
110010,1,7,7,6.292100943178964
110012,1,7,4,0.3700090657260609
110045,1,7,5,0.3700090141005197
110049,1,7,5,0.3700090141005197
110066,1,7,9,10.073326915173313
110073,1,7,1,10.175837425633905
110083,1,7,5,0.3700090141005197
110084,1,7,7,4.071319433878184
110089,1,7,8,10.23668083121841
110090,1,7,10,21.53830120578034
110116,1,7,4,0.3700090656202526
110131,1,7,4,0.3700090657260609
110191,0,7,0,0.03512954579661512
110204,1,7,10,18.580538798022605
110216,0,7,0,0.03887247858193361
110220,1,7,8,18.93757560309152
110234,1,7,9,29.373173845858798
110252,1,7,9,27.50132955338214
110253,1,7,10,16.66439931788408
110254,1,7,9,19.513118090266953
110255,0,7,0,0.036361202714196045
110267,1,7,7,3.03695807478117
110270,1,7,9,18.86363526249166
110279,1,7,7,5.924472651084342
110297,1,7,9,30.593374135830196
110302,1,7,5,0.3700090141005197
110315,1,7,5,0.3700090141005197
110326,1,7,4,0.3700090657260609
110339,0,7,0,0.03892266412546424
110365,1,7,4,0.3700090657260609
110366,1,7,10,12.516248827745006
110372,1,7,5,0.3700090141005197
110384,0,7,0,0.04712762727116325
110385,0,7,0,0.04004858730575564
110397,1,7,8,29.073180829894145
110399,1,7,10,17.579670991616286
110412,1,7,5,0.3700090141005197
110419,1,7,5,0.3700090141005197
110431,1,7,6,23.91157494353736
110432,1,7,6,12.395323600186156
110435,1,7,10,11.95136974783433
110436,1,7,8,11.931748864041856
110444,1,7,6,15.785342684591042
110451,1,7,6,11.932545535460212
110460,1,7,10,24.402035820931395
110468,1,7,6,29.883844796484578
110472,1,7,8,4.827233369347792
110509,1,7,8,16.22704415630381
110510,1,7,5,0.3700090141005197
110511,1,7,6,13.453566739684335
110527,1,7,5,0.3700090141005197
110540,1,7,1,21.622126977163997
110544,0,7,0,0.036248710802226636
110550,1,7,8,23.816287362156736
110553,0,7,0,0.03672956802587281
110568,1,7,8,11.37498925689286
110570,1,7,4,0.3700090657260609
110572,1,7,6,10.20641548687446
110579,1,7,5,0.3700090141005197
110583,1,7,6,30.271778891357503
110589,1,7,3,3.235208813662695
110600,1,7,3,1.5363707791194974
110602,1,7,8,14.776404932808775
110609,1,7,5,0.3700090141005197
110611,1,7,9,22.41338624220289
110639,1,7,8,19.65446073460807
110657,1,7,4,0.3700090657260609
110665,1,7,8,32.098349303297745
110676,1,7,1,11.004579445731753
110687,1,7,8,15.03627613016514
110716,1,7,8,24.55907231645229
110723,1,7,1,15.12237743224008
110735,1,7,6,12.977245245914663
110745,1,7,3,3.0794117275465434
110751,1,7,1,9.695825860674644
110756,1,7,10,17.556775968954195
110761,1,7,10,14.388822862749313
110762,1,7,4,0.3700090657260609
110769,1,7,6,22.74558024721434
110772,1,7,5,0.3700090141005197
110786,1,7,4,0.3700090657260609
110791,1,7,6,27.39132076429524
110803,1,7,1,26.115900514629065
110878,1,7,8,12.140763084465066
110891,1,7,7,1.8248009958086873
110922,1,7,9,9.027116509818224
110923,1,7,9,24.865615045401906
110930,1,7,6,22.253904759827847
110932,1,7,6,22.65725767554468
110933,1,7,9,25.504697565355666
110934,1,7,10,23.796792932736626
110942,1,7,2,16.166051971002275
110958,1,7,10,5.6997940750821074
110974,1,7,6,10.027060850482622
110981,1,7,10,26.04087713664744
110985,1,7,8,20.7556813816263
111024,1,7,8,16.261011291306104
111039,1,7,7,1.5654644560763282
111045,1,7,10,4.068010567964717
111066,1,7,4,0.3700090657260609
111068,1,7,9,32.00497445460431
111075,1,7,6,21.68128925316397
111076,1,7,6,9.722416015416815
111085,1,7,9,22.076997453279915
111106,1,7,9,9.272723479414696
111108,1,7,8,31.967452371629637
111121,1,7,4,0.3700090656202526
111156,0,7,0,0.047210144821269354
111163,1,7,8,35.252105468560515
111168,1,7,8,11.870005078516861
111172,1,7,3,2.8658212976070545
111173,1,7,8,29.359671965792
111178,1,7,8,19.338829951232793
111194,1,7,5,0.3700090141005197
111228,1,7,7,2.642772206613172
111229,1,7,8,30.719483251657614
111247,1,7,10,15.110565251567117
111251,1,7,1,15.167312470531694
111255,1,7,1,15.519725935436735
111261,1,7,8,10.969557495780634
111271,1,7,1,21.84478948867594
111288,1,7,7,3.1965029664827593
111325,1,7,3,2.5810449994615956
111327,1,7,8,21.418861954316057
111345,1,7,9,13.265654212362753
111359,0,7,0,0.07745154891154958
111364,1,7,9,14.038506118725945
111368,1,7,7,6.067722247481314
111393,1,7,7,3.3812831255241917
111399,1,7,9,21.554601934954977
111406,1,7,6,26.999320812808342
111413,1,7,1,21.731261433244573
111419,1,7,8,26.01540447329079
111426,1,7,4,0.3700090657260609
111434,1,7,4,0.3700090657260609
111447,1,7,10,17.18020305363578
111456,1,7,5,0.3700090141005197
111465,1,7,9,28.54970735946363
111476,1,7,9,33.30223912014914
111479,1,7,9,15.327523540812232
111485,1,7,6,21.579407992695344
111487,1,7,8,25.436699684021534
111497,1,7,6,10.666042909045741
111504,1,7,4,0.3700090657260609
111515,1,7,9,33.090413722691835
111519,1,7,6,11.395100424714226
111520,1,7,9,30.67538816598526
111526,1,7,8,4.866666547006329
111532,1,7,1,13.217108326769674
111552,1,7,5,0.3700090141005197
111558,1,7,5,0.3700090141005197
111566,1,7,4,0.3700090657260609
111581,1,7,6,6.680801364509302
111583,1,7,4,0.3700090657260609
111587,1,7,1,12.795470960462938
111597,1,7,10,24.984672825453806
111606,0,7,0,0.04406182178038456
111609,1,7,5,0.3700090141005197
111620,1,7,10,13.12873160782361
111622,1,7,4,0.3700090657260609
111623,1,7,8,13.171529227044076
111625,1,7,8,10.501115071763984
111634,1,7,4,0.3700090657260609
111644,1,7,10,17.71910368168025
111650,1,7,3,2.8043200052672814
111681,1,7,4,0.3700090657260609
111682,1,7,1,20.161156011056292
111696,1,7,4,0.3700090657260609
111702,1,7,9,26.206371281247215
111715,1,7,5,0.37000902039789374
111745,1,7,1,8.222158122289995
111750,1,7,6,21.942779471404062
111756,1,7,6,29.556660291485567
111761,1,7,4,0.3700090657260609
111766,1,7,3,3.19884797555511
111774,1,7,6,19.817608417129804
111796,1,7,8,16.121253827852815
111798,1,7,4,0.3700090657260609
111807,1,7,5,0.3700090141005197
111811,1,7,6,29.891818670027888
111818,1,7,6,29.293885014377853
111819,1,7,1,12.851824083482004
111821,1,7,7,4.00946348183481
111825,1,7,9,10.189156397340225
111837,1,7,5,0.3700090141005197
111845,1,7,6,7.235785408855959
111851,1,7,10,21.697479690877405
111853,1,7,8,31.531829363954888
111862,1,7,9,32.74713959158736
111881,1,7,10,14.581800820208784
111893,1,7,10,13.172501695614969
111899,1,7,7,1.882186088157121
111903,1,7,6,7.872602718018422
111922,1,7,9,10.900481685933844
111929,1,7,10,4.247919581614385
111931,1,7,8,18.885064913248037
111938,1,7,8,12.249242021345243
111945,1,7,8,26.492212597081974
111956,1,7,10,18.211797474837564
111960,1,7,10,18.04452866900081
111963,1,7,9,20.484891545462762
111966,1,7,3,1.8860661299581756
111991,1,7,8,24.015487280093847
111996,1,7,7,5.989927941089222
112002,1,7,9,18.389500159770133
112009,1,7,6,15.206938668746153
112010,1,7,5,0.3700090141005197
112012,1,7,7,5.150090541300886
112015,1,7,6,25.690447843501413
112026,1,7,2,2.2727293510571016
112039,1,7,4,0.3700090657260609
112042,1,7,7,0.34355986766025987
112047,1,7,8,9.054933830094336
112055,1,7,5,0.3700090141005197
112058,1,7,9,15.7769773930126
112061,1,7,9,30.140169386057284
112063,1,7,5,0.3700090141005197
112078,1,7,8,25.040453611125
112085,1,7,10,26.025518224064882
112123,1,7,7,4.719944441371374
112129,1,7,8,18.188732229855162
112139,1,7,8,34.80420700505226
112157,1,7,4,0.3700090657260609
112168,0,7,0,0.039297127010765945
112179,1,7,5,0.3700090141005197
112181,1,7,10,23.632839548380183
112196,1,7,6,10.923086517489729
112205,1,7,8,31.9931057459347
112232,1,7,4,0.3700090657260609
112240,1,7,9,17.66990564865442
112255,1,7,5,0.3700090141005197
112263,1,7,9,13.698444216874739
112265,0,7,0,0.033766541580932286
112270,1,7,8,28.331038472290683
112278,1,7,9,28.679542175499446
112281,1,7,7,6.329649148864263
112284,1,7,5,0.3700090141005197
112293,1,7,10,21.877996009533966
112294,1,7,9,21.055147127874225
112297,1,7,10,5.936029513121992
112319,1,7,5,0.3700090141005197
112330,1,7,10,22.071108787956366
112340,1,7,2,6.242768820484141
112363,1,7,7,3.705361040046215
112368,1,7,6,4.541664860666746
112378,1,7,8,21.163045675657063
112388,1,7,10,26.02260610740712
112393,1,7,10,24.49138824364536
112414,1,7,8,12.593495234709337
112416,0,7,0,0.041766215738468
112426,1,7,9,23.310513855859654
112431,1,7,1,22.204781219622912
112442,1,7,1,25.317412666165392
112449,1,7,6,26.280597354848606
112450,1,7,5,0.3700090141005197
112453,1,7,6,30.640787734086768
112454,1,7,5,0.3700090141005197
112455,1,7,10,14.524406290163107
112469,1,7,6,29.74373759806009
112488,1,7,10,4.5762169584660555
112490,1,7,5,0.3700090141005197
112495,1,7,5,0.3700090141005197
112499,1,7,8,24.370299394558533
112500,1,7,10,15.995840367433537
112502,1,7,6,26.90752396281883
112509,1,7,3,3.014293323234139
112515,1,7,5,0.37000902039789374
112519,1,7,1,8.1539239097143
112522,1,7,9,31.094318747366046
112527,1,7,6,20.807896167195533
112530,0,7,0,0.03297252083541328
112541,1,7,8,25.840256784512732
112557,1,7,5,0.3700090141005197
112565,1,7,9,32.864280909156605
112566,1,7,9,24.660995502202116
112572,1,7,6,29.529872188150108
112589,1,7,6,19.08590273820677
112595,1,7,9,32.187512814933235
112606,1,7,5,0.3700090141005197
112611,1,7,10,3.9924191280246433
112612,1,7,6,29.185760766390565
112621,1,7,9,25.206359490817526
112633,1,7,9,11.46902867497117
112638,1,7,5,0.3700090141005197
112643,1,7,6,22.72406798702183
112652,1,7,4,0.3700090657260609
112655,1,7,10,14.321444336580104
112660,1,7,1,4.817975164763257
112664,1,7,8,28.595807239840457
112665,1,7,6,10.919487580571182
112675,1,7,9,33.05247118165461
112678,1,7,9,13.373731561218575
112685,1,7,6,28.188450895953864
112696,0,7,0,0.027688523303667608
112704,1,7,7,0.9391201038459083
112713,1,7,8,19.641842896406118
112719,1,7,5,0.3700090141005197
112725,1,7,10,17.61097340015465
112726,1,7,3,3.1359332264999322
112733,1,7,1,16.628758426602698
112740,1,7,10,14.912106196217099
112743,1,7,6,6.8871959473776805
112750,1,7,8,27.748971295308866
112761,1,7,2,13.971986011862914
112770,1,7,9,22.134940399528038
112771,1,7,6,28.981128996026936
112777,1,7,6,29.756040033635966
112785,1,7,6,20.490860519919156
112787,1,7,1,19.276446933544648
112815,0,7,0,0.031798613956246995
112819,1,7,1,25.647604472225055
112825,1,7,8,18.447547087728797
112835,1,7,7,0.5069573048651328
112836,1,7,5,0.3700090141005197
112838,1,7,1,11.93914217966099
112842,1,7,1,15.585117359544189
112853,1,7,8,12.765961919887339
112856,1,7,10,11.084121576635098
112859,1,7,1,20.155346651409467
112929,1,7,4,0.3700090657260609
112937,1,7,6,9.584296726426281
112939,1,7,9,27.601116188873707
112990,1,7,1,11.284657621783168
112996,1,7,4,0.3700090657260609
113002,1,7,6,10.986559089935701
113005,1,7,10,9.90070961860789
113013,1,7,4,0.3700090657260609
113035,1,7,1,9.944141533261142
113039,0,7,0,0.036712014206677177
113044,1,7,6,10.507868703565258
113045,1,7,8,12.15984549925405
113049,1,7,9,26.13302823047664
113052,1,7,9,20.221422919663055
113053,1,7,5,0.3700090141005197
113066,1,7,8,10.6940559718586
113104,1,7,10,16.254975086615772
113113,1,7,10,12.973569400220999
113134,1,7,10,10.070975059905365
113144,1,7,6,8.442106909471548
113145,1,7,4,0.3700090657260609
113166,1,7,6,25.19070632437649
113167,1,7,8,21.67150928625229
113186,1,7,9,24.677775735341683
113202,0,7,0,0.03265846698953954
113226,1,7,5,0.3700090141005197
113227,1,7,9,23.535542459635586
113246,1,7,6,20.16708917153091
113251,1,7,9,33.65588198910901
113252,1,7,4,0.3700090657260609
113262,1,7,4,0.3700090657260609
113263,1,7,7,5.499030337610482
113276,1,7,1,24.001907062224355
113285,1,7,2,2.5769819945668218
113292,1,7,4,0.3700090657260609
113308,1,7,9,18.633446984370423
113319,1,7,4,0.3700090657260609
113320,1,7,4,0.3700090657260609
113323,1,7,4,0.3700090657260609
113337,1,7,4,0.3700090657260609
113350,1,7,7,6.099771997618467
113354,1,7,8,20.76464984355438
113363,1,7,4,0.3700090656202526
113378,1,7,7,4.226651172312665
113410,1,7,10,18.135238462032067
113420,1,7,5,0.3700090141005197
113451,1,7,8,16.01281839013083
113475,1,7,10,18.595473021323617
113483,1,7,10,15.609102413783473
113492,1,7,1,25.307430520727795
113497,1,7,6,16.43898630478446
113500,1,7,9,23.86638328193234
113505,1,7,10,17.5792470333877
113506,1,7,4,0.3700090657260609
113517,1,7,2,5.374851490284025
113520,1,7,10,17.672930017488273
113553,1,7,2,1.6190175833296265
113554,1,7,10,13.122831420795404
113557,1,7,1,19.53206519990829
113563,1,7,3,3.0606872234216937
113573,1,7,9,31.24647327469367
113575,1,7,5,0.3700090141005197
113600,1,7,8,33.35607827587584
113607,1,7,10,20.537518591079525
113609,1,7,9,27.872104064032687
113625,1,7,6,21.581365322370747
113631,1,7,10,7.354024907550334
113637,1,7,5,0.3700090141005197
113694,1,7,10,16.55635458055035
113707,1,7,9,25.26076287391503
113727,1,7,1,19.848563350784936
113733,1,7,9,30.23918998524313
113748,1,7,5,0.3700090141005197
113755,0,7,0,0.1790071535469004
113757,1,7,7,4.274395554404787
113765,1,7,2,7.403561199830862
113774,1,7,9,15.220911460103375
113776,1,7,9,28.44478964056306
113778,1,7,8,36.09800749374873
113783,1,7,6,25.99539471503535
113789,1,7,9,13.846347745676221
113791,1,7,8,14.752820499255412
113793,0,7,0,0.040456858073958865
113801,1,7,8,30.341602338505474
113806,0,7,0,0.08399046493123549
113831,1,7,1,20.298228863895364
113855,1,7,1,6.8179792600602855
113857,1,7,5,0.3700090141005197
113880,1,7,5,0.3700090141005197
113884,1,7,6,9.827845523605749
113887,1,7,10,20.056087710484906
113904,1,7,5,0.3700090141005197
113918,1,7,5,0.3700090141005197
113926,1,7,7,5.526596332288993
113929,1,7,9,25.357216004583456
113968,1,7,10,19.52875004726459
113975,0,7,0,0.034868634933995744
113978,1,7,5,0.3700090141005197
113987,1,7,1,16.806597558923396
113997,1,7,8,5.34563310668142
114019,1,7,1,26.216272028387408
114020,0,7,0,0.03411432015314589
114023,1,7,2,16.45494660627902
114025,1,7,10,25.820196507337933
114048,1,7,8,27.30588545587008
114052,1,7,5,0.3700090141005197
114067,1,7,6,20.957453450211197
114080,0,7,0,0.030569641395319144
114092,1,7,9,32.922868166358676
114094,1,7,5,0.3700090141005197
114095,1,7,8,35.790012712148425
114098,1,7,6,19.550819180607082
114105,1,7,1,25.663796898478186
114115,1,7,6,11.666465372033489
114130,1,7,8,13.196430456408901
114167,1,7,10,15.772728397114507
114185,1,7,9,23.8569670952331
114198,1,7,9,24.278385569355247
114212,1,7,4,0.3700090657260609
114224,1,7,9,22.415466117038278
114227,1,7,10,21.779042406885633
114237,1,7,9,7.294001957320871
114239,1,7,10,14.292805943771405
114246,1,7,6,19.93864425042013
114248,1,7,3,2.3839242001095378
114252,1,7,9,31.453713843454036
114258,1,7,10,13.292685328271348
114312,1,7,9,21.49663717078282
114322,1,7,2,15.942120466481143
114329,1,7,3,1.4580172851811972
114340,1,7,5,0.3700090141005197
114344,1,7,6,21.30421138569372
114352,1,7,1,17.44054320158901
114359,1,7,5,0.3700090141005197
114378,1,7,9,29.590437993673813
114387,1,7,7,2.595806396725671
114393,1,7,4,0.3700090657260609
114403,1,7,9,19.655249472127014
114414,0,7,0,0.03507887789679728
114416,1,7,8,6.589599101081244
114431,1,7,2,15.230164849305401
114441,1,7,4,0.3700090657260609
114443,1,7,2,3.7995942451690627
114478,1,7,6,26.715445146911584
114487,1,7,9,20.783302332017406
114488,1,7,2,7.992228766798662
114500,1,7,6,5.9814586885567484
114516,1,7,10,25.113784712934734
114524,1,7,6,21.57764995578467
114530,0,7,0,0.22085757833499053
114535,1,7,4,0.3700090657260609
114554,0,7,0,0.11202458217097987
114576,1,7,6,11.53399958661721
114578,1,7,10,26.009243343190988
114598,1,7,8,13.608748238599436
114601,1,7,4,0.3700090657260609
114605,1,7,10,15.14415386287718
114608,1,7,8,24.9465300600619
114612,1,7,2,4.849658116103139
114622,1,7,5,0.3700090141005197
114630,0,7,0,0.06093194804737554
114636,1,7,10,9.058740339238426
114645,1,7,7,3.130213936662972
114662,1,7,1,22.98059261751731
114673,1,7,3,2.9498469575037167
114683,1,7,9,32.355337228601634
114687,1,7,9,30.256281634695455
114693,1,7,4,0.3700090657260609
114702,0,7,0,0.10305635658123306
114707,1,7,8,31.5490252789745
114713,1,7,7,0.3648576745298416
114722,1,7,4,0.3700090656202526
114723,1,7,9,28.03107639249392
114731,1,7,4,0.3700090657260609
114734,1,7,9,27.486023887829322
114735,1,7,6,18.375453284428083
114743,1,7,4,0.3700090657260609
114746,1,7,5,0.3700090141005197
114754,1,7,2,15.565046012976081
114768,1,7,3,3.0396463839966334
114775,1,7,9,21.038957393383967
114786,1,7,1,6.784080484901734
114788,1,7,7,2.7679519342520846
114798,0,7,0,0.03132088193046823
114804,1,7,6,4.83614694699639
114819,1,7,5,0.3700090141005197
114830,1,7,6,8.877236263047973
114832,1,7,9,26.51311707803283
114859,1,7,9,20.3932874331229
114860,1,7,9,30.321229216138672
114870,0,7,0,0.03318443607498845
114883,1,7,8,25.578347779068515
114887,1,7,9,16.13277352292376
114909,1,7,9,22.979301687124256
114919,1,7,6,16.07069746209239
114924,1,7,9,21.324426366943403
114930,1,7,4,0.3700090657260609
114943,0,7,0,0.05732610290854866
114956,1,7,4,0.3700090657260609
114958,1,7,5,0.3700090141005197
114963,1,7,6,13.532176409457593
114964,1,7,3,1.3955180931562272
114975,1,7,2,5.748511712819426
114980,1,7,6,7.101619925432034
114991,1,7,10,22.226918170030043
115003,1,7,4,0.3700090657260609
115006,0,7,0,0.03836400369483192
115011,1,7,4,0.3700090657260609
115015,1,7,3,2.5062852891616654
115033,1,7,6,21.062354452756548
115041,1,7,2,5.826393674294184
115050,1,7,9,12.716713256785143
115059,1,7,9,18.590750397853263
115061,1,7,1,26.57388309750346
115078,1,7,6,22.58040401801985
115084,1,7,4,0.3700090657260609
115098,1,7,9,8.40379601264731
115104,1,7,1,12.702509830399135
115114,1,7,10,18.484454085600152
115115,1,7,4,0.3700090657260609
115124,1,7,5,0.3700090141005197
115141,1,7,10,18.447977449850654
115149,1,7,10,25.88515622050624
115162,1,7,1,24.946042977371814
115165,1,7,6,28.546290568874564
115166,1,7,8,10.756005348032811
115182,1,7,4,0.3700090657260609
115207,1,7,4,0.3700090657260609
115223,0,7,0,0.15162070571939135
115231,1,7,9,18.714229318120875
115242,1,7,6,7.530657194689829
115243,1,7,8,11.708651423314857
115246,1,7,3,3.0520437489059353
115248,1,7,10,15.339170958604008
115259,1,7,8,8.992859257153619
115274,1,7,8,27.20266090211834
115325,1,7,8,26.94770723319536
115331,1,7,8,18.507701500722863
115333,1,7,3,3.2374294169148063
115336,1,7,7,2.388088483536713
115350,1,7,5,0.3700090141005197
115352,0,7,0,0.03709145705188741
115361,1,7,3,3.157346022198415
115362,1,7,4,0.3700090657260609
115384,1,7,1,21.553049187329474
115403,1,7,9,23.305036785575556
115406,1,7,4,0.3700090657260609
115407,1,7,9,31.561913862277137
115445,1,7,5,0.3700090141005197
115489,1,7,6,29.719836846699376
115492,1,7,4,0.3700090657260609
115508,1,7,4,0.3700090657260609
115509,1,7,5,0.3700090141005197
115522,1,7,10,21.0879942762399
115525,1,7,4,0.3700090657260609
115553,1,7,8,29.021264406297956
115558,1,7,1,13.896141800504203
115574,1,7,5,0.3700090141005197
115583,1,7,5,0.3700090141005197
115589,1,7,6,16.03682930671201
115597,1,7,5,0.3700090141005197
115605,1,7,7,5.771793919318611
115613,1,7,1,9.212343802683035
115614,1,7,5,0.3700090141005197
115617,1,7,5,0.3700090141005197
115641,1,7,6,20.165362467853118
115647,1,7,6,22.073355707259616
115673,1,7,4,0.3700090656202526
115699,1,7,6,26.67177324228482
115711,1,7,9,29.268545438975035
115716,1,7,7,4.570991369080335
115739,1,7,6,21.83478760798915
115746,1,7,5,0.3700090141005197
115755,1,7,1,21.824288637079018
115774,1,7,9,10.146497031990592
115775,1,7,1,25.47440099014131
115779,1,7,1,19.49337134845101
115796,1,7,9,30.930188471707858
115808,0,7,0,0.14806310848503304
115809,1,7,5,0.3700090141005197
115816,1,7,6,24.094916175163714
115832,1,7,9,33.65172778468187
115834,1,7,9,16.156404600806376
115840,1,7,9,25.449468907844008
115856,1,7,9,24.880334342097683
115865,1,7,4,0.3700090657260609
115870,1,7,8,24.316606324282045
115872,1,7,4,0.3700090657260609
115892,1,7,9,4.964878223108877
115899,1,7,4,0.3700090657260609
115900,1,7,5,0.3700090141005197
115926,1,7,9,27.425669168895045
115933,1,7,2,3.122062312000404
115942,1,7,10,23.974255573521422
115967,1,7,8,11.405507946110095
115971,1,7,6,18.69130266955228
115974,1,7,9,24.99082312415442
115983,1,7,10,24.154185616206217
116006,1,7,2,13.025704305830871
116007,1,7,9,20.832033180489088
116015,1,7,9,16.381349089104244
116027,1,7,4,0.3700090657260609
116029,1,7,10,4.754604862132213
116033,1,7,4,0.3700090657260609
116036,1,7,1,14.295871985542737
116044,1,7,10,15.044267669949049
116048,1,7,5,0.3700090141005197
116061,1,7,6,7.426255814688507
116069,1,7,8,26.45902483670042
116071,1,7,9,25.622647776964914
116080,1,7,4,0.3700090657260609
116083,1,7,4,0.3700090657260609
116094,1,7,4,0.3700090657260609
116108,1,7,5,0.3700090141005197
116112,1,7,5,0.3700090141005197
116119,1,7,6,27.35839875320589
116150,1,7,5,0.3700090141005197
116154,1,7,5,0.3700090141005197
116159,1,7,6,29.797392417080385
116161,1,7,9,17.70952790522939
116165,1,7,9,8.108614582303247
116173,1,7,5,0.3700090141005197
116180,1,7,9,26.2921409392682
116182,1,7,5,0.3700090141005197
116183,1,7,10,17.962016383992374
116205,1,7,8,31.376208495446495
116206,1,7,5,0.3700090141005197
116207,1,7,4,0.3700090657260609
116220,1,7,8,24.35958895725451
116221,1,7,5,0.3700090141005197
116229,1,7,8,25.105783728639764
116231,1,7,8,28.582436910917433
116242,1,7,10,15.716940976449122
116250,1,7,4,0.3700090657260609
116251,1,7,8,25.902831869684356
116252,0,7,0,0.03889719026796769
116262,1,7,9,22.36560922316418
116269,1,7,6,29.943062897351496
116272,1,7,5,0.3700090141005197
116275,1,7,4,0.3700090657260609
116284,1,7,7,4.0000728197668955
116288,1,7,8,27.57572728994644
116292,1,7,9,25.834086085151597
116296,1,7,1,18.525242413976464
116298,1,7,8,7.233115694030745
116302,1,7,6,29.715531082546022
116309,1,7,6,17.658862889516282
116317,1,7,5,0.3700090141005197
116326,1,7,7,3.346875450232398
116339,1,7,5,0.3700090141005197
116346,1,7,7,0.9288339696027824
116357,1,7,10,9.706410272180092
116372,1,7,9,28.99246761171359
116375,1,7,9,16.149983193600324
116383,1,7,9,15.08419516469103
116391,1,7,6,17.50775119564607
116393,1,7,6,25.833272158543192
116395,1,7,10,7.4447379964176745
116412,1,7,5,0.3700090141005197
116430,0,7,0,0.17902850818099286
116442,0,7,0,0.02752823787475627
116491,1,7,9,5.886142977784892
116492,1,7,6,28.843523312208355
116511,1,7,4,0.3700090656202526
116550,1,7,4,0.3700090657260609
116562,1,7,5,0.3700090141005197
116575,1,7,1,23.035470356204495
116587,1,7,6,29.798173153247397
116594,1,7,9,17.232454816114107
116610,1,7,8,6.468699277714342
116622,1,7,10,18.484944532989054
116665,1,7,4,0.3700090657260609
116695,1,7,5,0.3700090141005197
116711,1,7,9,7.104336497463058
116726,1,7,8,19.771671846606097
116747,1,7,8,34.676900412258355
116765,1,7,8,17.079558558324955
116774,1,7,9,7.485267555630108
116794,1,7,10,17.656864825764476
116821,1,7,8,7.025384196990977
116832,0,7,0,0.0405547771577867
116854,1,7,1,9.237574581884598
116861,1,7,8,31.088484624575667
116863,1,7,6,19.94300960514174
116870,1,7,8,11.439427236132886
116877,1,7,6,10.68132905042362
116878,1,7,5,0.3700090141005197
116890,1,7,10,17.118095338984222
116895,1,7,5,0.3700090141005197
116916,1,7,7,6.276074487150803
116918,1,7,6,27.799274744929164
116932,1,7,10,25.530663415279367
116934,1,7,4,0.3700090657260609
116950,1,7,7,5.394806004811786
116968,1,7,10,20.471805574510498
116969,1,7,6,5.97694242376804
116975,1,7,9,2.4334580647154955
116985,1,7,5,0.3700090141005197
116999,1,7,3,2.359417344086387
117007,1,7,4,0.3700090657260609
117014,1,7,6,9.337584210531682
117015,1,7,9,11.118336158193408
117022,1,7,6,20.307821667904076
117047,1,7,3,1.1550036054846373
117053,1,7,1,18.204382123344534
117083,1,7,4,0.3700090657260609
117100,1,7,8,26.755820378965048
117113,1,7,5,0.3700090141005197
117118,1,7,1,17.4387077406687
117132,1,7,9,14.974579203023788
117139,1,7,10,14.945829325572856
117146,1,7,8,21.969957363065806
117173,1,7,1,14.723874889952299
117175,1,7,9,10.604183156119207
117179,1,7,6,30.125439415846117
117188,1,7,5,0.3700090141005197
117192,1,7,9,32.78848092773004
117194,1,7,8,19.44243674477088
117214,0,7,0,0.038684715335673456
117245,1,7,7,2.646054311330008
117254,1,7,5,0.3700090141005197
117259,1,7,9,3.5275479996258623
117296,1,7,10,22.813366072113844
117304,1,7,2,12.710908108267942
117308,1,7,9,22.9926217509536
117313,1,7,4,0.3700090657260609
117325,1,7,4,0.3700090656202526
117331,1,7,4,0.3700090656202526
117338,1,7,10,24.96750982324343
117350,1,7,4,0.3700090657260609
117351,1,7,9,2.9240333956470153
117356,1,7,9,8.464548700417895
117360,1,7,8,24.077239361662812
117385,1,7,4,0.3700090657260609
117396,1,7,5,0.3700090141005197
117400,1,7,5,0.3700090141005197
117402,1,7,2,7.537204923441507
117419,1,7,8,22.840855045190096
117433,0,7,0,0.09867227110034932
117442,1,7,7,5.029608394563249
117452,1,7,4,0.3700090657260609
117461,1,7,9,33.61707105779974
117476,1,7,5,0.3700090141005197
117486,1,7,3,2.5566580118806654
117489,1,7,9,29.624531709572402
117494,1,7,1,23.635887084639034
117506,1,7,1,14.259040128097682
117546,1,7,10,24.42894970199833
117570,1,7,3,3.0514699802278433
117574,1,7,5,0.3700090141005197
117575,1,7,9,2.9243558127049494
117612,1,7,6,22.742366254015703
117613,1,7,4,0.3700090657260609
117618,1,7,8,27.318025660466784
117629,0,7,0,0.04696357745709342
117632,1,7,6,25.862370854489452
117640,1,7,10,24.37813968480765
117647,1,7,5,0.3700090141005197
117648,0,7,0,0.03616738738840997
117657,1,7,2,2.1407138030104207
117663,1,7,4,0.3700090657260609
117666,1,7,9,23.930566821525055
117678,1,7,5,0.3700090141005197
117706,1,7,6,13.552442860930269
117710,1,7,9,27.507605340768876
117711,1,7,5,0.3700090141005197
117716,1,7,5,0.3700090141005197
117739,1,7,8,31.215999520793233
117743,1,7,7,0.7827924755462284
117749,1,7,5,0.3700090141005197
117758,1,7,8,31.91496854446592
117759,1,7,7,1.8370389399122788
117769,1,7,6,27.480457258801696
117782,1,7,8,9.475136089551892
117786,1,7,10,26.068583573320733
117793,1,7,9,20.64332340887926
117802,1,7,2,16.317176584376295
117803,1,7,4,0.3700090657260609
117808,1,7,1,18.136049740907414
117810,1,7,1,21.634540961287293
117826,1,7,9,24.974433415845045
117831,1,7,4,0.3700090657260609
117841,1,7,8,27.709399754909
117860,1,7,10,10.013639547450731
117861,1,7,6,15.147066205705347
117876,1,7,10,16.884727228494405
117883,1,7,9,24.670248195988986
117891,1,7,6,28.0061760341464
117892,1,7,1,10.023714299050352
117942,1,7,2,11.75385436334162
117958,1,7,10,19.508753339003288
117965,1,7,6,29.787100166963466
117966,1,7,8,7.355944366364992
117969,1,7,10,23.790938968024513
118013,1,7,8,3.974502446185242
118016,1,7,10,11.517997355256922
118024,1,7,3,3.137405060755989
118037,1,7,4,0.3700090657260609
118040,1,7,4,0.3700090657260609
118042,1,7,4,0.3700090657260609
118046,1,7,9,22.867615043581573
118054,1,7,7,5.9808296821117395
118085,1,7,10,17.425322117186564
118086,1,7,7,4.870401777603297
118092,1,7,8,26.221613245781803
118093,1,7,4,0.3700090657260609
118108,1,7,7,3.7594573925911234
118117,0,7,0,0.044522729860632416
118120,1,7,8,16.744117324250077
118135,1,7,8,31.50790914240505
118139,0,7,0,0.03371737155713974
118157,1,7,2,4.678268949363212
118166,1,7,2,2.0652349475132836
118184,1,7,10,19.040914652902128
118210,1,7,10,20.92346515140257
118213,1,7,4,0.3700090657260609
118226,1,7,8,35.45877113184789
118236,1,7,9,33.52933263252018
118249,1,7,9,19.760998058980242
118287,1,7,6,20.195532969840485
118295,1,7,9,33.11261115391698
118307,1,7,8,23.76068133445744
118308,1,7,4,0.3700090656202526
118317,1,7,10,24.402961181905408
118337,1,7,8,26.897225570871
118346,1,7,8,25.62505325456326
118386,1,7,4,0.3700090657260609
118402,1,7,6,23.648369638992385
118419,1,7,9,22.631640891306528
118439,1,7,7,2.693870058523462
118441,1,7,7,4.27011591399184
118447,1,7,9,25.278692544289132
118448,1,7,9,6.724601189178858
118455,1,7,4,0.3700090657260609
118460,1,7,8,2.7594768807002854
118470,1,7,8,5.6461428874242
118475,0,7,0,0.1514991845699781
118479,1,7,5,0.3700090141005197
118481,1,7,8,35.581609553012605
118485,1,7,8,30.473771049385824
118494,1,7,8,11.07924652915916
118507,1,7,9,30.132447832721184
118541,1,7,5,0.3700090141005197
118549,1,7,6,11.13917802630521
118560,1,7,9,8.352497370954088
118571,1,7,6,28.85898375192036
118598,1,7,1,4.524467804798203
118607,1,7,8,27.970060834078925
118615,1,7,9,26.150848164629256
118620,1,7,10,12.216669197649328
118636,1,7,1,21.70589837837158
118638,1,7,6,22.78443626061977
118654,1,7,9,23.513718956194946
118666,1,7,7,1.1233084545628806
118687,1,7,10,21.767799187543854
118688,1,7,4,0.3700090656202526
118699,1,7,9,11.973166899300555
118703,1,7,9,18.473102628326117
118706,1,7,3,1.8222995554381267
118718,1,7,5,0.3700090141005197
118727,1,7,9,8.304578567553435
118737,1,7,1,17.250189983479505
118763,1,7,10,19.789929213128673
118782,1,7,9,12.366636143404476
118798,1,7,4,0.3700090657260609
118799,1,7,6,29.526952513210077
118811,1,7,1,8.416734201344548
118820,1,7,9,16.43243182510105
118822,1,7,8,29.135333025633955
118823,1,7,7,2.5901148431223553
118825,1,7,2,13.875308761121182
118844,1,7,9,28.6160276407294
118849,1,7,2,11.671528619031099
118850,1,7,8,24.17224652018255
118884,1,7,9,32.25081281889367
118891,1,7,9,11.728613663687593
118911,1,7,7,0.5540537245600622
118929,1,7,8,28.44525550643406
118933,1,7,8,4.0334305592507835
118937,1,7,9,30.698396440138556
118943,1,7,1,20.824850126486258
118944,1,7,7,2.811750413669864
118951,1,7,7,2.286480825367937
118952,1,7,2,13.124726352084
118954,1,7,4,0.3700090657260609
118957,1,7,9,23.156212621572156
118961,1,7,2,8.645704796926754
118966,1,7,9,4.011325100450518
118985,1,7,8,2.452353378177587
118992,1,7,4,0.3700090657260609
118997,1,7,1,24.75092732987292
119011,0,7,0,0.02761609944907596
119022,1,7,8,13.91233350223097
119037,1,7,10,26.049219856607667
119050,1,7,7,5.5963570430904515
119065,1,7,4,0.3700090657260609
119075,1,7,8,23.333255963180797
119106,1,7,5,0.3700090141005197
119108,1,7,6,14.39508089373563
119120,1,7,6,27.188793174855245
119135,1,7,7,0.5639770492934381
119153,1,7,9,13.331177478862207
119166,1,7,8,30.773130668826703
119168,1,7,1,21.97198532330235
119199,1,7,4,0.3700090657260609
119209,1,7,6,30.162318367361216
119210,1,7,10,18.022030850578965
119217,1,7,8,34.342191812663614
119237,1,7,7,2.7750426733694105
119250,1,7,3,0.5938260045749526
119276,1,7,9,28.94959357618253
119295,1,7,1,17.778938064040368
119314,1,7,6,9.378813949162382
119320,1,7,6,18.00704504258846
119322,1,7,7,2.6560140746221146
119340,1,7,9,26.213062026932647
119368,1,7,9,17.67159002227867
119384,1,7,6,23.82003085681478
119399,1,7,6,17.49587735544566
119432,1,7,5,0.37000902039789374
119436,1,7,9,27.908715194885605
119438,1,7,6,22.760263724687615
119442,1,7,7,2.8920486424897716
119464,1,7,4,0.3700090657260609
119485,1,7,4,0.3700090657260609
119508,1,7,8,20.975178573195745
119510,1,7,10,22.790699939462694
119540,1,7,9,2.198472317969428
119553,1,7,7,1.6198397655475838
119554,1,7,6,15.686602151027316
119588,1,7,10,13.081832884189271
119589,1,7,7,0.7431204859538961
119590,1,7,4,0.3700090657260609
119600,1,7,6,11.130403441111447
119628,1,7,5,0.3700090141005197
119685,1,7,5,0.3700090141005197
119694,1,7,9,7.437108963619274
119696,1,7,5,0.3700090141005197
119700,1,7,9,23.996910073287133
119703,1,7,4,0.3700090657260609
119707,1,7,10,7.514171566521504
119721,1,7,5,0.3700090141005197
119739,1,7,9,28.223243849155047
119740,1,7,1,17.344934977229606
119752,1,7,9,26.75929241712485
119756,1,7,1,17.534649864969136
119764,1,7,3,2.4651977141724997
119766,1,7,6,22.719924642416938
119767,1,7,5,0.3700090141005197
119788,1,7,9,23.965064203889586
119789,1,7,6,5.720808788751822
119801,1,7,9,32.88436101878421
119808,1,7,9,15.14159670933407
119828,1,7,9,17.54119726235019
119831,1,7,10,18.318129353282142
119838,1,7,1,6.316395761253986
119860,1,7,2,15.678126071405192
119883,1,7,8,12.199198406622973
119890,1,7,4,0.3700090657260609
119910,1,7,7,3.677631991763529
119923,1,7,9,32.046353212231786
119966,1,7,2,5.1641075858136425
119978,0,7,0,0.03888248615109325
119986,1,7,8,7.75424659883859
120003,1,7,6,9.296644848061332
120005,0,7,0,0.03886859271392843
120016,1,7,5,0.3700090141005197
120026,1,7,6,20.150857644000446
120042,0,7,0,0.032037937522000674
120046,1,7,4,0.3700090657260609
120066,1,7,6,20.022754559661884
120067,1,7,6,29.771639829009942
120085,1,7,1,14.765466146173528
120094,1,7,6,26.29722751921293
120111,1,7,3,2.5694882065686566
120117,1,7,8,23.176008950253127
120125,1,7,5,0.3700090141005197
120127,1,7,5,0.3700090141005197
120136,1,7,10,25.503103709533423
120140,1,7,10,21.517069199576902
120144,1,7,9,12.12295116922675
120146,1,7,6,25.695572611132842
120154,1,7,6,18.13100175864889
120156,1,7,4,0.3700090656202526
120158,0,7,0,0.03346101937934633
120166,1,7,9,32.910880731220324
120169,1,7,5,0.3700090141005197
120171,1,7,8,28.298049582226543
120179,1,7,9,12.256824754536188
120183,1,7,8,24.371546020098535
120188,1,7,1,5.6564419238394175
120191,1,7,8,36.113630991857995
120215,1,7,2,13.215837795610105
120218,1,7,8,26.276979780198833
120231,1,7,3,1.635306128540368
120250,1,7,7,0.5489341708445287
120252,1,7,9,25.20845287141643
120255,1,7,9,17.60013345035381
120257,0,7,0,0.1879075818725574
120275,1,7,1,13.459808678650482
120283,1,7,4,0.3700090657260609
120291,1,7,8,20.800031802373617
120311,1,7,1,4.557841673270833
120321,1,7,6,22.563413853886985
120324,1,7,10,14.203667092426548
120335,1,7,8,30.415589686087277
120338,1,7,6,10.521453442934682
120343,1,7,4,0.3700090657260609
120347,1,7,2,16.087785603028447
120350,1,7,8,31.35613379616703
120364,1,7,10,15.271908216059336
120366,1,7,9,10.754142201687298
120381,1,7,2,4.405444649831547
120395,1,7,10,5.107158810987201
120398,0,7,0,0.03331253778773032
120411,1,7,5,0.37000902039789374
120426,1,7,6,17.806730340871233
120457,1,7,8,13.126486276447299
120460,1,7,4,0.3700090657260609
120462,1,7,9,18.02235889218468
120472,1,7,5,0.3700090141005197
120477,1,7,8,21.67332121571221
120479,1,7,4,0.3700090657260609
120496,1,7,6,20.968492939558804
120501,1,7,6,22.777463303864494
120511,1,7,5,0.3700090141005197
120523,1,7,6,12.978669141306328
120529,1,7,8,16.58909093212021
120539,1,7,10,25.293305551161115
120557,1,7,1,19.296711552687324
120561,1,7,8,14.602377752699567
120571,1,7,9,26.637386422494288
120590,1,7,7,6.162166977281379
120598,1,7,5,0.3700090141005197
120607,1,7,1,26.38046498824539
120608,1,7,5,0.3700090141005197
120620,1,7,5,0.3700090141005197
120632,1,7,4,0.3700090657260609
120644,1,7,1,8.050195918227042
120646,1,7,7,5.851223893167038
120651,1,7,9,11.656610380287635
120654,1,7,3,1.7215738748215617
120658,1,7,5,0.3700090141005197
120662,1,7,5,0.3700090141005197
120668,1,7,3,2.9960667242872128
120675,1,7,5,0.3700090141005197
120685,1,7,6,9.269813646971729
120696,1,7,8,31.97705959073216
120700,1,7,6,19.410408295866404
120707,1,7,1,17.34314889280961
120726,1,7,4,0.3700090657260609
120733,1,7,4,0.3700090657260609
120749,1,7,5,0.3700090141005197
120756,1,7,4,0.3700090657260609
120779,1,7,9,32.24567245561051
120799,1,7,6,25.19143627509773
120818,1,7,2,6.324936943532916
120831,1,7,1,19.77420495912005
120837,1,7,9,31.35104390202916
120846,1,7,7,6.219546560060601
120856,1,7,9,18.461970247367976
120858,1,7,6,22.048352543197524
120876,1,7,9,20.426950896142152
120889,1,7,9,17.63286770317588
120890,1,7,6,26.874334296610677
120907,1,7,1,20.314446440197024
120915,1,7,9,16.486655942541393
120927,1,7,10,20.94090460604792
120935,1,7,9,19.95042976674601
120948,1,7,8,34.57369451034412
120963,1,7,6,28.996277867985693
120974,1,7,9,18.818856096981285
120977,1,7,9,30.69634167326022
120979,1,7,3,1.4871710753038294
120981,1,7,9,25.32977801642111
120995,1,7,8,27.97206483934251
120998,1,7,6,18.809625007227957
120999,1,7,9,32.67640365784752
121021,1,7,9,10.529343416165338
121022,1,7,4,0.3700090656202526
121025,1,7,4,0.3700090657260609
121031,1,7,1,7.607122833369549
121032,1,7,4,0.3700090657260609
121039,1,7,8,13.145146646230986
121040,1,7,4,0.3700090657260609
121046,1,7,5,0.3700090141005197
121069,1,7,8,18.780357891657733
121075,1,7,9,29.49070879973425
121080,1,7,9,16.320933835453786
121089,1,7,9,28.958766498293986
121094,1,7,5,0.3700090141005197
121108,1,7,9,13.13958931620867
121118,1,7,5,0.3700090141005197
121124,1,7,10,18.410889535121107
121126,0,7,0,0.0352835977850454
121149,1,7,8,2.4595843479782733
121162,1,7,9,8.568848459379128
121170,1,7,10,26.025623234614617
121185,1,7,5,0.3700090141005197
121204,1,7,5,0.3700090141005197
121235,1,7,6,18.42427613772061
121237,1,7,9,32.963840704598084
121263,0,7,0,0.03888683722785438
121268,1,7,7,4.008610365399968
121269,0,7,0,0.03284598005987794
121272,1,7,6,29.20242675010668
121280,1,7,1,25.647606477276362
121307,1,7,9,30.113067500963588
121310,1,7,1,27.08604443031747
121328,1,7,9,24.905726179278883
121363,1,7,9,11.296682157887954
121373,1,7,6,30.48812483527724
121374,0,7,0,0.0360214150742535
121412,1,7,2,16.341183046760293
121422,1,7,5,0.3700090141005197
121433,1,7,5,0.3700090141005197
121437,1,7,1,22.08439147703918
121444,1,7,9,18.66573983714219
121446,1,7,8,36.00157109676095
121455,1,7,5,0.3700090141005197
121463,1,7,10,5.04738574449907
121464,1,7,4,0.3700090657260609
121467,1,7,6,26.110541830568106
121497,1,7,8,23.51670530087703
121512,1,7,6,20.531626913058
121523,1,7,9,33.674550902897444
121545,1,7,4,0.3700090657260609
121547,1,7,1,21.30630606143712
121560,1,7,6,11.25604540540211
121564,0,7,0,0.03189831750930707
121574,1,7,9,23.041036102913846
121587,1,7,6,24.196216112660775
121595,1,7,9,3.753103567528281
121603,1,7,4,0.3700090657260609
121619,1,7,9,2.1481917214235957
121621,1,7,6,29.796265260908132
121633,1,7,5,0.3700090141005197
121653,1,7,8,28.30778606468081
121660,1,7,6,5.906895229725452
121669,1,7,9,20.96307780357481
121675,1,7,9,17.506248602747043
121692,1,7,2,13.140052837586811
121700,1,7,10,26.020128836831116
121702,1,7,6,25.329303865443613
121707,1,7,6,28.410535444122853
121735,1,7,9,23.509828381642663
121737,1,7,10,21.001666298686597
121743,1,7,5,0.3700090141005197
121745,1,7,2,9.844803762461913
121746,1,7,5,0.3700090141005197
121747,1,7,6,18.2471197366019
121749,1,7,9,26.053176625156247
121800,1,7,7,1.0050785450413853
121813,1,7,8,34.05463424293394
121814,1,7,9,28.305819197509333
121815,1,7,3,2.96031366998799
121878,1,7,9,31.341435289879325
121893,1,7,7,1.147216610831526
121901,1,7,10,3.4386806146282316
121902,1,7,6,22.84447120563079
121909,1,7,6,22.830151400675053
121910,1,7,8,35.388809775766696
121925,1,7,1,15.530737536375076
121927,1,7,10,13.035297286656757
121939,1,7,4,0.3700090657260609
121943,1,7,3,1.311621106868869
121973,1,7,8,11.622563457338266
121990,1,7,7,6.091443651037501
121993,1,7,9,8.58403637937848
122014,1,7,6,27.884123241993933
122017,1,7,4,0.3700090657260609
122030,1,7,2,13.205372053856124
122045,1,7,6,13.839208358294554
122047,1,7,4,0.3700090657260609
122056,1,7,6,17.797344276706895
122058,1,7,9,31.618873973925307
122059,1,7,9,10.573038838957647
122066,1,7,3,3.0904827787022224
122068,1,7,3,2.4989229061418152
122077,1,7,4,0.3700090657260609
122097,1,7,10,16.255843342528205
122106,1,7,9,30.60613389459547
122141,1,7,4,0.3700090657260609
122150,1,7,1,15.591624947012127
122155,1,7,10,14.318407422517872
122186,1,7,9,24.656709703654442
122188,1,7,8,19.822334412262506
122207,1,7,10,22.341627914830287
122216,1,7,8,36.05699398787547
122220,1,7,3,2.8636373454966755
122236,1,7,1,4.485506905170013
122258,1,7,9,13.993997784375903
122263,1,7,8,29.92700815346719
122278,1,7,10,24.146790559447098
122286,1,7,8,17.79197305979223
122306,1,7,8,19.775568669073305
122320,1,7,6,20.25450661754187
122335,1,7,4,0.3700090657260609
122338,1,7,2,6.789784160998254
122346,1,7,9,29.868997400815573
122366,1,7,9,10.297547090362857
122377,1,7,3,3.228138422271473
122390,1,7,10,10.544716014419922
122394,1,7,10,23.580129101340496
122410,1,7,1,17.93684308141078
122412,1,7,9,31.46777727355061
122414,1,7,8,13.391192806508958
122420,1,7,6,29.43597000017299
122422,1,7,8,8.023269009259014
122423,1,7,8,27.192830349722446
122427,1,7,6,15.095967801731708
122432,1,7,10,6.145818030287936
122433,1,7,8,32.86623149781854
122438,1,7,1,26.435283222812977
122452,1,7,5,0.3700090141005197
122455,1,7,9,30.64414577800452
122458,1,7,6,27.3319411124872
122460,1,7,6,19.080445887535692
122466,1,7,7,3.2354579139281356
122467,1,7,7,1.6750092668748604
122470,1,7,5,0.3700090141005197
122471,1,7,7,3.0414540036877393
122472,1,7,7,2.0413763212770797
122475,1,7,6,17.98914596705482
122495,1,7,9,20.045474806117575
122508,1,7,4,0.3700090657260609
122511,1,7,4,0.3700090657260609
122516,0,7,0,0.023153230206077822
122522,1,7,9,30.26755194140922
122526,1,7,8,29.052976959424594
122527,1,7,9,9.29604105739795
122532,1,7,10,19.892968142176695
122536,1,7,8,21.65303364663409
122537,1,7,9,4.442554597773568
122559,1,7,6,30.054754428364852
122572,1,7,9,32.18536564933663
122582,1,7,6,17.473246940152507
122586,1,7,10,7.68888437945472
122588,1,7,6,24.813577954925353
122593,1,7,5,0.37000902039789374
122599,1,7,6,21.418782741629958
122602,1,7,5,0.3700090141005197
122612,1,7,8,30.487392899168363
122616,1,7,4,0.3700090657260609
122620,1,7,9,20.746013410482785
122630,1,7,4,0.3700090657260609
122642,1,7,8,27.872754904886
122654,1,7,9,32.88971109237959
122657,1,7,5,0.3700090141005197
122661,1,7,5,0.3700090141005197
122667,0,7,0,0.03890331786032678
122683,1,7,6,23.979560735106503
122687,1,7,5,0.3700090141005197
122695,1,7,3,3.219662294514368
122714,1,7,5,0.3700090141005197
122732,1,7,8,13.059392877699135
122745,1,7,6,28.439213813004976
122761,0,7,0,0.17945446504828627
122764,1,7,4,0.3700090657260609
122778,1,7,5,0.3700090141005197
122782,1,7,3,3.183329002418493
122791,1,7,1,7.409188292291566
122798,1,7,10,10.76793210633029
122807,1,7,7,3.2648641660413835
122811,1,7,10,7.960308519989901
122827,1,7,4,0.3700090657260609
122832,1,7,9,15.298682689623236
122849,1,7,10,10.294741366519556
122856,1,7,6,13.545604136717397
122894,1,7,5,0.3700090141005197
122905,1,7,9,18.853177730078972
122920,1,7,8,18.879403276621506
122928,1,7,4,0.3700090657260609
122959,1,7,7,2.5937361308439586
122967,1,7,6,29.113816241838034
122975,1,7,5,0.3700090141005197
122976,1,7,6,22.66691660045565
122982,1,7,6,5.959384633092254
122989,1,7,8,15.293670726502633
122992,1,7,8,14.670420829874162
122995,1,7,6,21.093907935344603
123002,1,7,4,0.3700090657260609
123003,1,7,5,0.3700090141005197
123009,1,7,9,4.128618254634371
123017,1,7,9,4.04426563996157
123024,1,7,1,27.922605001576827
123033,1,7,1,21.025638904542785
123037,1,7,8,27.281173211306434
123038,1,7,4,0.3700090657260609
123040,1,7,7,0.3409474211970595
123045,1,7,9,15.617790614062084
123048,1,7,7,1.4465199347330575
123057,1,7,9,31.68530932698716
123065,1,7,6,27.976607104536814
123066,1,7,8,30.410954564086808
123067,1,7,8,32.99717855805793
123074,1,7,5,0.3700090141005197
123101,1,7,10,23.411629108732665
123104,1,7,1,15.367970123009815
123113,1,7,5,0.3700090141005197
123121,1,7,8,20.80712878904742
123122,1,7,5,0.3700090141005197
123123,1,7,4,0.3700090656202526
123129,0,7,0,0.03384344663037751
123131,1,7,8,17.319796500970668
123158,1,7,5,0.3700090141005197
123171,1,7,7,2.733641978466066
123181,1,7,5,0.3700090141005197
123183,0,7,0,0.044809002813612886
123200,1,7,1,5.09472569180015
123204,1,7,9,23.951555621812744
123206,1,7,8,15.428219325702822
123219,1,7,8,17.199395421710925
123256,1,7,5,0.3700090141005197
123265,1,7,2,6.336153571934492
123272,0,7,0,0.043040564980060945
123275,1,7,7,1.9677957795530154
123282,1,7,5,0.3700090141005197
123293,1,7,3,2.422190569741119
123309,1,7,10,13.564016609634013
123321,1,7,7,6.275238647041701
123327,1,7,9,12.466354216950432
123340,1,7,4,0.3700090657260609
123341,1,7,5,0.3700090141005197
123358,1,7,9,31.417580828425095
123378,1,7,9,32.2496115765269
123390,1,7,8,2.87668987987969
123393,1,7,8,34.20337822051317
123405,1,7,3,2.848842245425538
123420,1,7,8,17.027891051446527
123445,1,7,4,0.3700090657260609
123453,1,7,5,0.3700090141005197
123454,1,7,3,3.1336651183007715
123455,1,7,10,23.131707088769954
123460,1,7,3,3.161300920029595
123464,0,7,0,0.038641819276083365
123473,1,7,9,29.62078736601365
123476,1,7,4,0.3700090657260609
123478,1,7,9,24.518802400771637
123488,1,7,4,0.3700090657260609
123506,1,7,9,32.75577472525325
123516,1,7,9,26.486939960036164
123520,1,7,10,14.567104494763859
123523,1,7,9,10.909450918241228
123528,1,7,9,9.866850908630045
123555,1,7,1,21.90042979244104
123563,1,7,8,21.113251169178294
123586,1,7,9,30.629286707879494
123607,1,7,9,31.263187535559062
123619,1,7,9,22.86688010965068
123621,1,7,7,0.3464925592900061
123631,1,7,6,19.179359092002272
123634,1,7,6,27.390513495855533
123636,1,7,9,23.8546171043164
123654,1,7,3,1.6919601623857665
123655,1,7,9,32.263209627727264
123679,1,7,8,31.544516673689888
123736,1,7,6,17.30014398359432
123746,1,7,1,13.846471526519162
123750,1,7,4,0.3700090657260609
123755,1,7,9,16.137280528166926
123762,1,7,4,0.3700090657260609
123775,1,7,6,7.212619772477341
123783,1,7,5,0.3700090141005197
123789,1,7,9,20.647395671077412
123794,1,7,8,8.383496086780706
123799,0,7,0,0.02890570556054305
123801,1,7,4,0.3700090656202526
123809,1,7,5,0.3700090141005197
123811,1,7,5,0.3700090141005197
123835,1,7,3,3.094801653739834
123837,1,7,7,6.275513418223972
123842,1,7,1,20.392920193446013
123844,1,7,1,9.296257470840734
123856,1,7,7,5.708096819301002
123866,1,7,9,18.003011395737538
123870,1,7,8,6.258117311183345
123897,1,7,6,6.176738284832285
123903,1,7,10,6.583433111619186
123921,0,7,0,0.03603862606153299
123944,1,7,5,0.3700090141005197
123946,1,7,6,19.178465882305275
123953,1,7,5,0.3700090141005197
123954,1,7,4,0.3700090657260609
123956,1,7,6,29.75259476543653
123970,1,7,4,0.3700090657260609
123973,1,7,8,22.720181823254777
123991,1,7,3,2.228024354209206
124000,1,7,7,6.432271343464358
124010,1,7,1,24.57877441376215
124028,1,7,3,1.7524540339112025
124032,1,7,4,0.3700090657260609
124046,1,7,8,33.0729672312805
124047,1,7,5,0.3700090141005197
124075,1,7,8,35.761531912954695
124090,1,7,9,33.24563778431781
124091,1,7,8,35.691135956702134
124099,1,7,9,17.09883299261531
124108,1,7,5,0.37000902039789374
124113,1,7,5,0.37000902039789374
124116,1,7,8,32.09159136971867
124128,1,7,9,6.040300666391785
124151,1,7,3,1.0448929307819228
124156,1,7,8,19.3129397365514
124161,1,7,5,0.3700090141005197
124164,1,7,7,3.489364841081361
124171,1,7,9,25.183714724640303
124183,1,7,8,5.240961448342884
124192,1,7,9,8.424310678491834
124196,1,7,1,21.99380915002395
124206,1,7,8,7.353876838660302
124211,1,7,9,22.359202210054082
124236,1,7,9,8.733900443444256
124251,1,7,6,19.274066523149635
124265,1,7,6,17.260508987633802
124267,1,7,8,24.37142466447927
124278,1,7,8,27.398368951957707
124286,1,7,9,2.0186281002603996
124289,1,7,9,33.76909832002852
124310,1,7,10,9.609528202676106
124327,1,7,3,3.162621319523964
124361,1,7,4,0.3700090657260609
124372,1,7,8,7.550454247417901
124377,1,7,9,29.05876571999495
124380,1,7,10,14.604236401025776
124390,1,7,9,31.827065628815255
124409,1,7,6,22.238574184183577
124419,1,7,9,6.273732054989187
124432,1,7,5,0.3700090141005197
124440,1,7,10,23.70181289490099
124442,1,7,9,20.49720200012866
124443,1,7,9,12.975602512800684
124444,1,7,5,0.3700090141005197
124452,1,7,7,2.4886056183096827
124461,1,7,9,31.523641298429954
124462,1,7,2,6.478305131083667
124467,1,7,6,23.816121020368158
124472,1,7,6,24.518462258374736
124476,0,7,0,0.03325699457280413
124493,1,7,9,21.856139633280556
124508,1,7,4,0.3700090657260609
124512,1,7,6,7.434703936179985
124518,1,7,4,0.3700090657260609
124523,1,7,8,34.654503906502455
124535,1,7,1,17.46824483701262
124545,1,7,6,30.59194013820736
124562,1,7,6,8.50739288447789
124575,1,7,5,0.3700090141005197
124578,1,7,2,12.411607823526197
124585,1,7,7,4.050202139843201
124600,1,7,10,18.50423763906914
124603,1,7,7,5.435197076989365
124613,1,7,6,15.997291874447313
124615,1,7,9,18.856767229451325
124617,1,7,4,0.3700090657260609
124625,1,7,4,0.3700090657260609
124634,1,7,6,21.557122378617695
124639,1,7,10,16.07970816856353
124649,1,7,9,11.274629411605225
124651,1,7,6,19.90085076184402
124657,1,7,5,0.3700090141005197
124660,1,7,6,17.736733571000205
124668,1,7,9,33.07676814650262
124669,1,7,10,25.996112392250776
124711,1,7,5,0.3700090141005197
124719,1,7,9,32.0134715520086
124738,1,7,8,35.44512411645087
124748,1,7,9,32.06006553650152
124760,1,7,5,0.3700090141005197
124762,1,7,9,21.31631641390026
124763,1,7,6,21.926386372874152
124783,1,7,2,8.042571214318873
124785,1,7,1,27.659490938729235
124797,1,7,10,20.23416515991015
124799,1,7,4,0.3700090657260609
124808,1,7,5,0.3700090141005197
124809,1,7,3,3.046776159433119
124817,1,7,4,0.3700090657260609
124833,1,7,6,30.357643203258498
124841,1,7,9,32.530617196282954
124844,1,7,5,0.3700090141005197
124848,1,7,9,24.712385938344553
124866,1,7,9,20.359108220315726
124871,1,7,10,21.01588545504743
124879,1,7,5,0.056029032092915064
124910,1,7,10,16.919501946664145
124912,1,7,9,10.073965027078756
124932,1,7,8,22.641221081833983
124953,1,7,9,15.064245571237793
124958,1,7,9,28.457427586383393
124961,1,7,8,21.589720717059254
124974,1,7,7,5.603432791904807
124977,1,7,7,5.515639425228798
124987,1,7,3,2.7943518555135602
124993,1,7,1,19.06349147803901
124994,1,7,9,27.395162429689336
124996,1,7,9,30.482425428854945
125045,1,7,8,30.4517204802314
125053,1,7,1,12.184153881380505
125062,1,7,1,21.623867366076592
125063,1,7,5,0.3700090141005197
125065,1,7,3,2.1066583032745814
125071,1,7,7,5.995786460437481
125095,1,7,6,11.10573609835276
125115,1,7,5,0.3700090141005197
125134,1,7,10,12.950461015534989
125141,1,7,4,0.3700090657260609
125151,1,7,9,32.87083418690538
125164,1,7,3,2.7024534492199495
125169,1,7,1,28.045575592764273
125172,1,7,4,0.3700090657260609
125173,1,7,6,6.944599715375151
125174,1,7,10,14.989257112868497
125197,1,7,5,0.3700090141005197
125201,1,7,6,8.71940935681674
125205,1,7,4,0.3700090657260609
125219,1,7,9,5.9064897864094315
125224,1,7,8,20.237464830990834
125230,1,7,5,0.3700090141005197
125231,1,7,10,6.846380922989911
125237,1,7,9,14.894751416794245
125243,1,7,9,4.880703640570206
125263,1,7,5,0.3700090141005197
125285,1,7,5,0.3700090141005197
125292,1,7,9,33.5403915938824
125302,1,7,9,20.790086155460994
125313,1,7,6,26.339675754811807
125317,1,7,7,4.134796825042119
125321,1,7,7,2.9151326085258553
125328,1,7,9,19.522139410706785
125330,1,7,9,11.2108254697013
125331,1,7,6,9.275310445248266
125333,1,7,10,16.668807740572362
125340,1,7,5,0.3700090141005197
125359,1,7,8,28.491733290420207
125365,1,7,4,0.3700090657260609
125388,0,7,0,0.03892166960349721
125394,1,7,10,15.11555825008878
125403,1,7,2,15.088954871287067
125423,1,7,9,4.707243742445173
125436,1,7,9,29.06042583302236
125444,1,7,7,0.7021084210960742
125445,0,7,0,0.03299970356111124
125461,1,7,6,26.678726685594537
125484,1,7,3,2.821538351052108
125503,1,7,9,32.70100589695518
125517,1,7,8,20.30025016145906
125522,1,7,9,32.75590129995042
125527,1,7,5,0.3700090141005197
125529,1,7,10,25.78846811452183
125555,1,7,8,22.048248419053614
125570,1,7,6,18.872906905149318
125574,1,7,10,24.04839630995405
125578,1,7,10,21.973941484003458
125580,1,7,8,7.720485902706779
125597,1,7,10,16.45212064405219
125598,1,7,8,24.151758311160997
125602,1,7,6,26.536700791479607
125608,1,7,8,25.456777739304705
125614,1,7,6,18.80609286740937
125641,1,7,8,19.381892948291345
125649,1,7,9,32.96746715364569
125653,1,7,8,35.521492685514936
125658,1,7,5,0.3700090141005197
125662,1,7,5,0.3700090141005197
125664,1,7,6,6.52537471507979
125666,0,7,0,0.03368045414420612
125667,1,7,5,0.3700090141005197
125669,1,7,6,24.845624719897117
125698,1,7,7,1.8049832337024048
125736,0,7,0,0.03916907335746782
125749,1,7,6,13.128438433357632
125757,1,7,6,30.588996558233244
125781,1,7,4,0.3700090657260609
125787,1,7,5,0.3700090141005197
125806,1,7,3,3.194488495926305
125807,1,7,9,22.4025688528545
125810,1,7,10,24.738589838192695
125816,1,7,6,30.38562320217681
125817,1,7,7,1.4539033055740256
125821,1,7,7,6.2013050811990995
125839,1,7,9,17.399839981204043
125873,1,7,6,27.07978523716177
125875,1,7,8,3.296173037824351
125881,1,7,9,22.89088152403398
125887,1,7,8,4.915076010629623
125889,1,7,8,27.159355460601038
125894,1,7,3,3.087346441673396
125908,1,7,3,2.93625596678927
125918,1,7,6,21.790016487377248
125919,0,7,0,0.11923740714234625
125924,1,7,5,0.37000902039789374
125944,1,7,9,30.71609845272865
125961,1,7,5,0.3700090141005197
125963,1,7,6,20.368132365723344
125969,1,7,1,12.631844045172361
125973,1,7,2,12.812204755489203
125988,1,7,9,29.770410250385478
126004,1,7,8,31.86655505153982
126005,1,7,5,0.3700090141005197
126006,1,7,4,0.3700090657260609
126009,1,7,6,17.809694947839454
126016,0,7,0,0.028548770464233226
126030,1,7,10,21.782261247161465
126031,1,7,9,22.857933773573112
126050,1,7,2,3.976573504151704
126052,1,7,5,0.3700090141005197
126055,1,7,9,13.676840182179609
126070,1,7,7,2.086419293291936
126074,1,7,9,33.466393704156495
126097,1,7,5,0.3700090141005197
126105,1,7,5,0.3700090141005197
126110,1,7,5,0.3700090141005197
126112,1,7,9,33.16211406345826
126128,1,7,5,0.3700090141005197
126139,1,7,10,11.189310586592931
126140,1,7,5,0.3700090141005197
126146,1,7,8,24.902800544321153
126153,1,7,10,15.59111679789962
126157,1,7,9,3.3233320072117
126163,1,7,4,0.3700090657260609
126167,1,7,10,6.523178966475477
126170,1,7,7,2.0707253424469596
126176,1,7,6,20.96960762476504
126189,1,7,10,24.38377375942971
126191,1,7,6,16.099281037256745
126194,1,7,9,16.937110425381846
126203,1,7,9,22.97881550967228
126216,1,7,8,12.363319677216758
126223,1,7,9,19.066041843245923
126225,1,7,2,7.48654662685664
126268,1,7,4,0.3700090657260609
126271,1,7,9,22.671813109369392
126274,1,7,7,6.484695917979322
126276,1,7,8,25.472743563072402
126297,1,7,9,20.038832934299602
126306,1,7,9,33.72129590730158
126321,1,7,8,6.707561325390991
126323,1,7,9,10.7278535002355
126325,1,7,3,2.6495046263047417
126327,1,7,9,32.185441018148154
126355,1,7,8,9.904618250792772
126357,1,7,5,0.3700090141005197
126369,1,7,8,32.71827864256415
126379,1,7,9,33.30823370634652
126394,1,7,8,14.912498512032673
126395,1,7,7,0.9917513707485401
126398,1,7,9,19.623630530339344
126425,1,7,6,16.599861304765923
126431,1,7,10,24.876706709021285
126434,1,7,9,30.878761311865357
126448,1,7,3,1.710529334010773
126451,1,7,8,15.648235386527084
126454,1,7,6,6.162735158580665
126456,1,7,8,34.932277372013736
126464,1,7,9,29.74900653295276
126475,1,7,10,22.347162145276364
126477,1,7,5,0.3700090141005197
126489,1,7,6,18.742586545772216
126494,1,7,7,1.232617995138558
126501,1,7,4,0.3700090657260609
126504,1,7,4,0.3700090657260609
126506,1,7,1,8.422004661427827
126514,1,7,8,14.4451210707165
126522,1,7,6,15.082011726601568
126535,1,7,6,21.97962994591564
126544,1,7,10,23.78261710582031
126550,1,7,10,15.507365937694837
126559,1,7,6,29.77317828432022
126566,1,7,4,0.3700090657260609
126568,1,7,10,18.219545599962874
126573,1,7,9,31.02178566368717
126582,1,7,6,15.068742625431549
126616,1,7,5,0.3700090141005197
126628,1,7,2,11.246939860860461
126650,1,7,4,0.3700090657260609
126657,1,7,8,14.713495484288353
126678,1,7,4,0.3700090657260609
126682,1,7,9,16.993872576414386
126684,1,7,9,32.18478456194176
126710,1,7,8,25.499508621108774
126714,1,7,6,22.904218269937232
126726,1,7,8,11.738891912700229
126733,0,7,0,0.03773986727381858
126737,1,7,5,0.3700090141005197
126738,1,7,5,0.3700090141005197
126756,1,7,4,0.3700090656202526
126777,1,7,6,29.446386542326643
126789,1,7,4,0.3700090657260609
126791,1,7,5,0.3700090141005197
126795,1,7,5,0.3700090141005197
126804,1,7,1,24.23726959946055
126807,1,7,2,16.161613085291187
126826,1,7,6,21.422622880105774
126828,1,7,10,16.000944020425305
126830,1,7,6,10.056239937233292
126831,1,7,8,25.454307926277846
126833,1,7,5,0.3700090141005197
126834,1,7,10,23.734636582907854
126873,1,7,5,0.3700090141005197
126907,1,7,1,25.628873094405034
126913,1,7,9,2.8766256450995114
126921,1,7,6,27.250793905082226
126930,1,7,4,0.3700090657260609
126953,1,7,8,35.725831503375
126961,1,7,1,23.36951608700214
126964,1,7,8,12.543017476633516
126968,1,7,6,23.51030445468913
127029,1,7,10,8.573605495922035
127031,1,7,8,18.953572475071457
127055,1,7,10,18.072203263061997
127081,1,7,4,0.3700090657260609
127085,1,7,9,15.261330123432776
127096,1,7,10,14.7676257399377
127104,1,7,8,32.49798237605155
127111,1,7,10,5.10068464109305
127130,1,7,9,28.29523861541843
127144,1,7,10,20.987381853957658
127147,0,7,0,0.03249633623163327
127153,1,7,8,17.082436647031912
127157,1,7,8,26.32147021154982
127159,1,7,6,11.900496275943041
127163,1,7,8,20.31646405820369
127181,1,7,9,26.684399390811958
127186,1,7,6,19.938474595190296
127189,1,7,1,19.42998346107092
127194,1,7,8,31.263295067939403
127196,0,7,0,0.030363912597439546
127211,1,7,4,0.3700090657260609
127220,0,7,0,0.03262509678040486
127232,1,7,5,0.3700090141005197
127242,1,7,9,4.446526936837684
127247,1,7,1,19.179065744800315
127254,0,7,0,0.036152241660811206
127262,1,7,4,0.3700090657260609
127281,1,7,5,0.3700090141005197
127282,1,7,6,8.247348833563667
127325,1,7,10,12.984189110468169
127332,1,7,5,0.3700090141005197
127337,1,7,8,35.992593223070294
127338,1,7,6,30.011073119739084
127343,1,7,6,21.634606142582964
127348,1,7,6,30.24640426782129
127351,1,7,8,31.121425882904884
127370,1,7,4,0.3700090657260609
127371,1,7,7,1.3481586387977986
127379,1,7,5,0.3700090141005197
127387,1,7,5,0.3700090141005197
127396,1,7,10,13.14940707723978
127411,1,7,6,29.36455037159104
127415,1,7,9,33.05604036671255
127468,1,7,9,17.621308392576527
127469,1,7,5,0.3700090141005197
127471,1,7,5,0.3700090141005197
127476,1,7,5,0.3700090141005197
127481,1,7,8,10.485405413715462
127500,1,7,10,14.407962225949854
127504,1,7,7,0.5951750369805295
127515,1,7,10,6.2184349492782625
127524,1,7,8,14.920487065073473
127529,1,7,4,0.3700090657260609
127536,1,7,5,0.3700090141005197
127551,1,7,4,0.3700090657260609
127569,1,7,6,27.55299482893662
127570,1,7,4,0.3700090657260609
127577,1,7,9,6.029481995004173
127585,1,7,9,17.254991074105998
127589,1,7,6,27.564710156218396
127594,1,7,3,2.912991420795446
127597,1,7,2,10.663721582716702
127624,1,7,5,0.3700090141005197
127635,1,7,10,4.244682435791819
127637,1,7,3,1.556528642963824
127646,1,7,8,14.401258980354166
127659,1,7,10,20.250288519668317
127685,1,7,6,29.364390592656285
127686,1,7,1,7.869649657386531
127727,1,7,2,7.459684581198561
127730,1,7,7,5.890554597827675
127731,1,7,7,3.785999471466164
127738,1,7,8,13.350676683425414
127743,1,7,9,32.010125070158274
127744,1,7,8,24.16570859900637
127747,1,7,10,22.546811144974605
127750,1,7,6,20.46108748015712
127752,0,7,0,0.07481877032361915
127762,1,7,8,3.087670496236781
127786,1,7,4,0.3700090657260609
127788,1,7,6,23.98181492773145
127794,1,7,4,0.3700090657260609
127797,1,7,2,15.878705556663661
127807,1,7,4,0.3700090657260609
127812,1,7,5,0.3700090141005197
127833,1,7,9,30.7301726089517
127836,1,7,4,0.3700090657260609
127841,1,7,5,0.3700090141005197
127843,1,7,6,27.378181774700458
127845,1,7,8,22.770387346952806
127860,1,7,8,11.963577976578842
127863,1,7,6,24.06082406221208
127867,1,7,8,20.860607923235175
127884,1,7,3,3.218685952542076
127887,1,7,9,25.787904777608503
127893,1,7,9,29.995682571340634
127900,1,7,4,0.3700090657260609
127911,1,7,9,25.937509154524623
127929,1,7,6,29.07596697863228
127930,1,7,3,3.2210145625452573
127939,1,7,5,0.3700090141005197
127952,1,7,9,10.4860321342911
127955,1,7,8,14.98530637063504
127982,1,7,8,21.197360568286335
127986,1,7,8,8.474603808324957
127991,1,7,9,31.35682858852617
127997,1,7,4,0.3700090656202526
128003,1,7,9,4.141835373905911
128006,1,7,9,33.611503170329165
128007,1,7,8,15.068274528333465
128016,1,7,4,0.3700090657260609
128017,1,7,6,29.7262068451849
128027,1,7,5,0.3700090141005197
128028,1,7,4,0.3700090657260609
128068,1,7,8,23.699487765142067
128077,1,7,8,25.41892635313526
128088,1,7,10,25.37396559883021
128091,1,7,7,5.34518303256559
128097,1,7,6,5.939408463537763
128109,1,7,5,0.3700090141005197
128110,1,7,8,8.557692460658874
128112,1,7,10,20.110024292219368
128117,1,7,9,26.792124337474604
128124,1,7,6,13.655764917253792
128128,1,7,5,0.3700090141005197
128136,1,7,4,0.3700090657260609
128144,1,7,10,3.642210493637652
128147,1,7,10,14.49322693972529
128165,1,7,9,28.20328738223382
128169,1,7,7,2.378201809165072
128180,1,7,8,22.385946428298247
128214,1,7,6,16.898458425700454
128216,1,7,6,24.399507361542874
128218,1,7,7,1.2616872592145087
128224,1,7,9,18.137413950741593
128233,1,7,1,26.271026918092254
128252,1,7,4,0.3700090657260609
128254,1,7,9,32.46042498250692
128257,1,7,6,9.040535148625446
128258,1,7,9,19.821982573429498
128259,1,7,10,22.635960732787456
128287,1,7,3,3.0376161580912315
128290,1,7,10,24.057281094948685
128304,1,7,4,0.3700090657260609
128311,1,7,8,19.141037138484364
128326,1,7,9,24.912579294061864
128336,1,7,9,9.333189715409674
128346,1,7,7,1.074937188098291
128361,1,7,4,0.3700090657260609
128368,1,7,9,26.485350471652705
128386,1,7,1,10.188357153698185
128388,1,7,8,28.498792392084173
128409,1,7,6,25.082995039098417
128420,1,7,2,12.71324384439524
128431,1,7,4,0.3700090657260609
128432,1,7,10,12.633713801344168
128436,1,7,9,6.335805338980121
128438,1,7,1,23.00345035494788
128443,1,7,9,16.97350025026996
128447,1,7,6,29.655963027900867
128455,1,7,6,29.7130304767928
128486,1,7,4,0.3700090657260609
128500,1,7,6,17.574080178292537
128509,1,7,5,0.3700090141005197
128511,1,7,4,0.3700090657260609
128516,1,7,5,0.3700090141005197
128530,1,7,5,0.3700090141005197
128541,1,7,9,25.00862614495123
128547,1,7,6,22.62984647757898
128562,0,7,0,0.039368994429486166
128565,1,7,9,9.64210069455133
128572,1,7,8,18.07748759966073
128591,1,7,2,14.01865952949093
128600,1,7,9,30.193173737398517
128602,1,7,9,32.930969093635554
128617,1,7,2,12.780566749168703
128622,1,7,8,35.42625282038963
128640,1,7,4,0.3700090657260609
128655,1,7,2,14.532508233619222
128680,1,7,4,0.3700090657260609
128689,1,7,1,15.768211973992646
128709,1,7,8,7.200963666500678
128710,1,7,9,19.593692881257606
128724,1,7,6,29.646516448189043
128725,1,7,1,10.009440035469384
128729,1,7,8,12.397511575399129
128740,1,7,8,35.16901272840105
128765,1,7,5,0.3700090141005197
128773,1,7,8,29.892567111073507
128786,0,7,0,0.0682354573700611
128791,1,7,10,24.63723616803372
128794,1,7,9,33.039056284583964
128795,1,7,8,15.31581219087027
128811,1,7,3,2.7242489676781734
128821,1,7,7,3.194193513569888
128839,1,7,5,0.3700090141005197
128843,1,7,10,17.71581420754786
128845,1,7,4,0.3700090657260609
128861,1,7,8,24.347748572584884
128864,1,7,9,28.95544505395265
128870,1,7,9,32.51982640576087
128880,1,7,5,0.3700090141005197
128884,1,7,4,0.3700090656202526
128885,1,7,9,23.624679418273406
128924,1,7,1,19.726486753952887
128928,1,7,4,0.3700090657260609
128930,1,7,9,5.623930432741899
128941,1,7,1,15.336439382523936
128959,1,7,5,0.3700090141005197
128985,1,7,9,11.188245842872814
128990,1,7,1,15.867751594726483
128991,1,7,3,1.0455387950537443
129003,1,7,6,21.41166909795907
129006,1,7,6,7.944795904906355
129010,1,7,5,0.3700090141005197
129018,1,7,4,0.3700090657260609
129031,1,7,10,24.602012901122354
129035,1,7,5,0.3700090141005197
129039,1,7,4,0.3700090657260609
129042,1,7,6,5.343515213792741
129052,1,7,8,7.033785138175054
129091,1,7,6,22.39231308384541
129106,1,7,5,0.3700090141005197
129110,1,7,8,16.035366088099412
129113,1,7,9,17.053686950057045
129128,1,7,5,0.3700090141005197
129143,1,7,1,25.837550460568014
129166,1,7,4,0.3700090657260609
129169,1,7,10,8.107302002825254
129171,1,7,8,29.9919853710118
129175,1,7,10,20.433050162729394
129181,1,7,9,33.504505335964
129185,1,7,8,11.176397040837378
129195,1,7,8,19.457660401995632
129203,1,7,5,0.37000902039789374
129213,1,7,9,5.141083616053833
129221,1,7,5,0.3700090141005197
129225,1,7,4,0.3700090657260609
129239,1,7,4,0.3700090657260609
129243,1,7,9,32.89104782760507
129245,1,7,8,18.716829739973175
129250,1,7,6,12.896926388720928
129252,1,7,5,0.3700090141005197
129256,1,7,1,14.364237210802814
129274,1,7,4,0.3700090657260609
129291,1,7,1,21.718471174941314
129292,1,7,2,8.661620003803094
129300,1,7,4,0.3700090657260609
129305,1,7,9,8.630755257222265
129314,1,7,10,17.6656633370435
129320,1,7,9,24.092545791583397
129330,1,7,10,7.900966321190828
129346,1,7,8,6.884540163457875
129347,1,7,10,22.830076101356337
129357,1,7,5,0.3700090141005197
129359,1,7,10,17.256609094233404
129396,1,7,7,6.351968825994978
129400,1,7,9,24.76867962374286
129410,1,7,4,0.3700090657260609
129414,1,7,4,0.3700090657260609
129423,1,7,2,6.192393965068241
129434,1,7,6,24.779736403472473
129437,1,7,9,16.978255934337295
129449,1,7,9,9.478421907574154
129450,1,7,2,14.447801982050422
129455,1,7,10,9.3954398865316
129465,1,7,9,23.493429482635207
129480,1,7,4,0.3700090656202526
129492,1,7,7,5.434402904490454
129502,1,7,6,12.751678690395579
129503,1,7,1,25.977100106525306
129506,1,7,6,21.14354767246869
129509,1,7,3,2.3383769517938857
129519,1,7,10,23.907961691109595
129527,0,7,0,0.09262064940590975
129528,1,7,4,0.3700090657260609
129531,1,7,6,29.738341725796886
129558,1,7,6,6.771186677325068
129560,1,7,8,10.113837829826604
129564,1,7,6,28.678785613649882
129568,1,7,5,0.3700090141005197
129586,1,7,4,0.3700090657260609
129651,1,7,8,24.230126066986116
129658,1,7,5,0.3700090141005197
129680,1,7,5,0.3700090141005197
129682,1,7,5,0.3700090141005197
129702,1,7,8,8.005473713317762
129729,1,7,4,0.3700090657260609
129737,1,7,1,6.122800864884978
129756,1,7,9,11.847739333571694
129757,1,7,6,13.003777931022658
129761,0,7,0,0.41217290013109503
129786,1,7,10,26.02090927010508
129787,1,7,8,28.688400398483424
129800,1,7,6,20.472646118715268
129802,1,7,10,25.275214393139358
129803,1,7,6,21.979804187796688
129822,0,7,0,0.04224691569712263
129834,1,7,8,19.294291043173388
129847,1,7,10,17.490348721504816
129857,1,7,9,18.24795211928855
129862,1,7,8,22.706088796249478
129872,1,7,4,0.3700090657260609
129879,1,7,4,0.3700090657260609
129885,1,7,4,0.3700090657260609
129901,1,7,9,29.855021635347406
129926,1,7,8,26.488994355067852
129952,1,7,8,20.671302910220337
129960,1,7,8,27.785369278252574
129961,1,7,6,26.092444866374493
129963,1,7,1,27.45492462346896
129965,0,7,0,0.03254293665641794
129971,1,7,9,16.170533540913397
129974,1,7,9,33.79209903190479
129988,1,7,8,16.35194177010668
129989,1,7,7,5.787692444748019
129995,1,7,5,0.3700090141005197
129998,1,7,8,34.33167409861226
130006,1,7,5,0.3700090141005197
130026,1,7,6,27.385425683066124
130041,1,7,9,18.193143674624437
130056,1,7,5,0.3700090141005197
130069,1,7,5,0.3700090141005197
130084,1,7,10,7.228227177774763
130085,1,7,5,0.3700090141005197
130087,1,7,8,33.603601125972105
130090,1,7,10,7.470878303212218
130091,1,7,9,29.5723690440494
130096,1,7,4,0.3700090657260609
130122,0,7,0,0.02601613436983839
130137,1,7,5,0.37000902039789374
130143,1,7,9,32.000938125964325
130154,1,7,9,15.029027103096489
130181,1,7,8,33.09773130363666
130199,1,7,4,0.3700090657260609
130228,1,7,3,3.0731289369872625
130229,1,7,6,30.13414019223923
130234,1,7,6,10.960402578339336
130244,1,7,5,0.3700090141005197
130254,1,7,4,0.3700090657260609
130310,1,7,1,6.375864491706205
130334,1,7,8,29.202792227069683
130361,1,7,9,33.51927312704216
130384,1,7,9,22.638622628300098
130391,1,7,10,18.84973434901544
130397,1,7,4,0.3700090657260609
130403,1,7,4,0.3700090657260609
130410,1,7,1,16.601049191718516
130427,1,7,1,20.605826430287898
130431,1,7,10,11.615955198656495
130433,1,7,4,0.3700090657260609
130436,1,7,2,3.768845457414445
130438,1,7,10,16.492037262099284
130445,0,7,0,0.038688093088753664
130463,1,7,9,2.756213180129502
130487,0,7,0,0.024337355469118083
130492,1,7,5,0.3700090141005197
130508,1,7,1,22.119375523123317
130510,1,7,8,29.424747344900837
130518,0,7,0,0.05158921772863625
130524,1,7,10,15.903803557453564
130527,1,7,4,0.3700090657260609
130540,1,7,4,0.3700090656202526
130557,1,7,2,11.378290397785229
130576,1,7,5,0.3700090141005197
130580,1,7,5,0.3700090141005197
130593,1,7,9,29.350524773623608
130600,1,7,9,16.53847728126395
130614,1,7,5,0.3700090141005197
130634,1,7,9,30.299183097638878
130653,1,7,8,15.227026073111437
130654,1,7,4,0.3700090657260609
130686,1,7,10,18.00839881302937
130696,1,7,8,27.96734659616215
130709,1,7,9,31.881320763449104
130710,1,7,10,24.22692573168341
130732,1,7,9,8.363700060233002
130735,1,7,5,0.3700090141005197
130739,1,7,8,33.301534462651446
130747,1,7,7,6.430618557820457
130748,1,7,4,0.3700090657260609
130751,1,7,9,31.2076529409385
130773,1,7,1,24.845811232892977
130774,1,7,7,2.7924440310570406
130804,1,7,6,17.834202723873883
130812,1,7,9,7.877084893262296
130822,1,7,9,20.08201034950916
130841,1,7,6,20.386325239118904
130902,1,7,6,22.08764130330129
130905,1,7,6,29.275332622269204
130906,1,7,1,4.103398029744247
130919,1,7,4,0.3700090657260609
130926,1,7,9,31.07685790887894
130927,1,7,6,27.618338226320883
130934,1,7,8,30.142042965248777
130948,1,7,4,0.3700090656202526
130949,1,7,5,0.3700090141005197
130952,1,7,5,0.3700090141005197
130969,1,7,6,10.40292322380393
130970,1,7,6,11.525056965683309
130976,1,7,6,30.223665711840184
130977,1,7,4,0.3700090657260609
130988,1,7,7,0.5538951189829693
131002,1,7,8,19.273681148215818
131008,1,7,4,0.3700090657260609
131009,1,7,4,0.3700090657260609
131012,1,7,1,20.35887147905601
131018,1,7,6,22.981460983105897
131029,1,7,9,32.530593711078225
131038,1,7,5,0.3700090141005197
131039,1,7,9,33.31411803873819
131044,0,7,0,0.03544096896772825
131054,1,7,9,28.519554361810943
131058,1,7,8,29.96081463506905
131062,1,7,9,18.217709305884327
131070,0,7,0,0.06798903257012989
131081,1,7,8,27.772841336683037
131083,1,7,9,29.40982288212884
131093,1,7,4,0.3700090657260609
131099,1,7,5,0.3700090141005197
131123,0,7,0,0.038285245713451696
131125,1,7,5,0.3700090141005197
131128,1,7,6,18.600422862375805
131164,1,7,8,29.639986833897865
131179,1,7,10,17.32128275026568
131199,1,7,5,0.3700090141005197
131210,1,7,8,19.598697262731015
131216,1,7,5,0.37000902039789374
131228,1,7,7,2.273221291577193
131237,1,7,9,21.813207728585347
131255,1,7,1,15.224679985312928
131297,1,7,9,21.974842196900536
131302,1,7,6,4.327325350610976
131338,1,7,5,0.3700090141005197
131342,1,7,8,3.1762074331535906
131347,1,7,6,19.304912321045634
131353,0,7,0,0.036789759361301605
131372,1,7,4,0.3700090657260609
131376,1,7,4,0.3700090657260609
131382,1,7,9,15.856296939782418
131385,1,7,6,4.34605166977895
131401,1,7,4,0.3700090657260609
131403,1,7,6,14.155576644612816
131407,1,7,10,19.80861479251185
131423,1,7,5,0.3700090141005197
131440,1,7,5,0.3700090141005197
131453,1,7,6,28.408346757922274
131470,1,7,3,3.234202620050579
131482,1,7,1,4.396740796121703
131504,1,7,9,23.289321516341854
131505,1,7,10,5.138939615315701
131508,1,7,6,24.291388054846426
131518,1,7,9,32.25320405866005
131534,1,7,6,12.741051796454794
131537,1,7,5,0.3700090141005197
131552,1,7,8,11.081573392022387
131554,1,7,6,29.39385317497894
131563,1,7,9,19.08093045135446
131572,1,7,8,22.043010697246885
131575,0,7,0,0.06749758927251519
131595,1,7,5,0.3700090141005197
131607,1,7,3,3.145193255074961
131618,1,7,8,36.068719334287465
131646,1,7,9,28.9400885332091
131653,0,7,0,0.04645469928180455
131661,1,7,9,5.6022747318553385
131662,1,7,4,0.3700090657260609
131666,0,7,0,0.03856891152567366
131670,1,7,2,15.312518281704063
131682,1,7,1,20.037278582972622
131685,1,7,5,0.3700090141005197
131703,1,7,8,24.61514737890072
131713,1,7,10,12.624280243931416
131718,1,7,10,21.4142862616976
131719,1,7,6,24.195147424030395
131720,1,7,5,0.3700090141005197
131723,1,7,8,36.03383254540704
131726,1,7,5,0.3700090141005197
131729,0,7,0,0.04367120412262831
131744,1,7,5,0.3700090141005197
131763,1,7,9,3.232391315422382
131764,1,7,4,0.3700090657260609
131772,1,7,4,0.3700090657260609
131795,1,7,10,16.45251479420898
131810,1,7,6,22.616195913290234
131814,1,7,6,8.609349477386067
131822,1,7,9,31.48501380732501
131828,1,7,8,10.418723396940596
131836,1,7,5,0.3700090141005197
131850,1,7,8,23.7115859462739
131856,1,7,3,3.216404279611403
131862,1,7,9,32.691688833339754
131864,1,7,5,0.3700090141005197
131867,1,7,9,23.26229004147648
131868,1,7,10,18.196081411007775
131875,1,7,6,30.193004096220754
131898,1,7,9,33.44560165152423
131901,1,7,6,29.344503949979902
131933,1,7,10,4.046411991782764
131940,1,7,10,15.873535211944205
131945,1,7,9,31.334313262920485
131979,1,7,4,0.3700090657260609
131982,1,7,10,24.005690186413418
131986,1,7,9,25.05503010228773
132002,1,7,8,16.646803948840684
132013,1,7,9,33.77724750715779
132029,0,7,0,0.03910001030288155
132043,1,7,6,25.005344288613113
132082,1,7,9,18.887490769673754
132098,1,7,10,3.4847441428702344
132103,1,7,5,0.3700090141005197
132110,1,7,8,6.826155789270158
132111,1,7,4,0.3700090657260609
132122,1,7,4,0.3700090657260609
132135,1,7,4,0.3700090657260609
132138,0,7,0,0.03144579197271755
132151,1,7,3,3.0654532609460357
132183,1,7,9,32.03735786733604
132194,1,7,4,0.3700090657260609
132195,1,7,8,20.51859872841881
132202,1,7,5,0.3700090141005197
132209,1,7,5,0.3700090141005197
132233,1,7,9,16.626508352024963
132235,1,7,5,0.37000902039789374
132244,1,7,4,0.3700090657260609
132287,1,7,5,0.3700090141005197
132299,1,7,8,6.749054217399506
132310,1,7,5,0.3700090141005197
132311,1,7,4,0.3700090657260609
132313,1,7,10,21.07132501387883
132350,1,7,1,16.506378085562314
132353,1,7,10,22.753049986849568
132398,0,7,0,0.1333291035051418
132406,1,7,5,0.3700090141005197
132412,1,7,3,2.4108406021119744
132414,1,7,5,0.3700090141005197
132415,1,7,9,4.013024750512019
132419,1,7,5,0.3700090141005197
132428,0,7,0,0.033009837481256174
132431,1,7,8,2.7679526027106682
132452,1,7,6,26.105462204356197
132492,1,7,6,8.101519437316524
132496,1,7,5,0.3700090141005197
132507,1,7,5,0.3700090141005197
132514,1,7,8,23.547244344303884
132519,1,7,5,0.3700090141005197
132523,0,7,0,0.03496967889399655
132551,1,7,10,11.55274120730807
132560,1,7,10,12.967501529002778
132568,1,7,5,0.3700090141005197
132575,1,7,9,23.980182932612017
132591,1,7,10,9.344442329715394
132629,1,7,4,0.3700090657260609
132633,1,7,3,3.1771310848983036
132638,1,7,5,0.37000902039789374
132642,1,7,4,0.3700090656202526
132717,1,7,6,10.766703603081615
132720,1,7,5,0.3700090141005197
132728,1,7,9,31.26620767282709
132729,1,7,6,6.043160848952411
132736,1,7,7,5.21187183230966
132748,1,7,3,1.6676378212607426
132757,1,7,8,21.191499347338702
132794,1,7,10,18.00890178910103
132798,1,7,9,6.2718338346710025
132834,1,7,9,17.701923156091308
132840,1,7,5,0.3700090141005197
132866,1,7,6,14.680354251661258
132895,1,7,1,26.288292235102762
132907,0,7,0,0.039803266153119576
132920,1,7,9,33.484003912239814
132939,1,7,8,32.82591258601417
132947,1,7,9,3.3738089666279865
132949,1,7,5,0.3700090141005197
132972,1,7,5,0.3700090141005197
132984,1,7,9,23.654672145882994
132989,1,7,5,0.3700090141005197
132990,1,7,10,22.830883293166227
132999,1,7,10,15.31079380473628
133000,1,7,7,2.429529483513063
133008,1,7,3,3.1091695591881336
133032,1,7,1,17.598704301493957
133034,1,7,8,6.458649551029841
133035,1,7,4,0.3700090657260609
133047,0,7,0,0.03864477454030062
133049,1,7,8,9.590605917168537
133073,1,7,9,28.32396222595751
133074,1,7,7,2.50139696898313
133075,1,7,5,0.3700090141005197
133091,1,7,9,18.203823907073584
133118,1,7,7,0.34527993429096215
133120,0,7,0,0.036458278151368
133125,1,7,7,2.3835714486340573
133126,1,7,4,0.3700090657260609
133137,1,7,7,2.2763239401899495
133139,1,7,4,0.3700090657260609
133141,1,7,8,25.216795422667957
133157,1,7,5,0.3700090141005197
133166,1,7,7,5.2105323787223
133175,1,7,7,1.619529562162621
133203,1,7,5,0.3700090141005197
133206,1,7,8,6.077409117607557
133214,1,7,7,6.312339949855704
133232,1,7,8,32.715353396308856
133248,1,7,6,22.818867002708526
133253,1,7,3,3.1404744988468822
133261,1,7,4,0.3700090657260609
133289,1,7,9,33.452137461659575
133294,1,7,10,20.503993478552687
133295,1,7,5,0.3700090141005197
133301,0,7,0,0.03156127800667791
133302,1,7,4,0.3700090657260609
133303,1,7,4,0.3700090657260609
133306,1,7,9,29.905553945090045
133312,1,7,10,12.611667655176436
133316,1,7,6,5.5647378958787606
133343,1,7,5,0.3700090141005197
133349,0,7,0,0.027075130080590017
133354,1,7,4,0.3700090656202526
133356,1,7,6,29.221285713747967
133359,1,7,6,20.06972778532384
133362,1,7,1,4.2711712633796735
133363,1,7,1,21.495337004200596
133370,1,7,4,0.3700090657260609
133371,1,7,8,33.20821643077881
133392,1,7,9,22.010069701414533
133394,1,7,9,23.95222953424012
133395,1,7,6,17.39274228022826
133410,1,7,7,5.012263012036716
133413,1,7,8,26.414163046409318
133420,1,7,4,0.3700090657260609
133455,1,7,8,17.646083507537927
133475,1,7,9,19.060997958316847
133493,1,7,6,29.44599113155888
133547,1,7,6,16.37988774228355
133552,1,7,5,0.3700090141005197
133556,1,7,1,7.074845927638633
133564,1,7,6,16.76131538769301
133576,1,7,4,0.3700090657260609
133577,1,7,4,0.3700090657260609
133596,1,7,6,26.790974830109924
133638,1,7,4,0.3700090657260609
133639,1,7,2,5.971351450039629
133651,1,7,9,12.480161423548426
133664,1,7,8,35.636120340190296
133700,1,7,5,0.3700090141005197
133718,1,7,2,16.23216827551712
133723,1,7,8,10.046618788691383
133725,1,7,4,0.3700090657260609
133727,1,7,5,0.3700090141005197
133736,1,7,5,0.37000902039789374
133745,1,7,9,33.53599037020004
133755,1,7,5,0.3700090141005197
133764,1,7,6,22.09225342991449
133769,1,7,1,13.85640461631934
133772,1,7,4,0.3700090657260609
133782,1,7,6,29.646670800450888
133785,1,7,3,2.6086380539989387
133790,1,7,9,31.77302122802585
133797,1,7,5,0.3700090141005197
133801,1,7,5,0.3700090141005197
133802,1,7,10,24.419170450632215
133803,1,7,8,26.071771404558056
133812,1,7,9,20.74566517760662
133820,1,7,7,5.04623774624089
133846,1,7,10,13.262851709927007
133848,1,7,9,4.7330875116401385
133850,1,7,4,0.3700090657260609
133858,1,7,6,29.79084733805389
133861,1,7,6,29.452756815850318
133865,1,7,9,23.398735658622336
133869,1,7,1,26.298556687516488
133872,1,7,10,15.557213460708581
133886,1,7,6,29.24971693810343
133887,0,7,0,0.029874975425659814
133906,1,7,4,0.3700090657260609
133908,1,7,8,8.703746702055371
133923,1,7,8,27.00768307154037
133947,1,7,9,31.79410690546944
133950,1,7,8,9.460551791799332
133960,1,7,6,23.15840199013824
133962,1,7,6,23.992659366564784
133971,1,7,5,0.37000902039789374
133972,1,7,6,13.818136147468977
133981,1,7,5,0.3700090141005197
133989,1,7,8,8.141972439801973
134002,1,7,2,1.6664037856212928
134006,1,7,9,26.486009104646566
134014,1,7,7,5.309848434819524
134017,1,7,6,24.52654061679358
134049,1,7,4,0.3700090657260609
134056,1,7,8,25.79583587572982
134059,1,7,5,0.3700090141005197
134076,0,7,0,0.046832988652242995
134078,1,7,9,24.995022284753695
134082,1,7,9,5.145807217555096
134093,1,7,9,12.99012159325801
134107,1,7,6,28.840007966772262
134114,1,7,4,0.3700090657260609
134146,1,7,10,18.949740943382537
134170,1,7,6,24.55926076933355
134173,1,7,8,21.182600843136864
134176,1,7,5,0.3700090141005197
134194,1,7,3,3.2295924411200247
134195,1,7,7,6.452518859086622
134196,1,7,9,31.24688809496581
134199,1,7,8,32.41297863588567
134221,1,7,4,0.3700090657260609
134236,1,7,9,33.54164242112495
134241,1,7,10,15.793165629141019
134253,1,7,5,0.3700090141005197
134260,1,7,8,28.976823606657415
134269,1,7,1,18.81230810012441
134279,1,7,1,22.543066959003376
134280,1,7,4,0.3700090656202526
134292,1,7,6,16.248729831736338
134294,1,7,9,5.631203173177906
134298,1,7,6,11.771151732511129
134319,1,7,3,3.187790997677945
134334,1,7,6,29.285666821406657
134348,1,7,6,12.65352893784328
134368,1,7,4,0.3700090657260609
134370,1,7,7,6.202607642191895
134392,1,7,6,21.3710389950346
134399,1,7,9,20.45364981193826
134430,1,7,6,28.97411890008548
134436,1,7,5,0.3700090141005197
134443,1,7,5,0.3700090141005197
134457,1,7,9,11.963323331391937
134473,1,7,6,23.968602885284625
134475,1,7,8,33.40436121942676
134552,1,7,7,3.635208653116568
134556,1,7,6,21.620652312120075
134557,1,7,6,22.81384939532907
134558,1,7,8,14.158735484299482
134561,1,7,5,0.3700090141005197
134564,1,7,9,14.726815984083848
134566,0,7,0,0.06527728661083995
134579,1,7,5,0.3700090141005197
134604,1,7,5,0.3700090141005197
134623,1,7,6,6.623002933593392
134643,1,7,9,31.576769466107805
134647,1,7,8,24.36475232142004
134648,1,7,5,0.3700090141005197
134650,1,7,4,0.3700090657260609
134666,1,7,6,14.17666297721826
134669,1,7,1,26.569412707214028
134672,1,7,4,0.3700090656202526
134674,1,7,10,18.849846833568193
134681,1,7,10,16.147240022036357
134684,1,7,10,24.759876075881618
134695,1,7,4,0.3700090657260609
134703,1,7,6,17.794211189685107
134729,1,7,2,1.1552494540885836
134730,1,7,9,4.258591125003314
134732,1,7,8,15.636163230797042
134736,1,7,1,8.88497119697658
134746,0,7,0,0.03607370392477792
134753,1,7,7,2.5629263320508873
134755,1,7,5,0.3700090141005197
134776,1,7,10,5.2080781158052085
134780,1,7,4,0.3700090657260609
134789,1,7,9,12.141095992563422
134791,1,7,10,13.073735642400658
134794,1,7,8,12.12469986186524
134811,1,7,4,0.3700090657260609
134824,1,7,6,29.49671295837077
134834,1,7,1,23.93913771561013
134837,1,7,4,0.3700090657260609
134839,1,7,9,24.684425596534115
134845,1,7,9,28.36899175084534
134851,1,7,6,15.371172169486654
134855,1,7,6,25.076557361384072
134860,1,7,6,30.167545752273913
134878,1,7,7,2.5934297334653333
134906,1,7,10,16.216915000497696
134908,1,7,6,29.478521109367293
134928,1,7,6,21.425051278673486
134930,0,7,0,0.03298087472085758
134936,1,7,9,32.08196668025502
134937,1,7,8,13.731055201100347
134940,1,7,4,0.3700090657260609
134942,1,7,3,2.7778574777302807
134945,1,7,5,0.3700090141005197
134955,0,7,0,0.04673069002958476
134960,0,7,0,0.04299968261492884
134970,1,7,10,17.07816863747428
134977,1,7,4,0.3700090657260609
135001,1,7,8,26.5742576685195
135002,1,7,6,28.259236814598662
135004,1,7,6,26.9835665947482
135008,1,7,5,0.3700090141005197
135024,1,7,9,28.09705496855533
135038,0,7,0,0.03943806649628024
135042,1,7,6,11.17456637922056
135058,1,7,6,15.490086208018909
135068,1,7,8,31.747450954301943
135089,1,7,7,2.480583404045538
135097,1,7,6,6.548992352312462
135106,1,7,6,27.551401645528465
135122,1,7,8,18.59891944405943
135127,1,7,4,0.3700090657260609
135129,1,7,10,5.02846782120027
135134,1,7,4,0.3700090657260609
135139,1,7,5,0.3700090141005197
135140,1,7,8,22.01082045861981
135151,1,7,4,0.3700090657260609
135159,1,7,9,29.773382610771968
135172,1,7,5,0.3700090141005197
135173,1,7,1,19.464541493013105
135179,1,7,8,29.621272233752943
135184,1,7,5,0.37000902039789374
135186,1,7,2,13.018332849975005
135187,0,7,0,0.037324598318174786
135199,1,7,1,21.725693879295036
135202,1,7,5,0.3700090141005197
135210,1,7,5,0.3700090141005197
135222,1,7,8,24.05299831091857
135231,1,7,6,19.455019332625557
135232,1,7,8,31.52831934536366
135233,1,7,4,0.3700090657260609
135234,1,7,6,20.641538372473256
135247,1,7,10,13.962531715368915
135252,1,7,8,36.018251768848735
135259,1,7,10,25.61997443573819
135294,1,7,5,0.3700090141005197
135302,1,7,8,28.118872488388774
135303,1,7,8,23.11752316035632
135321,1,7,8,25.513728440004897
135322,1,7,4,0.3700090657260609
135326,1,7,4,0.3700090657260609
135342,1,7,1,5.493469044882676
135356,1,7,6,21.925779710750064
135360,0,7,0,0.037587270779840955
135363,1,7,2,15.47423768655695
135392,1,7,4,0.3700090657260609
135411,1,7,4,0.3700090657260609
135432,1,7,5,0.3700090141005197
135460,1,7,5,0.3700090141005197
135476,1,7,8,9.865150587477242
135488,1,7,6,5.431246394389526
135495,1,7,10,11.09524438262865
135520,1,7,8,15.563601224892649
135536,1,7,5,0.37000902039789374
135550,1,7,5,0.3700090141005197
135554,1,7,5,0.3700090141005197
135563,1,7,5,0.3700090141005197
135573,1,7,9,22.814593216761374
135589,1,7,10,13.080976969836401
135595,1,7,6,29.599859212426487
135597,1,7,4,0.3700090657260609
135602,1,7,7,6.276557360099009
135611,1,7,7,6.225523752918965
135613,1,7,1,15.848281818587122
135623,1,7,6,16.076550872562756
135631,1,7,6,14.29663374100528
135633,1,7,5,0.3700090141005197
135635,1,7,2,16.46542061805362
135654,1,7,9,30.705624531284304
135655,1,7,5,0.3700090141005197
135668,1,7,9,11.714937404422272
135680,1,7,9,23.47533961823971
135681,1,7,9,21.83759500304205
135695,1,7,3,2.231559501961265
135701,1,7,10,21.875092341034748
135702,1,7,4,0.3700090657260609
135704,0,7,0,0.032750984828211045
135715,1,7,6,29.64270356941325
135723,1,7,3,1.3255186387735494
135730,1,7,8,31.457846795267944
135732,1,7,10,5.383707792306815
135762,0,7,0,0.036094570114302414
135765,1,7,8,34.288866254139975
135771,1,7,3,3.2292728576513983
135799,1,7,6,30.121754573323482
135817,1,7,1,27.09190181561911
135821,1,7,2,15.115334001474563
135828,1,7,5,0.3700090141005197
135835,1,7,8,30.73740146339496
135836,1,7,5,0.3700090141005197
135850,1,7,4,0.3700090657260609
135864,1,7,8,33.524964519272125
135867,1,7,6,17.383371319668626
135872,1,7,9,18.643616016953985
135873,1,7,9,31.4864583658888
135877,1,7,6,9.814756188765307
135878,1,7,9,21.235543691198366
135886,1,7,4,0.3700090657260609
135907,1,7,5,0.3700090141005197
135908,1,7,9,30.67339024050881
135913,1,7,5,0.3700090141005197
135919,1,7,5,0.3700090141005197
135938,1,7,2,7.258739684758976
135943,1,7,7,2.846384571219233
135951,1,7,6,25.41589554913177
135967,1,7,5,0.3700090141005197
135971,1,7,8,26.57345865202836
135972,1,7,4,0.3700090657260609
135984,1,7,6,17.810122723344087
135991,1,7,5,0.3700090141005197
136005,1,7,6,25.61603040476494
136011,1,7,9,26.57452617059131
136030,1,7,8,21.400254905982592
136034,1,7,8,27.31143233912647
136036,1,7,8,33.75917577266216
136038,1,7,9,33.065051461368945
136043,1,7,9,9.55009954414593
136069,1,7,8,34.20622260831758
136071,1,7,4,0.3700090657260609
136089,1,7,9,32.083524574911955
136092,1,7,9,24.98081317366086
136093,1,7,8,5.7991598795911345
136096,1,7,6,5.893725670353227
136098,1,7,4,0.3700090657260609
136104,1,7,6,9.926444734906752
136115,1,7,5,0.3700090141005197
136151,1,7,6,28.878539001790013
136153,1,7,9,33.63059140951603
136156,1,7,5,0.3700090141005197
136177,1,7,9,15.80666965344919
136196,1,7,8,29.899062108777915
136199,1,7,1,24.23347908366624
136206,1,7,5,0.3700090141005197
136225,1,7,9,9.805547630714342
136226,1,7,7,0.3430121585232716
136235,0,7,0,0.03963863046306373
136237,1,7,6,29.548206315740092
136271,1,7,8,23.55276200012143
136275,1,7,5,0.3700090141005197
136278,1,7,6,22.489880786699292
136287,1,7,1,11.466800858919633
136299,1,7,5,0.3700090141005197
136301,1,7,7,3.234638914379369
136303,1,7,1,10.213461137890256
136316,1,7,4,0.3700090657260609
136324,1,7,3,3.073326529400154
136337,1,7,9,4.410381790671756
136340,1,7,6,25.093768110988456
136343,1,7,8,10.070720338717535
136359,1,7,8,19.547350117023033
136364,1,7,8,36.064644555622635
136370,1,7,9,18.608976533690424
136376,1,7,8,32.80936832205431
136382,1,7,3,3.2349542901754114
136395,1,7,7,1.7953590193481754
136399,1,7,6,19.140554216881924
136407,1,7,4,0.3700090657260609
136408,0,7,0,0.09495060898800542
136420,1,7,8,18.20684293394971
136433,0,7,0,0.031144048095227948
136435,1,7,8,22.763799210308324
136439,1,7,8,25.143651412898848
136443,1,7,10,23.662007197422426
136448,1,7,4,0.3700090657260609
136460,1,7,5,0.3700090141005197
136467,1,7,9,23.50895373175882
136477,1,7,4,0.3700090657260609
136487,1,7,8,21.558391760709974
136490,1,7,10,15.80744178344793
136491,1,7,6,8.567810406978829
136498,1,7,4,0.3700090657260609
136521,1,7,6,21.926932666973386
136524,0,7,0,0.02624983226497201
136527,1,7,7,5.047976724778995
136529,1,7,1,13.78226349021601
136530,1,7,3,3.2181959620260905
136534,1,7,7,2.923796523981818
136537,1,7,7,6.365403023353488
136538,1,7,10,11.60321956376839
136544,1,7,4,0.3700090657260609
136557,1,7,5,0.37000902039789374
136569,1,7,8,3.302469746114715
136570,1,7,1,8.423993635424171
136590,0,7,0,0.03246002739932513
136591,1,7,5,0.3700090141005197
136616,1,7,4,0.3700090657260609
136619,1,7,6,14.938818968231447
136630,1,7,5,0.3700090141005197
136631,1,7,7,6.199746459613802
136676,1,7,8,10.400435832161573
136686,1,7,9,30.640271857256984
136690,1,7,5,0.3700090141005197
136710,1,7,1,19.72274452941975
136712,1,7,10,25.40967890169793
136741,1,7,6,29.75554314623868
136748,1,7,2,12.904248430813464
136764,1,7,9,25.24183314992226
136765,1,7,10,13.114405838116099
136767,1,7,7,6.010140244930982
136780,1,7,5,0.3700090141005197
136784,1,7,8,8.438169459657566
136786,1,7,9,26.883657694110077
136790,1,7,9,32.45751279486058
136791,1,7,10,15.882918796258501
136792,1,7,9,22.14849285467121
136822,1,7,9,33.636929306691506
136837,1,7,8,18.311621024621473
136840,1,7,5,0.3700090141005197
136841,1,7,5,0.3700090141005197
136852,1,7,5,0.3700090141005197
136860,1,7,8,31.529401507789412
136880,1,7,5,0.3700090141005197
136887,1,7,5,0.37000902039789374
136905,1,7,4,0.3700090656202526
136908,1,7,4,0.3700090657260609
136914,1,7,9,15.229913426807324
136942,1,7,4,0.3700090657260609
136965,1,7,9,20.174870895606208
136970,1,7,6,17.129958615956458
136974,1,7,6,17.90441039431169
136975,1,7,4,0.3700090657260609
136976,1,7,9,23.75539391298598
136978,1,7,8,9.062488888254155
136979,1,7,9,25.055514332864565
136995,1,7,4,0.3700090657260609
137008,1,7,9,6.44452789826035
137009,1,7,8,32.33608071904215
137015,1,7,2,2.9781523647209625
137018,1,7,9,14.146371681401805
137020,1,7,10,4.253346602864787
137029,1,7,6,17.003981134796213
137043,1,7,3,2.303237757749106
137045,1,7,9,23.683260992285465
137051,1,7,10,20.46909189365141
137052,1,7,8,31.33778014661855
137061,1,7,4,0.3700090657260609
137071,1,7,5,0.3700090141005197
137087,1,7,9,29.173626273983437
137091,1,7,5,0.3700090141005197
137110,1,7,9,33.650496704078535
137113,1,7,7,3.2121532846509635
137126,1,7,5,0.3700090141005197
137140,1,7,9,31.34070219289412
137142,1,7,7,2.325169772749086
137151,1,7,1,19.133356010615064
137170,1,7,5,0.37000902039789374
137179,1,7,7,6.176118782161502
137190,1,7,5,0.3700090141005197
137197,1,7,8,31.29614648681471
137209,1,7,9,14.67127941427694
137213,1,7,10,10.709934152618162
137228,1,7,7,3.6502765382631135
137244,1,7,8,6.710298252592479
137245,1,7,9,23.014312423004984
137251,1,7,6,15.498674119988019
137269,1,7,5,0.3700090141005197
137274,1,7,5,0.3700090141005197
137276,1,7,5,0.3700090141005197
137279,0,7,0,0.037712815751822025
137283,1,7,6,23.42976753016894
137290,1,7,8,13.879450166085292
137299,1,7,6,29.33922013217408
137301,1,7,10,17.192535849834833
137312,1,7,9,17.75675367214624
137315,1,7,8,11.219915255149733
137338,1,7,6,22.294612133100056
137341,1,7,10,4.310426235326916
137350,1,7,4,0.3700090657260609
137357,1,7,1,22.113722596263344
137377,1,7,8,20.67908594890464
137384,1,7,5,0.3700090141005197
137387,1,7,6,28.49060708039555
137388,1,7,8,10.466589303088895
137427,1,7,6,18.333750514150058
137445,1,7,6,15.075529272716057
137447,1,7,9,16.107947030403473
137452,1,7,1,27.50160366514814
137453,1,7,9,18.13742710933096
137461,1,7,6,5.468850321853843
137464,1,7,8,31.428650609364716
137466,1,7,6,21.815911480963095
137467,1,7,9,22.541101856029908
137468,1,7,9,20.806278669289792
137470,1,7,6,22.48972085257965
137482,1,7,8,36.00444148064639
137487,1,7,4,0.3700090657260609
137489,1,7,9,31.22708656009891
137490,1,7,10,8.991450179091604
137510,1,7,6,26.863550597589825
137511,1,7,4,0.3700090657260609
137520,1,7,5,0.3700090141005197
137527,1,7,6,13.141044387918106
137534,1,7,9,19.562601468129692
137552,1,7,4,0.3700090657260609
137554,1,7,10,5.380651423440462
137561,0,7,0,0.05991407485553932
137565,1,7,6,27.50814484704204
137568,1,7,2,12.765835926426357
137577,1,7,9,33.04583444405116
137578,1,7,9,7.81495283166343
137597,1,7,4,0.3700090657260609
137600,1,7,6,29.29938960683859
137621,1,7,8,20.809516094326803
137640,1,7,6,24.518717913667412
137658,1,7,1,8.56793294264357
137663,1,7,8,13.436268489454369
137667,1,7,5,0.3700090141005197
137680,1,7,7,6.21587899989789
137708,1,7,10,15.338815754835966
137711,1,7,6,20.011267937966423
137713,0,7,0,0.04631345984950288
137722,1,7,1,17.375998628348174
137737,1,7,10,26.049073786798914
137738,1,7,2,15.434906277551416
137741,1,7,9,31.861493285823464
137756,1,7,9,19.91204409329655
137760,1,7,5,0.3700090141005197
137763,1,7,8,27.258329846348406
137792,1,7,3,1.7666285090944291
137812,1,7,1,21.225753713268524
137813,1,7,6,18.551778328544163
137823,1,7,6,18.00662857003534
137836,1,7,4,0.3700090657260609
137850,1,7,7,0.6159351467343653
137857,1,7,9,19.779065030147336
137861,1,7,9,12.00569532733065
137883,1,7,5,0.3700090141005197
137887,1,7,1,6.025764622828767
137891,1,7,6,20.166589541783303
137915,1,7,6,20.674470909662237
137917,1,7,4,0.3700090657260609
137927,1,7,6,20.050312047833113
137933,1,7,5,0.3700090141005197
137935,1,7,6,22.419225203814378
137936,1,7,4,0.3700090657260609
137937,1,7,8,35.34807014650219
137944,1,7,3,3.1661438767198096
137954,1,7,4,0.3700090657260609
137957,1,7,10,19.127793641807806
137958,1,7,9,30.371606348315424
137959,1,7,9,30.875571383359823
137963,1,7,4,0.3700090656202526
137993,1,7,1,5.351077495506948
137997,1,7,5,0.3700090141005197
138010,1,7,5,0.3700090141005197
138050,1,7,4,0.3700090657260609
138052,1,7,5,0.3700090141005197
138073,1,7,2,10.33845744413571
138076,1,7,4,0.3700090657260609
138083,1,7,5,0.3700090141005197
138113,1,7,5,0.3700090141005197
138122,1,7,9,16.654245116622775
138126,1,7,4,0.3700090657260609
138128,1,7,9,31.044834932775313
138131,1,7,6,24.60158758457779
138140,1,7,4,0.3700090657260609
138154,0,7,0,0.0315865960342164
138156,1,7,6,20.816222367351845
138199,1,7,9,31.11201051236388
138206,1,7,6,25.819770654925335
138216,1,7,6,10.530030698009204
138225,1,7,6,26.02233047312522
138229,1,7,4,0.3700090657260609
138232,1,7,5,0.3700090141005197
138235,1,7,9,31.345212707884272
138242,1,7,1,16.259418125308397
138244,1,7,9,24.108021349454983
138253,1,7,9,32.059196380647435
138260,1,7,9,19.958539312444287
138266,1,7,5,0.3700090141005197
138267,1,7,2,16.13684565288867
138279,1,7,3,3.147761080799722
138280,1,7,1,11.77917468112956
138282,1,7,9,3.5819592762088095
138299,1,7,9,19.483965326833225
138308,1,7,4,0.3700090657260609
138319,1,7,8,18.151878750015133
138338,1,7,9,14.09989134953785
138340,1,7,8,23.621050501554194
138341,1,7,5,0.3700090141005197
138348,1,7,1,13.809628767317873
138350,1,7,8,26.075857092963766
138353,1,7,7,2.5392784076123744
138356,1,7,8,24.36910289598499
138358,1,7,10,13.186015500649717
138383,1,7,6,27.102928633509375
138389,1,7,5,0.3700090141005197
138421,1,7,8,14.361408834411705
138435,0,7,0,0.03916970529786763
138436,0,7,0,0.03079575168191816
138445,1,7,7,5.956426586858909
138452,1,7,6,17.971807114417253
138453,1,7,4,0.3700090657260609
138463,1,7,9,33.145225615932944
138465,1,7,9,27.749962222375586
138473,1,7,10,3.334330108184693
138476,1,7,8,19.49942939771421
138477,1,7,10,3.736246585534187
138479,1,7,5,0.3700090141005197
138492,1,7,6,17.700388204346424
138511,1,7,3,1.4098869749094223
138524,1,7,1,17.935928824919525
138526,1,7,7,5.191919329219046
138546,1,7,8,6.551110002857474
138570,1,7,8,35.10437889967297
138606,1,7,10,9.906573985465629
138624,1,7,2,14.385164102904916
138632,1,7,1,5.098087044083874
138636,1,7,5,0.3700090141005197
138644,1,7,8,14.308995353004725
138647,1,7,6,28.455977589811926
138663,1,7,9,30.20819125674162
138674,1,7,9,18.976950441102616
138695,1,7,5,0.3700090141005197
138713,1,7,4,0.3700090657260609
138725,1,7,5,0.3700090141005197
138730,0,7,0,0.17486485145974764
138732,1,7,8,13.294738399249544
138769,1,7,6,8.45162109774224
138776,0,7,0,0.03923889806628981
138795,1,7,9,24.090321189551037
138826,1,7,4,0.3700090657260609
138867,1,7,4,0.3700090657260609
138880,1,7,4,0.3700090657260609
138887,0,7,0,0.1406189588467219
138888,1,7,8,25.18529452478401
138903,1,7,7,5.064919745145797
138907,1,7,10,21.086644079099894
138946,1,7,4,0.3700090657260609
138955,1,7,3,3.09313898865905
138963,1,7,8,15.067158107975468
138975,1,7,9,16.153308731987153
138987,1,7,4,0.3700090657260609
138991,1,7,9,14.532905638205941
138998,1,7,7,1.8327756161662785
139001,1,7,9,11.311011477132286
139002,0,7,0,0.03630822258066846
139003,1,7,9,8.857191235953065
139007,0,7,0,0.043628000577020834
139008,1,7,5,0.3700090141005197
139023,1,7,2,2.954992096300904
139025,1,7,5,0.3700090141005197
139027,1,7,7,6.235153882396985
139046,1,7,6,12.729175994755183
139048,1,7,1,18.170767805572076
139059,1,7,8,24.349788992696155
139069,1,7,8,26.523140532708247
139073,1,7,5,0.3700090141005197
139079,1,7,8,22.27557435185864
139084,1,7,6,23.73857043226904
139086,1,7,8,24.019378012630423
139088,1,7,6,25.192921684591415
139097,1,7,5,0.3700090141005197
139100,1,7,5,0.3700090141005197
139107,1,7,4,0.3700090657260609
139108,1,7,10,14.7131383138216
139126,1,7,5,0.3700090141005197
139142,1,7,5,0.3700090141005197
139164,0,7,0,0.04112840229620313
139171,1,7,6,22.40412427442068
139198,1,7,5,0.3700090141005197
139239,1,7,10,8.070675675853412
139258,1,7,6,30.036355142777015
139290,1,7,9,24.848705181934065
139354,1,7,10,16.979824165817693
139374,1,7,3,1.1108469792356932
139385,1,7,6,10.185596711218171
139401,0,7,0,0.04480528600054444
139421,1,7,9,29.63010964515771
139422,1,7,8,4.455160214247622
139441,1,7,3,3.1793660764098446
139444,1,7,4,0.3700090657260609
139448,1,7,8,11.410890139082623
139471,1,7,6,25.08236760507906
139492,1,7,2,5.820585625273986
139503,0,7,0,0.11739800860664143
139506,1,7,9,16.79190025648142
139511,1,7,1,23.892463594035373
139514,1,7,6,28.86221200603113
139518,0,7,0,0.04389317267306872
139524,1,7,8,19.285093746418664
139527,1,7,9,33.49444731173331
139548,1,7,1,24.747637276570106
139559,1,7,4,0.3700090657260609
139564,1,7,9,15.177309340092016
139574,1,7,4,0.3700090657260609
139579,1,7,8,20.779865588857657
139580,1,7,9,14.439712616468526
139596,1,7,5,0.3700090141005197
139597,1,7,4,0.3700090657260609
139604,1,7,6,27.133887591639066
139613,1,7,10,14.860534117783821
139625,1,7,10,17.14349881726737
139630,1,7,10,11.053168839885998
139646,1,7,4,0.3700090657260609
139668,1,7,6,20.093238754164926
139672,1,7,1,25.170078293958362
139678,1,7,7,6.463419764607485
139694,1,7,4,0.3700090657260609
139709,1,7,6,28.54676573598664
139710,0,7,0,0.03588103760824304
139713,1,7,9,20.665703318288326
139717,1,7,1,16.538168268079108
139721,1,7,3,3.251715761282537
139731,0,7,0,0.07287916154869571
139745,1,7,8,35.3878452069716
139748,0,7,0,0.0763159397554475
139751,1,7,8,22.409557734751044
139764,1,7,5,0.3700090141005197
139791,1,7,2,1.7754591680330667
139798,1,7,5,0.3700090141005197
139807,1,7,10,6.631288544983236
139811,1,7,8,10.234022317905627
139814,1,7,8,16.550436132208088
139823,1,7,4,0.3700090657260609
139829,1,7,9,27.454468179960646
139842,1,7,8,17.742287477283583
139846,1,7,3,2.3806887793656175
139847,1,7,7,3.5041004786521532
139851,1,7,4,0.3700090657260609
139855,1,7,5,0.3700090141005197
139859,1,7,5,0.3700090141005197
139869,1,7,9,24.625485034168392
139871,1,7,6,12.055440733898473
139878,1,7,10,26.00899585285709
139887,1,7,4,0.3700090657260609
139888,1,7,6,29.08033575740202
139900,1,7,5,0.3700090141005197
139902,1,7,8,27.100460429978792
139904,1,7,6,8.706330286984315
139931,1,7,6,20.16950532284792
139932,1,7,7,5.5401903202946965
139943,1,7,2,14.637551665942457
139944,1,7,1,26.2672382820805
139970,1,7,4,0.3700090657260609
139978,1,7,2,6.062612205631236
139979,1,7,9,30.817384377383267
139997,1,7,3,1.011815237296656
140011,1,7,2,12.75046733107002
140017,1,7,8,13.82475803033993
140047,1,7,5,0.3700090141005197
140053,1,7,8,5.114275377796484
140069,1,7,9,21.653963581230197
140092,1,7,7,3.0879074762081338
140103,1,7,6,15.659474947094326
140104,1,7,5,0.3700090141005197
140106,1,7,6,26.898514016585292
140110,1,7,1,23.70417756132476
140131,1,7,1,24.191183231307303
140137,1,7,6,18.008857863619507
140147,1,7,8,6.621089977996533
140153,1,7,4,0.3700090657260609
140184,1,7,4,0.3700090657260609
140187,1,7,2,5.1288937544772715
140188,1,7,5,0.3700090141005197
140242,1,7,9,33.68984015616974
140257,1,7,1,27.132924143314657
140263,1,7,6,8.44062826217191
140274,1,7,3,2.6229143167474387
140286,1,7,9,27.155350609054395
140288,1,7,9,6.240434481425618
140290,1,7,9,7.058767582347796
140293,1,7,7,1.9239513910424784
140298,1,7,6,20.52020694112027
140302,1,7,6,26.96600776345581
140307,1,7,9,24.011464606932893
140309,1,7,1,4.269115871292842
140314,1,7,4,0.3700090657260609
140325,1,7,2,16.5806798874076
140344,1,7,5,0.3700090141005197
140345,1,7,6,25.53536139382286
140352,1,7,10,16.66079051985057
140364,1,7,9,27.127707904865332
140373,1,7,4,0.3700090657260609
140377,1,7,1,25.99712969972827
140390,1,7,1,15.530228621308634
140404,1,7,8,31.525955005551257
140405,1,7,6,23.96907472206469
140406,1,7,7,6.33043989069822
140415,1,7,4,0.3700090657260609
140425,1,7,7,6.264381714647944
140447,1,7,6,21.926294880305182
140459,1,7,9,2.2247640329433733
140469,1,7,9,25.867256796458033
140472,1,7,4,0.3700090657260609
140486,1,7,9,32.72326006984143
140488,1,7,10,10.819905475319706
140489,1,7,9,16.083268243079658
140506,0,7,0,0.038869233832626846
140525,1,7,8,13.116631590556205
140527,1,7,6,13.833625053882335
140540,1,7,2,5.435210097979437
140564,1,7,2,9.741301787092159
140570,1,7,3,2.472005682607112
140572,1,7,6,26.998373685018628
140582,1,7,5,0.3700090141005197
140602,1,7,9,17.30012765293369
140605,1,7,9,21.61140689140127
140610,1,7,7,3.770155574892519
140612,1,7,5,0.3700090141005197
140625,1,7,4,0.3700090657260609
140626,1,7,1,21.656933561700413
140628,1,7,8,11.922620016062492
140635,1,7,6,10.885769976382328
140646,1,7,2,10.355233650994844
140663,1,7,4,0.3700090657260609
140664,1,7,9,24.64817860367646
140666,1,7,8,16.17524208659218
140676,1,7,4,0.3700090657260609
140683,1,7,9,29.841519401392915
140691,1,7,7,5.092289588915465
140699,1,7,8,13.569980730592864
140721,1,7,7,2.1123208437609966
140736,1,7,8,17.517487292214696
140738,1,7,10,9.81512176172981
140749,1,7,10,20.21182690558412
140774,1,7,9,32.87432610509501
140777,1,7,8,7.353627922901626
140782,1,7,4,0.3700090657260609
140797,1,7,5,0.3700090141005197
140801,1,7,9,28.094958449395715
140805,1,7,4,0.3700090657260609
140811,1,7,10,4.216453706158063
140814,1,7,7,2.4345533867521216
140821,1,7,4,0.3700090657260609
140825,1,7,7,2.7789788512591374
140853,0,7,0,0.033340620598446113
140866,0,7,0,0.034451082307705515
140877,1,7,6,24.163450621908073
140878,1,7,8,6.794370784583011
140891,1,7,6,27.5347279355552
140896,1,7,3,2.341446868279616
140901,1,7,8,33.28653840913482
140905,1,7,8,3.2182677703907876
140911,1,7,9,10.091440542503232
140928,1,7,5,0.3700090141005197
140931,1,7,6,10.509543874026107
140933,1,7,3,3.011534535904817
140937,1,7,8,10.388897955983447
140946,1,7,4,0.3700090657260609
140948,1,7,9,24.374688202734095
140962,1,7,5,0.3700090141005197
140964,0,7,0,0.03194330354193837
140965,1,7,10,19.79282010753815
140970,1,7,8,16.186838176790705
140984,1,7,2,10.418810014018177
140989,1,7,5,0.3700090141005197
140993,1,7,5,0.3700090141005197
140999,1,7,9,30.507904840582434
141004,1,7,6,18.477203344237196
141011,1,7,8,28.87049801041954
141033,1,7,10,21.19256393419294
141046,1,7,7,3.3917886714324608
141049,1,7,8,15.540952685274636
141066,1,7,1,26.53826659404607
141092,1,7,10,23.638808706482937
141125,1,7,10,7.846560898917895
141126,0,7,0,0.04517029315807503
141130,1,7,8,18.067113060241045
141161,1,7,8,26.812741913443148
141164,1,7,9,22.4445326906873
141201,1,7,4,0.3700090656202526
141212,1,7,2,5.526168560431746
141213,0,7,0,0.03677456012976318
141219,1,7,9,22.837799642295693
141240,0,7,0,0.1296453591331642
141241,1,7,8,30.706971115594545
141244,1,7,8,33.43220877970539
141264,1,7,5,0.3700090141005197
141277,1,7,9,14.396627245066497
141300,1,7,9,28.3563228274186
141301,1,7,5,0.3700090141005197
141318,1,7,5,0.3700090141005197
141321,1,7,9,24.66674222717392
141323,1,7,9,32.21610901471117
141338,1,7,5,0.3700090141005197
141371,1,7,6,29.305253958245487
141372,1,7,5,0.3700090141005197
141397,1,7,9,32.4435215193077
141411,1,7,4,0.3700090657260609
141438,1,7,1,21.686910638409273
141443,1,7,4,0.3700090657260609
141446,1,7,5,0.3700090141005197
141469,1,7,5,0.3700090141005197
141514,1,7,9,16.613259174519243
141521,1,7,4,0.3700090657260609
141527,1,7,10,26.001267897612802
141581,1,7,4,0.3700090657260609
141593,1,7,10,5.6116286760007466
141602,1,7,4,0.3700090657260609
141604,1,7,8,17.459251916644465
141613,1,7,9,3.778128512202876
141615,1,7,10,13.640406775243147
141624,1,7,8,3.494771440304011
141659,1,7,4,0.3700090657260609
141665,1,7,4,0.3700090657260609
141673,1,7,7,2.30051350177639
141685,1,7,8,3.9357965873008016
141688,1,7,1,6.636535357399516
141699,1,7,3,2.821585962105517
141704,1,7,8,27.918190775937806
141705,1,7,8,35.539124786823784
141709,1,7,6,13.394904146795266
141720,1,7,7,1.0847446691604095
141726,1,7,8,32.654398734253924
141732,1,7,1,25.442273825837535
141740,1,7,4,0.3700090657260609
141756,1,7,5,0.3700090141005197
141761,1,7,6,15.946352982769632
141763,1,7,2,1.8228557681416604
141765,1,7,9,31.354311981167857
141789,1,7,9,33.41095939810672
141792,1,7,9,21.591078568280018
141799,1,7,9,32.15398443765567
141800,1,7,8,33.56544279971675
141804,1,7,6,25.31141753047418
141816,1,7,6,28.203308777981956
141850,1,7,4,0.3700090657260609
141860,1,7,4,0.3700090657260609
141874,1,7,5,0.3700090141005197
141879,1,7,1,7.492007366103791
141914,1,7,8,14.237337623397563
141916,1,7,5,0.3700090141005197
141924,1,7,8,27.155703792547293
141930,1,7,6,26.65604382370244
141950,1,7,8,10.280121801775474
141952,1,7,9,27.485099809477525
141960,1,7,3,1.6762356005421541
141961,1,7,4,0.3700090657260609
141963,1,7,6,21.96429397904806
141989,1,7,8,8.54644479378006
141994,1,7,7,1.5952654077806403
141997,0,7,0,0.04690302757929389
142013,1,7,10,4.582683129932999
142015,1,7,9,30.97570859587235
142031,1,7,8,24.028489822231275
142035,1,7,10,8.090867713375566
142043,0,7,0,0.03455672725738685
142044,0,7,0,0.039372575574608555
142055,1,7,9,30.69534431338955
142064,1,7,9,29.915123087789222
142065,1,7,8,26.7145359510645
142076,1,7,2,8.372872609670813
142079,0,7,0,0.03178482884661065
142098,1,7,9,3.1519046300657645
142104,1,7,5,0.3700090141005197
142113,1,7,1,24.913182630618326
142139,1,7,6,27.404939110271457
142141,1,7,7,1.8122788074844887
142145,1,7,9,6.8967077954718015
142146,1,7,10,17.178092084328263
142158,1,7,8,5.885721398735289
142169,1,7,8,17.084845739311632
142181,1,7,7,6.183496282210908
142215,1,7,5,0.3700090141005197
142221,1,7,4,0.3700090657260609
142248,1,7,8,29.184390116149885
142267,1,7,9,28.187546951351287
142279,1,7,1,24.909174553736097
142282,1,7,10,11.696891289086357
142284,1,7,4,0.3700090657260609
142286,1,7,6,21.831236616049672
142306,1,7,5,0.3700090141005197
142310,1,7,4,0.3700090657260609
142312,1,7,9,25.22253236773389
142325,1,7,10,17.82832765450653
142326,1,7,2,7.163623227141204
142330,1,7,5,0.3700090141005197
142332,1,7,5,0.3700090141005197
142338,1,7,9,18.703202147458708
142366,1,7,9,30.055808974540543
142386,1,7,9,24.62619940990778
142408,1,7,6,15.930282542673057
142410,1,7,6,27.946882789264045
142418,0,7,0,0.03411512284063368
142420,1,7,6,27.425909892122206
142424,1,7,8,6.691446237587153
142462,1,7,1,21.958648692552348
142468,1,7,1,14.043340782496216
142473,1,7,6,17.26757636760464
142476,1,7,6,21.640744104913054
142494,1,7,4,0.3700090657260609
142495,1,7,8,6.942092797360971
142499,1,7,10,21.877715184637488
142507,1,7,6,22.58819272124765
142516,1,7,9,25.163206259123577
142524,1,7,6,21.910818789700112
142538,1,7,10,21.967917259425057
142566,1,7,10,10.56991698704961
142576,1,7,8,14.365246344258255
142583,1,7,1,6.828450784645177
142592,1,7,5,0.3700090141005197
142618,1,7,2,16.27111321205791
142623,1,7,6,25.02455764493498
142626,1,7,6,25.070365935501815
142629,1,7,8,22.909643800015612
142643,1,7,4,0.3700090657260609
142654,1,7,9,6.411403463120692
142655,1,7,6,18.762650043975484
142673,1,7,6,8.885203796318601
142686,1,7,10,16.804855628015826
142690,1,7,9,31.87681549722416
142718,1,7,6,20.767385982780777
142754,1,7,10,25.183028061440965
142758,1,7,10,22.874922274207044
142768,1,7,8,32.71750141384497
142769,1,7,4,0.3700090657260609
142783,1,7,9,22.048116556617884
142802,1,7,2,10.21186129567104
142820,1,7,5,0.3700090141005197
142829,1,7,8,27.944656682280513
142833,1,7,9,21.313352060366512
142836,1,7,8,12.226496039290053
142838,1,7,6,11.926000771550827
142854,1,7,6,22.52464867480669
142873,1,7,2,11.497725616545859
142898,1,7,8,11.671340944893918
142921,1,7,4,0.3700090657260609
142923,1,7,5,0.3700090141005197
142931,1,7,10,7.029725309321933
142932,1,7,8,19.08788475088796
142937,1,7,6,11.216910017669003
142938,1,7,10,6.938297759965813
142951,1,7,10,21.198938142506197
142970,1,7,5,0.3700090141005197
142974,0,7,0,0.036206218105436484
142977,1,7,6,22.96453356145581
142980,1,7,8,32.6827161507734
142981,1,7,4,0.3700090657260609
142986,0,7,0,0.11453338059241962
142996,1,7,5,0.3700090141005197
143006,1,7,5,0.3700090141005197
143032,1,7,10,23.637635334904243
143033,1,7,5,0.3700090141005197
143039,1,7,10,22.81803727842818
143049,1,7,2,13.026054880784224
143050,1,7,10,25.340438027428426
143067,1,7,8,25.688078869911948
143069,1,7,8,6.964115971360194
143100,1,7,3,3.2179500658111504
143120,0,7,0,0.047237909728592896
143126,1,7,3,2.997206110304429
143153,1,7,9,9.31962970359415
143161,1,7,1,13.061053643986536
143171,1,7,5,0.3700090141005197
143172,1,7,9,8.878299146985185
143190,1,7,4,0.3700090657260609
143200,1,7,1,10.24391512981736
143201,0,7,0,0.031053847665362618
143204,1,7,1,23.889400920488235
143209,1,7,10,19.554161353888198
143211,1,7,10,10.541313426147623
143212,1,7,10,18.473353508210366
143216,1,7,8,35.620537868215024
143219,0,7,0,0.032285332914012636
143224,1,7,5,0.3700090141005197
143226,1,7,9,26.400141610587703
143233,1,7,9,3.524610285269891
143259,1,7,5,0.3700090141005197
143261,1,7,9,30.704000327487037
143263,1,7,6,11.181714134565796
143268,1,7,2,5.920796979739434
143273,1,7,9,23.90548344168602
143279,1,7,8,4.851572523525257
143280,1,7,8,23.1770441022851
143282,1,7,7,5.003489834445162
143296,1,7,8,17.893050810944093
143324,1,7,6,16.09338528560187
143330,1,7,10,20.73359455694567
143337,1,7,10,15.947676604944256
143341,1,7,6,4.362094567177828
143356,1,7,2,8.738673714769527
143388,1,7,6,15.568060801038927
143389,1,7,10,18.510809356360415
143399,1,7,4,0.3700090657260609
143405,1,7,6,8.91877875273782
143409,1,7,7,6.465095320620333
143412,1,7,5,0.3700090141005197
143419,1,7,2,10.842186329194009
143428,1,7,6,24.23178365569571
143444,1,7,9,26.919938778236048
143453,0,7,0,0.034984698398754725
143465,1,7,9,24.986872375868337
143478,1,7,8,30.924397529313453
143484,1,7,4,0.3700090656202526
143529,1,7,5,0.37000902039789374
143542,1,7,10,20.545324012350648
143567,1,7,1,19.282949089787614
143588,0,7,0,0.03180990633262107
143595,1,7,6,9.5834149980506
143612,1,7,8,17.31902567448069
143653,1,7,6,8.79376122678081
143675,1,7,7,1.4835227377992388
143678,1,7,9,11.711167357102251
143683,1,7,9,24.43385350881469
143686,1,7,9,8.576524666716974
143691,1,7,5,0.3700090141005197
143702,0,7,0,0.03049651086373971
143703,1,7,8,29.25266651982591
143720,1,7,7,6.493908896468331
143757,1,7,6,30.409827320761718
143772,1,7,1,22.083542215876964
143788,1,7,4,0.3700090657260609
143805,1,7,2,10.2848281737462
143819,1,7,6,9.526905075082375
143830,1,7,10,22.52839055684238
143831,1,7,9,31.654677971531317
143834,1,7,8,14.619049907951638
143837,1,7,3,2.724698842776272
143845,1,7,7,3.3665800851627665
143849,1,7,9,29.975152239164522
143851,1,7,8,24.853237248588087
143852,1,7,8,28.778518784704374
143861,1,7,10,25.629642903191822
143872,1,7,6,20.42750825663655
143876,0,7,0,0.046994465552964465
143877,1,7,1,23.09857149214741
143886,1,7,8,33.589145457347726
143901,1,7,10,18.536126037871263
143914,1,7,9,19.184658972564847
143923,1,7,9,27.845056931685434
143926,1,7,5,0.3700090141005197
143936,1,7,4,0.3700090657260609
143955,1,7,4,0.3700090657260609
143956,1,7,9,18.551343053601876
143958,1,7,6,24.905269586749874
143961,1,7,4,0.3700090657260609
143977,1,7,5,0.3700090141005197
143979,1,7,10,17.495811099219434
143980,1,7,1,19.679649519483476
143982,1,7,4,0.3700090657260609
143983,1,7,8,17.85291571434802
143985,1,7,4,0.3700090657260609
143988,1,7,9,18.803517878133057
143993,1,7,8,31.421411835703996
143994,1,7,4,0.3700090657260609
144011,1,7,9,16.19294803375394
144022,1,7,3,3.200472207009839
144037,1,7,4,0.3700090657260609
144053,1,7,5,0.3700090141005197
144057,1,7,6,29.192247768681995
144061,0,7,0,0.025351261112007743
144074,1,7,7,6.240473682090668
144078,1,7,10,8.240726456153265
144083,1,7,7,0.38973155953026184
144095,1,7,9,29.567240452486157
144096,1,7,4,0.3700090657260609
144101,1,7,4,0.3700090657260609
144103,1,7,6,24.654040338006702
144108,1,7,6,19.42977703720946
144113,1,7,1,22.177296981840122
144131,1,7,8,8.477911709627913
144132,1,7,8,10.836713037501552
144134,1,7,4,0.3700090657260609
144138,0,7,0,0.12511074585525903
144139,1,7,8,25.51878392681852
144143,1,7,6,29.99694411018416
144145,1,7,4,0.3700090657260609
144151,1,7,4,0.3700090657260609
144164,1,7,6,20.898777966445333
144172,1,7,9,32.74982113817008
144192,0,7,0,0.03899028289784372
144218,1,7,4,0.3700090657260609
144221,1,7,9,6.967328541715197
144226,1,7,4,0.3700090657260609
144253,1,7,6,9.072255556047752
144256,1,7,9,19.054012252872173
144261,1,7,5,0.3700090141005197
144265,0,7,0,0.02117469643384934
144268,1,7,10,6.732901128131424
144276,1,7,2,1.8153443456751923
144308,1,7,9,33.37825108537927
144313,1,7,5,0.3700090141005197
144318,1,7,10,9.174348415256139
144327,1,7,9,19.98361110728474
144329,1,7,8,26.94217782344263
144330,1,7,6,22.18421088229095
144335,1,7,9,15.252718349975547
144359,1,7,7,5.752249694268952
144368,1,7,5,0.3700090141005197
144376,1,7,8,19.24978618610353
144378,1,7,8,25.79754598809969
144387,1,7,5,0.3700090141005197
144407,1,7,7,1.394642809690415
144441,1,7,7,2.8176144611271012
144447,1,7,6,19.175026651154408
144513,1,7,9,7.018864834076272
144517,1,7,3,2.84482021007589
144524,1,7,5,0.3700090141005197
144545,1,7,7,0.9727837335170925
144554,1,7,5,0.3700090141005197
144557,1,7,8,24.654146354496355
144564,1,7,9,4.005552480368489
144565,1,7,10,7.021938547524949
144570,1,7,9,23.550966462312388
144582,1,7,6,24.635791190318894
144589,1,7,1,25.31886930368556
144591,1,7,5,0.3700090141005197
144593,1,7,4,0.3700090657260609
144627,1,7,6,22.565701387587307
144629,1,7,4,0.3700090657260609
144637,1,7,6,26.0790482250954
144639,1,7,9,23.897298599096533
144649,1,7,10,17.074913804028256
144654,1,7,9,30.16025698292346
144661,1,7,1,13.332780330020618
144711,1,7,8,23.223144588401993
144720,1,7,2,11.193840906073435
144721,1,7,7,5.093012356570219
144729,0,7,0,0.03514389893959649
144735,1,7,1,26.224040389784708
144736,1,7,10,11.432482589550206
144743,1,7,6,22.675989808405276
144744,1,7,8,33.511643494442254
144752,1,7,8,21.091182667805096
144773,1,7,6,18.928975108441293
144802,1,7,2,8.190141281036173
144805,1,7,3,3.171090004184408
144834,1,7,9,24.62974753974931
144835,1,7,8,32.16265904777096
144836,1,7,6,7.563928792852795
144839,1,7,9,8.02605462216193
144841,1,7,9,30.591692077042104
144842,1,7,6,28.233403957119023
144857,1,7,5,0.3700090141005197
144861,1,7,4,0.3700090657260609
144866,1,7,10,19.96497646168006
144910,1,7,5,0.3700090141005197
144913,1,7,6,21.229734581777837
144918,1,7,9,24.690612179969555
144919,1,7,10,20.085716060809116
144924,1,7,4,0.3700090657260609
144939,0,7,0,0.0356928165589239
144967,1,7,1,18.071848740326963
144972,1,7,5,0.3700090141005197
144975,1,7,7,0.7859771192500616
145002,1,7,8,7.423486082537734
145020,1,7,4,0.3700090657260609
145036,1,7,6,8.942609467800942
145050,1,7,6,20.193058760681247
145071,1,7,1,4.696657621909394
145074,1,7,5,0.3700090141005197
145078,1,7,5,0.3700090141005197
145080,1,7,8,16.352577314572255
145092,1,7,8,35.39831926683777
145095,1,7,8,25.055167182452355
145099,1,7,5,0.3700090141005197
145100,1,7,10,17.623667513654503
145108,1,7,9,29.460058728440586
145120,1,7,5,0.3700090141005197
145125,1,7,9,10.443261537980636
145129,1,7,5,0.3700090141005197
145139,1,7,3,2.598222746996816
145147,1,7,9,17.23769238773802
145149,1,7,6,29.35511858759437
145159,1,7,1,19.01773994948364
145165,1,7,8,23.195075123260892
145167,1,7,9,5.886977254620091
145181,1,7,9,14.266782793395903
145183,1,7,4,0.3700090657260609
145191,1,7,3,2.6133929346185414
145198,1,7,9,22.759259078441467
145204,1,7,7,3.0158620694913822
145210,1,7,4,0.3700090657260609
145240,1,7,3,2.8213718378148234
145250,1,7,8,13.75808654758537
145257,1,7,4,0.3700090657260609
145263,1,7,6,23.231144853335437
145268,1,7,6,21.87353470661063
145277,1,7,7,2.475317225901217
145292,1,7,5,0.3700090141005197
145298,1,7,5,0.3700090141005197
145312,1,7,1,12.697674845298396
145314,1,7,10,18.37078395016838
145319,1,7,9,26.220818859554427
145340,0,7,0,0.03875828269320668
145350,1,7,3,3.0471420451203812
145352,1,7,8,16.597669312612123
145365,1,7,3,2.6208139634076537
145384,1,7,6,17.638163421158705
145398,1,7,4,0.3700090657260609
145405,1,7,4,0.3700090657260609
145407,1,7,9,19.65665747899793
145408,0,7,0,0.025507298374677752
145417,1,7,6,19.824666859994288
145423,1,7,7,0.6493626952074466
145446,1,7,4,0.3700090657260609
145449,1,7,4,0.3700090657260609
145450,1,7,6,16.68274051679424
145463,1,7,9,13.004990486975542
145479,1,7,8,35.97146300342289
145481,1,7,6,16.782110504735694
145484,1,7,5,0.3700090141005197
145502,1,7,10,21.392920200579287
145503,1,7,9,25.387096693780652
145507,1,7,6,29.790786480166982
145509,1,7,4,0.3700090657260609
145518,1,7,4,0.3700090657260609
145524,1,7,9,21.8549106979241
145530,1,7,5,0.3700090141005197
145533,1,7,10,25.544818843120886
145545,0,7,0,0.034069970994032264
145551,1,7,8,33.498935586481835
145555,1,7,4,0.3700090657260609
145567,1,7,6,30.357923558402735
145569,1,7,8,14.930544922541351
145572,1,7,3,2.3232887771059487
145573,1,7,5,0.3700090141005197
145575,1,7,10,15.883518794840683
145578,1,7,8,9.103675629609285
145597,1,7,8,20.388542208911737
145602,1,7,9,24.2744888533557
145609,1,7,6,25.54698459321439
145610,0,7,0,0.034977737519493575
145623,1,7,6,13.513748330574497
145630,1,7,9,30.09585561322152
145654,1,7,9,32.92433483698419
145660,1,7,8,26.475524974206067
145667,1,7,9,22.353988150111142
145681,1,7,4,0.3700090657260609
145683,1,7,5,0.3700090141005197
145698,1,7,4,0.3700090657260609
145729,1,7,2,16.400782633998624
145738,1,7,8,7.701586185356788
145744,1,7,5,0.3700090141005197
145747,1,7,9,16.020058356289415
145748,1,7,1,15.186794730092558
145754,1,7,6,9.910320509962736
145765,1,7,5,0.3700090141005197
145767,1,7,5,0.3700090141005197
145813,1,7,9,6.2146797508831195
145823,1,7,3,3.2384398815206454
145837,1,7,6,17.711547075425845
145838,1,7,10,10.869830531787152
145845,1,7,4,0.3700090657260609
145849,1,7,6,29.197129094294464
145862,1,7,3,3.201288406281272
145873,1,7,3,3.2178778706238362
145878,1,7,7,5.052184845028023
145882,1,7,9,21.512058796826704
145888,0,7,0,0.03178809387240908
145890,1,7,4,0.3700090656202526
145892,1,7,8,26.045709371346334
145905,1,7,4,0.3700090657260609
145907,1,7,3,1.8745636573962758
145916,1,7,6,18.329924575122547
145924,1,7,3,3.1145880352505326
145927,1,7,10,12.601156008314097
145951,1,7,8,17.778972865955094
145959,1,7,9,6.222713914954614
145964,1,7,9,23.5953844306239
145969,1,7,9,12.654092864946904
145978,1,7,5,0.3700090141005197
145988,1,7,9,5.133687985906722
146008,0,7,0,0.04525234171653285
146031,1,7,5,0.3700090141005197
146040,1,7,9,22.410972821910566
146046,1,7,5,0.3700090141005197
146055,1,7,7,4.461483961155086
146063,1,7,8,16.307008795551887
146065,1,7,6,24.11651551861298
146073,1,7,7,4.072332920906188
146086,1,7,5,0.3700090141005197
146087,1,7,2,16.54486106478446
146088,1,7,10,26.03902235308226
146089,1,7,9,32.33465794083682
146098,1,7,9,25.025910672857545
146103,1,7,6,17.493774459406804
146111,1,7,4,0.3700090657260609
146137,1,7,9,27.988111684573934
146155,1,7,8,22.03390673739065
146158,1,7,7,0.34528783380264033
146160,1,7,9,30.966702257861463
146190,1,7,4,0.3700090656202526
146193,1,7,8,15.261146629793974
146201,1,7,9,21.518218365447844
146217,1,7,6,23.562907109186202
146248,1,7,5,0.3700090141005197
146250,1,7,10,17.685305776538975
146272,1,7,2,8.367605608045224
146277,1,7,4,0.3700090657260609
146286,1,7,1,16.918161379808616
146308,1,7,10,22.175487009562904
146310,1,7,3,2.642189157040525
146334,1,7,9,12.356516670698532
146337,1,7,5,0.3700090141005197
146352,1,7,6,28.12407786791146
146370,1,7,6,25.034880951142945
146375,1,7,9,17.74798767600121
146380,1,7,4,0.3700090657260609
146387,1,7,10,22.975406542058103
146389,1,7,9,24.952782994846633
146392,1,7,8,23.722399245880638
146407,1,7,10,20.034949026283343
146415,1,7,1,8.919031341201068
146430,1,7,8,18.953835411242423
146431,1,7,7,2.474742389662067
146432,1,7,8,6.585474837307148
146434,1,7,9,22.850984150843267
146443,1,7,6,15.238467138203726
146450,1,7,9,21.89143439663721
146457,1,7,10,23.409385418009958
146458,0,7,0,0.03884460343424174
146461,1,7,4,0.3700090657260609
146474,1,7,9,32.42199833767932
146479,0,7,0,0.12999603026691103
146493,1,7,6,20.31335764113792
146522,1,7,2,1.833792277791172
146545,1,7,2,12.157760806722694
146555,1,7,6,12.230728331530099
146558,1,7,10,13.57961097890899
146587,1,7,1,21.695624636380593
146592,1,7,9,7.54618119249288
146595,1,7,5,0.3700090141005197
146607,1,7,9,14.445886545454691
146613,1,7,6,10.990192532726486
146625,1,7,5,0.3700090141005197
146646,1,7,9,9.357696720923649
146657,1,7,8,17.148113108063004
146678,1,7,9,24.905280459033293
146688,1,7,6,30.27104790355723
146691,1,7,5,0.3700090141005197
146721,1,7,4,0.3700090657260609
146727,1,7,5,0.3700090141005197
146742,1,7,9,8.804431143490465
146775,1,7,5,0.3700090141005197
146790,1,7,9,23.795120222669656
146818,1,7,8,17.98659532264198
146826,1,7,8,21.2118623940018
146834,0,7,0,0.03868125393517975
146847,1,7,3,3.1235108655110655
146865,1,7,6,26.95762286071115
146878,1,7,10,26.06992745429373
146901,1,7,2,7.76115910025039
146908,1,7,1,21.041935193369987
146920,1,7,10,10.24560415306664
146926,0,7,0,0.036116942239909945
146927,1,7,9,2.8563900927068913
146943,1,7,6,13.75498904606813
146944,1,7,5,0.3700090141005197
146945,1,7,9,19.97020876091222
146962,1,7,9,26.57492604393606
146973,1,7,9,20.035505373047606
146977,1,7,8,31.091547259246237
146985,1,7,3,1.7552313917076012
147005,1,7,6,8.297728594174151
147006,1,7,7,6.494058325240819
147012,1,7,6,17.49554874434067
147027,1,7,2,5.827074505591512
147031,1,7,1,22.477580297075026
147037,1,7,7,6.050275871078382
147069,1,7,5,0.3700090141005197
147080,1,7,6,22.22843377947572
147081,1,7,5,0.3700090141005197
147086,1,7,4,0.3700090657260609
147117,1,7,8,21.340366803084688
147129,1,7,4,0.3700090657260609
147139,1,7,5,0.3700090141005197
147147,1,7,1,12.458701199861524
147161,1,7,6,7.061441430184818
147169,1,7,5,0.3700090141005197
147190,1,7,5,0.3700090141005197
147202,1,7,9,32.25449178841988
147206,1,7,4,0.3700090657260609
147211,1,7,6,18.59259060351862
147225,1,7,2,9.780107960092076
147231,1,7,3,0.9420283051548186
147238,0,7,0,0.041375907893922384
147289,1,7,10,10.315158659091088
147306,1,7,9,31.88641086630167
147312,1,7,4,0.3700090657260609
147325,1,7,1,10.354835587163983
147335,1,7,9,28.566411223557978
147342,1,7,8,33.813271458527076
147357,1,7,6,28.971834595072227
147375,1,7,5,0.3700090141005197
147383,0,7,0,0.06167590968219228
147391,1,7,6,20.344069072767894
147392,1,7,9,12.93151690947488
147435,1,7,10,9.776300489352106
147448,1,7,6,11.588020555000263
147452,1,7,9,6.316773127878775
147453,1,7,3,3.0409721712317377
147454,1,7,10,19.347476925547674
147510,1,7,1,23.141795387769434
147536,1,7,9,13.77917767058251
147540,1,7,3,2.878648397953242
147556,1,7,6,17.972331227801558
147561,1,7,6,22.40456940423595
147565,1,7,8,10.830267668154429
147580,0,7,0,0.033221698538007514
147583,1,7,8,25.889953552820163
147585,1,7,9,30.881770604573063
147605,1,7,8,29.742855050835047
147612,1,7,8,4.680083222883388
147619,1,7,9,2.6856927740331726
147640,1,7,9,21.680653312137824
147656,1,7,10,7.2475141700877215
147664,1,7,9,6.005551851672172
147672,1,7,9,24.821080390779223
147674,1,7,9,19.85779582092324
147695,1,7,10,18.99422675703802
147702,1,7,6,19.524323434407915
147703,1,7,6,24.580659856115226
147708,1,7,9,26.813627740224856
147709,1,7,8,23.82576201929132
147715,1,7,8,29.237952763321854
147722,1,7,10,15.227497442585294
147735,1,7,5,0.3700090141005197
147743,1,7,10,19.045471142563628
147755,1,7,10,17.859404744752897
147757,1,7,9,24.555456016256088
147759,0,7,0,0.03886328697960303
147763,1,7,9,18.503197047336613
147780,1,7,2,16.55371026244582
147791,1,7,9,4.648923262266706
147796,1,7,5,0.3700090141005197
147804,1,7,5,0.3700090141005197
147816,1,7,8,5.599456717485927
147828,1,7,1,21.801816718609384
147841,1,7,6,22.175806925317364
147843,1,7,1,7.827449402083847
147846,1,7,1,8.683472473756625
147856,1,7,5,0.3700090141005197
147863,1,7,4,0.3700090657260609
147873,1,7,10,26.032580660244186
147881,1,7,10,17.479607588662464
147896,1,7,5,0.3700090141005197
147897,1,7,7,3.367776705386964
147918,1,7,1,22.579202803080772
147935,1,7,10,17.817410500088272
147938,1,7,10,10.963364220902221
147971,0,7,0,0.0552128048733057
147988,1,7,10,3.99159851419698
147992,1,7,9,12.613940799607416
148003,1,7,4,0.3700090657260609
148027,1,7,4,0.3700090657260609
148038,1,7,9,18.861155314404957
148042,1,7,9,24.482809962686627
148047,1,7,5,0.3700090141005197
148091,1,7,4,0.3700090657260609
148095,1,7,9,16.573812380454207
148100,1,7,6,18.10616695607133
148109,1,7,5,0.3700090141005197
148113,1,7,1,27.099450069801062
148119,1,7,2,6.617522983772706
148133,1,7,7,5.142518538858549
148134,1,7,4,0.3700090657260609
148140,1,7,8,22.640832484060596
148148,1,7,9,32.560848407559355
148189,1,7,7,2.4636549846275995
148193,1,7,3,2.377508178598347
148197,1,7,9,23.741388107870797
148201,1,7,5,0.3700090141005197
148203,1,7,9,33.41096657123403
148205,1,7,4,0.3700090657260609
148221,1,7,9,18.262537236842586
148226,0,7,0,0.0458395740136386
148236,1,7,9,31.02799639693709
148243,1,7,9,18.83957990759391
148249,1,7,10,26.02013602865279
148262,1,7,10,17.09306768780316
148271,1,7,6,10.20080045523119
148274,0,7,0,0.0853491573755096
148283,1,7,8,20.21981462751933
148286,1,7,8,31.10588151995639
148287,1,7,8,7.481656454554525
148293,1,7,9,20.963636531720205
148316,1,7,2,13.84630088593683
148318,1,7,9,33.07040418751122
148325,1,7,10,6.313437656554603
148355,1,7,6,22.75829723466812
148387,1,7,8,10.795137618663192
148392,1,7,1,6.27219899216514
148398,1,7,5,0.3700090141005197
148399,1,7,1,16.270093735025938
148416,1,7,3,3.06576286769394
148430,1,7,5,0.3700090141005197
148445,1,7,9,33.61951602620846
148446,1,7,8,26.22580335997763
148457,1,7,1,23.492423363896016
148458,1,7,1,18.99030176861612
148459,1,7,4,0.3700090657260609
148471,1,7,9,31.35482985126272
148499,1,7,4,0.3700090657260609
148502,1,7,1,23.785041988161268
148505,1,7,9,33.62301966966141
148512,1,7,4,0.3700090657260609
148517,1,7,8,19.494136607185983
148524,1,7,9,20.63666581375135
148533,1,7,10,22.963061233345286
148535,1,7,6,16.728030434678477
148540,1,7,8,24.023622760084095
148545,1,7,9,24.785375131289953
148549,1,7,9,26.221392545397684
148575,1,7,4,0.3700090657260609
148580,1,7,6,13.91906409407689
148596,1,7,9,13.687462833437817
148601,1,7,5,0.3700090141005197
148604,1,7,5,0.3700090141005197
148635,1,7,10,17.587451440308033
148636,0,7,0,0.026374357450823057
148644,1,7,9,32.96305188581215
148670,1,7,5,0.3700090141005197
148687,1,7,8,18.356859159158816
148688,1,7,5,0.3700090141005197
148699,1,7,6,11.17825578386515
148702,1,7,10,23.305214891978597
148705,1,7,4,0.3700090657260609
148707,1,7,4,0.3700090657260609
148710,1,7,4,0.3700090657260609
148722,1,7,9,28.58238457695104
148726,1,7,4,0.3700090657260609
148727,1,7,9,24.995073623180186
148761,1,7,5,0.3700090141005197
148762,1,7,9,30.70800098489904
148777,1,7,5,0.3700090141005197
148803,1,7,7,6.236691058239181
148806,1,7,4,0.3700090657260609
148807,1,7,3,2.5242129061992777
148837,1,7,5,0.3700090141005197
148839,1,7,6,22.4614439626257
148876,1,7,9,27.79240149991097
148885,1,7,1,19.142744227955735
148888,1,7,1,12.507903044636818
148893,1,7,9,31.120880815614782
148916,1,7,10,14.345694391054723
148919,1,7,4,0.3700090657260609
148944,1,7,9,28.581789153675388
148953,1,7,6,29.09306169548974
148954,1,7,5,0.3700090141005197
148959,1,7,1,18.988844149690706
148966,1,7,5,0.3700090141005197
148973,1,7,6,21.957828128402813
148974,1,7,9,33.45467619888626
148986,1,7,5,0.3700090141005197
148990,1,7,7,0.34677673436420986
148996,1,7,4,0.3700090657260609
149009,1,7,9,13.366000824011419
149012,1,7,8,24.602950279530706
149013,1,7,8,9.221269561647151
149020,1,7,9,13.260010328245347
149033,1,7,6,26.980884970753333
149054,1,7,9,11.909108676379983
149055,1,7,8,27.94323776181308
149058,1,7,9,18.008490235226716
149061,1,7,9,31.56102691686241
149064,1,7,8,19.926404975069655
149065,1,7,4,0.3700090657260609
149070,1,7,4,0.3700090657260609
149071,1,7,2,16.525227454673978
149091,1,7,8,36.08889409171381
149093,1,7,5,0.3700090141005197
149108,1,7,4,0.3700090657260609
149110,1,7,6,17.079447821731655
149129,1,7,9,24.25043497170887
149185,1,7,1,14.686630513857768
149188,1,7,6,19.86215755153552
149192,1,7,4,0.3700090657260609
149198,1,7,7,5.892527346719195
149217,1,7,8,22.50727561911277
149256,1,7,4,0.3700090656202526
149260,1,7,4,0.3700090657260609
149264,0,7,0,0.024060120601698785
149293,1,7,8,10.874240156523951
149310,1,7,1,24.793814518190796
149313,0,7,0,0.036187660658172936
149330,1,7,6,24.212317682597384
149332,1,7,5,0.3700090141005197
149351,1,7,6,5.056332466155996
149360,1,7,9,9.062846229194658
149361,1,7,8,9.487657482476791
149378,1,7,8,14.923114560198302
149380,1,7,4,0.3700090657260609
149405,1,7,9,29.227865758587257
149448,1,7,9,30.483367382155937
149455,1,7,9,29.563097330944668
149458,1,7,1,19.398218752636236
149459,1,7,6,26.91422314690436
149461,1,7,8,11.26879788652649
149462,1,7,8,26.92640084746657
149467,1,7,5,0.3700090141005197
149473,1,7,4,0.3700090657260609
149478,1,7,9,26.053159463804107
149488,1,7,2,5.815857628497348
149493,1,7,9,29.91743562075133
149499,1,7,6,24.509600521198127
149525,1,7,5,0.3700090141005197
149526,1,7,10,9.113638123398712
149530,1,7,9,24.4276855488448
149560,1,7,5,0.3700090141005197
149561,0,7,0,0.03571367913115483
149586,1,7,8,27.639113120716228
149587,1,7,6,16.92419281007953
149605,1,7,8,15.806690651357602
149608,1,7,8,29.226059839829425
149612,1,7,5,0.3700090141005197
149614,1,7,6,24.56650020605411
149642,1,7,6,17.887795375789462
149675,1,7,9,32.612807828448645
149676,1,7,6,22.774982162052186
149685,1,7,6,8.098065292295264
149712,1,7,6,19.430459875774527
149732,1,7,8,15.234280776612394
149744,1,7,4,0.3700090657260609
149749,1,7,5,0.3700090141005197
149755,1,7,9,30.499973528382533
149776,1,7,7,0.5422057707987337
149782,1,7,9,24.39905007396396
149790,1,7,6,27.2866486033666
149793,1,7,9,32.063866705614835
149794,1,7,7,4.8396238553250805
149795,1,7,5,0.3700090141005197
149796,1,7,8,29.06114115314286
149798,1,7,10,9.945885433905843
149802,1,7,8,14.196721375761891
149804,1,7,7,1.569511201863494
149805,1,7,6,22.112509783584184
149817,1,7,4,0.3700090657260609
149819,1,7,10,19.724070886931777
149829,1,7,5,0.3700090141005197
149854,1,7,9,20.90286331562908
149881,1,7,1,24.829690362590085
149884,1,7,10,23.43553760548927
149893,1,7,4,0.3700090656202526
149895,1,7,7,6.390886038042133
149901,1,7,1,22.628514872140542
149909,1,7,6,11.351506100569328
149917,1,7,10,17.718074590924175
149922,1,7,1,5.06246939230935
149929,1,7,8,12.449592442187884
149940,1,7,4,0.3700090657260609
149941,1,7,5,0.3700090141005197
149958,1,7,8,20.30480982545634
149976,1,7,8,21.20392121114668
149990,1,7,5,0.3700090141005197
149998,1,7,10,25.602469879433297
150004,1,7,10,19.72572464754404
150009,1,7,6,29.538866958304194
150015,1,7,1,9.525636141685709
150042,1,7,9,28.329588185204837
150045,1,7,7,2.9702248323515534
150048,1,7,9,33.30763266980296
150053,1,7,6,13.493812794411848
150072,1,7,10,24.602866903546264
150078,1,7,8,20.293333510668646
150094,1,7,4,0.3700090657260609
150101,1,7,4,0.3700090657260609
150112,1,7,6,12.65387284666998
150116,1,7,9,33.00637786341697
150126,1,7,6,29.64478830524317
150131,1,7,1,27.977788895301554
150152,1,7,2,15.471144213694918
150163,1,7,6,21.232621123031198
150186,1,7,5,0.3700090141005197
150192,1,7,2,14.42886617116078
150197,1,7,9,33.17527416063643
150204,1,7,8,5.663812028365019
150220,1,7,5,0.3700090141005197
150225,0,7,0,0.04026931890298156
150239,1,7,7,3.3398573892067356
150241,1,7,9,33.43700379922426
150270,0,7,0,0.025838406556358398
150272,1,7,4,0.3700090657260609
150273,1,7,5,0.3700090141005197
150289,1,7,5,0.3700090141005197
150295,1,7,6,12.043376255334781
150325,1,7,9,12.121513662284306
150338,1,7,8,25.653854745279066
150345,1,7,3,3.235509871099118
150359,0,7,0,0.031908046688459625
150368,1,7,7,4.769261469396278
150373,1,7,6,21.412860644235366
150392,1,7,2,16.080347940089485
150398,0,7,0,0.02790643503843105
150412,1,7,4,0.3700090657260609
150413,1,7,6,16.887506163220543
150421,1,7,4,0.3700090657260609
150424,1,7,4,0.3700090657260609
150426,1,7,5,0.3700090141005197
150436,1,7,6,16.193094025314142
150447,1,7,5,0.3700090141005197
150449,1,7,6,9.9336902742559
150452,1,7,9,31.58230779309192
150458,1,7,7,6.294431888492206
150460,1,7,6,11.865785441373568
150469,1,7,9,11.35173480769469
150499,1,7,5,0.3700090141005197
150506,1,7,5,0.37000902039789374
150507,1,7,5,0.37000902039789374
150508,1,7,1,4.0066067223049675
150516,1,7,9,28.31631222477942
150574,1,7,8,12.27225075690378
150588,1,7,8,20.82335712667159
150601,1,7,10,23.392368199397115
150604,1,7,2,6.660269771291953
150607,1,7,5,0.3700090141005197
150629,1,7,7,1.9284376954315976
150647,1,7,4,0.3700090657260609
150651,1,7,3,3.1346798077212963
150656,1,7,6,22.896086345926996
150666,1,7,9,30.674311836781158
150670,1,7,5,0.3700090141005197
150672,1,7,4,0.3700090657260609
150685,1,7,3,3.005603806153127
150687,1,7,5,0.3700090141005197
150715,1,7,5,0.3700090141005197
150720,1,7,1,21.537989491933555
150728,1,7,2,11.24893882428951
150732,1,7,9,24.162148905612916
150735,1,7,9,27.601097087325044
150746,1,7,5,0.3700090141005197
150749,1,7,2,3.508944514545395
150752,1,7,2,11.107672346071261
150757,1,7,9,16.79428640047936
150768,1,7,5,0.3700090141005197
150783,1,7,5,0.3700090141005197
150807,1,7,10,12.399354215751309
150808,1,7,8,19.951693117458813
150811,1,7,4,0.3700090657260609
150814,1,7,1,18.580742776010947
150818,1,7,6,11.419853670973726
150824,1,7,10,10.274797151630755
150832,1,7,8,22.273179838423058
150836,1,7,8,12.122447039164081
150847,0,7,0,0.036921527780007214
150853,1,7,7,6.139033136774754
150854,1,7,7,4.340045474511827
150857,1,7,9,11.75780279315102
150865,1,7,9,8.65229645800196
150887,1,7,4,0.3700090657260609
150889,0,7,0,0.02059833906914324
150935,1,7,6,29.51822069244425
150945,1,7,3,3.1372431225777047
150947,1,7,7,2.2337859430909863
150971,1,7,2,13.10668508630911
150977,1,7,8,14.925692794198586
150981,1,7,9,13.561631923532008
150992,1,7,8,8.027510412413614
151007,1,7,9,29.029406049332163
151016,1,7,10,25.988396047625237
151021,1,7,9,31.40965696008564
151034,0,7,0,0.035688334874770744
151042,1,7,9,15.786592535499665
151053,1,7,6,8.225964955678375
151071,1,7,5,0.3700090141005197
151081,1,7,8,9.64226738076861
151089,1,7,10,13.168630428553332
151104,1,7,10,18.504373596538688
151113,1,7,7,1.1928441706657607
151121,1,7,3,2.6537580149462707
151123,1,7,8,16.57419809267652
151160,1,7,9,6.661943470200255
151163,1,7,5,0.37000902039789374
151165,1,7,8,35.67086011445206
151189,1,7,9,33.19702810336642
151219,1,7,3,3.1066297368307385
151236,1,7,5,0.3700090141005197
151240,1,7,5,0.3700090141005197
151253,1,7,6,12.299707646229741
151280,1,7,8,24.746318089868296
151299,1,7,6,18.441763124438047
151321,1,7,9,33.0568599308802
151328,1,7,8,32.59199347790883
151334,1,7,6,11.088882324983818
151343,1,7,8,22.191137665779024
151358,1,7,5,0.3700090141005197
151368,1,7,1,23.774826841450206
151379,1,7,8,31.557716127475633
151385,1,7,9,23.41438838573439
151386,1,7,8,19.078252301843037
151391,1,7,4,0.3700090657260609
151405,1,7,8,13.825010644286415
151414,1,7,6,21.18874005194321
151418,1,7,8,9.029626503944566
151419,1,7,9,20.93047683019802
151432,1,7,2,6.990157151103081
151445,1,7,9,17.592330519347158
151447,1,7,8,22.44710428021676
151454,1,7,8,19.885310811164935
151455,1,7,1,19.13394518428273
151459,1,7,5,0.3700090141005197
151465,1,7,6,30.491704928025513
151472,1,7,4,0.3700090657260609
151476,1,7,5,0.37000902039789374
151491,1,7,10,16.72707932010367
151492,1,7,8,31.27685206493877
151524,1,7,5,0.3700090141005197
151546,1,7,6,12.967651543561368
151551,1,7,1,16.335110317841412
151556,1,7,8,21.6592079392786
151557,1,7,6,24.57186270446155
151574,1,7,5,0.3700090141005197
151575,0,7,0,0.047090419532525754
151585,1,7,7,2.62272865067799
151586,1,7,2,12.08620261597287
151592,1,7,9,20.050401759287144
151597,1,7,8,9.732752406132645
151602,1,7,6,27.90997956405517
151606,1,7,2,7.680264567385839
151617,1,7,4,0.3700090657260609
151622,1,7,9,11.212884837301688
151633,1,7,9,24.127863979363678
151648,1,7,4,0.3700090657260609
151653,1,7,6,10.527508156410407
151663,1,7,5,0.3700090141005197
151689,1,7,7,2.1105858248038665
151691,1,7,8,35.86853382390146
151697,1,7,6,8.22267453579403
151702,1,7,9,30.69462754182277
151715,1,7,6,26.079315427038676
151720,1,7,8,35.72580421102894
151725,1,7,1,22.923150953527323
151726,1,7,4,0.3700090657260609
151761,1,7,1,16.616811795073087
151771,1,7,1,26.367128843726075
151802,1,7,4,0.3700090656202526
151810,1,7,4,0.3700090656202526
151812,1,7,9,16.798313355989805
151823,1,7,6,17.097616711153517
151830,1,7,7,3.108454782737163
151856,0,7,0,0.04724179557943641
151858,1,7,9,10.549134942798085
151866,1,7,6,28.459013682316694
151872,1,7,9,33.847034384833414
151877,1,7,8,32.681200957978355
151880,1,7,1,6.755437010612518
151884,0,7,0,0.04168144432305123
151903,1,7,10,5.3734859008528995
151908,1,7,8,31.501907329100195
151953,1,7,8,11.73616213498082
151966,1,7,4,0.3700090657260609
151987,1,7,1,4.206275305523197
152024,1,7,5,0.3700090141005197
152032,1,7,9,31.416707218261067
152039,1,7,4,0.3700090657260609
152043,1,7,8,28.192014553456286
152048,1,7,9,32.19378047733438
152071,1,7,8,33.466119684684564
152074,1,7,3,1.9382485648081493
152082,1,7,1,14.319251570605491
152096,1,7,4,0.3700090657260609
152103,1,7,2,7.979602724946369
152106,1,7,8,23.77748356311331
152109,1,7,4,0.3700090657260609
152114,1,7,6,24.568683868074135
152120,1,7,8,10.991257176153091
152143,1,7,8,14.286917605871405
152145,1,7,5,0.37000902039789374
152163,1,7,6,5.443448488592729
152169,1,7,6,10.377155687578368
152174,1,7,9,32.53239946817899
152184,1,7,5,0.3700090141005197
152199,1,7,6,16.277963961275265
152212,1,7,4,0.3700090657260609
152227,1,7,1,27.360721449014093
152230,1,7,4,0.3700090657260609
152236,1,7,1,13.636754344427963
152237,1,7,4,0.3700090657260609
152248,1,7,6,11.761838731932059
152252,1,7,1,10.986489722240925
152261,1,7,8,9.741058432892295
152269,1,7,4,0.3700090657260609
152274,1,7,4,0.3700090657260609
152280,1,7,9,24.98178817023806
152295,1,7,3,3.0805730053686378
152301,1,7,9,21.014459225485663
152319,1,7,8,35.35180616479278
152362,1,7,3,1.9217686649890955
152373,1,7,6,13.422357615328224
152387,1,7,6,10.085221609524071
152410,1,7,4,0.3700090657260609
152411,1,7,9,8.551913067437978
152419,0,7,0,0.039084298131111146
152420,1,7,5,0.3700090141005197
152432,1,7,10,26.04567964715026
152466,1,7,6,27.13257131298625
152489,0,7,0,0.03297096253752797
152498,1,7,9,20.024257365223875
152508,1,7,1,7.94314561386774
152518,0,7,0,0.0447816838178485
152520,1,7,9,22.02155254242916
152523,1,7,9,17.359012190653516
152539,1,7,5,0.3700090141005197
152540,1,7,10,20.989772191231804
152560,1,7,8,26.035274603619996
152566,1,7,5,0.3700090141005197
152579,1,7,1,26.211540082117082
152581,1,7,9,6.7689112398648055
152587,1,7,9,29.974069263912867
152591,1,7,4,0.3700090657260609
152595,1,7,8,17.794892284014995
152604,1,7,5,0.3700090141005197
152611,1,7,7,1.1099459663300186
152614,1,7,3,3.111134959352428
152668,0,7,0,0.04621056052856269
152669,0,7,0,0.03384359194925154
152671,1,7,10,18.07278315189787
152686,1,7,4,0.3700090657260609
152708,1,7,7,1.3541315964692213
152739,1,7,6,21.171709005560853
152742,0,7,0,0.04053533996880434
152758,1,7,6,21.319309829668196
152767,1,7,2,7.108948590928386
152774,1,7,5,0.3700090141005197
152780,1,7,5,0.3700090141005197
152786,1,7,10,18.3146454022118
152793,1,7,9,32.230711759108615
152798,1,7,4,0.3700090657260609
152823,1,7,5,0.3700090141005197
152826,1,7,6,30.29561440795551
152827,1,7,6,21.67094940053233
152842,1,7,5,0.37000902039789374
152849,1,7,4,0.3700090656202526
152856,1,7,8,29.85285838842564
152880,1,7,4,0.3700090657260609
152888,1,7,6,6.889297551569892
152891,1,7,4,0.3700090657260609
152896,1,7,7,4.785985664286119
152898,1,7,4,0.3700090657260609
152900,1,7,1,11.16086074966578
152901,1,7,9,29.592613005507566
152904,1,7,9,6.81830484796366
152915,1,7,5,0.3700090141005197
152917,1,7,4,0.3700090657260609
152920,1,7,8,16.429062197473428
152930,1,7,10,16.18899227877781
152944,1,7,9,33.39406121139632
152955,1,7,5,0.3700090141005197
152965,1,7,10,10.416838655167032
152974,0,7,0,0.031533309811560085
152993,1,7,1,8.938740702366212
153004,1,7,8,17.499067313980188
153014,1,7,6,16.766377053625078
153021,1,7,6,17.27109540042812
153024,1,7,1,15.879412203845066
153028,1,7,5,0.3700090141005197
153046,1,7,6,22.811313275186155
153076,1,7,8,3.8377979938378837
153085,1,7,6,15.21207457447254
153088,1,7,8,16.243186444018907
153089,1,7,8,29.020602685460986
153092,1,7,4,0.3700090657260609
153102,1,7,1,20.307936886253728
153103,1,7,8,18.028090717005924
153110,1,7,5,0.37000902039789374
153115,1,7,4,0.3700090657260609
153123,1,7,7,1.5652908170023858
153138,1,7,3,2.7167454821675454
153139,1,7,9,29.432989142245095
153153,1,7,8,3.169001452993476
153181,1,7,8,34.26396093279573
153216,1,7,9,12.344088773357788
153221,1,7,10,21.013157377745202
153231,1,7,5,0.3700090141005197
153241,1,7,8,30.286687499299827
153248,1,7,5,0.3700090141005197
153249,1,7,2,1.1707497774060962
153259,1,7,4,0.3700090657260609
153260,1,7,2,9.683990251542767
153267,1,7,6,29.374218794714942
153272,1,7,4,0.3700090657260609
153275,1,7,3,2.2131160541486747
153278,1,7,2,2.4181813075970617
153296,1,7,8,15.177609037119955
153318,1,7,5,0.3700090141005197
153321,1,7,9,29.39246990532932
153326,0,7,0,0.03482150384444501
153331,1,7,5,0.3700090141005197
153345,0,7,0,0.032085588213744375
153350,1,7,5,0.3700090141005197
153354,0,7,0,0.11243063851867238
153355,1,7,8,13.166648892353578
153356,1,7,10,8.430003383121424
153361,1,7,9,15.253329717380456
153362,1,7,3,3.2000045130346795
153386,0,7,0,0.040426373763583746
153390,1,7,9,8.481766415176773
153396,1,7,9,4.808085573925264
153397,1,7,5,0.3700090141005197
153406,1,7,4,0.3700090657260609
153428,1,7,8,22.412772825697484
153434,1,7,4,0.3700090657260609
153438,1,7,7,2.8489022195719307
153445,1,7,6,19.965216911184445
153457,1,7,8,16.180908153591965
153483,1,7,1,14.170890502911712
153486,1,7,3,3.175605487421393
153501,1,7,6,16.588681745576324
153516,1,7,9,33.490213592163016
153520,1,7,6,8.152328304115912
153521,1,7,6,16.077134569458185
153524,1,7,8,26.204877697325497
153566,1,7,9,10.54376952383275
153569,1,7,5,0.3700090141005197
153590,1,7,4,0.3700090657260609
153599,1,7,4,0.3700090657260609
153609,1,7,2,12.806324502568296
153610,1,7,4,0.3700090657260609
153620,1,7,8,26.43521826501593
153635,1,7,5,0.3700090141005197
153638,1,7,6,22.051184575903108
153643,1,7,5,0.3700090141005197
153644,1,7,8,27.31946938411737
153653,0,7,0,0.02965585215143196
153672,1,7,8,29.122471093742117
153704,1,7,2,0.7939793587608258
153710,1,7,9,25.50415913729995
153726,1,7,4,0.3700090656202526
153734,1,7,5,0.37000902039789374
153756,1,7,6,15.750087018622201
153758,1,7,7,1.5018846696577342
153761,1,7,4,0.3700090657260609
153764,1,7,9,17.98371684477697
153767,1,7,10,20.899392828634472
153812,1,7,5,0.3700090141005197
153814,1,7,4,0.3700090657260609
153815,1,7,10,24.357471768347168
153829,1,7,9,24.464986271745893
153847,1,7,8,20.294116596105972
153872,1,7,4,0.3700090657260609
153879,1,7,8,26.907941979845265
153883,1,7,4,0.3700090657260609
153888,1,7,8,32.586485473412715
153895,1,7,4,0.3700090657260609
153897,1,7,10,16.83734758873414
153912,0,7,0,0.027799151382497406
153916,1,7,8,29.655738178160107
153919,1,7,8,13.05733730254644
153921,1,7,9,25.21165188952191
153944,1,7,6,14.47681022390563
153958,1,7,4,0.3700090657260609
153996,1,7,8,25.793394990372796
154010,1,7,5,0.3700090141005197
154011,1,7,4,0.3700090657260609
154015,0,7,0,0.03308895764972583
154030,1,7,9,20.081261920731713
154037,1,7,6,20.95812966620912
154059,1,7,5,0.3700090141005197
154066,1,7,5,0.3700090141005197
154083,1,7,9,24.158354909827853
154092,1,7,8,24.66030820856222
154096,1,7,5,0.3700090141005197
154101,1,7,9,32.66970614146527
154123,1,7,8,30.85560873680118
154132,1,7,9,30.58683693399565
154142,1,7,2,5.495996872126362
154161,1,7,9,25.240824751808457
154177,0,7,0,0.031245180142284033
154198,1,7,9,31.21758353014546
154211,1,7,10,7.6822091898321325
154214,1,7,8,11.368656858648682
154219,1,7,7,6.116957709101223
154226,1,7,10,26.00970315427023
154231,1,7,5,0.3700090141005197
154247,1,7,9,22.825661107614014
154251,1,7,2,9.080633199719449
154279,0,7,0,0.03976674368977427
154281,1,7,10,22.95923100028457
154283,1,7,1,17.684813903724866
154298,0,7,0,0.04575445577052293
154306,1,7,5,0.3700090141005197
154319,1,7,5,0.3700090141005197
154320,1,7,2,16.1935203013873
154353,1,7,6,16.757314615136725
154402,1,7,10,18.519111121247413
154412,1,7,10,22.39815745001056
154430,1,7,4,0.3700090657260609
154432,1,7,9,28.25203335304604
154433,0,7,0,0.04641000233228834
154435,1,7,7,2.6706332927159653
154486,1,7,8,17.79644973914992
154492,1,7,6,9.775500339988417
154493,1,7,1,18.42010656397401
154504,1,7,4,0.3700090657260609
154507,1,7,9,23.014145736005602
154523,1,7,2,15.821036842542396
154538,1,7,1,17.535428202079526
154544,1,7,1,20.157455633257403
154565,1,7,4,0.3700090657260609
154568,1,7,9,26.644313505460307
154572,1,7,6,28.85716989305449
154573,1,7,10,18.47651732796351
154575,1,7,8,25.9308832209946
154602,1,7,4,0.3700090657260609
154614,1,7,8,19.64883446078825
154630,1,7,9,25.09923773271874
154633,1,7,5,0.3700090141005197
154646,1,7,2,6.092122338669132
154655,1,7,8,10.387263180170992
154657,1,7,1,12.21658161475123
154671,1,7,9,19.485266308184105
154673,1,7,10,12.280407056173757
154687,1,7,6,30.026986527835433
154700,1,7,10,18.045569205805474
154703,1,7,10,5.812545207757678
154721,1,7,6,28.659554736829588
154740,1,7,7,5.05743668064995
154747,1,7,9,33.56994224680853
154785,1,7,1,11.169185012041872
154788,0,7,0,0.03540936381655914
154797,1,7,7,0.6097159389605278
154800,1,7,6,24.934210063015573
154817,1,7,8,21.632780526682485
154822,1,7,5,0.37000902039789374
154829,1,7,9,20.240260329441107
154832,1,7,10,26.03782567132573
154833,1,7,4,0.3700090657260609
154854,1,7,2,6.455263269542655
154868,1,7,9,33.701080900260855
154893,1,7,4,0.3700090657260609
154899,1,7,10,14.393354668956613
154906,1,7,4,0.3700090657260609
154920,1,7,5,0.3700090141005197
154927,1,7,6,19.65223021390026
154928,1,7,4,0.3700090657260609
154930,1,7,8,31.528867753356643
154943,0,7,0,0.028804321008861773
154949,1,7,6,10.94338102989977
154950,1,7,10,10.035819951312142
154960,1,7,5,0.3700090141005197
154979,1,7,5,0.3700090141005197
154982,1,7,8,25.23605636876131
154986,1,7,9,18.354246895649755
155015,1,7,6,22.91834916565771
155020,1,7,9,7.746837501483451
155042,1,7,5,0.3700090141005197
155053,1,7,8,20.9837831266441
155054,1,7,10,6.837696258143019
155057,1,7,6,30.258675882199533
155064,1,7,6,8.373055421492024
155074,1,7,8,12.525071227708024
155076,1,7,5,0.3700090141005197
155080,1,7,4,0.3700090657260609
155091,1,7,8,21.123724026634616
155094,1,7,5,0.3700090141005197
155123,1,7,9,33.20507789962241
155129,1,7,2,10.870818064348255
155134,1,7,6,26.26044930899715
155150,1,7,4,0.3700090657260609
155164,1,7,7,4.948320157350316
155186,1,7,10,22.819805983340046
155196,1,7,5,0.3700090141005197
155200,1,7,5,0.3700090141005197
155210,1,7,8,34.41590018920524
155221,1,7,9,27.427109207003046
155226,1,7,9,31.86965440515736
155242,1,7,6,19.927055669255584
155243,1,7,9,20.04193777731253
155251,1,7,3,2.92162641613319
155265,1,7,8,8.804164732447045
155268,1,7,8,32.44027409301485
155270,1,7,10,22.754433921604676
155297,1,7,8,18.97059006970027
155300,1,7,6,15.318255773147808
155302,1,7,9,22.151007120739713
155337,1,7,7,6.146709247880294
155347,1,7,6,21.917903998531244
155348,1,7,9,26.402989611131062
155355,1,7,8,3.963830548578677
155357,1,7,10,17.731163553378988
155360,1,7,9,22.55495028091869
155364,1,7,5,0.3700090141005197
155370,1,7,5,0.3700090141005197
155390,1,7,5,0.3700090141005197
155393,1,7,5,0.3700090141005197
155400,1,7,7,5.686890018133316
155424,1,7,5,0.3700090141005197
155429,1,7,6,30.046126513436104
155439,1,7,10,6.170512423220654
155446,1,7,4,0.3700090657260609
155510,1,7,9,32.72095245872025
155516,1,7,9,18.139878760682755
155527,1,7,8,35.034176336866715
155534,1,7,4,0.3700090657260609
155535,1,7,8,22.507102724272716
155570,1,7,6,13.247104642401146
155584,1,7,8,24.436202171845537
155591,1,7,10,20.540777823148456
155593,1,7,9,16.85893572153477
155595,1,7,10,16.811650464986734
155623,0,7,0,0.03603450522204326
155626,1,7,9,32.91761255257067
155631,0,7,0,0.0327685733151263
155632,1,7,6,22.89300781785703
155636,1,7,5,0.3700090141005197
155645,1,7,10,23.286449596757052
155659,1,7,4,0.3700090657260609
155667,1,7,4,0.3700090657260609
155684,1,7,7,4.6337718188959505
155697,1,7,5,0.3700090141005197
155701,1,7,6,13.253460856813147
155709,1,7,6,29.991194588417233
155730,1,7,4,0.3700090657260609
155743,1,7,8,30.29364018113801
155746,1,7,10,24.527464819992684
155759,1,7,5,0.3700090141005197
155762,1,7,5,0.3700090141005197
155768,1,7,6,26.720674522353196
155773,1,7,4,0.3700090657260609
155786,1,7,5,0.37000902039789374
155787,1,7,8,19.3125614722882
155788,1,7,7,0.8424689003405066
155791,0,7,0,0.10495854552994473
155802,0,7,0,0.05203550443893368
155811,1,7,1,17.37348833536323
155814,1,7,1,24.16825192467826
155818,1,7,5,0.3700090141005197
155828,1,7,6,18.741274902599166
155831,1,7,6,26.96797771700343
155835,1,7,9,24.449665388487393
155836,1,7,9,33.71385011760106
155848,1,7,10,18.732160177764555
155850,1,7,7,0.9618065971166925
155857,1,7,4,0.3700090657260609
155858,1,7,9,21.756722876182053
155863,1,7,8,27.856835925636545
155868,1,7,7,4.9799398013969
155879,1,7,8,28.49853020621788
155884,1,7,1,22.856449021837406
155902,1,7,5,0.3700090141005197
155903,1,7,9,25.426800423562906
155908,1,7,5,0.3700090141005197
155910,1,7,4,0.3700090657260609
155925,1,7,5,0.3700090141005197
155926,1,7,1,26.37045034854138
155927,1,7,7,1.787282589417524
155929,0,7,0,0.1206168440589777
155933,1,7,1,19.820580414923857
155943,1,7,10,22.23264702522959
155985,1,7,6,18.592460192767586
155988,1,7,9,12.339230658336934
155997,1,7,9,5.811629059129568
155999,1,7,8,29.223176743455166
156018,1,7,9,21.675208008076744
156044,1,7,6,30.113635181594137
156054,1,7,1,12.318548098498853
156067,1,7,8,21.972560342813733
156073,1,7,3,3.120316366808903
156076,1,7,10,13.578833602610713
156092,1,7,5,0.3700090141005197
156120,1,7,10,19.794130383948264
156125,1,7,8,25.616384813631367
156138,1,7,2,8.748108946243002
156172,1,7,9,23.61540827429882
156186,1,7,7,5.749484411309461
156194,1,7,6,21.632723944173776
156208,1,7,6,29.555563795508967
156243,1,7,5,0.3700090141005197
156251,1,7,6,20.169237250922325
156262,1,7,4,0.3700090657260609
156264,1,7,6,18.342140965991664
156266,1,7,8,11.230792631921227
156268,1,7,1,14.337631762636013
156281,1,7,4,0.3700090657260609
156282,1,7,10,18.10769048510243
156286,1,7,6,8.14113344387944
156287,1,7,1,8.21581363413132
156336,1,7,3,3.1159992972920825
156373,1,7,9,23.186682143037544
156376,1,7,9,31.970278332920543
156381,1,7,4,0.3700090657260609
156388,0,7,0,0.04583583008923384
156403,1,7,6,14.299087316565245
156428,1,7,9,30.194810873557735
156430,1,7,5,0.37000902039789374
156437,1,7,8,35.54845708628199
156448,1,7,10,7.024314847980424
156450,1,7,5,0.3700090141005197
156465,1,7,8,10.621755123076108
156476,1,7,8,30.615600908088876
156494,0,7,0,0.03810053180356493
156497,1,7,9,26.33426325398644
156514,1,7,6,21.06845983469125
156517,1,7,5,0.3700090141005197
156527,1,7,9,5.819589336108668
156531,1,7,5,0.3700090141005197
156546,1,7,5,0.3700090141005197
156548,0,7,0,0.039724399506187606
156563,1,7,5,0.3700090141005197
156565,1,7,9,27.682588619509705
156574,1,7,3,3.1229701800247534
156596,1,7,4,0.3700090657260609
156608,1,7,6,20.806633901384348
156610,1,7,6,30.12014050253187
156613,1,7,8,7.541914945783718
156619,1,7,5,0.3700090141005197
156632,1,7,6,14.299055579738052
156637,1,7,5,0.3700090141005197
156663,1,7,8,16.005642961158298
156674,1,7,9,21.66020680022136
156681,1,7,8,35.220022824297196
156703,1,7,7,3.266535965732525
156716,1,7,6,26.60745130739906
156722,1,7,9,21.06092958423205
156730,1,7,8,23.275814901935348
156736,1,7,6,22.707733917455716
156742,1,7,2,4.5221691279554825
156756,1,7,4,0.3700090657260609
156757,1,7,9,25.429564439222265
156759,1,7,8,20.608908148587403
156761,1,7,5,0.3700090141005197
156784,1,7,5,0.3700090141005197
156798,1,7,8,6.8942715221091
156801,0,7,0,0.034988980589237835
156802,1,7,1,19.972305048534906
156806,1,7,9,17.761633980490366
156807,1,7,8,12.979379318319507
156813,1,7,9,12.629344497318913
156815,1,7,10,13.462990542589182
156824,1,7,6,26.716045516670267
156831,1,7,10,25.256615836602677
156842,1,7,6,22.84662073763808
156843,1,7,4,0.3700090657260609
156847,1,7,4,0.3700090657260609
156850,1,7,8,8.138260876355137
156857,1,7,6,15.046701270401105
156865,1,7,6,22.464074351447618
156870,1,7,5,0.3700090141005197
156878,1,7,4,0.3700090657260609
156885,1,7,7,3.001745909335766
156893,1,7,10,12.00473553355801
156920,1,7,9,23.199464830636188
156924,1,7,1,11.98388373887152
156959,1,7,4,0.3700090657260609
156989,1,7,1,7.051025977274822
156991,1,7,7,6.007269608064273
157007,1,7,6,29.464676819758715
157029,1,7,8,31.872079190450105
157036,1,7,9,23.10413170904625
157040,1,7,1,18.38806628522537
157044,1,7,9,18.353730555333136
157052,1,7,9,25.8471180711652
157076,1,7,6,28.066318024163813
157084,1,7,9,31.09386044562755
157107,1,7,3,3.126185532257584
157133,1,7,1,22.133135571323823
157139,1,7,5,0.3700090141005197
157141,1,7,6,17.39115195276517
157148,1,7,9,24.707380540962944
157151,1,7,10,17.69699417367986
157156,1,7,6,11.427274731356516
157157,1,7,5,0.3700090141005197
157166,0,7,0,0.038912797667423615
157180,1,7,9,21.848876530378966
157189,1,7,4,0.3700090657260609
157203,0,7,0,0.03914932881117979
157204,1,7,8,3.276734135164356
157208,1,7,5,0.3700090141005197
157224,1,7,1,14.134797114184181
157237,1,7,5,0.3700090141005197
157243,1,7,5,0.3700090141005197
157246,1,7,6,28.644418419295057
157263,1,7,6,24.608843981872198
157274,1,7,10,20.11141608059937
157281,1,7,6,5.060895856076735
157292,1,7,2,3.7599308121815223
157304,1,7,9,22.673943513804968
157305,1,7,5,0.3700090141005197
157321,1,7,8,18.723542471802038
157333,1,7,1,21.784629446812147
157347,1,7,6,13.056179780591416
157350,1,7,7,6.260489600191849
157352,1,7,6,18.36987783500042
157398,1,7,1,11.837574000989674
157414,1,7,10,26.021711520964825
157449,1,7,4,0.3700090657260609
157452,1,7,9,17.516525072141864
157460,1,7,8,27.143471224223877
157463,1,7,8,16.848449079008265
157464,1,7,8,31.516196935624155
157486,1,7,4,0.3700090657260609
157505,1,7,5,0.3700090141005197
157507,1,7,9,8.066965465311972
157514,1,7,3,3.201894125248235
157541,1,7,4,0.3700090657260609
157544,1,7,6,23.460895319277512
157568,1,7,9,17.247889073576303
157601,1,7,4,0.3700090657260609
157602,1,7,8,24.427969693826288
157605,1,7,5,0.3700090141005197
157609,1,7,3,2.5992807911970006
157612,1,7,4,0.3700090657260609
157624,1,7,8,13.969752882882304
157629,1,7,7,2.445035605789711
157645,1,7,4,0.3700090657260609
157649,1,7,1,21.615079278718213
157652,1,7,5,0.3700090141005197
157655,1,7,9,25.365399609617842
157678,1,7,10,20.909149627469798
157680,1,7,6,21.70328028068342
157685,1,7,6,8.615355070326663
157696,1,7,1,11.459033565931685
157705,1,7,7,1.1589590408778472
157713,1,7,9,30.478704818526214
157714,1,7,1,19.356229270291948
157716,1,7,5,0.3700090141005197
157732,1,7,5,0.3700090141005197
157752,1,7,6,8.82997744007084
157759,1,7,6,23.891110404241335
157767,1,7,5,0.3700090141005197
157770,1,7,7,1.0762855000188363
157775,1,7,9,4.450372039950591
157795,1,7,4,0.3700090657260609
157806,1,7,9,13.549435550938796
157834,1,7,8,27.683979758007418
157838,1,7,3,2.392919701748704
157854,1,7,10,21.820139928732658
157864,1,7,4,0.3700090657260609
157869,1,7,10,7.785350279005362
157876,1,7,3,2.0404442261645728
157882,1,7,8,33.459063087829925
157894,1,7,6,22.032303385966163
157911,1,7,5,0.3700090141005197
157914,1,7,7,5.571602626738624
157920,1,7,9,31.059471562951252
157921,1,7,10,16.814234400926797
157926,1,7,5,0.3700090141005197
157934,1,7,8,17.64571378065732
157949,1,7,5,0.3700090141005197
157963,1,7,10,22.507359071491273
157974,1,7,8,21.70402578756638
157983,1,7,6,27.173325281107246
157985,1,7,1,27.79672214479161
157992,1,7,6,15.778658473788328
157995,1,7,5,0.37000902039789374
157996,1,7,5,0.3700090141005197
158001,1,7,2,14.611371442437159
158003,1,7,4,0.3700090657260609
158016,1,7,4,0.3700090657260609
158056,1,7,6,30.52610132342089
158065,1,7,6,25.521349024163907
158067,1,7,10,16.870706926590472
158068,1,7,10,25.38602532448418
158077,1,7,2,14.295276548435039
158087,1,7,5,0.3700090141005197
158093,1,7,1,4.2742613946998045
158121,1,7,9,20.084196277515122
158139,1,7,7,1.9331115376083925
158145,1,7,8,33.2292863937278
158149,1,7,8,12.784112370389545
158151,1,7,9,29.295281599209922
158170,1,7,6,18.312272773680704
158187,1,7,2,4.3166663663901055
158215,1,7,2,7.466586690660324
158229,1,7,8,22.26418428365445
158246,1,7,7,5.876472897157562
158282,1,7,10,9.678204139281362
158285,0,7,0,0.03268265100148984
158289,1,7,9,7.202171469615779
158294,1,7,6,26.89997916703912
158323,1,7,5,0.3700090141005197
158348,1,7,6,20.63346314264449
158359,1,7,7,0.8242392380520818
158398,1,7,1,14.74037693140718
158416,1,7,6,17.945645397049947
158418,1,7,9,13.208338617860194
158421,1,7,1,27.509643946009948
158428,1,7,8,17.114900386787646
158434,1,7,8,26.558748006045075
158439,1,7,1,14.630703656074326
158444,1,7,1,26.062722730961166
158461,1,7,1,27.908708395803945
158463,1,7,5,0.3700090141005197
158468,1,7,5,0.3700090141005197
158473,1,7,8,35.025693814849966
158482,1,7,9,30.353011718785144
158485,1,7,8,30.372158497620855
158490,1,7,10,7.969093737443705
158493,1,7,3,1.319371892899934
158505,1,7,8,33.77333652736004
158516,1,7,2,2.5683352672923707
158521,1,7,10,10.724882756969045
158524,1,7,9,14.02037189625894
158527,1,7,9,31.921515548936558
158530,1,7,8,26.198275917693728
158531,1,7,4,0.3700090657260609
158532,1,7,5,0.3700090141005197
158539,1,7,8,9.731868298561004
158550,1,7,4,0.3700090657260609
158554,1,7,3,3.1684201508525227
158570,1,7,4,0.3700090657260609
158611,1,7,7,3.6762390964606895
158615,1,7,8,26.532558737592616
158622,1,7,10,16.581107353750667
158627,1,7,8,26.047797651250868
158631,1,7,5,0.3700090141005197
158635,1,7,5,0.3700090141005197
158638,1,7,9,20.923472323594066
158666,1,7,8,33.859731670177844
158667,1,7,5,0.3700090141005197
158671,1,7,6,21.36748275751379
158672,1,7,9,22.046820971702456
158694,1,7,6,26.966140833179765
158700,1,7,6,18.94995663145085
158701,1,7,4,0.3700090657260609
158706,1,7,7,6.038571149346219
158727,1,7,9,7.860879963850255
158753,1,7,8,17.59364649130849
158764,1,7,8,35.36645260926061
158783,1,7,9,29.39103789128387
158808,1,7,9,27.38683773608405
158837,0,7,0,0.034528338262824435
158859,1,7,10,12.556183872224652
158867,1,7,8,10.069375725592664
158880,1,7,3,2.2247877335750643
158883,1,7,10,6.129264249542735
158888,1,7,8,31.118114752723745
158894,1,7,9,23.16458462235604
158903,1,7,6,5.447134232752642
158908,1,7,5,0.3700090141005197
158931,1,7,9,2.446273218049264
158951,1,7,6,10.879067719352303
158960,1,7,8,22.51268842513128
158961,1,7,6,29.4191885428354
158989,1,7,6,7.602183035363895
159018,1,7,7,4.457957363943438
159020,1,7,2,11.575620408155736
159025,1,7,9,24.567076573394406
159057,1,7,5,0.3700090141005197
159065,0,7,0,0.02818679190129719
159078,1,7,6,21.979677571908937
159081,1,7,6,23.9501652363153
159091,1,7,8,36.01776970516138
159092,1,7,9,15.993106020148867
159101,0,7,0,0.03635467068365947
159108,1,7,7,5.909497215130631
159112,1,7,2,7.059351712427694
159122,1,7,6,16.061798406681845
159129,1,7,9,17.572925000047253
159141,1,7,9,24.53490136319137
159157,1,7,9,2.8596879205646495
159162,1,7,3,3.0916804765746813
159164,1,7,7,5.420291593204903
159176,1,7,9,19.5215297324057
159178,1,7,6,26.986062777747406
159190,1,7,5,0.3700090141005197
159191,1,7,7,4.16474617058104
159198,1,7,9,21.357476291593834
159231,1,7,8,14.55002167607416
159237,1,7,5,0.3700090141005197
159238,1,7,9,6.2700688639873645
159247,1,7,8,19.482817038514856
159250,1,7,8,28.492127077808934
159260,1,7,6,9.297673189380752
159278,1,7,4,0.3700090657260609
159280,1,7,9,32.04752227578627
159285,1,7,10,18.50670593634078
159295,1,7,8,28.644725508565
159300,1,7,8,19.25790761767518
159311,1,7,8,19.978114602805498
159314,1,7,5,0.3700090141005197
159321,1,7,6,24.52401651378264
159344,1,7,1,9.122365744900382
159345,1,7,8,29.235539251541493
159350,1,7,8,23.05499914967629
159369,1,7,3,1.4018207788512282
159380,1,7,6,14.139651252679528
159399,1,7,4,0.3700090657260609
159413,1,7,6,19.204158982755843
159419,1,7,3,1.9245296419965052
159435,1,7,1,24.33179991873972
159438,1,7,6,26.693883378810348
159445,1,7,10,20.86386925487872
159447,1,7,9,7.334703452694106
159449,1,7,8,20.53934420057506
159450,1,7,8,29.35360777206398
159453,1,7,8,19.152740416585047
159460,1,7,8,25.23419461894816
159466,1,7,7,3.3395229826099104
159469,1,7,6,26.02434175427297
159474,1,7,4,0.3700090657260609
159491,1,7,4,0.3700090657260609
159500,1,7,9,30.15580045844542
159504,1,7,2,2.9278321655781774
159511,1,7,4,0.3700090657260609
159527,1,7,3,2.2160629398474287
159538,1,7,5,0.3700090141005197
159546,1,7,2,5.40981475389402
159576,1,7,10,12.994173222728916
159606,1,7,10,23.833998184812806
159611,1,7,6,11.134420596020403
159617,1,7,4,0.3700090657260609
159618,1,7,10,5.373843919098515
159624,1,7,10,21.25328872490317
159639,1,7,6,18.733198282542286
159665,1,7,8,7.385622819072075
159668,1,7,6,5.5157758436341755
159694,1,7,8,7.282552480489266
159696,1,7,9,33.70283317105414
159702,1,7,1,19.501824359704766
159711,1,7,5,0.3700090141005197
159733,1,7,5,0.3700090141005197
159747,1,7,3,1.116318090033164
159756,1,7,8,24.582591357120304
159788,1,7,4,0.3700090657260609
159799,1,7,8,12.126838642731332
159813,1,7,9,11.107382396123997
159822,1,7,9,14.407396609131153
159833,1,7,8,20.483042141784285
159838,1,7,6,22.668250450569303
159860,1,7,9,23.951747411242575
159865,1,7,8,23.927625822299554
159867,1,7,6,12.029771822694924
159868,1,7,4,0.3700090657260609
159887,1,7,4,0.3700090657260609
159892,1,7,5,0.3700090141005197
159896,1,7,5,0.3700090141005197
159904,1,7,6,30.15907566947359
159906,1,7,4,0.3700090657260609
159910,1,7,6,28.447818978861193
159920,1,7,6,7.16939088545851
159922,1,7,8,20.14095141839641
159934,1,7,5,0.3700090141005197
159938,1,7,8,20.492218724872306
159940,1,7,8,31.10068840182186
159966,1,7,10,14.208649986500893
159970,1,7,1,13.832547300215026
159972,1,7,1,24.381343223973303
160003,1,7,8,15.344641670237047
160007,1,7,6,24.00134806567761
160009,1,7,1,14.912795093996925
160010,1,7,8,21.038114001324637
160018,1,7,6,15.375182608685321
160022,1,7,9,12.664987085613616
160029,1,7,10,10.065596586445771
160035,1,7,5,0.3700090141005197
160039,0,7,0,0.13510968629752818
160059,1,7,4,0.3700090657260609
160065,1,7,8,26.48383410749753
160103,1,7,8,33.43534841138593
160127,1,7,7,5.7399806034992915
160135,1,7,5,0.3700090141005197
160164,1,7,9,24.259004964318894
160180,1,7,2,15.483225453378346
160195,1,7,5,0.3700090141005197
160196,1,7,9,17.162772959863798
160219,1,7,9,27.501119199844595
160255,1,7,9,25.58630396932011
160264,1,7,8,32.56861121764671
160265,1,7,10,8.623205456057235
160303,1,7,5,0.3700090141005197
160306,1,7,7,6.288603033637221
160330,1,7,8,26.218733785977687
160344,1,7,9,29.264800661289247
160348,1,7,5,0.3700090141005197
160357,1,7,2,8.928938559652247
160364,0,7,0,0.12692786232508668
160380,1,7,1,12.962081139856508
160391,1,7,6,16.655365788589375
160392,1,7,9,21.57422611939728
160400,1,7,5,0.3700090141005197
160413,1,7,10,13.948162250419024
160442,1,7,4,0.3700090657260609
160453,1,7,7,4.627533494419795
160464,1,7,5,0.3700090141005197
160473,1,7,6,24.064573485538972
160478,1,7,7,4.420259757049943
160482,1,7,9,28.785009136752407
160501,0,7,0,0.04413409773405584
160514,1,7,9,5.0754793673998595
160516,1,7,4,0.3700090657260609
160551,1,7,1,26.0959735012543
160560,0,7,0,0.03256464491004099
160564,1,7,6,9.581220022943016
160566,1,7,8,25.04562083057692
160572,1,7,9,19.371596554601783
160573,1,7,5,0.3700090141005197
160581,1,7,9,26.07576928187536
160595,1,7,8,15.545673569158376
160596,1,7,10,16.47528122422576
160601,1,7,10,5.027955007184287
160618,1,7,10,10.520570359491249
160635,1,7,9,33.610610037625555
160654,1,7,4,0.3700090657260609
160656,1,7,7,4.265329604617694
160657,1,7,8,26.928981000940695
160670,1,7,9,23.112687185478492
160672,1,7,10,6.636974753561706
160685,1,7,7,5.497861101385667
160698,1,7,3,1.39769645223544
160705,1,7,10,13.08936470167832
160712,1,7,9,4.888896388335778
160713,1,7,9,6.49586256504162
160725,1,7,4,0.3700090657260609
160733,0,7,0,0.03863195828947417
160739,1,7,3,3.108839694741699
160742,1,7,3,3.1175095843560507
160749,1,7,10,18.56475582508488
160757,1,7,6,30.531703434178716
160760,1,7,7,4.455432066945051
160765,1,7,3,2.654363060957547
160766,1,7,5,0.3700090141005197
160772,1,7,1,8.790029538330465
160782,0,7,0,0.04376024017930781
160806,1,7,4,0.3700090657260609
160841,1,7,1,12.180879496249496
160852,1,7,8,35.51493554107959
160858,1,7,8,13.413565456682027
160863,1,7,8,14.576302559906491
160876,1,7,9,27.51634799497883
160896,1,7,7,1.430568949273061
160908,1,7,4,0.3700090657260609
160909,1,7,6,28.656012937533593
160935,1,7,9,23.65478327861089
160939,1,7,10,4.4148930226247485
160940,1,7,4,0.3700090657260609
160956,1,7,9,22.537473950438006
160957,1,7,9,11.561712214189527
160958,1,7,8,29.269474420015793
160967,0,7,0,0.03198362779829944
160992,1,7,4,0.3700090657260609
160993,1,7,10,24.01069689570053
160996,1,7,7,1.139577815345923
161009,1,7,10,13.123926547551406
161015,1,7,8,31.624746483414096
161017,1,7,6,7.8374494668367385
161034,1,7,6,25.847296278443114
161038,1,7,5,0.3700090141005197
161041,1,7,9,15.214044799940138
161059,0,7,0,0.0468999313735604
161064,1,7,1,26.8695731291325
161065,1,7,4,0.3700090657260609
161080,1,7,7,4.810163891419892
161084,1,7,9,16.842969167315875
161086,1,7,10,26.03102840041411
161089,1,7,8,30.01663847543306
161093,1,7,10,24.42535932102964
161098,1,7,9,30.882610530693032
161113,1,7,10,4.44049655013992
161141,1,7,10,16.926996240672146
161160,1,7,4,0.3700090657260609
161171,1,7,9,32.6707864017653
161185,1,7,8,35.546712901334736
161195,1,7,10,25.83646209190569
161197,1,7,10,17.386115309643557
161199,0,7,0,0.04091718901939228
161222,1,7,1,9.55174172974624
161228,1,7,6,8.128554696346361
161231,1,7,9,29.81030619862863
161239,1,7,4,0.3700090657260609
161277,1,7,3,3.219723866599612
161279,1,7,6,29.033995158570466
161291,1,7,4,0.3700090657260609
161315,1,7,10,14.652686492711515
161333,0,7,0,0.1223825096525086
161344,0,7,0,0.039417007139724514
161346,1,7,4,0.3700090657260609
161350,1,7,4,0.3700090657260609
161356,1,7,6,22.63985618205042
161366,1,7,5,0.3700090141005197
161391,1,7,8,34.653898255880804
161401,1,7,6,26.64772959462272
161409,1,7,9,13.714843916389333
161425,1,7,9,33.2501387343021
161430,1,7,8,22.99386805715596
161445,1,7,8,28.174441663531827
161457,1,7,5,0.3700090141005197
161466,0,7,0,0.038989907020960425
161474,1,7,8,26.769104028444634
161490,1,7,6,22.331218810661888
161498,1,7,1,11.174308037087284
161499,1,7,4,0.3700090657260609
161504,1,7,8,19.97115203188332
161510,1,7,6,27.490806630481107
161529,1,7,6,9.894631671388264
161538,1,7,4,0.3700090657260609
161543,1,7,7,2.8130654256453353
161552,1,7,10,24.999545645905105
161557,1,7,9,33.048821644935174
161563,1,7,8,3.1680261074540446
161592,0,7,0,0.031460479253012257
161600,1,7,9,27.027130044825405
161604,1,7,3,2.166160762492835
161609,1,7,7,2.5881743268219513
161612,1,7,4,0.3700090657260609
161626,1,7,10,25.345788591647874
161627,1,7,6,7.437112012036362
161631,1,7,10,6.7070281647103425
161655,1,7,6,30.534408805274246
161659,1,7,6,19.780620570415735
161668,1,7,5,0.3700090141005197
161679,1,7,9,21.188917378064428
161707,1,7,10,16.24326198140314
161710,1,7,8,29.80328743329857
161735,1,7,3,2.1632317403950396
161738,1,7,8,35.42012493683178
161748,1,7,4,0.3700090657260609
161753,1,7,10,7.000262583323675
161768,1,7,8,25.088260433874783
161770,1,7,9,33.1226952816285
161815,1,7,5,0.3700090141005197
161817,1,7,4,0.3700090657260609
161832,1,7,7,1.7531678701397564
161864,1,7,4,0.3700090657260609
161890,1,7,4,0.3700090657260609
161915,1,7,4,0.3700090657260609
161922,1,7,10,24.053632152202898
161937,1,7,6,20.576492653621287
161942,1,7,5,0.3700090141005197
161948,1,7,8,17.12419716867787
161950,1,7,9,17.29925050756047
161957,1,7,1,8.995791429602608
161963,1,7,5,0.3700090141005197
161978,1,7,10,17.117733819018284
162000,1,7,5,0.3700090141005197
162005,1,7,9,7.676336293773141
162021,1,7,9,13.094432815095587
162025,1,7,5,0.37000902039789374
162037,1,7,1,5.1283526495040626
162044,1,7,1,11.539561917441175
162075,1,7,9,20.926928391501654
162079,1,7,4,0.3700090657260609
162106,1,7,8,15.177316668024776
162139,1,7,7,2.7178447112440036
162171,1,7,9,33.44005305588558
162175,1,7,9,24.821404802922938
162177,0,7,0,0.12657587045788662
162179,1,7,9,27.449092317807228
162180,1,7,9,25.465637206373042
162182,1,7,8,31.314800024020418
162200,1,7,5,0.3700090141005197
162212,1,7,7,1.1055491048364792
162222,1,7,5,0.3700090141005197
162224,1,7,6,7.894558883647144
162241,1,7,6,19.19972935784089
162248,1,7,7,3.592574817457301
162250,1,7,8,32.998992108547824
162251,1,7,3,2.910805128330185
162253,1,7,5,0.3700090141005197
162262,1,7,5,0.3700090141005197
162273,1,7,2,5.673966853219147
162306,1,7,4,0.3700090657260609
162315,1,7,4,0.3700090657260609
162317,1,7,8,33.35529660553791
162331,1,7,8,21.635436050832773
162332,1,7,9,32.718160778805824
162333,1,7,6,25.701221502662616
162334,1,7,6,18.14048175423546
162343,1,7,6,24.817065856723136
162353,1,7,9,29.038481641976666
162362,1,7,6,29.254803784631566
162379,1,7,9,18.074996972644584
162406,1,7,6,23.81461607458856
162408,1,7,8,13.113109838533507
162414,1,7,8,17.606630088359275
162420,1,7,5,0.3700090141005197
162430,1,7,5,0.3700090141005197
162435,1,7,9,33.642197835526936
162440,1,7,5,0.3700090141005197
162444,1,7,7,2.2074365132983482
162448,1,7,4,0.3700090657260609
162454,1,7,8,28.182247026953778
162463,1,7,5,0.3700090141005197
162481,1,7,8,19.007277067995272
162483,1,7,9,33.49773277441951
162487,1,7,6,26.733279097226067
162509,1,7,6,20.92631047809763
162511,1,7,4,0.3700090657260609
162522,1,7,1,10.194053814286091
162534,1,7,6,20.09405672114328
162547,1,7,8,14.715207330033145
162552,1,7,8,33.88521388106554
162557,1,7,9,14.279239323952721
162561,0,7,0,0.04086768643548323
162586,1,7,8,23.444019814992675
162593,0,7,0,0.033134289642970466
162598,1,7,9,30.059289555371542
162605,1,7,10,24.393768828270176
162622,1,7,2,15.303086401714875
162627,1,7,5,0.3700090141005197
162635,1,7,5,0.3700090141005197
162638,1,7,9,17.812066804260713
162641,1,7,9,25.39767624208577
162645,1,7,1,7.6196783157837515
162649,1,7,5,0.3700090141005197
162664,1,7,9,29.370232434495414
162668,1,7,9,4.887289491241508
162671,1,7,9,23.480082511821934
162689,1,7,10,15.285124744750073
162715,1,7,10,9.033248046207083
162744,0,7,0,0.09889123356195036
162753,1,7,1,20.302454317018118
162761,1,7,8,21.537515949539067
162762,1,7,6,30.55013349142555
162767,1,7,5,0.3700090141005197
162770,1,7,5,0.3700090141005197
162789,1,7,4,0.3700090657260609
162809,1,7,8,10.674265501826868
162826,1,7,8,3.727345062756329
162830,1,7,9,24.64221323721477
162835,1,7,10,14.969470807241967
162839,1,7,8,33.33300126483808
162842,1,7,9,25.005843775942694
162855,1,7,4,0.3700090657260609
162870,1,7,10,12.879426343230065
162881,1,7,8,4.627849259130624
162898,1,7,9,24.63810641484815
162899,0,7,0,0.030193728528534934
162903,1,7,5,0.3700090141005197
162914,0,7,0,0.03818470999148218
162920,1,7,8,11.373894484399445
162924,1,7,9,22.617028965264666
162925,1,7,1,8.625400692165652
162930,1,7,8,14.815936942993337
162961,1,7,5,0.37000902039789374
162984,1,7,5,0.3700090141005197
162986,1,7,8,27.230082119580366
162989,1,7,5,0.3700090141005197
163008,1,7,4,0.3700090657260609
163021,1,7,1,28.07552124644589
163027,1,7,6,28.56054448031691
163040,1,7,9,15.678126131672041
163056,1,7,2,13.471276255694814
163069,0,7,0,0.16991603827825125
163070,1,7,9,24.255364257139068
163073,1,7,4,0.3700090657260609
163076,1,7,8,27.780287643147158
163092,1,7,3,1.8478277548465725
163123,1,7,9,33.40762439148577
163130,1,7,10,3.6709293814111263
163131,1,7,5,0.3700090141005197
163132,1,7,9,12.347758434779966
163145,1,7,5,0.3700090141005197
163147,1,7,9,31.605151909646217
163157,1,7,1,4.113696182109736
163164,1,7,8,20.588058369592098
163197,1,7,7,4.814028521337963
163201,1,7,7,0.39107732921264676
163202,1,7,6,13.347601398823361
163207,1,7,1,12.903613000029381
163213,1,7,6,29.27846866241636
163216,1,7,1,4.988780221932262
163223,1,7,7,3.5320607070440437
163232,1,7,7,3.6111517837749934
163248,1,7,4,0.3700090657260609
163255,1,7,6,6.139414819109746
163263,1,7,9,20.46858507911184
163268,1,7,9,30.104666384336184
163270,1,7,5,0.3700090141005197
163275,1,7,6,8.098046891541228
163278,1,7,9,32.668019880459916
163280,1,7,9,12.943761663107544
163293,1,7,9,30.336327928448725
163294,1,7,1,26.79532711066758
163330,1,7,7,2.5132813695710965
163338,1,7,9,31.104812854605186
163351,1,7,9,29.155990158874193
163353,1,7,7,3.115754934898138
163374,1,7,4,0.3700090657260609
163383,0,7,0,0.03867927803488463
163388,1,7,4,0.3700090657260609
163389,1,7,5,0.3700090141005197
163391,1,7,8,29.214721661389294
163405,1,7,3,3.148661897123521
163415,1,7,6,24.908939638487496
163424,1,7,7,6.424948909811221
163442,1,7,5,0.3700090141005197
163444,1,7,5,0.3700090141005197
163449,1,7,8,11.888420115314027
163459,1,7,9,26.038855464438015
163467,0,7,0,0.02867544972470614
163476,1,7,6,10.55010623200233
163489,1,7,6,14.69021683596854
163490,1,7,2,12.828903008702614
163494,1,7,7,4.438183418746784
163497,0,7,0,0.06780212232652039
163511,1,7,9,13.166883283628703
163519,1,7,1,13.477157818533627
163521,1,7,9,2.1543518556662815
163524,1,7,9,5.735594754715367
163528,1,7,8,23.054457840557646
163532,1,7,5,0.3700090141005197
163539,1,7,5,0.3700090141005197
163542,1,7,7,4.714342792920402
163549,1,7,7,0.5538732509027209
163551,1,7,4,0.3700090657260609
163561,1,7,8,21.07591240798589
163582,1,7,9,23.701010906308042
163591,0,7,0,0.03893776505341195
163592,1,7,4,0.3700090657260609
163596,1,7,9,33.684896365971305
163603,1,7,2,0.8137649829208482
163606,1,7,8,25.386460949492566
163608,1,7,9,19.676294513210127
163610,1,7,8,19.80848356653094
163617,1,7,10,5.4185351561551895
163620,1,7,7,4.0697522560495765
163632,1,7,5,0.3700090141005197
163635,1,7,6,20.194121753331462
163650,1,7,8,32.00081258913301
163660,1,7,6,8.772343851302868
163662,1,7,10,17.07650596475053
163683,1,7,7,4.4026694174896965
163731,1,7,6,24.10103847729865
163733,1,7,7,5.272108101011691
163743,1,7,10,8.818974649056273
163767,1,7,9,22.44078319238369
163773,1,7,9,18.408525030942563
163779,1,7,8,24.377327238235946
163781,1,7,5,0.37000902039789374
163785,1,7,5,0.37000902039789374
163808,1,7,8,21.51343151129928
163820,1,7,8,20.23748551682763
163821,1,7,10,23.94048516345111
163830,1,7,5,0.3700090141005197
163863,1,7,2,7.899661377925157
163869,1,7,9,31.1807642397922
163897,1,7,5,0.3700090141005197
163898,1,7,4,0.3700090657260609
163910,1,7,7,5.271147438708403
163914,1,7,10,23.817713765413597
163920,1,7,3,3.0883029617610025
163926,1,7,6,16.04952355849981
163931,1,7,1,6.665267230901779
163958,1,7,7,6.1495981650786
163968,1,7,8,26.529042831892934
163969,1,7,1,13.808266464663951
163983,1,7,9,33.01043508113482
164017,1,7,7,1.526497215873959
164025,1,7,7,3.378256433366446
164030,1,7,4,0.3700090657260609
164044,1,7,6,17.13516150319502
164045,1,7,8,33.90124283268796
164047,1,7,5,0.3700090141005197
164051,1,7,6,5.774236972303962
164055,1,7,6,16.896005798545755
164066,1,7,5,0.3700090141005197
164073,1,7,8,27.79756184010417
164085,1,7,9,25.143105413832192
164091,1,7,5,0.3700090141005197
164103,1,7,9,23.58194745360208
164110,1,7,8,32.5818064431605
164114,1,7,4,0.3700090656202526
164160,1,7,4,0.3700090657260609
164164,1,7,9,13.300759376499093
164166,1,7,10,14.88057408178046
164167,1,7,3,1.8000646159590923
164173,1,7,9,4.829102906465104
164174,1,7,9,33.4547471065881
164181,1,7,10,18.995238031819046
164194,1,7,8,17.01039253958602
164201,1,7,4,0.3700090657260609
164203,1,7,6,24.349123195797727
164206,1,7,9,33.066144655510854
164229,1,7,6,18.46815187058077
164234,0,7,0,0.03838136812284717
164258,1,7,9,6.468726861812749
164280,1,7,5,0.3700090141005197
164283,0,7,0,0.03577700615136775
164285,1,7,9,14.585823945627874
164294,1,7,5,0.3700090141005197
164303,1,7,10,4.3878000370583345
164306,0,7,0,0.03960743716948281
164319,1,7,6,6.11764880834816
164334,1,7,6,30.312991735529533
164361,1,7,2,10.101239053148847
164363,1,7,9,5.764906678063528
164370,1,7,7,5.211576698178571
164381,1,7,5,0.3700090141005197
164401,1,7,5,0.3700090141005197
164406,1,7,8,12.548450647484293
164410,1,7,5,0.3700090141005197
164426,1,7,2,7.454755277140265
164427,1,7,9,32.79547623324346
164438,1,7,4,0.3700090656202526
164441,1,7,5,0.3700090141005197
164443,1,7,8,33.1032141434407
164446,1,7,9,31.154463284875323
164453,1,7,10,12.229201284766607
164475,1,7,9,26.399355081432667
164481,1,7,9,28.720578120549384
164488,1,7,8,14.99941226083309
164489,1,7,2,10.825983468062082
164503,1,7,10,17.961024216051626
164504,1,7,4,0.3700090657260609
164512,1,7,6,29.36662058384965
164514,1,7,10,16.04942614469773
164534,1,7,5,0.3700090141005197
164535,1,7,6,22.624914669050458
164537,1,7,6,29.203439815277875
164545,1,7,8,35.90103587873236
164546,1,7,9,22.12670167515472
164566,1,7,6,13.058223777192918
164573,1,7,6,12.853886415601194
164577,1,7,10,16.679293402298107
164598,1,7,7,2.0128089317117372
164634,1,7,7,5.199966090076343
164643,1,7,9,28.734131698582214
164650,1,7,5,0.3700090141005197
164657,0,7,0,0.035253889009218026
164661,1,7,2,13.306189503267737
164665,0,7,0,0.04167353980283223
164677,1,7,4,0.3700090657260609
164683,1,7,6,29.31386295646015
164694,1,7,4,0.3700090657260609
164695,1,7,3,3.137470115872404
164696,1,7,9,33.34816495764914
164700,1,7,10,8.273590436526655
164707,1,7,6,5.55326115266488
164713,1,7,8,31.998604254999293
164719,1,7,10,10.977056267910724
164749,1,7,8,18.2687674702928
164752,1,7,5,0.3700090141005197
164768,1,7,6,22.596809635942176
164773,1,7,9,18.86940853079825
164794,1,7,9,14.204551563771112
164805,1,7,4,0.3700090657260609
164811,1,7,3,1.03481688707395
164813,1,7,2,12.650143257384267
164850,1,7,6,29.32309664586312
164852,0,7,0,0.03572769870614475
164853,0,7,0,0.047031920067881
164854,1,7,8,20.26177395716276
164857,1,7,6,18.419417510080905
164861,1,7,1,22.609994434620045
164883,1,7,9,22.27488401076814
164895,1,7,6,22.285192472655172
164922,1,7,8,22.411713666163912
164928,0,7,0,0.07796056348588193
164942,1,7,10,16.97814441983943
164943,1,7,6,28.99451284469965
164945,1,7,6,25.418223686154878
164971,1,7,2,1.198068373251398
164972,1,7,1,11.401925921387544
164976,1,7,8,31.48959704117599
164985,1,7,7,5.654632794662753
164988,1,7,4,0.3700090657260609
164993,1,7,7,2.6301330240783
164999,1,7,8,12.170619510545695
165005,1,7,10,10.711116607372194
165022,1,7,9,31.114460664051762
165025,1,7,6,29.738857418145663
165028,1,7,4,0.3700090657260609
165034,1,7,1,13.373243158115468
165036,1,7,6,14.595422179190361
165037,1,7,6,20.64649937430374
165038,0,7,0,0.03306414641828541
165045,1,7,8,13.387611420366968
165046,1,7,9,21.87601655585921
165049,1,7,2,4.853173319456446
165063,1,7,6,20.191960261970657
165074,1,7,1,21.842309003034746
165093,1,7,10,26.023130971378365
165098,1,7,8,9.301895235336659
165103,1,7,5,0.3700090141005197
165105,1,7,8,22.644987407609126
165115,1,7,6,29.526166769114017
165122,1,7,3,1.3219899141500415
165126,1,7,9,32.92862891990373
165140,1,7,9,26.818698076486577
165142,1,7,3,3.1788556918234336
165148,1,7,5,0.3700090141005197
165163,1,7,1,20.408508406378026
165168,1,7,6,30.017178276541312
165186,1,7,10,18.060968144022183
165193,1,7,6,17.62023361755771
165195,1,7,9,24.704570129744155
165197,1,7,8,21.195581704292504
165202,0,7,0,0.03885493806194129
165223,1,7,4,0.3700090656202526
165225,1,7,8,31.52096464251386
165229,1,7,8,24.354276142774143
165231,1,7,8,32.932880373456804
165241,1,7,6,7.119059386199613
165280,1,7,1,23.72333860437275
165281,1,7,8,14.738533593598639
165284,1,7,9,24.24354166423211
165285,1,7,8,12.127408170280908
165297,1,7,6,15.741543985566748
165320,1,7,10,16.72576972065944
165322,1,7,5,0.3700090141005197
165325,1,7,7,5.342128594466664
165329,1,7,6,5.477703630119741
165346,1,7,5,0.3700090141005197
165349,1,7,4,0.3700090657260609
165372,1,7,8,24.108460811259395
165395,1,7,6,16.260186911240293
165411,1,7,4,0.3700090657260609
165419,1,7,3,3.144564684147519
165422,0,7,0,0.04196476775030771
165426,1,7,9,18.616666709399386
165440,1,7,6,21.98956246154029
165446,1,7,1,22.35913102620825
165449,1,7,3,2.873206228474274
165450,1,7,10,10.956095651848687
165453,1,7,4,0.3700090657260609
165456,1,7,7,6.180474627045073
165484,1,7,5,0.3700090141005197
165492,1,7,7,1.0474669994603345
165494,1,7,9,13.975282427342137
165501,1,7,8,28.183734651257918
165502,1,7,1,24.744301866263662
165511,1,7,4,0.3700090656202526
165515,1,7,1,11.59595188337811
165528,1,7,10,6.935031768950555
165535,1,7,6,16.74189292879198
165538,1,7,9,13.648974947755901
165560,1,7,5,0.3700090141005197
165566,1,7,9,18.509436898446822
165567,1,7,9,9.07701657643601
165576,0,7,0,0.04558161483552954
165598,1,7,8,23.196584358380292
165605,1,7,4,0.3700090657260609
165613,1,7,8,35.367326388188715
165638,1,7,4,0.3700090657260609
165639,1,7,9,22.696865470919793
165641,1,7,7,3.954620216607008
165652,1,7,6,23.877542374065005
165662,1,7,9,29.914990386289844
165663,1,7,5,0.3700090141005197
165675,1,7,8,22.460965189186645
165690,1,7,9,27.500259446642723
165696,1,7,2,14.184436618948226
165703,1,7,6,23.456932372499395
165727,1,7,5,0.3700090141005197
165728,1,7,5,0.3700090141005197
165754,1,7,7,1.276448157876701
165765,1,7,8,32.73869712256503
165771,1,7,8,24.406356550748274
165784,1,7,9,30.97737456947494
165798,1,7,5,0.3700090141005197
165801,1,7,9,17.042045845018066
165814,1,7,1,10.15322303950774
165822,1,7,5,0.37000902039789374
165823,1,7,8,31.105374620398504
165826,1,7,9,20.916303799277465
165831,1,7,4,0.3700090657260609
165840,1,7,5,0.3700090141005197
165843,1,7,4,0.3700090657260609
165872,0,7,0,0.03394436569485245
165880,1,7,5,0.3700090141005197
165881,1,7,8,23.883470737396717
165885,1,7,5,0.3700090141005197
165886,1,7,8,26.278332625104174
165889,1,7,9,22.909788340061382
165910,1,7,1,14.09240627685564
165915,1,7,6,8.881693838616627
165927,1,7,9,27.30366687146277
165929,1,7,5,0.3700090141005197
165939,1,7,7,6.023526080850077
165957,1,7,6,19.036592764945528
166035,1,7,3,2.8900217669827706
166050,1,7,1,6.679551308133377
166052,1,7,8,11.95870972666571
166055,1,7,4,0.3700090657260609
166060,1,7,5,0.3700090141005197
166079,1,7,6,23.069810064571307
166093,1,7,4,0.3700090657260609
166095,1,7,4,0.3700090657260609
166098,1,7,5,0.3700090141005197
166112,1,7,5,0.3700090141005197
166127,1,7,5,0.3700090141005197
166130,1,7,4,0.3700090657260609
166136,1,7,8,15.537689516206196
166137,1,7,10,18.47272225930429
166181,1,7,4,0.3700090656202526
166183,1,7,7,0.5651381715971937
166200,1,7,6,23.325895812426968
166203,1,7,10,9.908160806718854
166205,1,7,1,27.845877383654837
166206,1,7,9,32.04275085289418
166207,1,7,3,3.182477748565619
166210,1,7,9,26.40175379274513
166215,1,7,5,0.3700090141005197
166227,1,7,8,18.139910772014634
166251,1,7,2,12.130077280656916
166252,1,7,10,24.017685727855667
166253,1,7,5,0.3700090141005197
166264,1,7,4,0.3700090657260609
166278,1,7,10,26.013553365560945
166280,0,7,0,0.03972299640093352
166286,1,7,10,16.855428096884086
166316,1,7,1,7.434026996205447
166331,1,7,8,22.236819463746347
166343,1,7,1,9.146658831954486
166379,1,7,9,29.77769768080087
166386,0,7,0,0.03494796325864938
166393,1,7,4,0.3700090657260609
166431,1,7,1,21.693134151898352
166447,1,7,9,23.662196698411954
166458,1,7,9,13.169144002046098
166480,1,7,8,9.55931878418028
166497,1,7,1,10.342328697197358
166498,1,7,9,25.17930473349599
166499,1,7,10,8.555644899439287
166500,1,7,4,0.3700090657260609
166518,1,7,8,8.349509776730015
166520,1,7,5,0.37000902039789374
166538,1,7,8,22.05305090965629
166552,1,7,10,7.330232510612484
166574,1,7,5,0.3700090141005197
166585,1,7,7,3.389020591727702
166639,0,7,0,0.13394599638224838
166640,1,7,8,19.341608843812484
166645,1,7,10,16.67024113751667
166659,1,7,9,20.48942998532505
166663,0,7,0,0.03437735688926095
166667,1,7,4,0.3700090657260609
166693,1,7,9,23.300974595874113
166715,0,7,0,0.03948796897139705
166720,1,7,5,0.3700090141005197
166726,1,7,8,17.776837805643396
166737,1,7,3,3.1760363962995837
166748,1,7,5,0.3700090141005197
166755,1,7,5,0.3700090141005197
166786,1,7,10,9.199634921884854
166790,1,7,6,8.400284863372226
166803,1,7,6,20.260879105192046
166815,1,7,7,1.6599964725636065
166841,1,7,5,0.3700090141005197
166868,1,7,5,0.3700090141005197
166873,1,7,9,26.761054821806045
166877,1,7,6,20.74940600935777
166882,1,7,9,5.7732486507003316
166886,1,7,9,31.335050007837356
166897,1,7,4,0.3700090657260609
166901,1,7,10,6.202218924503263
166905,1,7,5,0.3700090141005197
166922,1,7,6,20.10576602968147
166923,1,7,4,0.3700090656202526
166935,1,7,4,0.3700090656202526
166940,1,7,7,6.367883756402688
166944,1,7,8,1.9618923807304782
166951,0,7,0,0.04909910688591357
166953,1,7,3,1.9132769356927466
166959,1,7,8,29.23603409759439
166962,1,7,2,9.644703782542143
166972,1,7,4,0.3700090657260609
166973,1,7,9,18.614654884611856
166975,1,7,2,13.154639189126117
166982,1,7,4,0.3700090657260609
166998,1,7,7,5.531921826902762
167022,1,7,6,19.53205557258845
167027,1,7,5,0.3700090141005197
167029,1,7,1,11.417015867385539
167038,1,7,5,0.3700090141005197
167048,1,7,8,20.957186181254116
167058,1,7,1,25.440708277322887
167059,1,7,1,23.171825468750097
167061,1,7,4,0.3700090657260609
167068,1,7,10,23.724731544614603
167069,1,7,8,30.01899633303802
167077,1,7,8,13.531347946710083
167081,1,7,4,0.3700090657260609
167084,1,7,8,3.99169861050083
167095,1,7,8,13.351682701802815
167134,1,7,9,33.28680271483734
167177,1,7,4,0.3700090657260609
167180,1,7,10,18.193617249413194
167201,1,7,5,0.3700090141005197
167220,1,7,6,22.088842814951303
167225,1,7,4,0.3700090656202526
167227,1,7,9,23.449624894421078
167237,1,7,8,7.761223212773308
167255,1,7,8,24.596364600209633
167271,1,7,5,0.3700090141005197
167272,1,7,8,25.781326987677925
167276,1,7,6,19.418645709212182
167278,1,7,5,0.3700090141005197
167288,1,7,7,1.2722918323076504
167296,1,7,10,12.62659436213447
167297,1,7,10,17.114310329634304
167302,1,7,6,28.763032192427225
167306,1,7,8,24.152550280552486
167320,1,7,6,12.823027426468656
167321,1,7,5,0.3700090141005197
167324,1,7,8,25.24806017956091
167326,1,7,6,30.37621674947831
167331,1,7,1,14.102352562602004
167345,1,7,6,9.091350168271743
167351,1,7,8,28.937499305584083
167354,1,7,9,17.512757055087572
167379,1,7,8,22.50850289573883
167380,1,7,5,0.3700090141005197
167396,1,7,4,0.3700090657260609
167398,1,7,8,24.005780486297446
167400,1,7,9,20.84536637859986
167410,1,7,10,23.315742679867675
167413,1,7,6,20.199937788916117
167414,1,7,6,9.31228021949182
167416,1,7,5,0.3700090141005197
167417,1,7,9,23.518942756837458
167426,1,7,5,0.3700090141005197
167427,1,7,7,2.9262318473167115
167434,0,7,0,0.03886487314219103
167451,1,7,10,13.411317267128645
167456,1,7,8,11.286569172913161
167463,1,7,5,0.3700090141005197
167466,1,7,2,5.704065162115646
167476,1,7,1,24.713058415290636
167486,1,7,6,12.443590738081925
167492,1,7,7,1.2384846377029317
167496,1,7,9,22.125670278727537
167505,0,7,0,0.03229293626071827
167529,1,7,9,21.987902725522396
167537,1,7,1,9.402859807502479
167538,1,7,6,18.112402779576342
167546,1,7,9,33.590186671637134
167552,1,7,4,0.3700090657260609
167561,1,7,8,17.495106158681008
167562,1,7,5,0.3700090141005197
167567,0,7,0,0.03871863872681161
167586,1,7,2,15.93607028549814
167595,1,7,8,30.288803593182234
167599,1,7,8,2.4483902403234366
167604,1,7,8,28.95549849211038
167607,1,7,10,13.90126508011512
167610,1,7,6,9.730144003951404
167626,1,7,6,17.819885955265764
167628,1,7,1,20.380487945352645
167655,1,7,8,35.906576251804594
167661,1,7,9,33.086425271582314
167672,1,7,2,15.150480990612627
167674,1,7,8,19.14078338897234
167709,1,7,4,0.3700090657260609
167744,1,7,8,19.32499451917464
167753,1,7,10,26.036156169679117
167756,1,7,2,16.072022601373632
167781,1,7,7,2.7358204907601458
167793,1,7,4,0.3700090657260609
167799,1,7,9,22.07331124945954
167815,1,7,8,8.075480992322303
167826,1,7,1,21.7017568126365
167840,1,7,10,12.145906071476956
167850,1,7,8,18.37651836601174
167857,1,7,9,21.19604382537063
167871,1,7,4,0.3700090657260609
167872,1,7,4,0.3700090657260609
167886,1,7,6,19.529900929387026
167889,1,7,9,32.79828922212809
167906,1,7,8,36.12497535463546
167908,1,7,10,12.73757052788946
167953,1,7,9,25.17799906606625
167967,1,7,6,28.772875388727673
167972,1,7,9,23.30543526728323
168012,1,7,4,0.3700090657260609
168018,1,7,5,0.3700090141005197
168019,1,7,9,30.686129684142614
168024,1,7,9,33.43317320805145
168053,1,7,9,17.050037822195073
168062,1,7,2,13.311049470024166
168063,0,7,0,0.038214722900702235
168067,1,7,9,16.45140207479894
168072,1,7,5,0.3700090141005197
168079,1,7,5,0.3700090141005197
168082,1,7,4,0.3700090657260609
168109,1,7,10,15.349807460185628
168120,1,7,9,32.82974036787036
168122,1,7,1,16.93371722322042
168126,1,7,1,23.59576983661273
168138,1,7,1,4.991365156237027
168143,1,7,6,5.782312405650277
168147,1,7,5,0.3700090141005197
168154,1,7,4,0.3700090657260609
168164,1,7,1,21.116522266891412
168167,1,7,8,29.14103676160309
168180,1,7,9,27.09212994032812
168186,1,7,5,0.3700090141005197
168202,1,7,2,0.9041938780831715
168208,1,7,9,32.84165776387085
168225,1,7,9,20.648045076094903
168228,1,7,6,29.668595002923723
168248,0,7,0,0.046094649329132334
168256,1,7,8,33.29133347528801
168260,1,7,6,26.172774448900377
168273,1,7,6,27.354415094441162
168274,1,7,4,0.3700090657260609
168283,1,7,7,5.137234141246326
168295,1,7,5,0.3700090141005197
168325,1,7,5,0.3700090141005197
168331,1,7,9,26.03201759447422
168333,1,7,7,3.123905037335787
168341,0,7,0,0.020845001746892782
168375,1,7,1,26.071705443828748
168379,1,7,2,6.531872229028434
168388,1,7,4,0.3700090657260609
168399,1,7,5,0.3700090141005197
168424,1,7,5,0.3700090141005197
168427,1,7,4,0.3700090657260609
168436,1,7,10,17.12886326589658
168440,1,7,4,0.3700090656202526
168448,1,7,5,0.3700090141005197
168455,1,7,5,0.3700090141005197
168467,1,7,4,0.3700090657260609
168471,1,7,4,0.3700090657260609
168475,1,7,8,15.692708519092685
168482,1,7,10,8.800165657223548
168497,0,7,0,0.4131287608191865
168500,1,7,5,0.3700090141005197
168508,1,7,4,0.3700090657260609
168510,1,7,4,0.3700090657260609
168512,0,7,0,0.041312663419380224
168516,1,7,7,3.351970026011255
168540,1,7,9,12.356805102488806
168541,1,7,9,4.880259951088819
168576,1,7,3,1.562217130827622
168578,1,7,4,0.3700090657260609
168609,1,7,5,0.3700090141005197
168627,0,7,0,0.10556610906425967
168634,1,7,4,0.3700090657260609
168642,1,7,9,33.712902683124774
168673,1,7,1,25.194949822350466
168675,1,7,10,14.318063173175787
168689,1,7,1,13.993819784520863
168699,1,7,2,2.480116128416754
168700,1,7,9,13.353685752715267
168707,1,7,8,3.314931967405448
168709,1,7,8,19.081984451042604
168719,1,7,6,29.70299663184813
168729,1,7,6,9.27942479264454
168730,1,7,4,0.3700090657260609
168739,1,7,9,19.50851007106878
168754,1,7,7,5.01421720133932
168760,1,7,5,0.3700090141005197
168771,0,7,0,0.032541979735672855
168780,1,7,10,26.021965715082732
168786,1,7,5,0.3700090141005197
168804,1,7,4,0.3700090657260609
168824,1,7,6,21.808382041702068
168836,1,7,8,17.40036963971967
168852,1,7,10,5.2659446152126
168863,1,7,4,0.3700090657260609
168864,1,7,6,12.639355935457095
168865,1,7,9,30.622659197967327
168877,1,7,10,14.828270853355516
168881,1,7,3,1.9642906946889382
168888,1,7,8,35.79530416715189
168890,0,7,0,0.0393864774806115
168895,1,7,5,0.3700090141005197
168896,1,7,9,4.042826569197259
168902,1,7,4,0.3700090657260609
168911,1,7,6,30.036240994407482
168927,1,7,8,22.467036651837283
168937,1,7,5,0.3700090141005197
168951,1,7,8,34.48967277402219
168972,1,7,7,5.564669775480509
168973,1,7,9,29.06157873231433
168980,1,7,9,17.032909026301443
169008,1,7,10,26.022898382588032
169012,1,7,9,27.42120164398563
169018,0,7,0,0.060724192626506426
169027,1,7,4,0.3700090657260609
169040,1,7,9,22.474556956466355
169048,1,7,9,5.048332128651992
169065,1,7,10,5.952767012803553
169079,1,7,4,0.3700090657260609
169094,0,7,0,0.09652128037208636
169099,1,7,5,0.3700090141005197
169102,1,7,8,25.623898804438443
169167,1,7,10,24.878237287258358
169197,1,7,9,20.915544695601564
169202,1,7,5,0.3700090141005197
169206,1,7,3,3.203544759108261
169213,1,7,5,0.3700090141005197
169219,1,7,8,16.737289649178813
169226,1,7,8,22.457977303037385
169228,1,7,7,1.7978268303154268
169242,1,7,9,6.209438099936052
169256,1,7,9,21.318857391154477
169307,1,7,5,0.3700090141005197
169340,1,7,3,2.7984978664697966
169361,1,7,3,2.435483690778777
169368,1,7,5,0.3700090141005197
169369,1,7,4,0.3700090657260609
169376,1,7,6,25.59656100241292
169377,1,7,3,3.0773960181310676
169381,1,7,9,9.424167788852719
169385,1,7,5,0.3700090141005197
169408,0,7,0,0.03897729366234147
169423,1,7,4,0.3700090657260609
169427,1,7,6,29.64391153719701
169428,1,7,9,33.69512250475553
169429,1,7,5,0.3700090141005197
169444,1,7,6,18.440895072109
169465,1,7,10,19.927654843861987
169480,1,7,5,0.37000902039789374
169487,1,7,8,11.279337726686224
169493,1,7,5,0.3700090141005197
169496,1,7,9,13.151785577170104
169505,1,7,9,33.13060382847288
169506,1,7,7,5.18406586735517
169515,1,7,7,2.3303130833844623
169518,1,7,9,26.537815564599146
169524,1,7,4,0.3700090657260609
169530,1,7,9,16.1021822320644
169536,1,7,9,23.49399088348256
169537,1,7,8,24.505814542315836
169553,1,7,5,0.3700090141005197
169558,1,7,8,27.10747257205947
169573,1,7,5,0.3700090141005197
169574,1,7,9,26.659560917166836
169578,1,7,7,4.734013423518592
169580,1,7,8,24.90714338043584
169590,1,7,4,0.3700090657260609
169597,1,7,5,0.3700090141005197
169601,1,7,5,0.3700090141005197
169610,1,7,8,28.265467290399933
169636,1,7,6,19.203810820894798
169655,1,7,1,24.581084869072708
169664,1,7,7,4.386511140068284
169667,1,7,2,10.374196678728055
169684,1,7,9,33.38546718492246
169695,1,7,3,1.8994522711808384
169703,1,7,9,5.54428711926447
169704,1,7,7,3.8835196343837755
169708,1,7,1,7.084054594021591
169715,1,7,9,28.628467291098413
169727,1,7,1,22.53685484945354
169747,1,7,3,3.0572394754687964
169750,1,7,4,0.3700090657260609
169764,1,7,8,33.95827072902961
169774,1,7,5,0.3700090141005197
169798,1,7,4,0.3700090657260609
169804,1,7,9,19.038217816637612
169822,0,7,0,0.08229402335453587
169827,1,7,5,0.3700090141005197
169835,1,7,8,18.241075737430045
169871,1,7,5,0.3700090141005197
169872,1,7,10,17.180818785407215
169880,1,7,8,31.288155855278188
169893,1,7,8,13.929840216328857
169897,1,7,6,6.794268425403078
169900,1,7,4,0.3700090657260609
169913,1,7,4,0.3700090657260609
169927,1,7,4,0.3700090657260609
169946,1,7,4,0.3700090657260609
169951,1,7,6,30.61488583566018
169960,1,7,8,33.67156657200936
169981,1,7,9,14.3305942968336
170004,1,7,8,14.577176425242156
170005,1,7,9,15.229297856467333
170012,1,7,8,7.602351820214779
170018,1,7,5,0.3700090141005197
170024,1,7,4,0.3700090657260609
170037,1,7,8,26.988046153407385
170038,1,7,6,26.68639627197636
170046,0,7,0,0.036385059495195785
170058,1,7,9,23.830082081815824
170061,1,7,5,0.3700090141005197
170072,1,7,10,4.753795584722171
170073,1,7,9,9.323895971783962
170075,1,7,8,26.77013768515584
170083,1,7,1,21.049173103504558
170108,1,7,9,15.62564994328885
170117,1,7,9,16.439436189384622
170120,1,7,9,22.06592016779821
170128,1,7,8,25.037639303264356
170154,1,7,8,26.91030576163656
170155,0,7,0,0.04697089261044952
170160,1,7,6,14.91989685850679
170166,1,7,4,0.3700090657260609
170178,1,7,5,0.3700090141005197
170188,1,7,3,2.9318815647745087
170189,1,7,2,15.308707528368112
170192,1,7,2,11.715969309096677
170198,1,7,2,3.251989670764124
170243,1,7,5,0.3700090141005197
170259,1,7,8,17.9794662748364
170272,1,7,10,11.67728262180561
170282,1,7,8,6.217679576901526
170304,1,7,9,29.387759529108795
170308,1,7,8,17.962355209485946
170330,1,7,3,2.210655285721736
170335,1,7,1,19.112730064423392
170355,1,7,7,2.927918652329627
170356,1,7,8,31.08215973161737
170357,1,7,9,17.061619749072577
170363,1,7,10,25.24565492133482
170373,1,7,5,0.3700090141005197
170390,1,7,4,0.3700090657260609
170394,1,7,10,10.389402109325284
170399,1,7,3,3.129420667175408
170414,1,7,1,13.182205212739813
170416,1,7,3,2.0362550265108803
170418,0,7,0,0.04369574027350435
170422,1,7,6,27.00118097302294
170437,1,7,9,14.873036491970575
170438,1,7,1,22.733086827410375
170441,1,7,4,0.3700090657260609
170459,1,7,8,3.5927811493869015
170470,1,7,6,27.390202492458435
170476,1,7,8,35.517505490620714
170478,1,7,9,12.068542124924884
170499,1,7,9,32.732554132952814
170503,1,7,6,15.927046316587722
170529,1,7,5,0.3700090141005197
170532,1,7,7,5.967507284232249
170539,1,7,6,9.235526366748987
170546,1,7,6,8.233987713937523
170599,1,7,5,0.3700090141005197
170606,1,7,8,28.264875150263197
170610,1,7,9,19.67696998520628
170624,1,7,8,19.308075119344743
170638,1,7,6,12.722290625427252
170668,1,7,1,26.948099258877097
170693,1,7,5,0.3700090141005197
170704,1,7,9,33.362434849535816
170708,1,7,6,13.925202801625595
170716,1,7,4,0.3700090657260609
170719,1,7,5,0.3700090141005197
170721,1,7,2,12.831854772619314
170730,1,7,6,24.003057440976043
170733,1,7,6,9.075710583286758
170759,1,7,5,0.37000902039789374
170770,1,7,10,26.004890775918028
170779,1,7,2,10.057483972457582
170784,1,7,8,4.424813630100434
170788,1,7,9,21.87909045521892
170805,0,7,0,0.1057236055686119
170814,1,7,6,22.31083010858175
170822,1,7,8,18.440047954188092
170823,1,7,6,29.773162808921192
170836,1,7,6,20.644864643125366
170852,1,7,3,3.0870841000331315
170857,1,7,8,35.03546181966559
170863,1,7,2,9.83373534040877
170865,1,7,5,0.3700090141005197
170912,1,7,2,1.9825595444659838
170932,1,7,4,0.3700090657260609
170948,1,7,7,2.230233540675092
170975,0,7,0,0.03128812544618488
170999,0,7,0,0.0470220022902337
171007,1,7,8,25.21902055539352
171023,1,7,3,2.3312103104556376
171030,1,7,10,18.50779042232259
171043,1,7,5,0.3700090141005197
171044,0,7,0,0.036715417382597364
171056,1,7,6,30.1112644460105
171066,1,7,3,2.85382657809455
171068,1,7,9,20.604862780876697
171071,1,7,8,34.35609898959281
171104,1,7,6,18.141932474327064
171106,1,7,9,33.64206437825761
171107,1,7,4,0.3700090657260609
171113,1,7,4,0.3700090657260609
171126,0,7,0,0.04501716554967379
171130,1,7,7,0.8240276705201328
171132,1,7,6,13.055981090911517
171137,1,7,2,7.422713529019684
171141,1,7,3,2.605978192453338
171162,1,7,8,30.403340387684892
171168,1,7,8,22.447572879689492
171169,1,7,10,20.642926846630903
171186,1,7,1,19.835869496908344
171187,1,7,8,20.004212521367666
171235,1,7,3,2.435650931214658
171245,1,7,10,12.56962055748193
171251,1,7,8,26.311550399637067
171297,1,7,1,19.029382008890693
171298,1,7,10,16.653898219578483
171317,1,7,8,3.9928754586385793
171323,1,7,10,17.061742452977594
171348,1,7,6,21.985716223723266
171361,1,7,10,13.689299210395317
171362,1,7,9,6.910190936036145
171376,1,7,6,21.293995406019025
171381,1,7,6,30.385262541604046
171395,1,7,8,31.115447868059203
171399,1,7,7,3.7129785417670855
171400,1,7,1,26.88997220748603
171407,1,7,3,0.8797897851635379
171426,1,7,6,19.840482703545582
171437,1,7,1,9.920972160715282
171451,1,7,9,22.91671951353498
171453,1,7,9,21.53830240055317
171504,1,7,6,29.352823233737755
171511,1,7,8,20.329688268191024
171516,1,7,9,33.05769883206041
171558,1,7,9,31.66282468274717
171566,1,7,8,23.61768963496837
171570,1,7,4,0.3700090657260609
171571,1,7,4,0.3700090657260609
171588,1,7,6,17.206238702357375
171596,1,7,9,23.848193554901236
171627,1,7,3,0.9101782621680935
171628,1,7,9,32.521151610944194
171666,1,7,6,27.092278849264037
171667,1,7,6,16.27458000326162
171669,1,7,7,6.167251013874813
171673,1,7,4,0.3700090657260609
171685,1,7,4,0.3700090657260609
171700,1,7,2,16.399962899675003
171708,1,7,10,5.953996151734445
171717,1,7,9,20.65423647488674
171732,1,7,5,0.3700090141005197
171734,1,7,6,26.105639038865412
171743,1,7,9,15.100540032231955
171744,1,7,8,34.33289736603447
171747,1,7,4,0.3700090657260609
171754,1,7,7,5.574864784435543
171771,1,7,10,22.784781088116567
171797,1,7,4,0.3700090657260609
171807,1,7,8,29.70690964303514
171837,1,7,5,0.3700090141005197
171848,1,7,9,29.20472564865978
171860,1,7,9,13.362323652322882
171873,1,7,1,22.11660663730776
171886,1,7,9,26.63570202234288
171889,1,7,5,0.3700090141005197
171898,1,7,4,0.3700090656202526
171921,1,7,2,1.812676967749308
171925,1,7,6,29.37528674614406
171930,1,7,5,0.3700090141005197
171934,1,7,9,23.010948014966264
171938,1,7,4,0.3700090657260609
171941,1,7,4,0.3700090657260609
171951,1,7,1,21.673479406107504
171973,1,7,7,6.54451582242293
171999,1,7,5,0.3700090141005197
172032,1,7,9,24.415278616304636
172061,1,7,8,23.95481491881978
172065,1,7,1,6.3883186764385735
172067,1,7,4,0.3700090657260609
172077,1,7,6,22.469385327872203
172093,1,7,2,4.640172025671628
172113,1,7,8,21.491573653873544
172117,1,7,6,7.159882443954306
172118,0,7,0,0.037302956744279456
172119,1,7,7,3.688803097075981
172124,1,7,4,0.3700090657260609
172129,1,7,6,23.524546861742856
172131,1,7,10,24.02906029611886
172149,1,7,5,0.3700090141005197
172150,0,7,0,0.04705434265202154
172155,1,7,10,17.074273563140984
172159,1,7,8,19.338362108507738
172161,1,7,4,0.3700090657260609
172171,1,7,10,3.924606102203842
172172,1,7,10,10.915720539207754
172185,1,7,8,30.259519031107708
172186,1,7,6,23.345952443147638
172198,1,7,1,6.697299374494467
172215,1,7,5,0.37000902039789374
172220,1,7,7,4.283905036476839
172238,1,7,10,6.942930893562039
172240,1,7,9,25.552779366916255
172249,1,7,9,17.377968086399804
172257,1,7,4,0.3700090657260609
172261,1,7,8,6.5496328770138685
172263,1,7,9,30.705281209637125
172289,1,7,4,0.3700090657260609
172302,1,7,5,0.3700090141005197
172310,1,7,9,4.637200183869213
172319,1,7,6,25.83243686495559
172326,1,7,8,26.490396374133454
172327,1,7,4,0.3700090657260609
172328,1,7,9,24.67488052121215
172329,1,7,6,10.651567171992824
172332,1,7,6,29.261972463746336
172333,1,7,9,27.549501290099702
172335,1,7,8,26.946684128517127
172336,1,7,9,33.60819745684915
172347,1,7,8,5.541753066974631
172356,1,7,6,23.250331538054475
172362,1,7,5,0.3700090141005197
172365,1,7,1,18.081011513939803
172385,1,7,6,18.301191516785952
172391,1,7,5,0.3700090141005197
172392,1,7,8,17.340164486537976
172402,1,7,6,8.73408093134569
172407,1,7,8,30.364384645505897
172414,1,7,8,8.139165472121704
172421,1,7,6,17.45201721433355
172433,1,7,10,13.439343270406223
172439,1,7,9,23.623282654627854
172454,1,7,7,2.283522478665323
172458,1,7,5,0.3700090141005197
172467,1,7,8,35.63810641082876
172474,1,7,4,0.3700090657260609
172476,1,7,4,0.3700090657260609
172495,1,7,9,25.223139735990586
172511,1,7,4,0.3700090657260609
172520,1,7,8,19.287623165995825
172545,1,7,8,26.070485865259503
172546,1,7,6,22.814988499606567
172547,1,7,10,16.322638523817403
172548,1,7,8,18.438040611530297
172549,1,7,9,26.386302242966355
172552,1,7,9,22.325149923452916
172570,1,7,5,0.3700090141005197
172602,1,7,6,14.405194318543792
172605,1,7,5,0.3700090141005197
172615,1,7,3,1.8912622164007915
172617,1,7,5,0.3700090141005197
172628,1,7,6,21.237891829817656
172629,1,7,1,14.636053148650396
172632,1,7,5,0.3700090141005197
172639,1,7,5,0.3700090141005197
172651,1,7,10,7.891196840828961
172654,1,7,6,21.26236446091431
172679,1,7,5,0.3700090141005197
172692,1,7,6,15.77413370074743
172696,1,7,7,1.790450299903693
172706,1,7,9,33.24177644829996
172718,1,7,4,0.3700090657260609
172722,0,7,0,0.019436291297658982
172729,1,7,8,22.425738156359554
172742,1,7,2,15.349854466502078
172762,1,7,4,0.3700090657260609
172776,1,7,9,30.948099697339675
172795,1,7,5,0.3700090141005197
172798,1,7,3,0.9464603215701438
172813,1,7,6,21.937808840965374
172815,1,7,4,0.3700090657260609
172832,1,7,9,9.958402506502658
172846,1,7,6,25.059250320633947
172850,1,7,6,19.584324208296362
172870,1,7,6,12.041577448745091
172877,1,7,9,33.308381374868596
172886,1,7,6,18.920765751560754
172889,1,7,4,0.3700090657260609
172892,1,7,5,0.3700090141005197
172907,1,7,5,0.3700090141005197
172908,1,7,9,21.69639580666481
172922,0,7,0,0.03712243164627709
172927,1,7,10,26.04026598396991
172940,1,7,8,16.59287584681625
172943,1,7,8,29.232789314228672
172981,1,7,9,17.237583469462095
172992,1,7,9,25.374327607894028
172998,1,7,10,18.33587461211505
173016,1,7,10,26.002851438497064
173026,1,7,4,0.3700090657260609
173036,1,7,9,24.859273757628756
173043,1,7,8,2.6976636782582504
173060,1,7,1,7.120563941729393
173066,1,7,1,14.199137487783899
173079,1,7,2,13.972011242495247
173085,1,7,9,7.520850036418586
173091,1,7,1,23.366677401116803
173112,1,7,10,12.573670745598907
173120,1,7,7,2.640393065438215
173121,1,7,6,29.75846797684273
173129,1,7,2,6.414701085450748
173140,1,7,5,0.3700090141005197
173146,1,7,5,0.3700090141005197
173161,1,7,7,0.794603803215658
173164,1,7,5,0.3700090141005197
173167,1,7,8,22.110995146683948
173179,1,7,9,4.785303277654249
173181,1,7,6,22.902938224159282
173182,1,7,6,8.916460663422122
173191,1,7,9,11.488598555615999
173207,1,7,5,0.3700090141005197
173221,1,7,9,33.008511672733114
173236,1,7,6,16.291057262187834
173247,1,7,8,14.942326979976045
173258,1,7,9,29.233812466456747
173275,1,7,8,27.888353827686934
173277,1,7,5,0.3700090141005197
173281,1,7,9,29.046283866218293
173296,1,7,8,2.690338626972588
173300,1,7,9,28.526645771571367
173312,1,7,8,35.9897710056798
173330,1,7,1,8.246295237443585
173332,1,7,8,30.362176109729692
173337,1,7,4,0.3700090657260609
173338,1,7,9,30.661824697244555
173357,1,7,9,27.234660323671953
173366,0,7,0,0.03658016841074238
173367,1,7,3,1.7034243113842291
173374,1,7,9,24.682393389135264
173394,1,7,8,10.20675504633793
173395,1,7,5,0.3700090141005197
173401,0,7,0,0.030089034003152458
173407,1,7,6,10.38348297526986
173410,1,7,8,17.300910712267765
173417,1,7,9,4.105516029454146
173422,1,7,2,8.00185011802892
173426,1,7,5,0.3700090141005197
173427,0,7,0,0.04032587115256973
173431,1,7,7,5.662880031689865
173444,1,7,8,7.669760731267692
173446,1,7,4,0.3700090657260609
173447,1,7,9,11.549207437052598
173450,1,7,5,0.3700090141005197
173454,1,7,3,2.6800892487580716
173464,1,7,4,0.3700090657260609
173474,1,7,1,27.867303264428692
173488,1,7,8,34.22623550854779
173492,1,7,9,18.002291926498888
173502,1,7,7,1.5913153061701426
173504,1,7,9,29.368005184223158
173536,1,7,5,0.3700090141005197
173555,1,7,9,29.62200271477022
173574,1,7,9,3.304110139017373
173576,1,7,9,31.17717575697969
173577,1,7,9,18.90146208084709
173594,1,7,8,36.08128424151777
173605,1,7,5,0.3700090141005197
173609,1,7,4,0.3700090657260609
173623,1,7,1,6.736213834473734
173635,1,7,7,5.7106002798159965
173672,1,7,10,17.629210260535874
173679,1,7,8,28.114666987817674
173687,1,7,1,23.181209447487376
173690,1,7,9,22.158071114218192
173704,1,7,8,33.76017819408899
173705,1,7,5,0.3700090141005197
173708,1,7,8,31.370192004252548
173719,1,7,9,15.969380181101009
173746,1,7,1,11.317868274875673
173748,1,7,4,0.3700090657260609
173758,1,7,9,28.623999991627205
173763,1,7,1,19.06046484325331
173787,1,7,8,9.282301998656944
173789,1,7,1,27.111145457131137
173794,1,7,9,28.433198581721644
173801,1,7,6,9.414718855042368
173804,1,7,4,0.3700090657260609
173817,1,7,5,0.3700090141005197
173828,1,7,1,18.698614955834767
173832,1,7,4,0.3700090657260609
173844,1,7,4,0.3700090657260609
173845,1,7,9,14.258383973858338
173860,1,7,9,15.799421444814586
173870,1,7,8,23.52188523523183
173876,1,7,6,18.78028380751327
173883,1,7,7,2.932472923993941
173889,1,7,6,6.892282200042553
173890,1,7,5,0.3700090141005197
173901,1,7,9,18.699748386900588
173906,1,7,9,22.61228078154634
173928,1,7,9,28.293924331324963
173931,1,7,10,14.821977739178386
173959,1,7,10,12.553584512992309
173963,0,7,0,0.036991904848897195
173987,1,7,8,13.07393955812401
173990,1,7,4,0.3700090657260609
173997,1,7,5,0.3700090141005197
173999,1,7,6,18.466169479774518
174001,1,7,6,17.003156292561876
174025,1,7,8,17.38171677066406
174030,1,7,10,21.12793072500574
174038,1,7,10,23.049000911903644
174047,1,7,4,0.3700090657260609
174064,1,7,9,23.852753724795736
174073,0,7,0,0.04368423299139799
174074,1,7,9,32.92706456708619
174079,1,7,4,0.3700090657260609
174084,1,7,4,0.3700090657260609
174085,1,7,4,0.3700090657260609
174090,1,7,10,19.78265308775758
174092,1,7,4,0.3700090657260609
174107,1,7,9,22.976517475198346
174124,1,7,1,17.521020455998332
174150,1,7,9,24.95978020742323
174162,1,7,10,8.126268769262357
174165,1,7,5,0.3700090141005197
174175,1,7,9,22.94557662172357
174187,1,7,10,13.769446247051278
174195,1,7,5,0.3700090141005197
174202,1,7,9,17.28704760640948
174219,1,7,9,20.94003622001887
174226,1,7,8,36.06076945645322
174231,1,7,1,3.9792092479295356
174242,1,7,10,18.478044688149154
174257,1,7,1,9.988560543138973
174264,1,7,5,0.3700090141005197
174266,1,7,2,11.001763095665073
174278,0,7,0,0.043457135053712424
174283,1,7,9,32.52851136450995
174307,1,7,5,0.3700090141005197
174325,1,7,5,0.3700090141005197
174361,1,7,4,0.3700090657260609
174364,1,7,8,36.108782707819316
174368,1,7,5,0.3700090141005197
174369,1,7,8,24.352603647876716
174385,1,7,5,0.3700090141005197
174402,1,7,8,10.053976773852732
174425,1,7,4,0.3700090657260609
174438,1,7,6,19.77591957780316
174441,1,7,9,29.060117111504034
174445,1,7,10,9.414741553685896
174469,0,7,0,0.0987315168159772
174482,1,7,3,3.1056397060657535
174487,0,7,0,0.02375492590400991
174489,1,7,9,23.658234404421016
174492,1,7,5,0.3700090141005197
174494,1,7,4,0.3700090657260609
174510,1,7,6,22.415344121852208
174525,1,7,1,26.885454956571074
174573,1,7,1,21.38212969646263
174578,1,7,8,25.705449548776933
174579,1,7,10,23.20143453880663
174595,1,7,8,36.02035503244039
174601,1,7,5,0.3700090141005197
174605,1,7,7,0.9909198188098205
174625,1,7,7,2.498634804372063
174645,1,7,3,2.99325193035217
174666,1,7,9,25.054375444367007
174694,0,7,0,0.04688594412618293
174700,1,7,9,8.102337776223953
174710,1,7,9,2.752708738152233
174723,1,7,8,33.868427284978594
174751,1,7,2,16.149320232743683
174760,1,7,8,29.851747771968387
174772,1,7,9,33.58189865822819
174779,1,7,8,35.3116810036878
174800,1,7,6,22.762283795066576
174807,1,7,8,28.313829832909704
174817,1,7,9,24.088574644802794
174821,1,7,10,15.20355438265482
174859,1,7,7,5.069784046536325
174880,1,7,5,0.3700090141005197
174901,1,7,1,24.94990179896165
174915,1,7,9,16.68393713458468
174927,1,7,10,17.378163168476824
174930,1,7,9,27.028987877360564
174934,1,7,6,19.250291637054115
174939,1,7,1,7.225659501108619
174996,1,7,7,1.6975016303567398
174998,1,7,1,8.800080146035256
175007,1,7,9,32.52059735127844
175014,1,7,6,17.494791762355568
175015,1,7,6,7.206172091431226
175018,1,7,5,0.3700090141005197
175026,1,7,6,20.727635621031613
175049,1,7,4,0.3700090657260609
175053,1,7,3,3.1311223666203554
175061,1,7,6,21.930993645584596
175068,1,7,6,10.522859252888486
175075,1,7,9,33.29173488522772
175076,1,7,9,9.140160294713516
175081,1,7,9,33.20118224340015
175090,1,7,4,0.3700090657260609
175118,1,7,6,6.307745374657722
175128,0,7,0,0.039532736210803464
175129,1,7,8,30.994423810801745
175146,1,7,3,3.1212463239982067
175149,1,7,2,12.813283267252348
175150,1,7,10,24.02247526915851
175167,1,7,5,0.3700090141005197
175174,1,7,8,18.828717588091788
175181,1,7,4,0.3700090657260609
175193,1,7,10,20.123643185902914
175198,1,7,7,5.964355047099313
175212,1,7,5,0.3700090141005197
175215,1,7,8,20.793889079875942
175239,1,7,8,15.192558650493638
175251,1,7,2,1.319021018477047
175261,1,7,4,0.3700090657260609
175278,1,7,9,21.35447220118087
175286,1,7,10,18.454275988565207
175288,1,7,7,2.422442455808205
175294,1,7,4,0.3700090657260609
175316,1,7,8,23.58333456499536
175321,1,7,6,29.502945930283484
175326,1,7,4,0.3700090657260609
175343,0,7,0,0.03368221932486243
175357,1,7,4,0.3700090657260609
175392,1,7,9,29.887636777050382
175393,1,7,6,23.247307181986937
175400,0,7,0,0.01672599529482759
175417,1,7,6,26.604076492881116
175420,1,7,9,30.357694107200086
175422,1,7,4,0.3700090657260609
175439,1,7,9,19.50697891583892
175440,1,7,2,2.292411738237322
175481,1,7,10,14.87798292287162
175488,1,7,7,4.325673206895121
175490,1,7,2,1.0621669636149025
175491,0,7,0,0.032689005453893416
175496,1,7,8,30.43772765925965
175504,1,7,1,8.469512455435444
175511,1,7,10,25.99165245716481
175527,1,7,4,0.3700090657260609
175528,1,7,6,22.334323439661674
175539,1,7,5,0.3700090141005197
175545,1,7,5,0.3700090141005197
175567,1,7,1,10.092694932621782
175578,1,7,3,3.2247685329043563
175604,1,7,1,26.981163251316534
175607,1,7,5,0.3700090141005197
175621,1,7,8,15.982812116632704
175639,1,7,5,0.3700090141005197
175646,1,7,9,22.936403514264626
175653,1,7,8,22.518073875589536
175660,1,7,3,3.226376775216949
175677,0,7,0,0.030872905361409558
175693,1,7,6,24.422300625685338
175697,1,7,9,28.570890252709823
175699,1,7,6,29.194392218555404
175707,1,7,8,34.523670917783946
175710,1,7,6,28.662892606454616
175713,1,7,6,5.843521149789179
175721,1,7,1,11.927125579452527
175728,1,7,5,0.3700090141005197
175730,1,7,6,21.24336213543959
175754,1,7,8,30.2544586671731
175768,1,7,9,16.815054816961528
175783,1,7,9,29.931471772332948
175789,1,7,6,9.055883619745567
175791,1,7,9,28.09935809217548
175810,1,7,4,0.3700090657260609
175824,1,7,4,0.3700090657260609
175836,1,7,10,24.03731521936124
175847,1,7,8,31.37685185689657
175856,1,7,2,5.029779290500957
175865,1,7,6,12.870867780186362
175869,1,7,8,16.911666642816435
175876,1,7,6,20.416889250796494
175881,1,7,2,1.2369365487222785
175884,1,7,4,0.3700090657260609
175887,1,7,7,2.73678833224536
175890,1,7,1,20.517626895210302
175892,1,7,4,0.3700090657260609
175924,1,7,5,0.3700090141005197
175928,0,7,0,0.15578164608716957
175929,1,7,9,9.089934081283603
175938,1,7,5,0.3700090141005197
175977,1,7,3,1.4601130115994345
175978,1,7,4,0.3700090657260609
175980,1,7,5,0.3700090141005197
175997,1,7,9,10.587439488241003
176004,0,7,0,0.047192545960925474
176006,1,7,8,17.390226906401725
176022,1,7,5,0.3700090141005197
176029,1,7,1,14.182684687221473
176052,1,7,9,7.35477847623852
176071,1,7,5,0.3700090141005197
176083,1,7,10,5.056965149219313
176086,1,7,8,20.663641573446856
176087,1,7,7,6.215456654142477
176092,1,7,9,15.150764215098429
176093,1,7,8,10.92673756642411
176100,0,7,0,0.03547148506907218
176105,1,7,9,16.966252989528318
176127,1,7,10,17.534702864519637
176134,1,7,5,0.3700090141005197
176142,1,7,1,20.534740050866823
176157,1,7,10,22.03846114040679
176170,0,7,0,0.03800040666266205
176171,1,7,8,19.99313253575549
176177,1,7,10,8.885799117486984
176190,1,7,9,21.97730129082731
176191,1,7,2,4.820989245458221
176196,1,7,5,0.3700090141005197
176213,1,7,6,8.599552142742095
176229,1,7,9,28.70472449736581
176249,1,7,8,35.175255493928944
176253,1,7,9,18.8725382412938
176262,1,7,7,4.73995181491578
176266,1,7,7,4.710546988653472
176268,0,7,0,0.04413090432336492
176269,1,7,8,29.241624420751542
176270,1,7,9,14.748137861535286
176280,0,7,0,0.06993393972019625
176289,1,7,8,11.631067263598792
176290,1,7,6,17.06852381390713
176296,1,7,9,27.12077602264139
176305,1,7,10,9.959011703875646
176308,1,7,9,30.230222689497683
176319,1,7,10,25.52615851029213
176320,1,7,9,33.61469720449714
176338,1,7,4,0.3700090657260609
176345,1,7,2,4.906142344802459
176349,1,7,9,22.83109887869943
176358,1,7,9,7.7733161703633
176370,1,7,5,0.3700090141005197
176389,1,7,6,9.553229425646885
176393,1,7,5,0.3700090141005197
176409,1,7,6,21.521115985170766
176412,1,7,1,23.32427947359924
176447,1,7,9,2.4383145131270894
176450,1,7,6,16.627609721426545
176453,0,7,0,0.036269934955811295
176465,1,7,5,0.3700090141005197
176475,1,7,4,0.3700090657260609
176481,1,7,9,28.841424579776845
176484,1,7,9,30.490731781851743
176490,1,7,10,17.080517545172594
176492,1,7,1,17.29075614541964
176503,1,7,2,11.756600527081817
176506,1,7,8,27.823481737580774
176509,1,7,6,28.16980030920485
176511,1,7,9,22.213962556524294
176526,1,7,1,27.560988417757734
176530,1,7,9,10.908875994975888
176544,1,7,10,18.53065627156055
176552,1,7,4,0.3700090656202526
176553,1,7,9,2.5589241305383235
176561,1,7,9,5.424010071202555
176568,1,7,8,36.024888383121514
176583,1,7,2,3.088263835223912
176590,1,7,6,17.381673490316413
176600,1,7,8,29.228774537855227
176607,1,7,5,0.3700090141005197
176613,1,7,6,19.47877700634558
176623,1,7,8,3.873455820527836
176626,1,7,3,3.115752364335939
176630,1,7,10,10.611608873818007
176632,1,7,4,0.3700090657260609
176650,1,7,5,0.3700090141005197
176663,1,7,4,0.3700090657260609
176665,1,7,7,0.3454119794747203
176677,1,7,9,31.54900573729444
176681,1,7,5,0.3700090141005197
176683,1,7,3,2.714096694999988
176687,1,7,6,20.41403828681803
176708,1,7,5,0.3700090141005197
176714,1,7,10,25.371364487790043
176717,1,7,6,8.275129601550034
176725,1,7,8,9.176095817765809
176730,1,7,1,19.570882225183876
176738,0,7,0,0.06819087139565791
176743,1,7,8,20.250872547400263
176749,1,7,5,0.3700090141005197
176750,1,7,6,18.28311554048
176759,1,7,2,2.004610728312025
176762,1,7,1,26.073733445456412
176765,1,7,1,22.55226184573656
176771,1,7,9,28.919505867226455
176783,0,7,0,0.04718485892916392
176785,1,7,9,31.361876585994334
176786,1,7,8,34.33641481874559
176788,1,7,6,21.41212909490859
176802,1,7,8,28.413671335614172
176803,1,7,10,14.682279890378215
176822,1,7,9,16.994910940163404
176824,1,7,8,22.82312249830465
176833,0,7,0,0.026302840892622147
176838,1,7,1,17.25673733781315
176840,1,7,5,0.3700090141005197
176859,1,7,5,0.3700090141005197
176860,1,7,10,21.710751729076513
176861,1,7,1,17.334206565278194
176862,1,7,7,1.2672220032140202
176872,1,7,5,0.3700090141005197
176876,1,7,4,0.3700090657260609
176877,1,7,8,31.442365112061665
176883,1,7,2,2.6015092533598883
176884,1,7,6,16.054949894163737
176885,0,7,0,0.0330793747538166
176890,1,7,1,15.825843756186114
176937,1,7,10,12.942351811506247
176938,1,7,7,5.294433103134999
176941,1,7,1,14.363885495848374
176958,1,7,6,17.352936912707825
176973,1,7,8,10.64568033907022
176982,1,7,3,2.7057286072057742
176999,1,7,4,0.3700090657260609
177000,1,7,8,29.89955765020898
177009,1,7,2,15.11627354760208
177023,1,7,1,27.69335626619646
177044,1,7,5,0.3700090141005197
177047,1,7,9,18.82203246961337
177052,1,7,3,1.6599537622233012
177056,1,7,6,22.385896262800575
177058,1,7,3,1.374394587788258
177061,1,7,10,21.46987380801625
177062,0,7,0,0.0334940150706422
177075,1,7,2,11.48459106472516
177079,1,7,9,13.744187561658869
177107,1,7,6,18.400518890975228
177108,1,7,8,7.114124782355322
177112,0,7,0,0.02962431741179357
177114,1,7,10,23.728320025042624
177123,1,7,8,32.600461890884446
177124,1,7,9,19.928926980166228
177133,0,7,0,0.03986339006251244
177142,1,7,10,6.281609866549089
177153,1,7,9,12.557055616065437
177167,1,7,2,12.874915407783314
177171,1,7,7,6.4771793708907435
177181,1,7,6,20.947189951118037
177182,1,7,5,0.3700090141005197
177186,1,7,9,24.394030293749577
177194,1,7,5,0.3700090141005197
177201,1,7,9,23.997807595298532
177210,1,7,6,10.937748168269124
177211,1,7,5,0.3700090141005197
177212,1,7,9,17.609293792718617
177236,1,7,2,1.1995423441409954
177242,1,7,4,0.3700090657260609
177255,1,7,3,2.8087058998460948
177272,1,7,4,0.3700090656202526
177275,1,7,8,24.55694494754269
177278,1,7,4,0.3700090657260609
177288,1,7,1,4.212956618652635
177306,1,7,6,16.968813629711303
177311,1,7,8,12.004384449604059
177322,1,7,4,0.3700090657260609
177327,1,7,6,30.30885922886169
177333,1,7,4,0.3700090657260609
177336,1,7,5,0.3700090141005197
177348,1,7,9,33.63264151119322
177357,1,7,2,7.2577187624511765
177358,0,7,0,0.04453306152377702
177367,1,7,6,6.653012522764027
177368,1,7,1,14.103385817558282
177369,1,7,5,0.3700090141005197
177370,1,7,5,0.3700090141005197
177390,0,7,0,0.03867974275587476
177391,1,7,8,20.101386931627882
177393,1,7,9,30.060768570850723
177398,1,7,6,17.081004724487574
177405,1,7,9,19.88024003889109
177412,1,7,5,0.3700090141005197
177434,1,7,7,3.276943093480895
177455,1,7,7,6.322295805269416
177468,1,7,8,18.013833770579733
177475,1,7,9,33.55674643489954
177480,1,7,9,21.483971565169245
177531,1,7,2,14.543220952472787
177534,1,7,8,17.742561927241933
177541,1,7,5,0.3700090141005197
177546,1,7,5,0.37000902039789374
177555,1,7,8,23.98530894235721
177562,1,7,3,2.925752728268667
177574,1,7,8,2.7058988056855178
177577,1,7,6,29.36593103056922
177585,1,7,2,15.242605472284334
177587,1,7,6,30.021280945567767
177607,0,7,0,0.03271218881408085
177626,1,7,9,23.497541352075906
177627,1,7,4,0.3700090657260609
177628,1,7,9,24.821897588879914
177648,1,7,8,31.523758330684036
177684,1,7,4,0.3700090657260609
177701,1,7,5,0.3700090141005197
177708,1,7,4,0.3700090657260609
177721,1,7,5,0.3700090141005197
177728,1,7,10,22.87069945679178
177738,1,7,9,27.594852037898914
177742,1,7,10,17.100878264758162
177744,1,7,5,0.3700090141005197
177749,1,7,6,27.42922089661952
177760,1,7,4,0.3700090657260609
177778,1,7,4,0.3700090657260609
177794,1,7,2,3.9516400417955295
177799,1,7,3,3.13748811026096
177809,1,7,6,18.79508088262835
177825,1,7,1,5.0990173416896365
177833,1,7,2,9.94937874520854
177834,1,7,9,32.5308442667436
177837,1,7,4,0.3700090657260609
177843,1,7,6,19.932654514406856
177849,1,7,5,0.3700090141005197
177856,1,7,9,32.70437075702188
177863,1,7,8,12.19760209724174
177865,1,7,1,6.753611996956103
177866,1,7,9,14.294690080837324
177878,1,7,5,0.3700090141005197
177881,1,7,5,0.3700090141005197
177893,1,7,1,15.27773496687005
177904,1,7,5,0.3700090141005197
177928,1,7,6,18.876560691226583
177932,1,7,10,22.347433921518167
177936,1,7,6,10.527029292129344
177951,1,7,9,28.649660107894636
177956,1,7,8,30.3893688854217
177965,1,7,9,20.390675974901637
177993,1,7,10,20.36283234653129
178008,1,7,5,0.3700090141005197
178011,1,7,5,0.3700090141005197
178041,1,7,4,0.3700090657260609
178053,0,7,0,0.04675586086785359
178056,1,7,5,0.3700090141005197
178064,1,7,7,3.6681518219119877
178068,1,7,9,7.206793138309599
178071,1,7,6,22.177508573158857
178075,1,7,6,15.36573302645766
178096,1,7,8,6.473423234959967
178100,1,7,7,4.798035398533279
178116,1,7,10,18.065458489684985
178118,1,7,8,29.809335680823914
178119,1,7,6,15.891694696182531
178122,1,7,1,21.608036314774395
178149,1,7,9,29.50381852722258
178158,1,7,6,24.716924817895183
178171,1,7,8,32.38367479659175
178175,1,7,9,33.145674310443475
178185,1,7,7,1.8432635475190355
178186,1,7,9,22.617558037502917
178192,1,7,3,2.975855208437823
178197,1,7,9,29.040361964929623
178202,1,7,1,23.375754157443797
178205,1,7,9,32.24458189286288
178207,1,7,10,17.56837461761788
178209,1,7,6,20.36204195329174
178210,1,7,9,26.814493584370005
178218,1,7,9,30.768569278681586
178232,0,7,0,0.03990741292759835
178233,1,7,4,0.3700090657260609
178236,0,7,0,0.04044924297418295
178265,0,7,0,0.07282163358519379
178279,1,7,6,6.256253345990172
178284,1,7,7,2.815533384194761
178287,1,7,9,24.396731842574752
178311,1,7,5,0.3700090141005197
178312,1,7,8,26.39360710055077
178325,1,7,7,5.64318511999051
178337,0,7,0,0.028305633990357022
178344,1,7,8,5.916531553980265
178351,1,7,8,25.429389131041443
178363,1,7,4,0.3700090657260609
178364,1,7,4,0.3700090657260609
178377,1,7,3,1.0789142728418262
178379,1,7,2,10.93330628598326
178382,1,7,9,17.737577561081125
178384,1,7,9,24.696898641157514
178390,1,7,7,1.653535135385952
178392,1,7,8,3.7398695355094107
178393,1,7,6,29.32435690157051
178403,1,7,10,18.319421035953482
178417,1,7,9,33.49198139326661
178429,1,7,7,2.095341201971709
178436,1,7,6,27.38557160358123
178459,1,7,2,15.009676954873271
178462,1,7,4,0.3700090657260609
178475,1,7,8,13.011506219316368
178485,1,7,3,3.0740318297245723
178503,1,7,9,16.978540944675157
178506,1,7,9,30.117424608014343
178517,1,7,9,32.191157855769326
178535,1,7,3,2.6415630641840506
178537,1,7,8,32.697252089587316
178540,1,7,9,33.55465391442005
178546,1,7,4,0.3700090657260609
178570,1,7,9,32.246948895863184
178572,1,7,8,25.63166214989275
178585,1,7,9,32.25667033044939
178592,1,7,9,29.64308793469389
178597,0,7,0,0.03866393288635601
178603,1,7,7,3.056887378659782
178617,1,7,8,33.806559845997306
178623,0,7,0,0.12157498823944203
178625,1,7,1,8.947236784117148
178631,1,7,8,20.245200044031577
178636,1,7,8,26.824258615124258
178641,1,7,5,0.3700090141005197
178642,1,7,6,30.274148459911594
178647,0,7,0,0.02912266333361054
178656,1,7,6,18.369887602483466
178661,1,7,5,0.37000902039789374
178663,1,7,6,21.883926752724225
178668,1,7,4,0.3700090657260609
178669,1,7,3,3.004439236703095
178671,1,7,8,14.477264295324026
178678,1,7,6,16.086752408525943
178689,1,7,9,32.54127659087211
178695,0,7,0,0.039168031732119336
178696,1,7,4,0.3700090657260609
178701,1,7,8,30.974300462235146
178721,1,7,7,4.476044445606909
178732,1,7,1,13.828749701426887
178740,1,7,6,26.657235771465043
178742,1,7,5,0.3700090141005197
178744,1,7,8,3.6142868047957983
178750,1,7,9,7.137038210085085
178754,1,7,9,17.163619281698743
178767,1,7,10,4.766236461913059
178776,1,7,9,29.93042953733374
178801,1,7,2,2.678561761888103
178817,1,7,6,16.173851561593413
178833,1,7,4,0.3700090657260609
178834,1,7,5,0.3700090141005197
178845,1,7,5,0.3700090141005197
178847,1,7,8,20.721034350408537
178881,0,7,0,0.03503052804844423
178883,1,7,3,2.8348745900058634
178899,1,7,9,30.227544621286782
178901,0,7,0,0.03907665867778373
178907,1,7,8,14.621111204069098
178917,1,7,7,2.8352982231206547
178918,1,7,9,32.67824552869615
178933,1,7,5,0.37000902039789374
178939,1,7,7,6.446427598783252
178943,1,7,10,26.018322883073825
178946,1,7,3,0.6167488535989447
178958,0,7,0,0.11232031434399115
178995,1,7,2,10.821088021524961
178997,1,7,4,0.3700090657260609
179004,1,7,3,3.13732497933123
179010,0,7,0,0.03211411788741972
179011,1,7,8,28.440662593580832
179014,1,7,3,3.208944216190636
179015,1,7,7,6.175006453312872
179038,1,7,8,13.571241786860856
179042,1,7,5,0.3700090141005197
179053,1,7,8,29.226776960690355
179073,1,7,8,26.240406780270217
179091,1,7,6,8.45642176649985
179102,1,7,5,0.3700090141005197
179110,1,7,10,7.001617119853916
179136,1,7,4,0.3700090657260609
179148,1,7,5,0.3700090141005197
179178,1,7,9,14.43868060559045
179199,1,7,6,16.10739132517884
179222,1,7,5,0.3700090141005197
179225,1,7,6,21.056555995437208
179240,1,7,9,28.955410243802834
179245,0,7,0,0.03914580853902838
179249,1,7,5,0.3700090141005197
179250,1,7,4,0.3700090657260609
179277,1,7,5,0.3700090141005197
179279,1,7,5,0.3700090141005197
179286,1,7,3,2.7531961286391184
179292,1,7,3,3.229820007826582
179294,1,7,10,17.976190385855706
179300,1,7,4,0.3700090657260609
179302,1,7,3,3.236752521576664
179303,0,7,0,0.038579602973456244
179312,1,7,5,0.3700090141005197
179314,1,7,7,5.976646525876285
179334,1,7,6,9.382068762140404
179338,1,7,4,0.3700090657260609
179358,1,7,10,5.711762632928479
179367,1,7,6,28.210469528077514
179373,1,7,9,33.135404477735314
179374,1,7,10,21.497314975044073
179381,1,7,4,0.3700090657260609
179397,1,7,9,32.935988551994214
179402,1,7,6,22.93836523845801
179413,0,7,0,0.036240147511794066
179422,1,7,7,5.798095521296427
179427,1,7,6,5.76301040901891
179437,1,7,1,4.284173329522222
179439,1,7,4,0.3700090657260609
179440,1,7,1,12.283352943386344
179452,1,7,5,0.3700090141005197
179454,0,7,0,0.03520164993480904
179455,1,7,1,25.154243856235805
179463,1,7,4,0.3700090657260609
179470,1,7,9,17.72054745000864
179479,1,7,9,11.094888048389981
179483,1,7,10,21.48028657107815
179484,1,7,6,26.778524447408927
179517,1,7,4,0.3700090657260609
179531,1,7,4,0.3700090657260609
179547,1,7,4,0.3700090656202526
179553,1,7,6,22.069213059104786
179562,0,7,0,0.046876242116336286
179566,1,7,5,0.3700090141005197
179581,1,7,6,26.240003324975305
179584,1,7,4,0.3700090657260609
179588,1,7,9,28.09204993461748
179590,1,7,4,0.3700090657260609
179593,1,7,6,13.234363292200397
179598,1,7,8,23.542510658950658
179599,1,7,4,0.3700090657260609
179602,1,7,8,13.476846435580534
179605,1,7,6,29.519367492010122
179620,1,7,8,36.13498233757467
179626,1,7,9,33.439991763439636
179635,1,7,5,0.3700090141005197
179668,1,7,9,14.409831502807021
179669,1,7,9,25.550441401437293
179673,1,7,4,0.3700090657260609
179689,1,7,5,0.3700090141005197
179690,1,7,8,13.350259275107163
179734,1,7,10,9.940575405723036
179740,1,7,9,21.586861671891423
179775,1,7,7,1.186146380651562
179785,1,7,4,0.3700090657260609
179793,1,7,8,8.083675428135262
179800,1,7,6,9.322462811929114
179815,1,7,5,0.3700090141005197
179819,1,7,4,0.3700090657260609
179827,1,7,9,16.438830161905635
179837,1,7,8,19.213063093416853
179846,1,7,6,23.984412457024753
179847,1,7,5,0.37000902039789374
179850,1,7,6,27.34679558892896
179868,1,7,10,25.18534981213497
179877,1,7,7,3.398215066753851
179893,1,7,7,4.506711193377793
179895,1,7,9,21.106265927199114
179902,1,7,7,5.804128069973898
179912,1,7,8,26.129881704323132
179921,1,7,7,1.7821998411580697
179946,1,7,5,0.3700090141005197
179972,0,7,0,0.030241237087506177
179991,1,7,7,1.2256206828926022
179993,1,7,8,14.264297888589294
180016,1,7,9,18.56822467195112
180024,1,7,4,0.3700090657260609
180032,1,7,8,29.902474890991936
180035,1,7,5,0.3700090141005197
180039,1,7,9,27.34017685048553
180082,1,7,6,27.66101617499843
180085,1,7,5,0.3700090141005197
180095,1,7,9,11.688245447643556
180097,1,7,8,23.49292379755836
180102,1,7,2,9.713722498222516
180119,1,7,9,25.42926232996301
180125,1,7,9,31.017254560979993
180129,1,7,9,33.46072712989189
180154,1,7,9,19.171096847287547
180159,1,7,4,0.3700090657260609
180160,1,7,6,29.652853895383437
180226,1,7,5,0.3700090141005197
180237,1,7,10,16.583995084686947
180241,1,7,6,24.824263426776948
180245,1,7,8,32.83866985975602
180247,1,7,5,0.37000902039789374
180253,1,7,10,25.13774535010441
180269,1,7,1,26.655140533179107
180275,1,7,3,1.9071401976915254
180290,1,7,9,33.011259497465886
180291,1,7,5,0.3700090141005197
180300,1,7,9,31.47760708263512
180301,1,7,5,0.3700090141005197
180310,1,7,4,0.3700090657260609
180319,1,7,1,14.770330052641826
180345,1,7,6,17.35771998812569
180350,1,7,10,16.358277374416613
180365,1,7,1,24.48274106457934
180366,1,7,9,9.224678497742525
180369,1,7,7,1.8300782698680684
180391,1,7,7,4.675489301249246
180393,1,7,6,21.410921240792987
180397,1,7,6,29.348842517030636
180410,1,7,9,27.292090744373002
180415,1,7,9,19.36692156501302
180421,1,7,2,1.9656394570632356
180439,1,7,6,8.579042212381683
180448,1,7,5,0.3700090141005197
180450,1,7,4,0.3700090657260609
180471,1,7,1,15.881905437723333
180477,0,7,0,0.09165380399530342
180483,1,7,8,14.713920097784946
180485,1,7,6,28.925907674571448
180491,1,7,8,29.453869449653105
180492,1,7,6,20.358837598564715
180494,0,7,0,0.03390408645024377
180503,1,7,4,0.3700090656202526
180506,1,7,8,27.1912822524962
180522,1,7,5,0.3700090141005197
180523,1,7,8,24.402102824162718
180524,1,7,5,0.3700090141005197
180534,1,7,9,32.46396366891023
180552,1,7,8,29.181142437699197
180572,1,7,3,3.2360213730415364
180599,1,7,8,20.963253284208037
180612,1,7,8,27.267991602960855
180613,1,7,8,18.32904388969817
180615,1,7,5,0.3700090141005197
180629,1,7,5,0.3700090141005197
180630,1,7,6,13.272360238022227
180636,1,7,6,27.458406954663293
180668,1,7,6,21.420055723020766
180675,1,7,5,0.3700090141005197
180676,1,7,9,26.93893564088922
180681,1,7,9,26.4952326890563
180682,1,7,5,0.3700090141005197
180690,1,7,4,0.3700090657260609
180695,1,7,5,0.3700090141005197
180696,1,7,6,9.09958822940415
180705,1,7,6,18.723485122904215
180707,1,7,7,1.811533971555328
180737,1,7,6,8.221868638755343
180746,1,7,10,14.298648814215314
180758,1,7,5,0.3700090141005197
180767,1,7,1,13.953650192581765
180773,1,7,9,30.186093598358035
180788,1,7,9,26.950651862965636
180792,1,7,8,21.763032372401486
180795,1,7,4,0.3700090656202526
180807,1,7,4,0.3700090656202526
180808,1,7,6,6.856037982948409
180823,1,7,9,22.628725453923106
180831,1,7,6,27.782845404627576
180864,1,7,5,0.3700090141005197
180867,1,7,7,4.765355235950442
180868,0,7,0,0.03217418101478512
180879,1,7,6,10.4064378424344
180904,1,7,9,17.599092067871588
180913,0,7,0,0.03265990582628656
180923,1,7,6,29.52576899131623
180939,0,7,0,0.046675906284190424
180940,1,7,9,8.63704798064932
180973,1,7,5,0.3700090141005197
180979,1,7,4,0.3700090657260609
180985,1,7,2,13.625858397845882
181000,1,7,5,0.3700090141005197
181001,1,7,4,0.3700090657260609
181006,1,7,9,8.660104237217094
181012,1,7,1,22.77779888076699
181041,1,7,9,32.319109815896105
181043,1,7,9,32.951384166968104
181048,1,7,6,24.10877540686338
181054,1,7,4,0.3700090657260609
181066,1,7,2,15.450167208551857
181067,0,7,0,0.08701930414787289
181073,1,7,9,9.331953903414648
181096,1,7,9,33.08229509772796
181120,1,7,4,0.3700090657260609
181138,1,7,7,2.1392710755293196
181167,1,7,4,0.3700090657260609
181189,1,7,5,0.37000902039789374
181190,0,7,0,0.09847973879120002
181208,1,7,2,8.04181459314411
181220,1,7,8,11.439006098691555
181222,1,7,4,0.3700090657260609
181233,1,7,5,0.3700090141005197
181234,1,7,4,0.3700090657260609
181240,1,7,6,16.054122231901083
181241,1,7,6,19.831913478380194
181245,1,7,5,0.3700090141005197
181250,1,7,10,13.95170080190046
181261,1,7,8,25.39874458361336
181272,1,7,5,0.3700090141005197
181285,1,7,4,0.3700090657260609
181296,1,7,1,15.804540448189226
181309,1,7,5,0.3700090141005197
181320,1,7,1,5.439376619820955
181323,1,7,9,28.96381991237836
181331,1,7,2,11.423280063649234
181333,1,7,10,17.705270024690066
181342,1,7,8,25.572988015026556
181343,1,7,6,16.40509069691378
181351,1,7,5,0.3700090141005197
181368,1,7,4,0.3700090657260609
181380,1,7,3,3.2069586923273334
181406,1,7,4,0.3700090657260609
181408,1,7,1,21.592476194893987
181411,1,7,5,0.3700090141005197
181429,1,7,4,0.3700090657260609
181434,1,7,8,25.67130568735117
181445,0,7,0,0.03529759481679626
181454,1,7,10,24.532619827759735
181469,1,7,10,25.64196906709854
181477,1,7,3,3.1960165673866103
181482,1,7,4,0.3700090657260609
181486,1,7,7,0.46329947913956115
181488,1,7,6,11.212017330757838
181491,1,7,8,23.36325833607479
181514,0,7,0,0.03969251178646714
181515,1,7,5,0.3700090141005197
181523,1,7,5,0.3700090141005197
181533,1,7,7,2.454350413400924
181535,1,7,8,25.2343043951392
181539,1,7,6,29.746613200326554
181545,1,7,4,0.3700090657260609
181560,1,7,6,27.473788589833298
181567,1,7,8,25.061178140298253
181606,1,7,5,0.3700090141005197
181623,1,7,5,0.3700090141005197
181634,1,7,10,9.692994499336205
181695,1,7,9,24.92345847317561
181698,1,7,9,25.222872692243264
181699,1,7,9,25.221476766952655
181701,1,7,5,0.3700090141005197
181711,1,7,6,20.729350296303057
181719,1,7,4,0.3700090657260609
181720,1,7,10,10.286791699640919
181736,1,7,5,0.3700090141005197
181741,1,7,10,19.19350703968978
181742,1,7,2,9.434178725954196
181750,1,7,7,4.016865838949689
181751,1,7,9,33.605393620373995
181762,1,7,2,10.95925769445044
181766,1,7,6,18.600988616975762
181769,1,7,5,0.37000902039789374
181775,1,7,8,18.953924562821776
181776,1,7,9,14.496188838427466
181795,1,7,1,17.05133561719714
181797,1,7,4,0.3700090657260609
181800,1,7,7,6.200691547302018
181809,1,7,6,8.154263848011817
181815,1,7,6,29.342981876951598
181828,1,7,5,0.3700090141005197
181832,1,7,9,15.463361083335162
181847,0,7,0,0.04522887094512606
181850,1,7,7,2.1936433224598675
181859,0,7,0,0.03374751119295873
181864,1,7,8,7.954412297968192
181889,1,7,9,31.406435798782194
181906,1,7,4,0.3700090657260609
181923,1,7,5,0.3700090141005197
181927,1,7,6,17.495022645948602
181930,1,7,8,31.195502564521817
181935,1,7,8,8.673180839688461
181946,1,7,8,23.226828670506872
181947,1,7,4,0.3700090657260609
181953,1,7,6,15.908908460476804
181956,1,7,8,7.759166691497922
181972,1,7,8,4.61820552268979
181978,1,7,8,16.626033916502976
181980,1,7,10,23.65997402784961
181981,1,7,9,20.14179001003659
181986,1,7,6,16.157347278456083
181991,1,7,9,31.851043774874633
181992,1,7,10,7.366248326993852
182009,1,7,9,28.37654378830169
182020,1,7,6,25.82742808221182
182049,1,7,4,0.3700090656202526
182050,0,7,0,0.033556773760904435
182054,1,7,6,20.159948898537788
182063,1,7,5,0.3700090141005197
182064,1,7,8,33.393263998240315
182071,1,7,4,0.3700090657260609
182078,1,7,8,29.466462569427833
182083,1,7,6,9.448118987292847
182091,1,7,1,27.9713214798908
182096,1,7,9,23.630574937709536
182100,1,7,8,26.27451988197395
182104,1,7,10,10.332389293568156
182110,1,7,9,11.310760315066501
182117,1,7,5,0.3700090141005197
182120,1,7,5,0.3700090141005197
182129,1,7,2,11.87344423495444
182135,1,7,9,22.714234891581754
182147,1,7,6,21.38041373582181
182150,1,7,6,22.855548997007638
182155,1,7,5,0.3700090141005197
182181,1,7,4,0.3700090657260609
182182,1,7,9,3.528969895951506
182216,1,7,3,2.4539473591859
182218,1,7,4,0.3700090657260609
182237,1,7,10,16.557086589247827
182238,1,7,6,24.5141832224481
182245,1,7,4,0.3700090657260609
182247,1,7,1,23.32039049459574
182265,1,7,3,3.224285642085012
182271,1,7,5,0.3700090141005197
182280,1,7,10,24.222392509162095
182283,1,7,9,21.24265446866711
182285,1,7,5,0.37000902039789374
182314,1,7,4,0.3700090657260609
182317,1,7,9,17.418895143809852
182319,1,7,5,0.3700090141005197
182321,1,7,5,0.3700090141005197
182332,1,7,8,21.674535515204177
182356,1,7,10,23.65604803202452
182357,0,7,0,0.030272401016209895
182365,1,7,5,0.3700090141005197
182366,1,7,10,7.686057447071136
182380,1,7,4,0.3700090657260609
182386,1,7,6,22.811687205350754
182387,1,7,10,23.281143932381106
182406,1,7,4,0.3700090657260609
182414,1,7,5,0.3700090141005197
182419,1,7,6,11.850273937327897
182422,1,7,4,0.3700090657260609
182428,0,7,0,0.12567723426474808
182433,1,7,6,29.50675816768747
182439,1,7,8,26.791190249231068
182442,1,7,10,4.414241324503537
182452,1,7,5,0.3700090141005197
182460,1,7,6,21.037709391951626
182469,1,7,6,20.07148927102793
182495,1,7,4,0.3700090657260609
182500,1,7,8,33.902200061629095
182503,1,7,4,0.3700090657260609
182507,1,7,8,27.267993956301112
182512,1,7,8,36.05535806404315
182513,0,7,0,0.027861005559119644
182527,1,7,10,24.572587059778506
182532,1,7,10,16.925751666936986
182536,1,7,10,13.196147183090831
182537,1,7,3,1.0907396764554467
182543,1,7,4,0.3700090657260609
182547,1,7,9,10.007611324232997
182552,1,7,9,26.065552505317317
182559,1,7,1,6.161279813424163
182560,1,7,10,6.857253550145702
182574,1,7,8,31.507897708333708
182579,1,7,8,27.859481970340365
182581,1,7,1,5.764492703186573
182592,1,7,6,9.043788056606653
182605,1,7,5,0.3700090141005197
182623,1,7,9,31.54628216674939
182642,1,7,4,0.3700090657260609
182643,1,7,5,0.3700090141005197
182669,1,7,8,10.33175031730692
182699,1,7,7,3.0940586451514194
182718,1,7,3,1.4265376148462359
182720,0,7,0,0.1238287493604991
182725,1,7,2,9.692896969966775
182726,1,7,10,19.304848875925465
182740,1,7,9,24.802267096543797
182743,1,7,7,6.251745558837671
182746,1,7,6,23.91113166025951
182749,0,7,0,0.03169003448907294
182755,1,7,5,0.3700090141005197
182779,1,7,6,20.533507218579174
182785,1,7,10,18.480816587301906
182786,1,7,5,0.3700090141005197
182814,1,7,4,0.3700090657260609
182823,1,7,6,30.409770494006118
182842,1,7,3,3.263363355071566
182855,1,7,9,16.038009633176664
182857,1,7,8,35.67632481199014
182866,1,7,8,36.06221839467463
182870,0,7,0,0.03405365109661266
182871,1,7,4,0.3700090657260609
182878,1,7,1,12.158856291261392
182882,1,7,4,0.3700090657260609
182889,1,7,10,26.018818769695088
182896,1,7,8,36.09735675564598
182912,1,7,9,17.19643780633734
182913,1,7,1,20.13341206699124
182916,1,7,4,0.3700090657260609
182927,1,7,10,11.171211577592267
182936,1,7,4,0.3700090657260609
182937,1,7,8,21.33819731437085
182946,1,7,1,17.86170286210369
182952,1,7,9,32.89171040722778
182977,1,7,6,10.678048915783442
182978,1,7,10,25.546718815394893
182989,1,7,6,7.023296683508998
182995,1,7,9,7.15118040871825
183001,1,7,8,9.379930145255665
183005,0,7,0,0.16841272564571225
183008,1,7,1,14.85577056144364
183037,1,7,3,3.2433289986363656
183041,1,7,6,25.96771849596312
183047,1,7,4,0.3700090657260609
183052,1,7,5,0.3700090141005197
183053,1,7,5,0.3700090141005197
183057,1,7,5,0.3700090141005197
183087,1,7,6,23.97771050457362
183095,1,7,6,14.461223250893196
183116,1,7,5,0.37000902039789374
183124,1,7,10,9.3732224759299
183127,1,7,4,0.3700090657260609
183130,1,7,7,2.728094864739069
183153,0,7,0,0.04016648322080378
183165,1,7,1,27.36870897104852
183167,1,7,2,16.452209514016946
183198,1,7,5,0.3700090141005197
183207,1,7,5,0.3700090141005197
183303,1,7,5,0.3700090141005197
183310,1,7,4,0.3700090657260609
183311,1,7,9,25.36034041948725
183314,1,7,5,0.3700090141005197
183321,1,7,10,18.271096603382645
183327,1,7,8,29.563309458268876
183328,1,7,8,18.24664065744461
183336,1,7,8,26.309761822479345
183345,1,7,2,8.937394315907717
183353,1,7,4,0.3700090657260609
183372,1,7,1,13.983672486896817
183380,1,7,6,13.068147190978303
183384,1,7,5,0.3700090141005197
183391,1,7,6,28.226127698152588
183399,1,7,5,0.3700090141005197
183404,1,7,8,19.968123610156084
183405,1,7,5,0.3700090141005197
183430,1,7,10,5.08784057836724
183435,1,7,9,4.3646222510349
183444,1,7,8,2.7572011902647424
183455,1,7,10,24.385862349414158
183487,1,7,9,30.67834050371388
183495,1,7,10,12.419057225247801
183498,1,7,8,17.976601740509786
183506,1,7,4,0.3700090657260609
183524,1,7,1,19.040348924275463
183533,1,7,5,0.3700090141005197
183535,1,7,7,2.197315288965812
183550,1,7,10,22.115391807771413
183562,1,7,4,0.3700090657260609
183579,1,7,2,13.39135530939108
183592,1,7,9,11.384085556335403
183593,1,7,9,8.416413642373238
183604,1,7,8,20.18736649575878
183612,1,7,10,7.635707203929012
183620,0,7,0,0.03694292840533193
183630,1,7,9,33.7163374208887
183645,1,7,2,13.135032270444713
183647,1,7,5,0.3700090141005197
183655,1,7,4,0.3700090657260609
183656,1,7,8,12.220583331061738
183668,1,7,6,15.517979875165135
183671,1,7,4,0.3700090657260609
183675,1,7,9,33.30621628251006
183678,1,7,3,1.6605567719223
183681,1,7,3,2.5570224316644135
183699,1,7,5,0.3700090141005197
183705,1,7,3,2.345377197382934
183714,1,7,6,23.870496678450102
183728,1,7,6,6.961424634269532
183732,0,7,0,0.03415575219208511
183734,1,7,8,3.9610595606149506
183737,1,7,4,0.3700090657260609
183743,1,7,5,0.3700090141005197
183769,1,7,5,0.37000902039789374
183777,1,7,3,1.0429303105175116
183781,1,7,4,0.3700090657260609
183799,1,7,9,33.41244343671132
183809,1,7,9,20.111706731015296
183829,1,7,6,18.26222461172968
183830,1,7,3,3.0453665492796316
183833,1,7,1,25.025062074256795
183834,1,7,2,10.554905591725607
183871,1,7,3,2.704165394130784
183896,1,7,6,30.26150883921896
183897,1,7,2,15.413827835283195
183916,1,7,10,13.907912235745728
183921,1,7,2,9.320963215900706
183929,1,7,5,0.3700090141005197
183938,1,7,9,23.525115415753607
183940,1,7,9,22.660419168185065
183943,1,7,10,25.98731561141756
183962,1,7,5,0.3700090141005197
183965,1,7,10,11.214998987908597
183972,1,7,4,0.3700090657260609
184012,1,7,8,20.718141996555033
184021,1,7,6,21.429391711805582
184023,1,7,9,21.50487694188912
184027,1,7,6,7.265095271412797
184076,1,7,7,3.024675388267433
184088,1,7,8,21.419413453866397
184124,0,7,0,0.0367007149775704
184128,1,7,10,13.742396078127873
184156,1,7,8,13.120001339954733
184159,1,7,6,22.90613341801966
184161,1,7,4,0.3700090657260609
184192,1,7,1,27.878560613649753
184198,1,7,10,17.022705621601443
184204,1,7,4,0.3700090657260609
184210,1,7,1,4.242093410348354
184225,1,7,8,20.48693982952001
184248,1,7,9,27.590388081237194
184251,1,7,5,0.3700090141005197
184252,0,7,0,0.03874997395132993
184260,1,7,5,0.3700090141005197
184264,1,7,10,18.383310703835875
184299,1,7,6,27.884171753477222
184302,1,7,5,0.3700090141005197
184338,1,7,6,26.909145236052268
184347,1,7,9,33.70268944849998
184348,1,7,3,3.2303857662988884
184353,1,7,6,27.787268794871565
184355,1,7,8,25.043033364948034
184365,1,7,5,0.3700090141005197
184368,1,7,6,11.12902192009976
184384,1,7,4,0.3700090657260609
184386,1,7,1,7.57754592145656
184421,1,7,10,16.757287815281625
184434,1,7,9,33.005623623278105
184453,1,7,8,34.40303929865466
184455,1,7,9,10.275130870786844
184462,1,7,10,7.121838235409173
184483,1,7,9,28.226394286347052
184494,1,7,9,24.69692821624118
184522,1,7,4,0.3700090657260609
184523,1,7,4,0.3700090657260609
184531,0,7,0,0.16809175465470744
184542,1,7,1,21.5085514970506
184543,1,7,4,0.3700090656202526
184548,1,7,8,26.266843901951507
184559,1,7,5,0.3700090141005197
184567,0,7,0,0.02815181033100532
184568,1,7,9,11.686509829945544
184591,1,7,6,26.953749017147885
184603,1,7,2,15.220076984540752
184612,1,7,10,8.265392016966315
184620,1,7,8,26.131907665131468
184623,1,7,4,0.3700090657260609
184646,1,7,10,22.59300331676755
184659,1,7,8,21.801108258040262
184686,0,7,0,0.035176191265320095
184715,1,7,9,31.242043835180105
184722,1,7,5,0.3700090141005197
184731,1,7,1,16.76768313050946
184743,1,7,5,0.3700090141005197
184748,1,7,10,17.513543511472303
184758,1,7,7,2.8516977316447747
184765,1,7,7,5.393442872479792
184769,0,7,0,0.11237590668447683
184770,1,7,5,0.3700090141005197
184771,1,7,4,0.3700090657260609
184774,1,7,6,30.386109963645843
184775,1,7,6,29.34355594029822
184788,1,7,7,4.886862823977855
184804,1,7,4,0.3700090657260609
184818,1,7,6,19.40339706411794
184831,1,7,5,0.3700090141005197
184846,1,7,8,23.543989152399266
184872,1,7,2,12.621316619633959
184873,1,7,5,0.3700090141005197
184882,1,7,8,4.85758416225249
184894,1,7,4,0.3700090656202526
184923,1,7,6,19.032862157366214
184930,1,7,10,6.6418783119916736
184939,1,7,9,16.664115159233997
184946,1,7,10,5.985661905905118
184955,1,7,7,2.2777033826300355
184961,1,7,8,21.120483068427617
184988,1,7,9,30.746549208625307
184991,1,7,4,0.3700090657260609
184996,1,7,5,0.3700090141005197
185021,1,7,6,11.89707920059636
185037,1,7,9,28.887031434596008
185039,1,7,3,1.164017485675251
185041,1,7,10,17.978072882231395
185064,1,7,8,8.723638503037323
185066,1,7,4,0.3700090657260609
185093,1,7,9,15.585675343782864
185098,1,7,7,6.488634991203434
185102,0,7,0,0.03602504593994244
185109,1,7,8,22.837742811928504
185114,1,7,3,1.9880240074904034
185120,1,7,2,5.510624602145393
185145,1,7,7,0.7989850859426404
185172,1,7,7,3.7525579905335147
185177,1,7,10,22.752817263002477
185191,0,7,0,0.032383656181677274
185195,1,7,5,0.3700090141005197
185201,1,7,5,0.3700090141005197
185214,1,7,7,5.215383116388082
185225,1,7,5,0.3700090141005197
185230,1,7,4,0.3700090657260609
185246,1,7,4,0.3700090656202526
185266,1,7,6,22.19308885836604
185269,1,7,8,34.626899683470924
185300,1,7,2,3.5983303999707785
185301,1,7,3,2.0453569036488832
185307,1,7,1,16.94023345311087
185328,1,7,5,0.3700090141005197
185337,1,7,1,14.181727811783887
185347,1,7,2,5.158721989050128
185349,1,7,8,27.71244399578926
185357,1,7,9,33.06723176494962
185365,1,7,10,19.510861945127207
185383,1,7,5,0.3700090141005197
185384,1,7,9,9.887193784619159
185408,1,7,4,0.3700090657260609
185418,1,7,1,7.823908801385973
185420,1,7,9,26.897261992380045
185423,1,7,6,18.271892333994035
185439,1,7,6,18.894622077378763
185442,1,7,9,16.521079459302452
185444,1,7,7,6.152588234566761
185455,1,7,2,11.684435248590093
185485,1,7,8,21.93878685701625
185489,1,7,2,6.026661723852114
185490,1,7,4,0.3700090657260609
185499,1,7,8,17.32299097636184
185502,1,7,1,20.60800123192087
185507,1,7,4,0.3700090657260609
185532,1,7,9,31.893994211453624
185537,1,7,5,0.3700090141005197
185540,1,7,5,0.3700090141005197
185564,1,7,10,15.535076619721279
185566,1,7,8,35.627120280085904
185572,1,7,9,31.804133920777637
185575,1,7,9,13.757348527901636
185578,1,7,7,3.7788225633914188
185592,1,7,4,0.3700090657260609
185593,1,7,2,3.0302389715878855
185611,1,7,10,24.517502852378627
185627,1,7,3,2.330494826818836
185628,1,7,8,30.449857507868664
185630,1,7,10,23.418674082455983
185646,0,7,0,0.0466509193128835
185657,1,7,6,16.865243101363514
185663,1,7,6,16.73472351510765
185664,1,7,8,20.79135297899646
185665,1,7,9,8.478515881951896
185668,1,7,9,20.668201855058065
185678,1,7,4,0.3700090657260609
185688,1,7,5,0.3700090141005197
185703,1,7,10,18.717746749945544
185718,1,7,6,13.481498585460583
185743,1,7,8,26.845168106529382
185748,1,7,5,0.3700090141005197
185796,1,7,5,0.3700090141005197
185800,1,7,8,9.074844174327582
185813,1,7,10,21.11765806069784
185827,1,7,8,27.08198868010591
185831,1,7,10,17.687826049385468
185841,1,7,10,8.557648758597983
185852,1,7,8,29.785746681182417
185856,1,7,6,12.174425556082635
185872,1,7,8,7.434813085374252
185886,1,7,9,3.9953499814458784
185895,1,7,6,27.09664790292674
185905,1,7,7,6.079653879509941
185906,0,7,0,0.04048767322724556
185922,1,7,8,26.757371227328946
185928,1,7,8,32.28766800033315
185942,1,7,4,0.3700090657260609
185948,1,7,10,9.423034590185376
185956,1,7,6,15.782854233801434
185963,1,7,4,0.3700090657260609
185973,1,7,4,0.3700090657260609
185985,1,7,6,21.897528100372284
185987,1,7,2,6.499364722364487
185988,1,7,4,0.3700090657260609
185994,1,7,2,12.736701222906136
185998,1,7,8,11.475720487715458
186003,1,7,5,0.3700090141005197
186008,1,7,5,0.3700090141005197
186023,1,7,6,16.617960369539713
186035,1,7,5,0.3700090141005197
186054,1,7,8,31.995416099640444
186089,1,7,8,35.324377125621915
186109,1,7,6,8.809089284137416
186140,1,7,10,23.057899238367565
186146,1,7,9,17.521889278515697
186154,1,7,6,29.34983415540195
186174,1,7,4,0.3700090657260609
186180,1,7,5,0.3700090141005197
186183,1,7,9,17.525644402569082
186224,1,7,5,0.3700090141005197
186225,1,7,6,13.28981554311051
186235,1,7,6,25.78762014066211
186261,1,7,10,14.582440130831463
186270,1,7,9,24.000914368700535
186281,1,7,10,22.0428254922373
186286,1,7,6,14.818382437586138
186291,1,7,6,24.094129165576952
186292,0,7,0,0.11374319336851077
186297,1,7,4,0.3700090657260609
186298,1,7,10,18.50962925728837
186310,1,7,8,11.680664994737882
186314,1,7,6,22.138205977729285
186357,1,7,7,2.5737526220143647
186359,1,7,1,10.490921811247112
186365,1,7,5,0.3700090141005197
186377,1,7,6,28.442955827639164
186392,1,7,8,17.575252257546556
186393,1,7,6,14.109332710417828
186396,1,7,10,7.282709940858788
186397,1,7,8,22.97529905364246
186399,1,7,1,19.21311120738262
186414,1,7,3,3.0598184671487467
186431,1,7,4,0.3700090657260609
186438,0,7,0,0.044207635164723334
186469,1,7,6,21.593807474395724
186471,1,7,3,2.4576683248966087
186477,1,7,4,0.3700090657260609
186479,1,7,5,0.3700090141005197
186483,1,7,6,30.307884292504255
186499,1,7,5,0.3700090141005197
186502,1,7,9,24.417889962313797
186515,1,7,7,4.2470402120015915
186518,0,7,0,0.06162243132932437
186520,1,7,3,2.9832071876993664
186522,1,7,3,2.8199775839199486
186525,1,7,10,6.045983063490472
186547,1,7,2,6.8646670866466355
186549,1,7,5,0.3700090141005197
186562,1,7,8,7.88862829603687
186563,1,7,4,0.3700090657260609
186573,1,7,10,9.569877111691373
186575,1,7,9,3.5653443443084214
186578,1,7,8,30.254599029319067
186598,1,7,9,15.957982426821669
186599,1,7,8,34.085576272190735
186605,1,7,10,25.427226711015454
186611,1,7,5,0.3700090141005197
186612,1,7,10,17.507883943349054
186620,1,7,8,5.467401037046978
186629,0,7,0,0.03377176475320353
186634,1,7,4,0.3700090657260609
186648,1,7,9,22.17260902424566
186652,1,7,3,3.2398222099430205
186653,1,7,10,14.31519002017466
186667,1,7,6,21.114060991638734
186669,1,7,9,23.49016382381999
186675,1,7,9,5.933215030979426
186677,1,7,4,0.3700090657260609
186700,1,7,9,13.544793958235909
186713,1,7,6,28.963874027478504
186714,1,7,10,11.358330419659607
186733,1,7,8,8.872646767672004
186739,1,7,10,18.50600719877108
186761,1,7,4,0.3700090657260609
186762,1,7,6,26.385722715102435
186773,1,7,8,22.83516090137989
186786,1,7,4,0.3700090657260609
186788,1,7,9,20.077004555447505
186791,1,7,8,13.322937954118803
186800,1,7,1,16.910926665103883
186803,1,7,9,21.49582385939874
186804,1,7,9,13.85131692625844
186819,0,7,0,0.03529993838193976
186822,1,7,9,31.405257227588514
186824,1,7,5,0.3700090141005197
186828,1,7,1,22.9911241439551
186844,1,7,8,22.422755552887295
186873,1,7,7,5.616383443490922
186874,1,7,9,28.928494084243074
186884,1,7,5,0.3700090141005197
186890,1,7,9,2.469289324345621
186894,1,7,1,11.168195211699397
186901,1,7,10,13.427966845551527
186928,1,7,4,0.3700090657260609
186941,1,7,8,32.79104420168334
186967,1,7,4,0.3700090657260609
187003,1,7,4,0.3700090657260609
187013,1,7,10,26.052808308747135
187019,1,7,4,0.3700090657260609
187055,1,7,8,12.524242776066759
187059,1,7,1,10.097728271595177
187070,1,7,9,19.46732579468807
187075,1,7,9,13.385013990867872
187076,0,7,0,0.04006351770178085
187079,1,7,9,32.53566572885049
187099,1,7,8,23.33983233137251
187105,1,7,2,4.314502501588651
187138,1,7,4,0.3700090657260609
187151,1,7,9,24.87783278308069
187189,1,7,9,32.65355583983514
187193,1,7,7,3.2782910345541634
187196,1,7,3,2.938629723233582
187206,1,7,6,27.185558076837467
187249,1,7,5,0.3700090141005197
187251,1,7,4,0.3700090657260609
187256,1,7,5,0.3700090141005197
187262,1,7,6,29.03046251162257
187266,1,7,10,13.477184926742472
187275,1,7,8,29.23409175197815
187280,1,7,8,14.943326651016472
187316,1,7,1,24.25640897594459
187355,1,7,6,28.657398310912555
187370,1,7,9,28.35205147677641
187373,1,7,8,19.960123969271457
187384,1,7,9,17.657556773093756
187388,1,7,6,17.002809902640873
187402,1,7,6,11.745475233242097
187404,1,7,8,23.075101200743916
187408,1,7,4,0.3700090657260609
187430,1,7,9,29.4910380803441
187436,1,7,8,16.849476626376703
187450,1,7,6,10.894416285386068
187475,1,7,2,3.0293903998286535
187489,1,7,10,5.609057341982748
187499,1,7,9,2.8371785868950967
187500,1,7,6,5.500384364075273
187509,1,7,9,23.67016766434231
187513,0,7,0,0.03268600692786284
187521,1,7,8,33.17336400711061
187531,1,7,6,26.98832594116623
187542,1,7,8,23.99134949628186
187545,1,7,8,29.721759002037373
187564,0,7,0,0.029475577727689092
187586,1,7,4,0.3700090657260609
187593,1,7,1,26.041370022105554
187600,1,7,9,17.586182728443834
187601,1,7,9,13.977237836731286
187612,1,7,5,0.3700090141005197
187613,1,7,5,0.3700090141005197
187617,1,7,10,16.704085918564278
187621,1,7,4,0.3700090657260609
187623,1,7,10,17.15554945399033
187640,1,7,8,28.633555288673765
187646,1,7,9,24.832405855852166
187664,1,7,7,1.1203593027190626
187669,1,7,7,6.457466985507711
187671,1,7,8,34.20045169378189
187679,1,7,9,26.103444952757062
187689,1,7,7,2.68832731000217
187720,1,7,9,4.211473237004431
187726,1,7,6,22.84661530365368
187728,1,7,9,4.685785275884519
187739,1,7,10,23.4323699234146
187744,1,7,6,27.09413592258165
187766,1,7,10,14.112921182647067
187767,1,7,2,3.073377088927095
187768,1,7,5,0.3700090141005197
187777,1,7,10,20.553316079834808
187792,1,7,1,14.901103053968612
187799,1,7,1,13.616370265905413
187806,1,7,6,5.058596086058468
187825,1,7,6,12.604469220502597
187836,1,7,7,2.290188945584173
187841,1,7,10,17.519472641596572
187846,1,7,5,0.37000902039789374
187847,1,7,8,26.909369904399693
187850,0,7,0,0.0348125217481857
187853,1,7,6,25.064097992773267
187866,1,7,2,13.733029975886584
187897,1,7,7,4.133223817771865
187899,1,7,5,0.3700090141005197
187908,1,7,4,0.3700090657260609
187918,1,7,9,11.959138096675492
187925,1,7,4,0.3700090657260609
187928,1,7,10,17.611784589952162
187938,1,7,5,0.3700090141005197
187946,1,7,4,0.3700090657260609
187957,1,7,5,0.3700090141005197
187962,1,7,9,31.78302253340923
187968,1,7,9,21.967240104249434
187973,1,7,9,21.31179024015227
187982,0,7,0,0.03816755118121717
187988,1,7,9,28.567391666243008
187992,1,7,1,19.209869019497635
187998,1,7,5,0.3700090141005197
188011,1,7,5,0.3700090141005197
188024,1,7,6,18.740231808566904
188045,1,7,10,20.145237503798626
188047,1,7,6,18.410376173583426
188056,1,7,5,0.3700090141005197
188059,1,7,8,17.334502165916728
188067,1,7,10,17.5327033821311
188076,0,7,0,0.03238520483662564
188100,1,7,9,20.067225487366347
188113,1,7,7,2.957655547895276
188117,1,7,1,21.764786238888657
188131,1,7,8,25.807991689980774
188139,1,7,3,3.2308961873362554
188146,1,7,9,11.074879248596512
188148,1,7,8,2.3721131222379315
188151,1,7,1,9.145108401343315
188154,1,7,9,33.47837789414177
188162,1,7,5,0.3700090141005197
188165,1,7,5,0.3700090141005197
188169,1,7,8,17.97161962139819
188188,1,7,10,9.550056594981957
188189,1,7,7,2.014055290954312
188190,1,7,8,23.015197966305028
188237,1,7,8,34.82497766148987
188252,1,7,7,2.5985127215214248
188255,1,7,8,5.680197112431654
188256,1,7,9,31.414013086124076
188266,1,7,8,13.623073673845846
188275,1,7,9,31.62234123615184
188292,1,7,3,3.0394666111117976
188294,1,7,10,13.744287184906195
188298,1,7,10,20.777899942043835
188365,1,7,8,23.345913413827965
188384,0,7,0,0.11932047100714374
188404,1,7,3,1.3161474525354535
188418,1,7,9,20.413051477668944
188445,1,7,8,20.99655656498079
188446,1,7,1,21.72220409331221
188467,1,7,8,21.120136321542855
188502,1,7,1,19.3006470257119
188506,1,7,4,0.3700090657260609
188508,1,7,8,23.32790686280229
188519,1,7,5,0.37000902039789374
188522,1,7,8,21.4534827207947
188524,1,7,4,0.3700090657260609
188528,1,7,4,0.3700090657260609
188534,1,7,9,31.579674618394318
188555,1,7,5,0.3700090141005197
188585,1,7,9,19.04257923278373
188613,1,7,1,6.4456932430704965
188618,1,7,4,0.3700090657260609
188622,1,7,5,0.3700090141005197
188633,1,7,4,0.3700090657260609
188636,0,7,0,0.03902401738254074
188649,1,7,9,11.658437685702896
188672,1,7,8,8.401161470518948
188686,1,7,8,29.633451712943252
188697,1,7,5,0.3700090141005197
188700,0,7,0,0.03938325145867621
188711,1,7,4,0.3700090657260609
188729,1,7,10,10.062188762435374
188730,1,7,5,0.3700090141005197
188735,1,7,4,0.3700090657260609
188748,1,7,8,18.57157767833404
188751,1,7,9,22.953333639356796
188762,1,7,5,0.3700090141005197
188768,1,7,5,0.3700090141005197
188773,1,7,10,16.91240751003038
188780,0,7,0,0.03099000502896882
188787,1,7,9,26.385408994546022
188797,1,7,10,25.139930254405336
188809,1,7,10,5.720481432047543
188820,1,7,1,15.301128894766624
188828,1,7,4,0.3700090657260609
188841,1,7,4,0.3700090656202526
188844,1,7,1,10.025925670343721
188856,1,7,5,0.3700090141005197
188857,1,7,2,15.378762519452941
188862,1,7,7,5.479797017817803
188865,1,7,7,3.8826620895837967
188872,1,7,8,8.904682581619252
188875,1,7,10,18.83610163308256
188890,1,7,3,0.9270464207112326
188892,1,7,9,30.548092056764407
188895,1,7,1,11.880206449990744
188896,1,7,4,0.3700090657260609
188899,1,7,9,19.605261591523767
188919,1,7,6,24.825485577883185
188935,1,7,7,6.086268661006466
188936,0,7,0,0.045290935443747786
188938,1,7,8,31.372285929985193
188965,1,7,1,4.32188717460154
188973,1,7,4,0.3700090657260609
188978,1,7,6,15.106100472148807
188986,1,7,9,23.69524591341811
188987,1,7,9,30.499169871150965
189010,1,7,4,0.3700090657260609
189015,1,7,8,31.623175099891043
189022,1,7,7,0.9675444982828808
189026,1,7,10,16.556440732776
189028,1,7,7,2.344174372053971
189041,1,7,9,33.02531209248963
189049,1,7,6,20.644938887711938
189061,1,7,7,3.7521809368316976
189062,1,7,9,5.020681464068763
189079,1,7,4,0.3700090657260609
189098,1,7,5,0.37000902039789374
189112,1,7,5,0.37000902039789374
189132,1,7,6,13.558887310218728
189143,1,7,9,26.10361839583287
189153,1,7,5,0.3700090141005197
189195,1,7,7,5.819333822560757
189203,1,7,5,0.3700090141005197
189208,1,7,9,19.984258392131952
189216,1,7,5,0.3700090141005197
189218,1,7,4,0.3700090657260609
189228,0,7,0,0.03606240254960997
189231,0,7,0,0.034367364376061554
189234,1,7,6,29.579213137911793
189239,1,7,8,21.973896635430062
189242,1,7,6,28.061379349885332
189245,1,7,8,32.685653722507894
189248,1,7,5,0.3700090141005197
189276,1,7,9,14.614148798181589
189284,1,7,6,25.942734153434223
189295,1,7,4,0.3700090657260609
189302,1,7,4,0.3700090657260609
189403,1,7,6,8.343146800100214
189414,1,7,2,10.460366387153984
189423,1,7,4,0.3700090657260609
189441,1,7,5,0.3700090141005197
189456,1,7,1,18.978166988219478
189457,1,7,5,0.3700090141005197
189463,1,7,3,2.302180856540652
189480,1,7,6,22.662113631018297
189482,1,7,10,7.325765299917625
189487,1,7,9,12.993219804696848
189496,1,7,9,33.1869497410224
189497,1,7,6,16.43484587234614
189501,1,7,4,0.3700090656202526
189508,1,7,8,10.00654803003035
189516,1,7,1,10.749240658189644
189526,1,7,1,20.122473746767678
189541,1,7,10,19.717198467663504
189559,1,7,8,20.188183828034997
189572,1,7,4,0.3700090657260609
189599,0,7,0,0.03486932132616432
189606,1,7,9,11.360621864218775
189609,1,7,6,20.640748931521284
189629,1,7,6,17.793059209512997
189655,1,7,1,18.16145832518892
189666,1,7,5,0.3700090141005197
189671,1,7,9,8.948633334950422
189734,1,7,6,28.823307672268
189748,1,7,1,11.902081109026414
189750,1,7,1,27.96799153216684
189757,1,7,8,27.418194913284854
189764,1,7,4,0.3700090657260609
189782,1,7,7,1.3071474778788428
189787,0,7,0,0.01894771479794267
189847,1,7,6,8.79657270292218
189850,1,7,9,3.1553743385454855
189873,1,7,6,17.143647666960344
189892,1,7,6,18.403697130822835
189899,1,7,4,0.3700090657260609
189916,1,7,8,17.865616382274567
189925,1,7,6,27.90128185176321
189930,1,7,2,3.3778714961607967
189933,1,7,9,20.126950394648503
189958,1,7,8,23.99474653494769
189959,1,7,8,35.96020131359412
189961,1,7,2,12.022933875602213
189966,1,7,6,29.355785756416157
189979,1,7,8,15.236808588241987
189981,1,7,6,19.394853207204736
189983,1,7,8,17.04552904525635
189999,1,7,8,33.83527435248719
190020,1,7,9,19.361289657905107
190026,1,7,9,25.71223917281961
190030,1,7,8,29.988260673827202
190039,1,7,9,12.665587992807218
190044,1,7,2,11.854765392464484
190048,1,7,10,7.916020934098444
190058,1,7,4,0.3700090657260609
190073,1,7,8,15.781485009298834
190074,1,7,7,1.6552899758852166
190077,0,7,0,0.03578640259530984
190091,1,7,8,29.96508692361986
190104,1,7,9,23.132440760465233
190115,1,7,6,18.154103128837626
190119,1,7,5,0.3700090141005197
190124,1,7,6,29.652944769954782
190126,1,7,4,0.3700090657260609
190147,1,7,4,0.3700090657260609
190149,1,7,10,25.99454617854777
190157,1,7,7,3.154160073253909
190162,1,7,6,12.382514416686146
190163,1,7,9,10.138180919946798
190168,1,7,2,16.12281644828344
190171,1,7,6,8.877956950587242
190199,1,7,6,22.004296502630094
190209,1,7,2,11.8117364150386
190234,1,7,9,8.05051284186367
190250,1,7,1,15.585512431382272
190254,1,7,6,9.389379686652973
190316,1,7,4,0.3700090657260609
190320,0,7,0,0.02632048571641572
190331,1,7,9,30.467034392587102
190377,1,7,8,29.974389783633843
190384,1,7,9,33.013199757343955
190388,1,7,4,0.3700090657260609
190389,1,7,6,12.541535106293884
190404,1,7,5,0.3700090141005197
190405,1,7,9,12.41435731013137
190412,1,7,4,0.3700090657260609
190413,1,7,6,15.406239256899369
190416,0,7,0,0.042875417859560894
190418,1,7,9,32.602442059730684
190434,1,7,8,21.635434791388896
190453,1,7,6,19.854834533575648
190454,1,7,4,0.3700090657260609
190459,1,7,9,20.219809435679267
190463,1,7,6,8.708245434647353
190472,1,7,5,0.3700090141005197
190474,1,7,8,33.488302913232225
190482,1,7,4,0.3700090657260609
190487,1,7,3,3.0432732735667916
190496,1,7,5,0.3700090141005197
190505,1,7,4,0.3700090657260609
190511,1,7,9,17.74554309953183
190512,1,7,4,0.3700090657260609
190559,1,7,6,18.650384747842903
190565,1,7,4,0.3700090657260609
190589,1,7,7,3.279949228763918
190603,1,7,8,20.233947201848615
190616,1,7,7,5.304431133006578
190624,1,7,1,3.8181528296714067
190628,1,7,2,10.347882256340792
190629,1,7,10,25.897510139663737
190632,1,7,9,23.110983015693577
190633,1,7,8,14.416342235547015
190677,1,7,8,26.968372595275
190681,1,7,8,8.120228032745237
190687,1,7,8,24.41120518730572
190706,1,7,5,0.3700090141005197
190727,1,7,10,16.965219618581536
190732,1,7,8,24.37434782375305
190750,1,7,5,0.3700090141005197
190759,0,7,0,0.047147233852347946
190762,1,7,10,21.92871833690464
190772,1,7,4,0.3700090657260609
190777,1,7,6,28.153122288287722
190779,1,7,6,30.285175692022822
190789,1,7,8,17.368261471507537
190809,1,7,5,0.3700090141005197
190814,1,7,8,15.991780823013297
190822,1,7,9,20.243204381563178
190827,1,7,8,6.345742156696707
190828,1,7,4,0.3700090657260609
190830,1,7,1,8.533935168125511
190834,1,7,10,17.89260023028705
190849,1,7,4,0.3700090657260609
190886,1,7,8,8.537390194337773
190888,1,7,9,30.688252244588053
190899,1,7,6,10.437177198621779
190900,1,7,8,20.112767230430084
190916,1,7,5,0.37000902039789374
190926,0,7,0,0.03168480392404197
190933,0,7,0,0.03910580529917914
190955,1,7,4,0.3700090657260609
190982,1,7,8,22.395276336375048
190986,1,7,8,32.576204926658605
190988,1,7,4,0.3700090657260609
190989,1,7,8,32.6567973301931
191011,1,7,9,11.31053368962604
191014,1,7,6,28.05454678948249
191016,1,7,2,4.418831057163749
191021,1,7,10,4.031453084292742
191026,1,7,6,24.388769187661794
191033,1,7,9,13.094019066274711
191035,1,7,2,5.8667208968392845
191037,1,7,2,5.992989964657559
191067,1,7,4,0.3700090657260609
191070,1,7,7,1.8391745767398533
191085,1,7,9,13.545891959039198
191089,1,7,2,5.4470609858610795
191091,1,7,6,30.359850289379434
191098,1,7,9,16.030226332928848
191111,1,7,6,18.172973904146573
191117,1,7,5,0.3700090141005197
191120,1,7,4,0.3700090657260609
191125,1,7,6,20.88044928772177
191150,1,7,4,0.3700090657260609
191154,1,7,9,22.85758470808041
191168,1,7,6,26.986119243751933
191189,1,7,2,1.6812410550744858
191203,1,7,6,17.47281411118037
191218,1,7,5,0.3700090141005197
191226,1,7,5,0.37000902039789374
191241,1,7,5,0.37000902039789374
191245,1,7,9,24.08411581245178
191247,1,7,9,24.785730946211633
191264,1,7,9,31.233144190482854
191266,1,7,8,35.111754669834134
191268,1,7,8,31.0720744622071
191271,1,7,6,29.538961271858202
191282,1,7,6,12.807595842044991
191298,1,7,8,8.827277080883766
191315,1,7,7,5.981832595935696
191323,1,7,8,35.67497341132022
191328,1,7,4,0.3700090657260609
191336,1,7,6,10.720607180839805
191351,1,7,4,0.3700090657260609
191357,1,7,4,0.3700090657260609
191379,0,7,0,0.044164557260517386
191400,1,7,4,0.3700090657260609
191407,1,7,8,9.719446602107324
191408,1,7,5,0.3700090141005197
191436,1,7,6,30.02775256507773
191455,1,7,5,0.3700090141005197
191462,1,7,10,8.5570063415069
191500,1,7,8,19.801459989331967
191525,1,7,4,0.3700090657260609
191536,1,7,5,0.3700090141005197
191538,1,7,1,15.597348992242415
191541,1,7,4,0.3700090657260609
191562,1,7,9,31.23972205731358
191564,1,7,9,6.7947730120725875
191568,1,7,6,21.9765925846982
191573,1,7,5,0.3700090141005197
191575,1,7,9,32.79655307174851
191578,1,7,10,17.798250854814427
191589,1,7,3,2.914446151595378
191601,1,7,9,30.439061041489904
191604,1,7,6,18.696867928101046
191609,1,7,8,23.363261157070863
191613,1,7,9,25.265817369204495
191624,1,7,10,19.724335615301623
191627,1,7,4,0.3700090657260609
191637,1,7,5,0.3700090141005197
191658,1,7,9,20.822078691196698
191672,1,7,7,0.9990853045319522
191676,1,7,5,0.3700090141005197
191683,1,7,5,0.3700090141005197
191690,1,7,8,15.07261956387387
191696,1,7,8,1.9535771179630297
191697,1,7,8,27.81434983558843
191712,1,7,7,6.489706233146955
191719,1,7,5,0.3700090141005197
191722,1,7,5,0.3700090141005197
191736,1,7,8,30.442059071167865
191756,1,7,6,13.677141321862049
191757,1,7,10,17.767780158142497
191765,1,7,8,18.05748399940553
191768,1,7,6,29.93816514891475
191780,1,7,5,0.3700090141005197
191794,1,7,5,0.3700090141005197
191804,1,7,8,17.587229511176893
191807,1,7,10,10.430698576235228
191813,1,7,9,33.324598272008004
191820,1,7,8,10.247182601229241
191821,1,7,5,0.3700090141005197
191862,1,7,9,19.506660072497457
191868,1,7,9,22.959239415372338
191871,1,7,5,0.3700090141005197
191886,1,7,10,24.62949663326888
191887,1,7,4,0.3700090657260609
191893,1,7,8,23.003695913330958
191915,1,7,9,31.075419282836187
191939,1,7,1,26.45800821626246
191963,1,7,8,26.17546612905947
191965,1,7,3,2.614066556992765
191971,1,7,5,0.3700090141005197
191982,1,7,10,9.06683519001333
192011,1,7,8,19.49612505784618
192012,1,7,6,11.148364259410721
192022,1,7,10,22.825702454652248
192031,1,7,6,21.078787745440092
192054,1,7,3,2.5633805195983523
192078,1,7,6,28.97987008731113
192079,1,7,9,29.20380449797408
192083,1,7,8,17.646222745167453
192084,1,7,3,1.9135505334270984
192085,1,7,8,22.397338229690707
192093,1,7,10,10.22194313532396
192099,1,7,9,20.171242470955374
192104,0,7,0,0.02650820917185419
192138,1,7,5,0.3700090141005197
192169,1,7,8,20.930766544113776
192170,1,7,5,0.3700090141005197
192193,1,7,5,0.3700090141005197
192211,1,7,10,4.303582960315908
192214,1,7,9,21.071095500504928
192231,1,7,10,16.052189581684715
192232,1,7,10,16.508157487256614
192244,1,7,7,2.017668179327697
192246,0,7,0,0.04695472180683978
192248,1,7,7,5.382643805190615
192249,1,7,8,17.42178661519166
192257,1,7,5,0.3700090141005197
192293,1,7,2,12.817301123822965
192306,1,7,8,22.23487414587751
192310,1,7,6,12.02695563737488
192318,1,7,3,1.4347354187821622
192321,1,7,9,16.657485671485272
192334,1,7,6,19.040871932227112
192342,1,7,9,28.79244946164962
192358,1,7,5,0.3700090141005197
192365,1,7,10,20.253568598599294
192372,1,7,7,2.0171245269108775
192385,1,7,3,3.04971547027079
192392,1,7,9,28.7006456042271
192394,1,7,8,14.35369242452686
192408,1,7,8,29.261868533213388
192443,1,7,1,23.98550501220232
192448,1,7,9,33.368637483395005
192450,1,7,6,12.51724356705072
192461,1,7,5,0.3700090141005197
192464,1,7,6,10.674758285985563
192473,1,7,10,12.804792345328456
192476,1,7,9,24.977613439481367
192480,1,7,9,13.744498611756077
192482,1,7,9,20.734615248059477
192500,1,7,1,7.773149301578
192507,1,7,9,11.970558341251484
192508,1,7,10,10.350855615983818
192516,1,7,10,15.607341599638604
192520,1,7,4,0.3700090656202526
192528,1,7,6,10.671092754809814
192536,0,7,0,0.033453774640584216
192539,1,7,10,21.427677330794427
192552,1,7,9,29.48792338233069
192559,1,7,6,22.282350348153447
192568,1,7,1,11.7533017459047
192597,1,7,5,0.3700090141005197
192604,1,7,6,17.819919970646858
192612,1,7,9,20.339343108873635
192614,1,7,9,31.53649752398564
192631,1,7,5,0.3700090141005197
192641,1,7,4,0.3700090657260609
192647,1,7,5,0.3700090141005197
192665,1,7,10,26.022265283388098
192666,1,7,6,27.38951248919988
192679,1,7,9,26.127802989750933
192686,1,7,9,5.854314755512038
192688,1,7,4,0.3700090657260609
192698,1,7,1,25.380541055088955
192701,0,7,0,0.0874679031937511
192716,1,7,5,0.3700090141005197
192719,1,7,4,0.3700090657260609
192728,1,7,1,6.29788828157298
192731,1,7,8,15.60839624531125
192744,1,7,1,10.001887801536617
192756,1,7,9,16.413955674700393
192768,1,7,8,11.741941053651304
192772,1,7,3,2.277004876657476
192774,1,7,9,16.12917718015597
192781,1,7,5,0.3700090141005197
192784,1,7,9,27.04940300525258
192785,1,7,7,2.9748715904032315
192786,1,7,4,0.3700090657260609
192820,1,7,9,8.237867996652497
192831,1,7,9,5.989836201390076
192850,1,7,4,0.3700090657260609
192872,1,7,4,0.3700090657260609
192882,0,7,0,0.035663920209183846
192887,1,7,10,25.40777715357858
192892,1,7,8,31.537555242478096
192895,0,7,0,0.06185894342822041
192917,1,7,5,0.3700090141005197
192940,1,7,5,0.3700090141005197
192955,1,7,8,24.18016092592876
192989,0,7,0,0.07108666636186771
192993,0,7,0,0.043278282087298926
193002,1,7,8,28.303730252590434
193007,1,7,9,25.83909863726122
193026,1,7,7,0.3459847442904866
193032,1,7,8,21.054317215148977
193039,0,7,0,0.024047007193703063
193042,1,7,5,0.3700090141005197
193058,1,7,9,17.886733381125307
193069,1,7,9,14.178398719141613
193074,1,7,5,0.3700090141005197
193085,1,7,8,27.80337796837341
193087,1,7,6,20.478335179993223
193111,1,7,9,17.386908759825655
193117,1,7,5,0.3700090141005197
193130,1,7,5,0.3700090141005197
193137,1,7,9,15.495492915721995
193160,1,7,8,5.115953635546812
193161,1,7,10,6.529095940289891
193178,1,7,8,25.697657971348125
193183,1,7,10,14.848089472936369
193187,1,7,6,6.135333329962537
193200,1,7,8,24.76168141610564
193203,1,7,9,9.92312664096447
193216,1,7,6,25.790371009984497
193219,1,7,8,28.164664074814436
193221,0,7,0,0.03939132891636065
193226,1,7,8,34.40657984127171
193245,1,7,9,16.726100957294044
193247,1,7,6,7.683391162625816
193257,1,7,4,0.3700090657260609
193288,1,7,3,2.236376046761289
193289,1,7,3,1.3388173689658576
193316,1,7,5,0.3700090141005197
193326,1,7,5,0.3700090141005197
193333,1,7,5,0.3700090141005197
193334,1,7,10,18.46501480494881
193340,1,7,8,30.38850345337683
193341,1,7,9,33.01666238409482
193346,1,7,4,0.3700090657260609
193374,1,7,8,29.23817357880354
193387,1,7,1,4.247908935849863
193408,0,7,0,0.03888143370134845
193418,1,7,9,14.877843567647101
193421,0,7,0,0.03902401738254074
193434,1,7,8,20.242937759287326
193444,1,7,6,22.810287273255295
193445,1,7,3,2.4641950882507513
193447,1,7,4,0.3700090657260609
193450,1,7,6,17.79447186583903
193460,1,7,10,4.7387562980890925
193480,1,7,6,22.094252584974566
193483,1,7,4,0.3700090657260609
193485,1,7,6,15.510497971964321
193491,1,7,5,0.3700090141005197
193499,1,7,8,21.02059294936611
193500,1,7,7,4.280859466735856
193510,1,7,10,13.753473008336021
193511,1,7,5,0.3700090141005197
193516,1,7,1,21.70854573995712
193520,1,7,9,15.064561692247903
193531,1,7,6,10.203340781458268
193536,1,7,3,1.3895718837268205
193538,1,7,6,26.990526253458945
193542,1,7,7,3.0147347975275767
193547,1,7,9,21.32761564032716
193557,0,7,0,0.030941555748860594
193561,1,7,8,22.64212694043015
193565,0,7,0,0.043013131419373025
193569,1,7,10,24.998681999881036
193572,1,7,6,26.686381712513924
193580,1,7,6,21.18527268635423
193595,1,7,1,4.287863586948803
193607,1,7,6,24.175204998784903
193615,1,7,8,4.861164865017846
193616,1,7,9,24.143846630491517
193639,1,7,8,9.169774608498074
193663,1,7,4,0.3700090657260609
193666,1,7,8,16.230604716979773
193673,1,7,4,0.3700090657260609
193729,1,7,9,21.780701099237255
193741,1,7,1,26.907625661750085
193750,1,7,5,0.37000902039789374
193755,1,7,5,0.37000902039789374
193763,1,7,5,0.3700090141005197
193768,1,7,9,23.971602131792537
193771,1,7,1,25.099632509063525
193794,1,7,4,0.3700090657260609
193799,1,7,6,22.406636831696726
193800,1,7,9,18.40842088473203
193803,1,7,9,29.186089496290023
193817,1,7,8,17.56787788812031
193874,1,7,1,22.349102497180795
193894,1,7,6,13.294305334122907
193916,1,7,1,6.576308165098556
193921,1,7,8,15.790810431769335
193922,1,7,6,23.463416038763434
193926,1,7,9,15.144017078436933
193927,1,7,10,22.784824897849397
193930,1,7,5,0.3700090141005197
193955,1,7,6,26.632967733611757
193970,1,7,9,31.907973236785597
193983,1,7,9,21.514836945226147
194011,1,7,8,16.678756866722658
194016,1,7,5,0.3700090141005197
194025,1,7,3,1.6617099781461238
194033,1,7,9,33.13171206766535
194034,1,7,9,24.444741199579603
194036,1,7,7,1.8622494264708693
194041,1,7,6,20.039394069002682
194057,1,7,6,28.960856140809476
194076,1,7,9,19.922815075188904
194079,1,7,9,32.721902296866666
194093,1,7,5,0.3700090141005197
194096,0,7,0,0.03962259165575369
194107,1,7,9,23.48146061723578
194111,1,7,9,30.664541881204222
194122,1,7,5,0.3700090141005197
194126,1,7,9,12.569734118547624
194130,1,7,7,1.6774777589682712
194131,1,7,6,14.797306039873073
194144,1,7,8,13.902178630491196
194175,1,7,4,0.3700090657260609
194182,1,7,4,0.3700090657260609
194184,1,7,9,21.663476924607092
194186,1,7,7,6.153376119958956
194191,1,7,9,4.684823613500754
194192,1,7,5,0.3700090141005197
194206,1,7,8,20.581833699982596
194228,1,7,1,9.048088206516534
194234,1,7,8,32.57609525871506
194235,1,7,6,24.205697806848335
194246,1,7,5,0.3700090141005197
194249,0,7,0,0.03125168616845406
194250,1,7,8,18.30489183211806
194266,0,7,0,0.04614196974081896
194273,1,7,8,19.341476974130774
194322,1,7,9,27.01138023078991
194339,1,7,8,21.872378294553105
194343,1,7,7,1.6466885267216003
194344,1,7,8,22.50235316125894
194366,1,7,3,1.209525089494416
194376,1,7,10,12.589262874316617
194385,1,7,9,10.70614464762152
194402,1,7,9,24.8867279798071
194404,1,7,4,0.3700090657260609
194414,1,7,10,25.887972860122638
194430,1,7,4,0.3700090656202526
194438,1,7,9,11.58465534429005
194439,1,7,5,0.3700090141005197
194443,1,7,4,0.3700090657260609
194444,1,7,4,0.3700090657260609
194453,1,7,10,22.182494541971614
194457,1,7,6,29.19731499526183
194470,1,7,7,5.569890577232747
194489,1,7,5,0.3700090141005197
194490,1,7,8,21.812535792046347
194491,1,7,4,0.3700090657260609
194497,1,7,5,0.3700090141005197
194498,1,7,10,18.51810723921353
194517,1,7,5,0.3700090141005197
194551,1,7,5,0.3700090141005197
194554,1,7,10,4.420682981115819
194557,1,7,8,36.06648996781996
194578,1,7,3,3.0993901117548854
194579,1,7,6,25.419399951434386
194603,1,7,5,0.3700090141005197
194626,1,7,9,20.262335053073418
194637,1,7,6,19.499836652601694
194643,1,7,10,23.66861528866946
194647,1,7,5,0.3700090141005197
194666,1,7,5,0.3700090141005197
194671,1,7,9,26.225211236065956
194685,1,7,9,12.785955035383559
194712,1,7,10,8.760567369516421
194724,1,7,1,26.8073686320567
194748,1,7,4,0.3700090657260609
194762,1,7,1,9.77975249953081
194770,1,7,8,19.980447543271627
194774,1,7,8,27.010713808940498
194778,1,7,4,0.3700090657260609
194787,1,7,1,25.182009195422168
194790,1,7,2,3.0143211824826976
194791,1,7,9,24.564271083598047
194793,1,7,3,1.733369573035393
194798,1,7,10,18.059848871734197
194801,1,7,6,29.29682476578363
194807,1,7,4,0.3700090657260609
194814,1,7,8,25.54035404166376
194817,1,7,3,3.171180508170882
194825,1,7,8,27.061903800601765
194839,1,7,10,19.329375817819287
194849,1,7,9,15.79109149238964
194853,1,7,6,27.39364784680857
194863,1,7,6,16.407842942087694
194876,1,7,9,25.386024315520714
194892,1,7,1,16.28023701604374
194906,1,7,4,0.3700090657260609
194913,1,7,5,0.3700090141005197
194920,1,7,8,18.594770877288596
194952,1,7,9,27.286903637341194
194953,1,7,7,6.281589249281874
194967,0,7,0,0.037633284488105934
194968,1,7,10,17.160109864716713
194998,1,7,5,0.3700090141005197
195009,1,7,7,2.147928746080044
195012,1,7,1,21.452282136412766
195034,1,7,2,16.310051062531574
195055,1,7,5,0.3700090141005197
195067,1,7,1,9.754051213571111
195082,1,7,9,20.60602821289463
195102,1,7,10,21.712059007201205
195121,1,7,1,22.751477315323008
195122,1,7,10,17.514880311991373
195147,1,7,5,0.3700090141005197
195190,1,7,8,2.0074428260441337
195214,1,7,6,22.975000834138427
195222,1,7,9,31.952517828210766
195229,1,7,5,0.3700090141005197
195230,1,7,8,18.086707853026905
195231,1,7,5,0.3700090141005197
195241,1,7,10,14.948694844104553
195243,1,7,5,0.3700090141005197
195267,1,7,2,8.061500943294222
195273,0,7,0,0.0849167641031531
195286,1,7,6,22.316525711552945
195288,1,7,7,5.457845912207117
195332,1,7,8,17.802870614371894
195335,1,7,10,10.609569506143323
195351,1,7,6,24.916531940299134
195353,1,7,9,25.61522677756115
195377,1,7,9,20.98844004312194
195397,1,7,5,0.3700090141005197
195410,1,7,6,19.833398874365237
195411,1,7,9,20.674812953467587
195441,1,7,5,0.3700090141005197
195442,1,7,6,27.630597725602446
195447,1,7,5,0.3700090141005197
195462,1,7,9,29.76557364509948
195470,1,7,9,25.255831851682135
195482,1,7,6,13.750005381311961
195494,1,7,4,0.3700090657260609
195514,1,7,8,20.1044821593335
195548,1,7,8,17.595939695305916
195565,1,7,7,5.159252474342554
195568,1,7,4,0.3700090657260609
195569,1,7,6,27.254516759454837
195572,1,7,1,4.470759917188056
195573,1,7,6,8.726207769954607
195579,1,7,10,12.972901124510004
195580,1,7,5,0.3700090141005197
195590,1,7,5,0.3700090141005197
195603,1,7,3,3.109047104879157
195616,1,7,8,31.33516329473985
195617,1,7,8,27.601551153993356
195620,1,7,6,15.588445066102071
195636,1,7,8,30.74412633487695
195646,1,7,8,30.45217662232782
195668,1,7,8,14.371139792782538
195670,1,7,1,21.22941498508421
195671,1,7,2,7.010864524722078
195681,1,7,10,7.996743944722915
195697,1,7,8,34.9775959281754
195699,1,7,8,17.111087642072572
195711,1,7,7,6.27256135347412
195715,1,7,8,28.46553748201872
195718,1,7,5,0.3700090141005197
195728,1,7,8,10.200740546168335
195736,1,7,9,33.53968161524837
195738,1,7,10,17.47659429570833
195752,0,7,0,0.036270806213395436
195764,1,7,7,2.5440572890235704
195787,1,7,9,30.605292789105516
195829,1,7,9,32.407816860520384
195845,1,7,8,32.381264454963045
195860,1,7,4,0.3700090656202526
195862,1,7,4,0.3700090657260609
195863,1,7,8,25.918759502113964
195871,1,7,7,2.197454043771176
195902,1,7,9,33.0903861877923
195915,1,7,6,12.656584998157618
195918,1,7,8,21.946623521369162
195923,1,7,8,21.84061325081278
195936,1,7,5,0.3700090141005197
195940,1,7,1,19.095346909520774
195943,1,7,2,13.92051853731356
195945,1,7,5,0.3700090141005197
195955,1,7,2,4.812478814437576
195972,1,7,1,10.866803619998102
195974,1,7,8,33.78563491571318
195975,1,7,5,0.3700090141005197
195986,1,7,8,17.088697714012877
196017,1,7,10,15.14461156439289
196032,1,7,8,27.221636152122358
196037,1,7,9,32.54260595386265
196048,0,7,0,0.03749311240947006
196052,1,7,7,5.52657209730736
196053,1,7,4,0.3700090657260609
196072,1,7,8,3.463560009032199
196078,1,7,5,0.3700090141005197
196086,0,7,0,0.04471391178055747
196112,1,7,4,0.3700090657260609
196113,1,7,9,33.30847288340786
196124,1,7,6,14.022960537609626
196136,1,7,6,22.81693628005969
196144,1,7,10,16.237576961676115
196146,1,7,9,10.126910901035993
196159,1,7,7,3.4706020742464734
196162,1,7,3,3.1929389144296088
196201,1,7,4,0.3700090657260609
196205,0,7,0,0.03851563876546279
196223,1,7,2,16.126618076943135
196229,1,7,10,21.876252962297407
196242,1,7,4,0.3700090657260609
196248,1,7,10,22.723955885270076
196260,1,7,9,14.713801286694112
196282,1,7,10,5.582255961889378
196294,1,7,6,14.804705751705823
196311,1,7,3,1.1127651020472646
196313,1,7,8,26.279805088562497
196326,1,7,8,22.654903472611824
196335,1,7,9,28.969412975732766
196346,1,7,10,9.92656783571842
196348,1,7,1,19.42659110869685
196362,1,7,8,28.663323594473628
196370,1,7,8,31.74612552447489
196393,1,7,6,30.60583079649311
196395,1,7,5,0.3700090141005197
196415,1,7,3,2.6365317629221967
196421,1,7,5,0.3700090141005197
196452,1,7,9,32.64586221639721
196453,1,7,9,32.662688177399104
196456,1,7,4,0.3700090657260609
196476,1,7,5,0.3700090141005197
196485,1,7,6,7.264251436457223
196487,1,7,9,13.357750996115096
196493,1,7,10,15.865214610750233
196505,1,7,6,22.714713020553877
196506,1,7,9,23.736822776147417
196508,1,7,9,26.190975884432934
196519,1,7,6,27.777156158999325
196541,1,7,5,0.3700090141005197
196568,1,7,4,0.3700090657260609
196586,1,7,8,26.266998401862864
196622,0,7,0,0.035279318687100644
196637,1,7,8,8.142940579344291
196647,1,7,4,0.3700090657260609
196649,1,7,8,25.103838886535144
196659,1,7,6,7.323954059621536
196660,1,7,2,16.330804765016214
196663,1,7,7,2.851295848120688
196674,1,7,4,0.3700090657260609
196682,1,7,7,2.4714693634634752
196686,0,7,0,0.03506694619615037
196691,1,7,9,33.12314257474358
196712,1,7,9,15.257628070383893
196738,1,7,10,8.254664839830923
196739,1,7,8,32.59927540989411
196742,1,7,1,17.171763477077292
196757,1,7,3,1.3884335891985666
196775,1,7,9,25.428253429325192
196776,0,7,0,0.05724843598151896
196802,1,7,10,22.722492704901917
196803,0,7,0,0.04196316706634674
196819,1,7,8,6.916202743172198
196840,1,7,8,23.033476347825268
196869,1,7,6,19.262569907658563
196881,1,7,9,27.161893106877493
196882,0,7,0,0.032386916162510895
196892,1,7,5,0.3700090141005197
196910,1,7,9,22.13726195526747
196916,1,7,8,18.201525726842853
196931,1,7,10,18.432966685620475
196933,1,7,7,5.088042914709163
196936,1,7,6,26.67075397793085
196946,1,7,1,9.089067760201264
196953,1,7,6,29.72124344641972
196978,1,7,9,2.55366699890414
196989,1,7,4,0.3700090657260609
196993,1,7,4,0.3700090657260609
197003,1,7,10,18.132819951799995
197008,1,7,8,17.16401321128128
197010,1,7,9,24.989920339525668
197012,1,7,9,23.239041962602823
197016,1,7,4,0.3700090657260609
197031,1,7,9,23.299021162604983
197034,1,7,9,25.377279868043377
197048,1,7,5,0.3700090141005197
197050,1,7,9,24.679996715703297
197061,1,7,9,32.32847807629635
197073,1,7,9,3.3990102765003187
197081,1,7,9,26.692017643382485
197097,1,7,6,24.919596258171456
197104,1,7,4,0.3700090657260609
197121,1,7,3,3.178507730293708
197128,1,7,6,7.773961368129296
197139,1,7,10,23.414093519191344
197143,1,7,6,10.536185001558277
197159,1,7,8,19.44011734369758
197181,1,7,5,0.3700090141005197
197185,1,7,1,26.193942909606815
197186,1,7,3,3.0825189448947694
197216,1,7,10,16.554597331811753
197234,1,7,4,0.3700090656202526
197252,1,7,1,21.513748871094133
197254,1,7,6,28.114329940365906
197289,1,7,4,0.3700090657260609
197294,1,7,5,0.3700090141005197
197298,1,7,4,0.3700090657260609
197311,1,7,8,21.398817505129138
197327,1,7,5,0.3700090141005197
197358,1,7,4,0.3700090657260609
197362,1,7,5,0.3700090141005197
197391,1,7,7,5.223722142859018
197410,1,7,10,12.303631238753288
197411,1,7,1,14.248557828880944
197437,1,7,4,0.3700090657260609
197447,1,7,9,14.920732133496463
197459,1,7,9,31.2960755606165
197467,1,7,3,2.6693292272203006
197473,1,7,8,35.516664564157324
197474,1,7,5,0.3700090141005197
197487,1,7,1,15.942404324441906
197493,1,7,1,21.990034685489842
197501,1,7,6,29.33856625065521
197506,1,7,2,6.673523461057717
197517,1,7,9,21.712245891577602
197527,1,7,9,16.141897863216794
197534,1,7,9,30.238152644555807
197535,1,7,6,10.01603532437807
197540,1,7,5,0.3700090141005197
197541,1,7,9,24.837031407722417
197556,1,7,7,2.5377286131715864
197564,1,7,8,23.994411445259804
197569,1,7,5,0.37000902039789374
197584,1,7,2,16.141589737190714
197589,1,7,10,22.093615236187556
197603,1,7,10,23.5543849360941
197616,1,7,4,0.3700090657260609
197618,0,7,0,0.021217980038136883
197626,1,7,2,4.680134541213505
197637,1,7,8,35.344760112523545
197642,1,7,8,10.270141172470664
197666,1,7,9,2.689394488373772
197670,1,7,9,32.09405925918746
197675,1,7,5,0.3700090141005197
197686,1,7,2,16.048970686324434
197703,1,7,6,11.422151696889483
197714,1,7,9,25.35867800429532
197730,0,7,0,0.03612242714222644
197752,1,7,5,0.3700090141005197
197761,1,7,3,0.8792570933271319
197762,1,7,3,3.132257673804639
197765,1,7,6,22.176303672796706
197770,1,7,2,1.316802422272234
197773,1,7,4,0.3700090657260609
197778,1,7,10,6.416562370146196
197784,1,7,9,27.698340239703523
197807,1,7,10,18.48393851425336
197838,0,7,0,0.030240482584554938
197847,1,7,10,9.91126778370705
197848,1,7,6,10.671617005282895
197866,1,7,7,3.0636331414160423
197872,1,7,9,18.645454525817
197874,1,7,6,26.22646681494168
197883,1,7,7,6.526710626445121
197913,1,7,5,0.37000902039789374
197916,1,7,9,31.7777882360927
197942,1,7,3,2.9312100265093117
197948,1,7,8,9.544864758285499
197952,1,7,10,17.935077361710718
197967,1,7,10,7.336574233056572
198000,1,7,10,24.015914417890023
198016,1,7,5,0.3700090141005197
198035,1,7,7,3.674206004073195
198041,1,7,10,13.00543626115383
198048,1,7,4,0.3700090657260609
198077,1,7,7,0.6520238488982051
198080,1,7,4,0.3700090657260609
198091,1,7,9,32.663972891418965
198099,1,7,8,22.056670185887388
198101,1,7,10,17.357562574341067
198102,1,7,4,0.3700090657260609
198106,1,7,10,5.086559484325192
198111,1,7,10,15.849197383515587
198116,1,7,5,0.3700090141005197
198117,1,7,5,0.3700090141005197
198133,1,7,9,26.28132610007901
198146,1,7,10,21.491512751200283
198181,1,7,10,17.381287267602573
198187,1,7,8,17.039898383308458
198192,1,7,9,29.628232620130298
198197,1,7,9,19.81532011601122
198211,1,7,1,24.973508577147488
198217,1,7,10,18.52481125350395
198221,1,7,7,1.7093082884275985
198224,1,7,4,0.3700090657260609
198249,1,7,7,5.073143220967817
198252,1,7,10,8.607608722694348
198260,1,7,4,0.3700090656202526
198267,1,7,6,8.218291126398498
198271,1,7,9,31.853417910276544
198273,1,7,4,0.3700090657260609
198276,1,7,8,28.243339575996664
198279,1,7,9,29.525527437668064
198296,1,7,5,0.3700090141005197
198298,1,7,5,0.3700090141005197
198322,1,7,10,20.033329535040064
198329,1,7,10,12.686196241430538
198333,1,7,4,0.3700090657260609
198336,1,7,1,6.8994626376742545
198343,1,7,5,0.3700090141005197
198345,1,7,9,13.55805831336883
198367,1,7,4,0.3700090657260609
198368,1,7,9,5.261850918794303
198377,0,7,0,0.04442220973428341
198385,1,7,6,29.70658106372616
198402,1,7,2,13.103167024621536
198436,1,7,2,6.841310174039272
198440,1,7,9,8.351849793189633
198457,1,7,6,22.372795017576085
198458,1,7,7,2.142670488572119
198488,1,7,8,10.903821910122227
198501,1,7,1,5.419244791688982
198511,1,7,6,28.97260723180829
198529,1,7,9,23.533985409657095
198536,1,7,6,22.0023266395182
198538,1,7,8,31.11326723204639
198540,1,7,5,0.3700090141005197
198553,1,7,9,26.310176042597085
198559,1,7,6,24.483614632992357
198564,1,7,1,10.143153582432712
198565,1,7,5,0.3700090141005197
198568,1,7,9,28.836424874873767
198570,1,7,9,25.834008570456056
198594,1,7,8,33.37639108662441
198596,1,7,10,17.498108496420677
198597,1,7,8,9.025113367064927
198598,1,7,9,9.86511589352659
198605,1,7,4,0.3700090657260609
198606,1,7,2,12.369089063922392
198608,1,7,9,33.12016448436139
198614,1,7,10,18.408513677987006
198617,1,7,10,7.213461390148686
198639,1,7,6,17.674856752099043
198646,1,7,9,33.35429530030075
198649,1,7,9,32.35288393578208
198661,1,7,6,16.885055322026876
198666,1,7,9,14.744127592521172
198675,1,7,1,25.50331293282687
198677,1,7,5,0.3700090141005197
198679,1,7,9,3.847223917464223
198682,1,7,6,19.247881525280622
198690,1,7,10,10.124433787705831
198698,1,7,4,0.3700090657260609
198699,1,7,9,13.846652715736308
198702,1,7,8,4.066605263014413
198705,1,7,6,12.344865941460855
198732,1,7,1,26.041809886451546
198742,1,7,7,5.243049465012013
198749,1,7,6,29.92996549572224
198754,1,7,6,22.66783480832855
198755,1,7,9,26.942496814319014
198767,1,7,7,1.1714904674836832
198768,1,7,5,0.3700090141005197
198784,1,7,10,10.993365742153406
198786,1,7,6,30.19521452747164
198801,1,7,5,0.3700090141005197
198850,1,7,1,13.98024638281217
198853,1,7,3,2.6690641956399106
198861,1,7,5,0.3700090141005197
198887,1,7,6,17.593229038326076
198902,1,7,10,6.799410838307846
198916,1,7,8,30.19743352084127
198931,0,7,0,0.036725282059778895
198944,1,7,10,25.862247333093034
198956,1,7,5,0.3700090141005197
198981,1,7,10,22.07625005321489
198983,1,7,4,0.3700090657260609
198988,1,7,5,0.3700090141005197
198992,1,7,9,31.58224219001438
198999,1,7,8,23.438943304652113
199022,1,7,8,18.872139011784395
199028,1,7,4,0.3700090657260609
199029,1,7,7,3.199781846389939
199041,1,7,10,18.501716615420552
199056,1,7,6,22.1246874298603
199059,1,7,9,32.85244607699189
199077,1,7,5,0.3700090141005197
199080,1,7,5,0.3700090141005197
199085,0,7,0,0.03094918301377583
199089,1,7,9,24.64066333772119
199115,1,7,8,6.1558127413341275
199139,0,7,0,0.027925917000604827
199148,1,7,4,0.3700090656202526
199156,1,7,4,0.3700090656202526
199159,1,7,8,19.21352160296604
199169,1,7,4,0.3700090657260609
199186,1,7,1,19.133767006891865
199189,1,7,8,6.852326442818487
199192,1,7,10,8.620066717438283
199224,1,7,6,29.575121050879282
199225,1,7,8,19.929884272894142
199231,1,7,9,31.219087110127777
199244,1,7,1,24.04355871072761
199256,1,7,9,11.853027478028542
199259,1,7,10,7.51425269798213
199261,1,7,10,9.543850087361522
199271,1,7,1,20.1615198078123
199280,1,7,5,0.3700090141005197
199282,1,7,1,26.497320444743405
199310,1,7,9,7.212312253608922
199327,1,7,9,31.40528647386509
199337,1,7,9,22.476261720850612
199342,1,7,9,15.858257729754065
199349,1,7,4,0.3700090657260609
199353,1,7,8,5.620667399901753
199354,1,7,3,3.205764436848879
199365,1,7,5,0.3700090141005197
199376,0,7,0,0.03863366149018086
199380,1,7,5,0.3700090141005197
199382,1,7,9,24.69872213064798
199398,1,7,8,13.933232956277148
199413,1,7,5,0.3700090141005197
199421,1,7,3,2.4020657423803136
199424,1,7,1,23.165113463371295
199428,1,7,4,0.3700090656202526
199486,1,7,9,21.46892310876145
199490,1,7,7,2.7324246072601173
199492,1,7,2,13.19060618827157
199506,1,7,9,21.63731038828497
199513,1,7,9,21.511670756671016
199531,1,7,9,31.968346269104067
199537,1,7,8,3.5580955675895938
199557,1,7,9,22.720264240754265
199580,1,7,8,30.11086836557059
199585,1,7,10,7.902748607784658
199609,1,7,5,0.3700090141005197
199627,1,7,2,5.581282220351635
199629,0,7,0,0.0336903632936118
199634,1,7,4,0.3700090657260609
199635,1,7,6,14.19091204013973
199646,1,7,8,27.798658277756264
199651,1,7,6,10.818359729754665
199670,0,7,0,0.11936819331987222
199696,1,7,1,12.097733250555848
199715,1,7,1,18.476136289193096
199732,1,7,4,0.3700090657260609
199733,1,7,1,4.916716977230087
199746,1,7,5,0.3700090141005197
199752,1,7,9,23.95512024940933
199759,1,7,10,18.480158953935298
199766,1,7,1,23.587310921503864
199795,1,7,9,32.30755763921159
199796,1,7,8,27.7983399858617
199805,1,7,7,1.961559735304364
199816,1,7,8,32.4372448792112
199820,1,7,9,7.014538446994719
199832,1,7,2,5.011909395539922
199848,1,7,5,0.37000902039789374
199862,1,7,10,16.492805566943375
199875,1,7,5,0.3700090141005197
199878,1,7,8,25.391659068050977
199879,1,7,1,12.535498837194666
199893,1,7,1,28.01562384870339
199920,1,7,5,0.3700090141005197
199927,1,7,6,10.879005734746588
199941,1,7,8,23.955499979107227
199955,1,7,5,0.3700090141005197
199958,1,7,10,21.871809736938978
199964,1,7,2,14.282523363079664
199978,1,7,5,0.3700090141005197
199998,1,7,9,21.713699386679306
200004,1,7,4,0.3700090657260609
200008,1,7,6,24.05694775476348
200021,1,7,9,21.072103190618964
200022,1,7,10,20.99647301119749
200047,1,7,4,0.3700090657260609
200054,1,7,8,24.581823689167713
200062,1,7,6,26.661789524013983
200064,1,7,4,0.3700090657260609
200087,1,7,6,19.262861628666865
200115,1,7,4,0.3700090657260609
200120,1,7,4,0.3700090657260609
200126,1,7,5,0.3700090141005197
200137,1,7,5,0.3700090141005197
200149,1,7,7,1.4341039434237206
200152,1,7,5,0.3700090141005197
200157,1,7,5,0.3700090141005197
200160,1,7,6,5.763833909283999
200183,1,7,6,8.40629757122904
200200,1,7,5,0.37000902039789374
200207,1,7,9,31.55184561778001
200209,1,7,6,13.416200307074993
200243,1,7,9,32.49416256465451
200265,1,7,8,30.270541261621943
200269,1,7,10,24.331160789964365
200274,1,7,2,3.445508370709041
200280,1,7,8,29.088707218436323
200346,1,7,6,22.705774879362238
200353,1,7,5,0.3700090141005197
200362,1,7,4,0.3700090657260609
200376,1,7,6,17.43709025714264
200387,1,7,1,14.121974762968598
200395,1,7,4,0.3700090657260609
200403,1,7,8,20.84350219023312
200419,1,7,6,29.808478062404472
200424,1,7,8,20.236781519733906
200431,1,7,6,21.65936732457063
200435,1,7,9,22.153187370221175
200449,1,7,10,18.49523168757708
200465,1,7,8,31.105972348442222
200469,1,7,3,1.0518498011675066
200472,1,7,8,9.790820835055289
200473,0,7,0,0.05377350976661519
200484,1,7,6,22.643068062430846
200486,1,7,9,23.14087601160511
200506,0,7,0,0.03572906737747274
200508,1,7,10,5.048324156829035
200515,1,7,1,25.412615586192874
200520,1,7,9,23.975022834861104
200542,1,7,6,28.651995367131697
200562,1,7,6,11.959767061793436
200584,1,7,6,30.510645822795844
200593,1,7,10,10.38533576889158
200604,1,7,8,6.106320047197104
200611,1,7,5,0.3700090141005197
200620,1,7,4,0.3700090657260609
200624,1,7,5,0.3700090141005197
200629,1,7,9,22.599780370768034
200631,0,7,0,0.030195031757850047
200638,0,7,0,0.03857622178820292
200644,1,7,8,20.663184713167965
200647,1,7,8,8.822008589618882
200650,1,7,4,0.3700090657260609
200653,1,7,1,14.559474502909348
200670,1,7,3,2.239082215517229
200688,1,7,9,26.018954637423402
200704,1,7,2,7.7222784425367
200705,1,7,9,13.853545499998239
200740,1,7,9,24.603432973338666
200749,1,7,8,3.0328481645783065
200766,1,7,4,0.3700090657260609
200767,1,7,7,6.371898710904046
200776,1,7,4,0.3700090657260609
200777,1,7,7,5.493609835745156
200787,0,7,0,0.1671328977995834
200791,1,7,10,18.664319817045953
200813,1,7,1,13.974265425500809
200819,1,7,10,26.000024089280043
200821,1,7,3,3.0326978577915433
200845,1,7,8,33.300163718575746
200861,1,7,6,12.8267952283234
200874,1,7,9,12.479689964752295
200883,1,7,8,16.928320907527432
200884,1,7,8,21.892762877529428
200892,1,7,8,18.052083133417813
200904,1,7,8,28.931042080315834
200911,1,7,8,21.576416043575684
200933,1,7,5,0.3700090141005197
200934,1,7,5,0.3700090141005197
200963,1,7,4,0.3700090657260609
200968,1,7,5,0.3700090141005197
200977,0,7,0,0.1521635359049149
200986,1,7,5,0.3700090141005197
200992,1,7,8,32.57801683421015
200999,1,7,3,1.8858925371711335
201001,1,7,9,14.836714072787428
201004,1,7,5,0.3700090141005197
201076,1,7,9,11.339528030462882
201095,1,7,9,17.411152297602683
201096,1,7,4,0.3700090657260609
201097,0,7,0,0.039279561546929694
201107,1,7,3,2.7859250210734783
201109,1,7,8,22.08570972696099
201118,1,7,2,3.680510683150097
201126,1,7,8,5.666845402583348
201141,1,7,5,0.3700090141005197
201148,1,7,10,15.230417301774677
201158,1,7,10,23.320598113593284
201163,0,7,0,0.05190211404577441
201181,1,7,8,7.97565887308789
201189,1,7,9,23.59207858415977
201193,1,7,10,17.976645291943594
201197,1,7,10,18.482731021107984
201217,1,7,2,8.552885949095892
201220,1,7,5,0.37000902039789374
201228,1,7,8,9.146348604646649
201261,1,7,8,22.223372229986673
201262,1,7,1,7.033639268319639
201263,1,7,7,5.767605564330442
201265,1,7,8,22.800693906650267
201275,1,7,6,29.11811925069649
201287,1,7,5,0.3700090141005197
201288,1,7,9,28.85708199039263
201297,1,7,10,18.446917174278422
201303,1,7,3,3.1570759933964387
201309,1,7,10,5.2655473442988034
201327,1,7,5,0.3700090141005197
201330,1,7,5,0.3700090141005197
201332,1,7,9,33.06775485010045
201337,1,7,4,0.3700090657260609
201355,1,7,9,19.342771295299485
201388,1,7,9,22.231027868945233
201421,1,7,4,0.3700090657260609
201442,1,7,4,0.3700090657260609
201452,1,7,10,11.229339969818017
201456,1,7,9,20.967780597504646
201467,1,7,5,0.3700090141005197
201473,1,7,7,2.807105155482398
201477,1,7,5,0.3700090141005197
201489,1,7,6,24.291219734369896
201494,0,7,0,0.041145457932550755
201505,1,7,9,19.193165655031027
201511,1,7,4,0.3700090657260609
201520,1,7,8,23.937537005133542
201525,1,7,8,35.34261330434991
201528,1,7,5,0.3700090141005197
201531,1,7,2,13.35322002695971
201551,1,7,9,14.453674904492935
201579,1,7,5,0.3700090141005197
201583,1,7,4,0.3700090657260609
201584,1,7,6,10.524782799765358
201597,1,7,2,9.722762007630115
201617,1,7,8,18.883516528836
201630,1,7,6,27.3519236526829
201644,0,7,0,0.0326846310027599
201648,1,7,4,0.3700090657260609
201656,1,7,9,30.354043696270516
201664,1,7,4,0.3700090657260609
201672,1,7,4,0.3700090657260609
201682,1,7,1,26.200969163045013
201693,1,7,8,30.387991778369727
201710,1,7,9,12.49416345749552
201717,1,7,6,7.106115677619294
201720,1,7,8,28.341810051372608
201726,1,7,10,23.278314243694066
201730,1,7,6,23.339073462225237
201752,1,7,4,0.3700090657260609
201753,1,7,8,29.075330845579206
201767,1,7,6,27.717374318127234
201778,1,7,5,0.3700090141005197
201790,1,7,2,13.760421680153886
201819,0,7,0,0.10079001742305073
201820,1,7,10,9.502035585309596
201834,1,7,5,0.3700090141005197
201837,1,7,6,6.863374451711922
201841,1,7,10,17.929170479313164
201848,1,7,9,17.783461118406404
201852,0,7,0,0.03667538857798121
201861,1,7,9,21.984052538765493
201864,1,7,5,0.37000902039789374
201886,1,7,8,19.069940095602725
201891,1,7,7,2.490201316455289
201895,1,7,9,24.640759902286167
201896,1,7,5,0.3700090141005197
201898,1,7,5,0.3700090141005197
201924,0,7,0,0.03561228522577581
201927,1,7,9,4.745011777350833
201943,1,7,10,19.874543492176535
201945,1,7,9,26.41099751964613
201949,1,7,5,0.3700090141005197
201952,1,7,4,0.3700090657260609
201953,1,7,7,1.3151744479668699
201956,1,7,6,4.665251485995697
201965,1,7,6,15.409368460104686
201985,1,7,6,7.925272727393089
202010,1,7,4,0.3700090657260609
202025,1,7,7,5.97653887665282
202033,1,7,9,11.297407111162132
202035,1,7,7,1.6038440592037237
202038,1,7,3,1.3699497733114157
202044,1,7,8,10.115006153056774
202050,1,7,7,5.098717145952388
202087,1,7,4,0.3700090657260609
202111,1,7,6,26.64953078478185
202113,1,7,6,27.260513215720447
202129,1,7,6,23.922029582367593
202139,1,7,8,16.235695436339952
202140,1,7,5,0.3700090141005197
202146,1,7,2,13.99259329680985
202155,1,7,9,32.55241756098055
202172,1,7,9,5.714562817518118
202175,1,7,2,3.752943614863471
202176,1,7,8,17.108952738247833
202205,1,7,5,0.3700090141005197
202208,0,7,0,0.04030715431477451
202217,1,7,2,4.90439476557
202218,1,7,4,0.3700090657260609
202225,1,7,9,30.7890803559832
202231,1,7,1,24.529194096308654
202262,1,7,4,0.3700090657260609
202270,1,7,10,26.00943044436693
202287,1,7,6,18.87975705818631
202290,1,7,6,15.362930739420007
202297,1,7,10,18.468697872075037
202308,1,7,9,15.03464544531133
202311,1,7,4,0.3700090657260609
202313,1,7,3,3.1334060983017022
202314,1,7,8,11.794737543254861
202319,1,7,4,0.3700090657260609
202330,1,7,9,11.634184360496757
202353,1,7,8,22.25500047215912
202356,1,7,10,14.863992303328335
202364,1,7,8,21.663943838706363
202365,1,7,6,26.543311199253488
202374,1,7,6,19.662282232588375
202387,1,7,1,8.587919669368244
202432,0,7,0,0.020214557081364177
202445,1,7,5,0.3700090141005197
202452,1,7,3,2.3194168524410324
202457,1,7,6,16.960095020749975
202458,1,7,6,13.14517331715646
202469,1,7,4,0.3700090657260609
202474,1,7,9,30.646597673904648
202477,1,7,10,5.0598983339944725
202488,1,7,4,0.3700090657260609
202499,1,7,5,0.3700090141005197
202506,1,7,1,16.18743033084723
202512,1,7,10,16.512702026137763
202550,1,7,1,27.750256303716295
202562,1,7,5,0.3700090141005197
202566,1,7,3,2.6071929822764837
202578,1,7,8,20.83274219745148
202585,0,7,0,0.03294658832381169
202589,1,7,5,0.3700090141005197
202592,1,7,8,21.750979724792533
202593,1,7,8,19.23594507681345
202619,1,7,10,14.387728187432002
202620,1,7,4,0.3700090657260609
202630,1,7,6,26.06867719289333
202637,1,7,6,5.801199579600518
202638,1,7,3,3.1813188597526514
202671,1,7,9,17.593537413354934
202673,1,7,1,19.912960055525534
202683,1,7,5,0.3700090141005197
202690,1,7,9,4.625215054409572
202705,1,7,2,11.30326225531502
202715,1,7,7,0.3477632182841831
202720,1,7,5,0.3700090141005197
202733,1,7,9,33.53840990819807
202739,1,7,6,5.937760814416982
202753,1,7,1,21.695070234858914
202754,1,7,5,0.3700090141005197
202763,1,7,6,19.130396457417955
202781,1,7,2,12.232169863779818
202840,1,7,6,22.582917904950264
202848,1,7,5,0.37000902039789374
202853,1,7,9,33.208214418091515
202862,1,7,5,0.3700090141005197
202866,1,7,6,27.484025496883124
202869,1,7,9,17.399378090809495
202872,1,7,1,22.91154981552925
202879,1,7,5,0.3700090141005197
202889,1,7,5,0.3700090141005197
202890,1,7,8,26.279027941586246
202898,0,7,0,0.03484059006247189
202904,1,7,5,0.3700090141005197
202928,1,7,6,15.648990672437515
202932,1,7,6,25.197852736385286
202935,1,7,3,3.2118886438229595
202946,1,7,8,15.458643376483115
202948,1,7,10,6.26687407715047
202974,1,7,10,14.691675352830616
203028,1,7,4,0.3700090657260609
203036,0,7,0,0.040481152296161504
203043,1,7,1,18.17155111329353
203046,1,7,4,0.3700090657260609
203047,1,7,10,26.06665724017927
203057,1,7,9,12.477576457307505
203059,1,7,4,0.3700090657260609
203069,1,7,4,0.3700090657260609
203117,0,7,0,0.03292432472633878
203122,1,7,4,0.3700090657260609
203145,1,7,7,3.6875301967797753
203154,1,7,6,23.917123929533894
203155,1,7,7,3.2812970110119246
203167,1,7,8,16.006489364663857
203168,1,7,10,20.182975536679166
203174,1,7,1,4.0161500528950835
203178,1,7,7,6.120526169663964
203187,1,7,10,12.28276650212508
203188,1,7,5,0.3700090141005197
203191,1,7,7,1.393297219981178
203208,1,7,1,3.891553739585311
203212,1,7,10,18.510569848564554
203218,1,7,9,7.27207522586051
203235,1,7,9,29.589679652945414
203251,1,7,9,31.087852649369253
203254,1,7,8,15.046361247142505
203261,1,7,7,3.245064046595495
203293,1,7,5,0.3700090141005197
203319,1,7,5,0.3700090141005197
203336,1,7,4,0.3700090657260609
203357,1,7,1,13.567519384489122
203358,1,7,6,24.895844622996414
203371,1,7,5,0.3700090141005197
203380,1,7,4,0.3700090657260609
203394,1,7,4,0.3700090657260609
203413,1,7,8,6.900874649089482
203419,1,7,8,28.430712733504357
203438,1,7,4,0.3700090657260609
203445,0,7,0,0.03791954259705257
203466,1,7,9,32.84008589643251
203471,1,7,8,30.869550684721958
203481,1,7,9,23.792654106568186
203493,1,7,4,0.3700090657260609
203494,1,7,4,0.3700090657260609
203497,1,7,9,23.9942602222702
203501,1,7,8,6.117351900063601
203506,1,7,6,8.653946712733402
203513,1,7,8,21.943241739039344
203528,1,7,4,0.3700090657260609
203532,1,7,2,8.448618728431713
203558,1,7,9,11.979448641022321
203562,1,7,4,0.3700090657260609
203563,1,7,6,18.878109679106704
203570,1,7,4,0.3700090657260609
203574,1,7,8,7.72686316134945
203651,1,7,7,5.067995967626794
203661,1,7,4,0.3700090657260609
203673,1,7,6,26.607950639122173
203677,1,7,7,2.0808619663345365
203688,1,7,10,14.46239709691485
203693,1,7,8,16.257825192880787
203703,0,7,0,0.046943647376230364
203708,1,7,9,12.158144011919362
203710,1,7,2,11.428501180334147
203711,1,7,9,33.7174564418095
203715,1,7,9,31.884883477902576
203716,0,7,0,0.044921188948655655
203746,0,7,0,0.02728546780863844
203752,1,7,5,0.3700090141005197
203753,1,7,9,23.630129585251925
203774,1,7,4,0.3700090657260609
203781,1,7,6,29.217510236712304
203788,1,7,5,0.3700090141005197
203794,1,7,5,0.3700090141005197
203801,1,7,5,0.3700090141005197
203802,1,7,6,29.27695528631809
203805,1,7,7,5.21123863585295
203858,1,7,10,22.54028264839184
203861,1,7,9,31.350511231221525
203888,1,7,8,17.67214662112401
203890,1,7,4,0.3700090657260609
203898,1,7,8,18.874583641474686
203933,1,7,4,0.3700090657260609
203936,1,7,7,2.088328888244749
203959,1,7,10,20.558536417131215
203961,1,7,9,23.24949671404602
203984,1,7,8,32.15796233092514
203985,1,7,4,0.3700090657260609
203989,1,7,10,23.433077234600454
204014,1,7,8,21.144403195114577
204024,1,7,8,16.848157801143195
204042,1,7,9,30.742228905605852
204047,1,7,4,0.3700090657260609
204062,1,7,6,17.422878569959362
204063,0,7,0,0.05156604035501157
204070,1,7,10,25.610192063346798
204075,1,7,4,0.3700090657260609
204081,1,7,7,2.123387196654246
204086,1,7,9,28.846802760957853
204089,1,7,9,22.626099100057363
204094,1,7,10,12.96812015834874
204104,1,7,8,34.50382329488524
204118,1,7,4,0.3700090657260609
204121,1,7,6,9.154748624017493
204123,1,7,3,2.9459594813960517
204124,1,7,6,20.18693553648597
204131,1,7,8,13.925059144724463
204147,1,7,9,6.3416002373467215
204149,1,7,10,24.830397429685625
204177,1,7,4,0.3700090657260609
204187,1,7,4,0.3700090656202526
204193,1,7,8,31.072699335250636
204199,1,7,9,25.22105004081304
204204,1,7,2,1.888919428290612
204211,1,7,10,26.02547903381894
204223,1,7,5,0.3700090141005197
204227,1,7,6,19.961104436950606
204248,1,7,3,3.1918635251910428
204250,1,7,5,0.3700090141005197
204262,0,7,0,0.035723883286871434
204276,1,7,10,13.106504490452386
204298,1,7,1,18.3956195488825
204299,1,7,6,21.050093636864133
204307,1,7,10,13.607539503427747
204310,1,7,9,17.7137268674509
204314,1,7,1,22.963286205544588
204316,1,7,9,21.96083943699372
204317,1,7,10,3.31931967954617
204327,1,7,5,0.3700090141005197
204329,1,7,8,27.266981784762894
204332,1,7,10,26.027444062548952
204334,1,7,7,4.735421016772049
204335,1,7,9,22.925413582227236
204340,1,7,5,0.3700090141005197
204356,1,7,1,22.328995549962023
204365,1,7,8,35.85229975571126
204387,1,7,9,32.53657259174064
204405,1,7,5,0.3700090141005197
204411,1,7,9,16.472192243891673
204435,1,7,9,26.023302625479968
204473,1,7,9,24.009695325473846
204490,1,7,6,21.94595249768866
204501,1,7,7,3.9123855245842836
204513,1,7,10,16.58009029855978
204526,1,7,9,28.92666171649467
204553,1,7,9,10.462670559545383
204558,1,7,6,29.367024021533616
204559,1,7,2,6.659355831040741
204560,1,7,1,11.220262636668217
204566,1,7,10,9.404731123498902
204574,1,7,4,0.3700090657260609
204576,1,7,9,24.963625805633548
204579,1,7,2,16.5412234071975
204582,1,7,8,29.288733416221156
204598,1,7,8,35.62000173659103
204599,1,7,5,0.3700090141005197
204605,1,7,10,25.051760954833085
204607,1,7,4,0.3700090657260609
204628,1,7,4,0.3700090657260609
204632,1,7,7,0.7071554401229132
204654,1,7,1,27.239857071966558
204661,1,7,10,24.990429870548574
204663,1,7,4,0.3700090657260609
204665,1,7,4,0.3700090657260609
204701,1,7,1,22.331423953520954
204709,1,7,8,14.655024821389144
204715,1,7,10,25.798925708528966
204718,1,7,5,0.3700090141005197
204770,1,7,8,25.065065257569554
204783,1,7,4,0.3700090657260609
204784,1,7,2,4.0423498186902025
204786,1,7,8,31.992269817838736
204792,1,7,8,24.867636849651813
204800,1,7,8,16.55347744139543
204802,1,7,5,0.37000902039789374
204817,1,7,10,8.077338292368154
204821,1,7,8,12.958296737204009
204829,1,7,1,11.625670407829341
204836,1,7,6,22.38498288620031
204845,1,7,9,20.107452009285034
204850,1,7,1,22.580589809272674
204858,1,7,9,33.5006290199536
204860,1,7,8,13.255395402230354
204865,1,7,3,3.010445427772612
204867,1,7,7,4.18977032595697
204868,1,7,10,21.495251798923658
204880,1,7,8,35.18307475850259
204883,1,7,10,22.093524443332505
204895,1,7,4,0.3700090657260609
204906,1,7,5,0.3700090141005197
204922,1,7,8,24.022028669936123
204925,1,7,9,7.932286042467327
204926,1,7,8,27.96022748315078
204928,1,7,9,31.38022282085209
204946,1,7,7,5.670932837332692
204949,1,7,9,32.83042204107529
204958,1,7,9,27.870570426044377
204961,1,7,6,29.933724801265214
204978,1,7,2,9.29446716110449
204985,1,7,5,0.3700090141005197
204999,1,7,8,17.51478681057313
205005,1,7,9,33.61215387293347
205006,1,7,2,5.586320340315713
205018,1,7,8,9.537336189911606
205044,1,7,8,20.277396403842644
205049,1,7,4,0.3700090657260609
205065,1,7,6,30.17434846056976
205068,1,7,8,18.07540374742239
205081,1,7,10,25.134801597774636
205090,1,7,9,10.084981784605985
205119,1,7,8,19.78717368288286
205125,1,7,8,25.641089622029014
205131,1,7,6,29.568142882501437
205140,1,7,7,6.257769567081585
205149,1,7,8,22.75932014632485
205153,1,7,6,18.757609757953425
205181,1,7,5,0.3700090141005197
205202,1,7,4,0.3700090657260609
205205,1,7,7,3.805922219646138
205216,1,7,5,0.3700090141005197
205219,1,7,3,3.158318152619483
205229,1,7,1,10.031119938121794
205248,0,7,0,0.03497127074295681
205254,1,7,10,15.231503277415005
205269,1,7,7,1.9114053379909446
205273,1,7,7,3.755709719842753
205312,1,7,10,11.485030800212613
205320,1,7,5,0.3700090141005197
205362,1,7,9,33.6602354571846
205363,1,7,1,16.88094778084779
205365,1,7,5,0.3700090141005197
205371,1,7,4,0.3700090657260609
205378,1,7,3,3.284271124783265
205419,1,7,3,2.621883944167131
205421,1,7,1,22.780117761887038
205429,1,7,6,27.825660009263775
205432,1,7,5,0.3700090141005197
205435,1,7,2,2.072406747332831
205445,1,7,8,18.729275700877135
205449,1,7,4,0.3700090656202526
205451,1,7,10,17.94703861667806
205458,1,7,5,0.3700090141005197
205500,1,7,9,8.805375650544779
205522,1,7,9,14.81360795276197
205524,1,7,3,3.195124230122086
205552,1,7,1,6.037592107787886
205554,0,7,0,0.11218735762981576
205569,1,7,9,31.89740480142949
205573,0,7,0,0.03018994862266156
205577,1,7,8,22.13956902098776
205579,1,7,5,0.3700090141005197
205589,1,7,4,0.3700090657260609
205602,1,7,4,0.3700090657260609
205610,0,7,0,0.16415084874600236
205642,1,7,8,24.152785867534142
205660,1,7,9,13.109013357175124
205676,1,7,5,0.3700090141005197
205680,1,7,8,8.316885887478355
205714,1,7,6,21.881685172357596
205730,1,7,6,19.447949548558945
205738,1,7,9,17.396391112798966
205739,0,7,0,0.036162632089832426
205740,1,7,9,33.428745981180256
205754,0,7,0,0.11620150152598588
205760,1,7,8,3.5327096597988006
205764,1,7,9,15.790704343914214
205777,1,7,4,0.3700090657260609
205787,1,7,6,22.164703418844315
205793,1,7,4,0.3700090657260609
205821,1,7,7,1.321695434828474
205823,1,7,5,0.37000902039789374
205826,1,7,9,30.822838286418566
205842,1,7,4,0.3700090657260609
205861,1,7,5,0.3700090141005197
205868,1,7,9,33.78752924891684
205880,1,7,10,16.206723606786902
205884,1,7,6,17.46533038776006
205889,1,7,6,15.143631633760613
205913,1,7,1,7.125545355590064
205954,1,7,6,12.357084552720828
205980,1,7,5,0.3700090141005197
205981,1,7,6,8.913146032082931
205995,1,7,9,9.222536406312644
206034,1,7,4,0.3700090657260609
206046,1,7,6,6.999229584775387
206067,1,7,7,6.304044161824215
206079,1,7,10,6.673560233974754
206081,1,7,7,4.379209462325111
206098,1,7,4,0.3700090657260609
206122,1,7,9,21.771776975016955
206132,1,7,6,14.241895605544755
206141,0,7,0,0.14831187865196382
206142,1,7,9,23.978597502984755
206159,1,7,8,29.07353560184834
206163,1,7,6,14.065041694216497
206168,1,7,8,28.642558773008524
206172,1,7,9,23.471174153157136
206173,1,7,1,23.358891348024166
206180,1,7,6,9.65097834749065
206195,1,7,4,0.3700090657260609
206202,1,7,9,27.044173176907368
206205,1,7,10,6.812238549342908
206212,1,7,4,0.3700090656202526
206219,1,7,5,0.37000902039789374
206221,1,7,2,9.403099267412
206230,1,7,9,31.386397446132328
206234,1,7,6,24.208575582849175
206250,1,7,9,9.091723264534652
206262,1,7,8,22.739579731680244
206264,1,7,1,5.610241134364356
206265,1,7,7,6.286896326271276
206266,1,7,7,5.896302929345699
206270,0,7,0,0.0336521025804997
206278,1,7,10,11.435653203390011
206293,1,7,4,0.3700090657260609
206300,1,7,6,30.644644109006684
206301,1,7,6,28.34567815277782
206303,1,7,6,28.575903909916537
206316,1,7,5,0.3700090141005197
206388,1,7,6,7.82282587037581
206396,1,7,3,2.4186271213696795
206413,1,7,9,26.57574128895651
206424,1,7,9,22.317756954237165
206428,1,7,8,26.060971813055165
206442,1,7,6,16.26059266274931
206455,1,7,7,2.974149560560079
206486,1,7,7,0.7427671357817427
206489,1,7,8,3.3172586095274985
206497,1,7,4,0.3700090657260609
206509,1,7,9,5.399163683171702
206511,1,7,5,0.3700090141005197
206518,1,7,2,11.527501510310032
206534,1,7,5,0.3700090141005197
206540,0,7,0,0.03865131665628162
206545,1,7,7,5.411811938254695
206547,1,7,9,30.966974523657242
206556,1,7,7,0.34233873480499394
206582,1,7,10,21.840570750947265
206588,1,7,5,0.3700090141005197
206589,1,7,5,0.3700090141005197
206594,1,7,7,3.297650278663282
206605,1,7,5,0.3700090141005197
206611,1,7,10,6.125735647739
206616,1,7,9,13.734997438905765
206618,1,7,10,12.986144027753532
206621,1,7,5,0.3700090141005197
206624,1,7,5,0.3700090141005197
206629,1,7,5,0.3700090141005197
206631,1,7,2,8.90226749603449
206641,1,7,10,12.059740965935832
206653,1,7,6,20.45417710326304
206660,1,7,4,0.3700090657260609
206672,1,7,6,22.716204029967543
206675,1,7,4,0.3700090657260609
206678,1,7,7,1.1114284873546119
206683,1,7,2,10.43578611020022
206689,1,7,5,0.3700090141005197
206691,1,7,5,0.3700090141005197
206692,1,7,8,27.59006644365588
206698,1,7,4,0.3700090657260609
206702,1,7,8,26.318954631894513
206727,1,7,9,25.053382009329418
206731,1,7,4,0.3700090657260609
206736,1,7,6,30.18054277407913
206760,1,7,5,0.3700090141005197
206764,1,7,4,0.3700090657260609
206769,1,7,1,13.582528515678254
206774,1,7,7,2.140500160767101
206787,1,7,6,21.646320203934568
206790,0,7,0,0.03598951679430505
206791,1,7,6,6.173135614042299
206792,1,7,9,23.514776419992373
206796,1,7,8,32.278487271087094
206806,1,7,10,17.18117405906604
206814,1,7,9,10.594896924150724
206828,1,7,6,10.941738009962883
206845,1,7,10,26.02349653205373
206853,0,7,0,0.03202843682209012
206862,1,7,3,1.2389763195383001
206867,0,7,0,0.03155937893602558
206876,1,7,8,13.590880565966211
206889,1,7,1,27.23661446205508
206890,1,7,9,22.4653304650066
206897,1,7,9,16.181947173742454
206908,1,7,8,8.440225145091247
206917,1,7,4,0.3700090657260609
206921,1,7,6,29.538587449224707
206922,1,7,2,15.826573944954953
206932,1,7,8,35.308607024512284
206936,1,7,6,22.221249754600656
206948,0,7,0,0.047231566241496784
206949,1,7,8,25.93583477811113
206970,1,7,7,6.044504060574706
206981,1,7,8,7.5587733615929045
206999,1,7,9,7.975398494940513
207010,1,7,4,0.3700090657260609
207028,1,7,5,0.3700090141005197
207029,1,7,9,33.34755846023404
207034,1,7,6,29.939000718476702
207036,1,7,4,0.3700090656202526
207038,1,7,10,26.066644427773664
207050,1,7,4,0.3700090657260609
207055,0,7,0,0.030884553721653683
207058,1,7,4,0.3700090657260609
207059,1,7,1,7.629166606798648
207061,1,7,7,6.483188736015689
207063,1,7,9,19.667432840476085
207072,1,7,9,30.338387161227445
207073,1,7,2,14.393383760717484
207074,1,7,5,0.3700090141005197
207085,1,7,9,17.256608024692238
207090,1,7,8,8.636031241076534
207095,1,7,10,10.67322253729403
207096,0,7,0,0.02705979500659885
207104,1,7,8,28.440284791426553
207115,1,7,1,21.506984090466233
207122,1,7,1,24.23433181998918
207132,1,7,4,0.3700090657260609
207137,1,7,9,17.270992490699413
207138,1,7,9,24.65363014583968
207155,0,7,0,0.03844203839340102
207190,1,7,4,0.3700090657260609
207219,1,7,5,0.3700090141005197
207221,1,7,2,11.230785961530584
207229,1,7,10,9.8174529265801
207230,1,7,9,19.420108465808166
207249,1,7,10,7.877322428369001
207258,1,7,9,21.473181829483618
207260,1,7,5,0.3700090141005197
207268,1,7,4,0.3700090657260609
207282,1,7,5,0.37000902039789374
207286,1,7,8,3.1620991364186173
207346,1,7,8,10.247879689274347
207355,0,7,0,0.03476285936967634
207357,1,7,5,0.3700090141005197
207361,1,7,6,17.012529764235676
207363,1,7,6,7.435530189668543
207376,1,7,3,1.059472078802173
207377,1,7,4,0.3700090657260609
207379,1,7,4,0.3700090657260609
207389,1,7,9,31.36297425484349
207398,1,7,5,0.3700090141005197
207405,1,7,9,24.50380871976542
207406,1,7,9,17.633056428321016
207409,0,7,0,0.09217387797071341
207420,1,7,8,8.46616697349276
207438,1,7,6,26.19667203350485
207453,1,7,5,0.3700090141005197
207484,1,7,9,27.447454376626332
207492,1,7,3,3.1427346677585346
207496,1,7,10,16.45420175496596
207512,1,7,8,13.994174458842187
207513,1,7,8,33.58492041182373
207518,1,7,1,16.835740855767824
207520,1,7,8,20.98065874986481
207533,1,7,10,23.280103755894764
207538,1,7,6,22.85864351265671
207553,1,7,8,31.078950683913124
207575,1,7,9,25.588576898792375
207579,1,7,2,3.27263002242347
207588,1,7,10,7.887561072160906
207607,1,7,9,9.219779469635078
207616,1,7,1,21.030312912371116
207617,1,7,6,28.14231955295384
207620,1,7,7,2.663030588400858
207621,1,7,9,32.854089699798365
207623,1,7,8,3.7044572050400317
207624,1,7,1,8.642640295027327
207641,1,7,9,32.691351447138025
207643,1,7,9,33.502270445215764
207650,1,7,1,16.413904784426318
207652,1,7,8,9.016509255160212
207679,1,7,7,3.340033735520503
207704,1,7,8,14.52257299922711
207722,1,7,6,9.930262864394646
207724,1,7,9,13.472200142599085
207725,1,7,8,25.271756781179867
207727,1,7,6,25.782829932970554
207732,1,7,9,23.202593419156507
207761,0,7,0,0.037833876464930374
207782,1,7,6,21.938581546869067
207787,1,7,10,19.334685985577774
207797,1,7,5,0.3700090141005197
207807,1,7,9,31.037102007202098
207808,1,7,8,26.343355287117944
207815,1,7,6,23.89584380887529
207825,1,7,8,4.296157607512451
207828,1,7,9,24.52046410215927
207832,1,7,5,0.3700090141005197
207844,1,7,8,28.86928701067834
207847,1,7,5,0.3700090141005197
207850,1,7,4,0.3700090657260609
207860,1,7,9,9.987303406161695
207867,1,7,1,4.051334681359938
207874,1,7,9,16.601942532196826
207896,1,7,5,0.37000902039789374
207906,1,7,9,25.841037686544166
207920,1,7,10,25.40699329071062
207931,1,7,9,13.976031786046603
207932,1,7,5,0.3700090141005197
207935,1,7,7,4.688525555384695
207943,1,7,7,5.550797221708693
207946,1,7,1,7.799369362105923
207957,1,7,8,36.07399485567427
207986,1,7,3,2.0372762424689466
208007,1,7,10,12.95801697293759
208011,0,7,0,0.04182092686911923
208021,1,7,6,14.052565833469364
208056,0,7,0,0.032502870327805335
208060,0,7,0,0.04535690325722285
208070,1,7,9,5.207657876104868
208076,1,7,2,8.796943238209211
208078,1,7,6,28.19789705475091
208082,1,7,8,29.624869250465657
208096,1,7,8,24.747211415570657
208103,0,7,0,0.04657332308490714
208110,1,7,8,18.88688538072434
208129,1,7,5,0.3700090141005197
208137,1,7,2,16.236840368730853
208139,1,7,10,26.048161064040194
208143,1,7,8,15.766467649293071
208165,1,7,9,8.906719109532503
208191,1,7,8,12.21879485157175
208199,1,7,9,23.009242223829478
208209,1,7,7,1.4159377071259125
208213,1,7,8,32.38512643393029
208216,1,7,10,14.526543275267247
208218,1,7,9,28.95992521270671
208223,1,7,5,0.3700090141005197
208262,1,7,7,6.351051621421285
208268,1,7,4,0.3700090657260609
208281,1,7,4,0.3700090657260609
208288,1,7,4,0.3700090657260609
208295,1,7,4,0.3700090657260609
208300,1,7,4,0.3700090657260609
208310,1,7,8,25.22678284745585
208311,1,7,3,1.28650497822285
208318,1,7,10,13.981447348089072
208319,1,7,6,12.660501457226617
208324,1,7,8,17.396574994147038
208330,1,7,6,14.206410341517408
208332,1,7,6,18.222145623031455
208354,1,7,9,29.189145370593508
208358,1,7,8,6.183988982415391
208365,1,7,10,14.970920538889935
208396,1,7,10,17.809915197909167
208398,1,7,9,17.405198457514203
208445,1,7,8,24.17698998176456
208449,1,7,8,36.1091790223621
208470,1,7,2,14.852462233130968
208492,1,7,8,29.93685299990513
208499,1,7,8,13.798305312430182
208510,1,7,8,11.19004694336663
208511,0,7,0,0.033100491510128685
208522,1,7,6,18.432830211843147
208537,1,7,6,28.441552907105823
208539,1,7,9,29.487003158127074
208540,1,7,9,30.439438147827765
208548,1,7,5,0.37000902039789374
208572,1,7,9,32.42777559643633
208581,1,7,4,0.3700090657260609
208598,1,7,9,30.142410656093716
208599,1,7,6,25.942787204576895
208616,1,7,7,5.170582821162195
208642,1,7,1,17.522900514537845
208645,1,7,8,21.800829296139117
208650,1,7,1,8.617222090758787
208663,1,7,1,14.750068038909156
208676,1,7,6,26.61803450274844
208691,1,7,5,0.3700090141005197
208699,1,7,8,27.379962082194
208702,0,7,0,0.039930116376309735
208712,0,7,0,0.031368098343627776
208717,1,7,9,8.033831101318052
208723,1,7,4,0.3700090657260609
208725,1,7,4,0.3700090657260609
208733,1,7,5,0.3700090141005197
208736,0,7,0,0.035349473721119455
208740,1,7,9,29.98000346942622
208742,1,7,10,25.3765948663566
208760,1,7,5,0.3700090141005197
208764,1,7,4,0.3700090657260609
208766,1,7,6,16.754698560056863
208770,1,7,8,6.040826681840324
208796,1,7,9,3.4967005065438785
208816,1,7,7,1.9980435187968195
208823,1,7,1,5.990139314204406
208828,1,7,3,2.727480522101334
208838,1,7,8,31.113223658811226
208844,1,7,10,20.008058714538766
208845,1,7,6,14.681968337128295
208848,1,7,7,2.722675311302899
208865,1,7,8,15.006932058643653
208867,1,7,10,18.071623431328764
208870,1,7,5,0.3700090141005197
208874,1,7,1,23.627062477696413
208875,1,7,4,0.3700090657260609
208884,1,7,4,0.3700090657260609
208887,1,7,4,0.3700090657260609
208890,1,7,2,10.15163962363747
208900,1,7,7,1.0852724040283144
208903,1,7,8,33.88356403506732
208911,1,7,8,34.67175286297419
208916,1,7,8,19.475099765596635
208922,1,7,5,0.3700090141005197
208944,1,7,1,21.82338296604102
208965,1,7,1,15.163312919992931
208969,1,7,5,0.3700090141005197
208978,1,7,5,0.3700090141005197
208981,0,7,0,0.036074632532840045
208999,1,7,9,20.1498547688207
209031,1,7,9,21.447209792350822
209045,1,7,8,21.26785420194431
209049,1,7,8,9.76390866254378
209054,1,7,1,21.725739463760856
209058,0,7,0,0.03790350676364308
209068,1,7,3,1.3903278634914653
209080,1,7,9,24.467760808400033
209081,1,7,8,32.91326668326009
209085,1,7,2,7.634050433974587
209110,1,7,6,23.576469051477915
209125,1,7,3,0.9048180556987159
209134,1,7,1,4.6846236180936875
209138,1,7,4,0.3700090656202526
209148,1,7,1,26.923362383933668
209162,1,7,4,0.3700090657260609
209177,1,7,6,26.9746844282759
209179,1,7,9,29.219299410793354
209194,1,7,1,19.509606673504496
209195,1,7,9,18.382936143250433
209204,1,7,3,2.264620112632722
209209,1,7,9,21.34361445160608
209210,1,7,4,0.3700090657260609
209228,1,7,6,5.121076129084885
209250,1,7,6,23.827192390240562
209269,1,7,8,20.46921151984883
209292,1,7,1,6.126730610064375
209306,1,7,10,26.018683924310498
209341,1,7,4,0.3700090657260609
209343,1,7,9,28.455702862914265
209350,1,7,6,20.855071025003877
209365,1,7,10,5.992460445819867
209366,1,7,4,0.3700090657260609
209373,1,7,9,19.678980620440957
209375,1,7,10,25.179670887372023
209376,1,7,9,6.020206666325803
209377,1,7,6,19.546939444218555
209397,1,7,6,20.380712725071923
209399,1,7,5,0.3700090141005197
209400,1,7,4,0.3700090657260609
209413,1,7,3,3.1482302990471793
209420,1,7,2,16.605151663195297
209441,1,7,7,5.755523567733802
209451,1,7,6,16.74528670740269
209455,1,7,8,6.18391318928244
209460,1,7,5,0.37000902039789374
209464,1,7,8,35.6548557238448
209471,1,7,1,11.87847074839948
209479,1,7,4,0.3700090657260609
209486,1,7,4,0.3700090657260609
209492,1,7,4,0.3700090657260609
209494,1,7,5,0.3700090141005197
209517,1,7,10,8.414176404073366
209531,1,7,10,18.446085843017226
209542,1,7,8,24.91234223727754
209560,1,7,8,24.525480858224572
209579,1,7,3,1.7504971182495142
209582,1,7,9,17.767554760228723
209590,1,7,8,16.00606039827367
209595,1,7,9,24.514238911057035
209597,1,7,8,26.06669911369828
209600,1,7,9,23.46833825720247
209602,0,7,0,0.08067445761051359
209612,1,7,6,13.904616047375491
209615,1,7,3,2.9232650868487493
209630,1,7,4,0.3700090657260609
209646,0,7,0,0.10057719091101852
209652,1,7,9,8.02048255476533
209657,1,7,6,28.42491565620389
209658,1,7,4,0.3700090657260609
209663,1,7,5,0.3700090141005197
209693,1,7,4,0.3700090657260609
209695,1,7,2,14.770831539066094
209718,1,7,7,3.3411154263761214
209719,1,7,1,10.005158493434545
209720,1,7,10,18.363706608368936
209730,1,7,1,5.121292185759058
209734,1,7,9,29.915638784863525
209740,1,7,5,0.3700090141005197
209741,1,7,10,5.8035091581643625
209760,1,7,8,22.44642253945959
209763,1,7,2,14.889863850062612
209766,1,7,8,18.81892408947013
209776,1,7,1,16.63258632442842
209786,1,7,9,14.7258832226748
209798,1,7,8,33.58809903783388
209799,1,7,6,13.556880496703934
209807,1,7,1,22.832175692668226
209815,1,7,1,20.01953926775708
209824,1,7,4,0.3700090657260609
209836,1,7,9,12.53223241720286
209852,1,7,8,19.601496427045937
209868,0,7,0,0.046266381431263985
209870,1,7,1,26.930739639307504
209876,1,7,9,11.881383654524821
209887,1,7,9,31.368693226060625
209903,1,7,8,23.70227800637341
209905,1,7,8,30.51955324729389
209912,1,7,6,18.753051623593894
209922,1,7,10,17.824501948019662
209961,1,7,8,34.51387528065286
209965,1,7,2,13.640585942006673
209983,1,7,8,12.670822532049314
210003,1,7,2,13.772195363379552
210013,1,7,2,6.673236869765996
210020,1,7,6,11.401844221612073
210028,1,7,9,19.09295580675847
210038,1,7,5,0.3700090141005197
210045,1,7,6,25.752199734106846
210068,1,7,8,3.5147712190224607
210082,1,7,1,11.40698693008406
210097,1,7,8,19.304664063209724
210143,1,7,2,6.314123884398881
210149,1,7,10,25.50202681564358
210185,1,7,5,0.3700090141005197
210193,1,7,6,20.96717857531589
210226,0,7,0,0.030955445299818835
210234,1,7,9,8.802595793231541
210259,1,7,10,7.42964958525866
210260,0,7,0,0.03283185223596457
210262,1,7,6,26.90510945982736
210267,1,7,4,0.3700090657260609
210277,0,7,0,0.033011665932277334
210279,1,7,9,8.278982102657249
210282,1,7,6,6.190624181757331
210285,1,7,10,25.61252731589865
210309,1,7,9,33.368240864718345
210313,0,7,0,0.13974625634861546
210317,1,7,4,0.3700090657260609
210323,1,7,6,22.71511225828851
210331,1,7,9,32.153290568836724
210341,1,7,9,10.448496814973325
210358,1,7,4,0.3700090657260609
210397,1,7,5,0.3700090141005197
210413,1,7,4,0.3700090657260609
210426,1,7,6,29.990494725986245
210436,1,7,9,17.603673608146867
210438,1,7,9,19.50486073234414
210440,1,7,1,24.65099922235694
210447,1,7,6,29.363459676930486
210449,1,7,6,22.018697798120797
210522,1,7,5,0.37000902039789374
210534,1,7,8,2.4258332012900086
210552,1,7,4,0.3700090657260609
210591,1,7,4,0.3700090657260609
210595,1,7,9,3.302192868348699
210605,0,7,0,0.04692218867737398
210611,1,7,8,31.52120177728966
210632,1,7,3,3.01977017104116
210643,1,7,6,25.50304917145696
210663,1,7,8,14.629000073136746
210702,1,7,8,22.413570906739327
210704,1,7,6,25.959426744594747
210705,1,7,7,2.999602568290294
210707,0,7,0,0.015096866514870085
210728,1,7,2,15.800104205585482
210734,1,7,8,10.01528265397672
210735,1,7,8,20.814086078566383
210746,1,7,4,0.3700090657260609
210749,1,7,10,5.548291636211816
210760,1,7,9,5.760994223300163
210771,1,7,8,3.7618358672689007
210785,1,7,7,3.204325849442252
210787,1,7,8,21.016071106172344
210794,1,7,8,32.774261868712635
210796,1,7,2,13.83002691849962
210799,1,7,4,0.3700090657260609
210802,1,7,5,0.3700090141005197
210808,1,7,2,11.103668140159368
210809,1,7,5,0.3700090141005197
210822,1,7,10,23.3869695246073
210838,1,7,6,11.194001849741339
210839,0,7,0,0.03317294951456266
210859,1,7,8,32.11337198358204
210867,0,7,0,0.04719788754643617
210883,1,7,6,21.647493665076134
210919,1,7,7,0.33924048311274474
210944,1,7,4,0.3700090657260609
210947,1,7,9,22.824818653049036
210951,1,7,4,0.3700090657260609
210985,1,7,4,0.3700090657260609
210986,1,7,4,0.3700090657260609
211029,1,7,9,3.866183390655323
211060,1,7,1,17.300755900613623
211068,1,7,5,0.3700090141005197
211089,1,7,8,31.33302999962411
211095,1,7,8,32.08732820965296
211098,1,7,8,23.530680185766368
211126,1,7,9,33.42061273409035
211128,1,7,10,6.807063346979293
211129,1,7,9,5.517466170309739
211152,1,7,2,10.22080745441289
211154,1,7,9,21.710148354951393
211155,1,7,1,13.306321476361104
211161,1,7,4,0.3700090657260609
211177,1,7,4,0.3700090657260609
211178,1,7,8,20.22731146495094
211191,1,7,1,23.876938849103087
211200,0,7,0,0.031548520996211894
211201,1,7,4,0.3700090657260609
211218,0,7,0,0.06303670897793504
211222,1,7,3,3.2821704458216545
211258,1,7,9,27.19679357830167
211268,1,7,9,10.910621923356137
211295,1,7,6,21.95150344643095
211300,1,7,9,27.159235347879644
211310,1,7,1,16.495084888137466
211314,1,7,6,18.351089898457225
211321,1,7,8,13.370498948047356
211327,0,7,0,0.02891102799548915
211332,0,7,0,0.03665477668875005
211340,1,7,6,11.750654977367676
211346,1,7,8,13.57275111891695
211377,0,7,0,0.04126347348999274
211384,1,7,4,0.3700090657260609
211399,1,7,10,15.533803034148638
211410,1,7,5,0.3700090141005197
211412,1,7,5,0.3700090141005197
211422,1,7,5,0.3700090141005197
211447,1,7,1,24.580633770257894
211453,1,7,6,23.150441895234124
211454,1,7,8,33.73808115761302
211460,1,7,4,0.3700090657260609
211461,1,7,4,0.3700090657260609
211472,1,7,5,0.3700090141005197
211517,1,7,8,24.851333749403622
211519,1,7,5,0.3700090141005197
211545,1,7,10,15.260060376003208
211558,1,7,5,0.3700090141005197
211563,1,7,6,9.808771535964382
211566,1,7,9,19.58900758840187
211569,1,7,10,20.799272161494383
211585,1,7,4,0.3700090657260609
211598,1,7,8,24.64425409895913
211602,1,7,10,20.341419673948216
211603,1,7,6,28.241216928965155
211624,1,7,4,0.3700090656202526
211626,1,7,1,22.544487055620667
211628,1,7,9,28.0721271191479
211630,1,7,6,21.471931688855314
211639,0,7,0,0.06576883053942024
211653,1,7,8,19.836898004677494
211656,1,7,9,20.12157738243062
211666,1,7,1,25.82566823536833
211684,1,7,9,26.80215526125701
211699,1,7,9,13.126547364677961
211700,1,7,9,23.157195506333494
211712,1,7,5,0.3700090141005197
211713,1,7,6,21.649134492393365
211714,1,7,10,24.739375425353085
211717,1,7,10,22.944365047817705
211767,1,7,9,13.609396114186934
211783,1,7,10,17.042739187209698
211789,1,7,10,13.246234395816963
211795,1,7,8,23.050150801028522
211799,1,7,8,18.15618188307673
211802,1,7,9,31.850587521063066
211811,0,7,0,0.06845295888569167
211814,1,7,6,29.686279701028557
211819,1,7,10,25.54033853210877
211839,1,7,9,16.577758754646812
211840,1,7,9,13.516333402748934
211855,1,7,10,18.86468814605404
211858,1,7,8,25.07047174749257
211859,1,7,4,0.3700090657260609
211868,1,7,9,25.934197026069683
211878,1,7,8,26.502764003356624
211901,1,7,10,22.254752165523595
211925,0,7,0,0.042736563685421565
211928,1,7,6,11.514188952880286
211942,1,7,6,7.852762435167861
211949,1,7,4,0.3700090657260609
211950,1,7,5,0.3700090141005197
211961,1,7,7,5.2909717330823645
211963,1,7,8,13.293514680265625
211971,1,7,6,22.436559518060612
211992,1,7,8,28.098440323177357
212000,1,7,4,0.3700090657260609
212013,1,7,8,21.928085154947382
212023,1,7,3,1.4418056746915833
212050,1,7,5,0.3700090141005197
212063,1,7,5,0.3700090141005197
212082,1,7,5,0.3700090141005197
212086,1,7,6,15.119742830299042
212119,1,7,9,27.34504626821532
212125,1,7,10,13.50815348610027
212127,1,7,10,20.379106995447618
212128,1,7,10,8.280990871103631
212154,1,7,9,25.130559635093476
212164,1,7,8,21.635380487827344
212167,1,7,4,0.3700090657260609
212168,1,7,2,10.609339345720057
212173,1,7,1,25.74125032290654
212221,1,7,4,0.3700090657260609
212223,1,7,9,32.90606173852824
212261,1,7,3,1.3157410213768448
212269,1,7,8,30.297485648050568
212284,1,7,9,23.40200575228468
212289,1,7,6,13.292230050683527
212295,1,7,5,0.3700090141005197
212296,1,7,5,0.37000902039789374
212315,1,7,5,0.37000902039789374
212317,1,7,10,22.70772053586062
212322,1,7,5,0.3700090141005197
212330,1,7,9,14.0459656714113
212335,0,7,0,0.17096483787229794
212341,1,7,10,17.163449740036715
212344,1,7,5,0.3700090141005197
212346,1,7,8,5.625107498529076
212357,1,7,4,0.3700090657260609
212365,1,7,8,16.638135375963458
212377,0,7,0,0.0445868999541848
212397,1,7,8,6.686127696953447
212411,1,7,8,22.46354186092812
212430,1,7,10,13.776082928787327
212452,1,7,1,26.275711696158936
212471,1,7,9,24.26578669355799
212492,1,7,9,17.85780810860364
212493,1,7,2,16.51925493628886
212513,1,7,9,32.37093983800483
212515,1,7,9,32.52303127411801
212518,1,7,5,0.3700090141005197
212521,1,7,8,16.49638333337087
212523,1,7,5,0.3700090141005197
212538,1,7,2,11.351068701043582
212540,1,7,7,0.5687877321621719
212541,1,7,9,25.663179195942583
212553,1,7,10,10.373462225382283
212556,1,7,9,31.909994631972545
212608,1,7,4,0.3700090657260609
212610,1,7,10,11.594415066574506
212618,1,7,7,5.848786192307648
212625,0,7,0,0.18755622284163245
212627,1,7,9,9.704345994609595
212639,1,7,5,0.3700090141005197
212662,1,7,6,14.415606592306306
212664,1,7,1,13.528680012550344
212669,1,7,8,33.10550115596804
212672,1,7,7,1.1404864639474155
212679,0,7,0,0.18887912434529977
212684,1,7,1,24.016699833315865
212706,1,7,6,13.736223359500848
212711,1,7,3,2.3032410032983877
212724,1,7,10,6.945759938125258
212759,1,7,6,19.726169774337496
212761,1,7,6,28.729482606595923
212773,1,7,10,11.785927116733163
212794,1,7,6,7.776256040798154
212801,1,7,6,16.70690116071359
212819,1,7,5,0.3700090141005197
212820,0,7,0,0.035119131026899425
212825,1,7,10,23.476590728257758
212835,1,7,4,0.3700090657260609
212845,1,7,9,13.328614356431933
212866,1,7,1,27.118168376980766
212881,1,7,9,19.278252678944092
212882,1,7,5,0.3700090141005197
212886,1,7,10,10.893455076581823
212889,1,7,2,15.372867500150074
212892,1,7,7,1.0645387983144645
212895,1,7,8,7.281721023743096
212900,1,7,8,6.339621681295701
212907,1,7,4,0.3700090657260609
212929,1,7,9,2.857587392010848
212930,1,7,8,27.31215401716781
212934,1,7,9,28.973719984551266
212935,1,7,5,0.3700090141005197
212949,1,7,4,0.3700090657260609
212959,1,7,6,13.048804091516486
212982,1,7,8,2.6599798738658893
212987,1,7,2,11.596314960374611
212997,1,7,5,0.3700090141005197
213007,1,7,9,32.89599572248877
213014,1,7,9,22.84566123421055
213019,1,7,4,0.3700090657260609
213029,1,7,1,4.845305888876133
213059,1,7,7,6.4703252816471934
213086,1,7,3,2.9966229366056183
213087,1,7,4,0.3700090657260609
213088,1,7,1,21.536186607512303
213097,1,7,9,8.019337522186548
213107,1,7,5,0.3700090141005197
213108,1,7,2,3.395512040954429
213117,0,7,0,0.03345652872999466
213129,1,7,9,24.831106649520013
213136,1,7,6,17.98926419423603
213160,1,7,5,0.3700090141005197
213176,1,7,10,23.954298856564947
213182,1,7,6,14.476597389017089
213206,1,7,4,0.3700090657260609
213207,1,7,7,0.8131693197645373
213210,1,7,6,28.25462119150139
213214,1,7,9,7.703797560513418
213216,1,7,8,12.49073472362593
213242,1,7,8,32.665576690078936
213248,1,7,8,28.32484485750229
213278,1,7,5,0.37000902039789374
213287,1,7,9,8.680650642078497
213288,1,7,10,14.813836615797767
213296,1,7,10,13.956637190747427
213298,1,7,3,2.5845825983146473
213321,1,7,6,26.643036443196547
213342,1,7,7,6.2052042749571985
213363,1,7,1,8.42917117106769
213381,1,7,6,29.32399299466442
213407,1,7,5,0.3700090141005197
213412,1,7,6,23.27020858682639
213413,1,7,1,7.5537134362077385
213417,1,7,5,0.3700090141005197
213421,1,7,5,0.3700090141005197
213431,1,7,8,26.236392553939375
213436,1,7,6,22.293436703143282
213459,1,7,7,3.6170361670614235
213480,1,7,9,31.76063166802517
213484,1,7,1,14.386307892965652
213493,1,7,4,0.3700090657260609
213510,1,7,9,25.690763924631817
213520,1,7,9,11.190722677404892
213529,1,7,8,10.90536310575624
213532,1,7,6,29.902443177666722
213541,1,7,9,13.367321501136368
213566,1,7,5,0.3700090141005197
213574,1,7,8,17.113981281782266
213602,1,7,6,10.277305528495749
213608,1,7,10,16.694439139355378
213617,1,7,1,18.48845969473409
213625,1,7,4,0.3700090657260609
213633,1,7,9,33.0334166602252
213643,1,7,10,17.22982569962887
213663,1,7,4,0.3700090656202526
213664,1,7,5,0.3700090141005197
213687,1,7,5,0.3700090141005197
213702,1,7,5,0.3700090141005197
213703,1,7,10,18.472280396889982
213717,1,7,3,2.315040910913125
213731,1,7,6,24.52864647882731
213740,1,7,6,15.224543388222854
213747,1,7,1,25.081626550359136
213751,1,7,6,30.11995021772609
213756,1,7,10,14.384286867178472
213774,1,7,6,20.979625765347816
213779,1,7,5,0.3700090141005197
213782,1,7,9,33.08380477918382
213785,0,7,0,0.04143393449536925
213787,1,7,4,0.3700090657260609
213791,1,7,10,3.364890021452124
213810,1,7,9,21.2430940994268
213826,1,7,6,10.872402929671136
213827,1,7,9,19.811277081941906
213837,1,7,9,28.77216878143816
213840,1,7,4,0.3700090657260609
213844,1,7,9,29.17719448225917
213868,1,7,6,23.385303489961977
213890,1,7,9,24.93440721335782
213897,1,7,1,24.80109963712675
213901,1,7,1,27.305721904661453
213909,1,7,8,12.375072305599366
213911,1,7,9,33.545777407328174
213938,1,7,8,26.25968436735077
213969,1,7,10,25.11157139477972
213971,1,7,4,0.3700090656202526
213973,1,7,7,1.500444739151176
213984,1,7,1,20.82779298823907
213985,1,7,4,0.3700090657260609
213994,1,7,7,6.230494334304617
214019,1,7,10,23.293453450703137
214032,1,7,10,25.013471805886482
214038,1,7,6,18.393662331637106
214087,1,7,6,30.293823571298237
214090,1,7,1,25.766987873582085
214093,1,7,6,20.29809667229015
214094,1,7,10,10.638494575058845
214095,1,7,9,21.951495859219197
214128,1,7,10,10.0938132865391
214160,1,7,8,8.772851133901787
214166,1,7,9,31.880703188728496
214168,1,7,6,11.217586769764019
214169,0,7,0,0.032095405226471356
214217,1,7,10,10.866141513688564
214223,1,7,6,28.990293905063837
214251,1,7,4,0.3700090657260609
214287,1,7,9,6.996789458723212
214292,1,7,5,0.3700090141005197
214299,1,7,10,21.351156006433378
214305,1,7,8,24.82410581244021
214338,1,7,2,4.818515376694403
214350,1,7,9,31.407200525667278
214352,1,7,6,22.908758087158947
214353,1,7,2,1.2441757025014883
214360,1,7,2,0.9216350682070106
214385,1,7,10,21.25355742354691
214394,1,7,9,31.48588597540492
214404,0,7,0,0.03109600734408958
214405,1,7,4,0.3700090656202526
214413,1,7,10,20.053471854718374
214421,1,7,1,17.185833438843797
214434,1,7,4,0.3700090657260609
214436,1,7,4,0.3700090657260609
214450,1,7,9,26.284472326542506
214460,1,7,10,9.496882870717407
214473,0,7,0,0.03661659150892532
214474,1,7,10,10.59842218270749
214508,1,7,10,18.685298036951902
214515,1,7,6,15.392684397401357
214517,1,7,7,2.1669085305702844
214536,1,7,3,2.5917489923753507
214541,1,7,1,17.487873557626376
214543,1,7,7,5.140537539184278
214544,1,7,9,28.26334554306216
214549,1,7,10,14.988124515358695
214573,1,7,10,4.414225353705722
214577,1,7,4,0.3700090657260609
214584,1,7,4,0.3700090657260609
214585,1,7,9,15.953086476003627
214586,1,7,6,19.087976348987393
214595,1,7,10,6.773855780197243
214596,1,7,6,29.654351736547042
214613,1,7,9,15.774814767172119
214628,1,7,5,0.3700090141005197
214629,1,7,9,19.390383632406895
214634,1,7,5,0.3700090141005197
214642,1,7,7,5.266281415784729
214643,1,7,9,32.25069046316221
214670,1,7,7,1.9299527497090312
214678,1,7,6,17.64175217447992
214681,1,7,6,30.634042503463256
214706,1,7,5,0.3700090141005197
214728,1,7,6,29.996498094532868
214738,1,7,4,0.3700090657260609
214742,1,7,6,11.78117546586622
214744,1,7,6,29.823477157126607
214747,1,7,7,6.215822323613016
214755,1,7,5,0.3700090141005197
214759,1,7,4,0.3700090657260609
214769,1,7,5,0.3700090141005197
214774,1,7,1,6.482827722208448
214777,1,7,8,11.631363078991306
214783,1,7,9,26.518438050227203
214790,1,7,10,11.672227448801682
214795,1,7,8,25.14819378348524
214797,1,7,8,18.586060799980693
214805,0,7,0,0.03585842440461466
214810,1,7,4,0.3700090657260609
214821,1,7,4,0.3700090657260609
214839,1,7,4,0.3700090657260609
214846,1,7,4,0.3700090657260609
214850,1,7,6,30.628757096234416
214880,1,7,10,25.462528896978835
214897,1,7,6,13.092896720912224
214899,1,7,6,11.879066274432885
214904,1,7,4,0.3700090657260609
214923,1,7,2,16.197235066009075
214938,1,7,3,2.850734033226434
214941,1,7,6,15.385763804666581
214951,1,7,3,3.206385876382826
214956,1,7,8,35.475328862594424
214970,1,7,5,0.37000902039789374
214993,1,7,5,0.37000902039789374
215005,1,7,7,2.1478199354205976
215012,1,7,5,0.3700090141005197
215014,1,7,10,23.07431652840091
215018,1,7,7,4.253380163324883
215044,1,7,2,7.903820304607047
215051,0,7,0,0.03906058570019752
215053,1,7,4,0.3700090657260609
215072,1,7,4,0.3700090657260609
215080,1,7,9,7.275098934974309
215096,1,7,9,30.107472868326095
215097,1,7,10,10.362147834611864
215106,1,7,8,17.913362645653095
215113,1,7,9,4.474298753310591
215120,1,7,5,0.3700090141005197
215125,1,7,9,29.777358112585077
215126,1,7,6,23.001563345940607
215155,0,7,0,0.043408313758343316
215159,1,7,9,15.5958944898293
215171,1,7,6,22.42319552520322
215172,1,7,5,0.3700090141005197
215174,1,7,9,19.822749134665358
215180,1,7,8,14.45285649848961
215212,1,7,4,0.3700090657260609
215219,1,7,4,0.3700090657260609
215222,1,7,5,0.3700090141005197
215223,1,7,9,16.856443301426967
215224,1,7,5,0.3700090141005197
215243,1,7,1,5.80264366454557
215247,1,7,6,21.693419512437067
215265,1,7,4,0.3700090657260609
215277,1,7,1,13.280151586386001
215283,1,7,9,21.921518553280922
215289,1,7,7,6.461989763825485
215303,1,7,4,0.3700090657260609
215325,1,7,6,8.326251018384355
215345,1,7,7,0.4247417188028219
215350,1,7,8,19.149675952415922
215360,1,7,4,0.3700090657260609
215365,1,7,1,12.44127516186282
215373,1,7,10,9.543531384191944
215385,1,7,6,27.271135333806935
215387,1,7,4,0.3700090657260609
215388,1,7,9,21.51775266453121
215389,1,7,8,32.047833045857175
215407,0,7,0,0.038257782518899254
215411,1,7,8,35.58262609190121
215429,1,7,4,0.3700090657260609
215431,1,7,8,2.549731400271943
215433,1,7,5,0.3700090141005197
215448,1,7,4,0.3700090657260609
215450,1,7,5,0.3700090141005197
215469,1,7,4,0.3700090657260609
215474,1,7,8,32.76142570754517
215478,1,7,6,28.774453416186358
215488,1,7,10,8.017321137060831
215492,0,7,0,0.062242142821089606
215493,1,7,8,14.534423517620375
215495,0,7,0,0.03745593871218133
215516,0,7,0,0.0460983170656716
215529,1,7,1,10.343931200399654
215533,1,7,6,17.166234523034703
215548,1,7,6,18.918922763270306
215556,1,7,9,30.618608856504064
215559,1,7,8,7.6623467761700255
215579,1,7,10,23.139302565230874
215596,1,7,7,4.954368631630612
215598,1,7,9,32.697484391394596
215614,1,7,8,9.04076936405507
215615,1,7,9,18.633505266081286
215621,1,7,8,34.05834196202785
215623,1,7,8,32.457853955483536
215634,1,7,4,0.3700090657260609
215637,1,7,2,0.939390048585167
215638,1,7,2,11.379304988312878
215647,1,7,8,8.623675061851742
215665,1,7,2,12.687985523032646
215668,1,7,8,27.27117169623397
215669,1,7,9,21.055883184089677
215677,1,7,6,28.65399941735444
215704,1,7,9,23.851345310464165
215709,1,7,9,7.518054502620185
215716,1,7,9,33.142894258631706
215722,1,7,8,22.505563445570154
215743,1,7,9,28.442979666991583
215757,1,7,5,0.3700090141005197
215771,1,7,9,24.757808278731183
215773,1,7,8,6.046322766135878
215774,0,7,0,0.047174680729613026
215802,1,7,9,10.307173333153328
215825,1,7,6,7.962918238966749
215831,1,7,1,24.796365639029126
215833,1,7,9,33.015576478301305
215864,1,7,9,33.67928341900608
215865,1,7,10,18.54533240466123
215885,1,7,10,18.458656197806484
215889,1,7,1,15.507549094363085
215897,1,7,6,26.67575535855164
215910,1,7,5,0.3700090141005197
215911,1,7,8,32.00184077077032
215915,1,7,9,31.52757086721478
215924,1,7,8,3.226808660500274
215974,0,7,0,0.2710018565494089
215977,1,7,10,14.321244351066758
215991,1,7,6,25.201001876133237
216010,1,7,10,15.780800163801112
216015,1,7,8,30.283883211020097
216037,1,7,8,32.46115195576298
216052,1,7,8,31.09180718627565
216074,1,7,9,23.384361657882362
216079,1,7,8,22.79961845234377
216082,1,7,8,24.42560099018023
216095,1,7,4,0.3700090657260609
216096,1,7,8,16.118277940315625
216114,1,7,8,35.358230148625815
216116,1,7,8,28.056858341648528
216120,1,7,2,1.3858320327988303
216129,1,7,6,25.60232293451663
216135,1,7,8,15.27903956438019
216149,1,7,9,21.485520634587633
216155,1,7,5,0.3700090141005197
216158,0,7,0,0.03393421121903928
216159,0,7,0,0.04039354039867004
216178,1,7,4,0.3700090657260609
216181,1,7,9,19.753800835367485
216186,1,7,6,5.479509089824664
216189,1,7,5,0.3700090141005197
216190,1,7,6,21.93833125212923
216199,1,7,6,22.251359200442884
216212,1,7,9,33.17332796764654
216217,1,7,5,0.3700090141005197
216222,1,7,8,32.73859370844827
216227,1,7,1,7.064644686685539
216230,1,7,8,35.230164979280744
216233,1,7,4,0.3700090657260609
216245,1,7,4,0.3700090657260609
216260,1,7,4,0.3700090657260609
216261,1,7,9,27.29361297019375
216276,1,7,10,6.502818543433898
216282,1,7,6,28.41169729849558
216284,1,7,4,0.3700090657260609
216285,1,7,10,8.995171014805912
216319,1,7,10,14.09487795471931
216325,1,7,9,30.240703009119233
216330,1,7,5,0.3700090141005197
216352,1,7,8,13.980375301037814
216357,1,7,10,5.437153322846282
216358,1,7,9,23.171420146065934
216393,1,7,3,3.180490637367472
216394,0,7,0,0.029359355291750214
216397,1,7,4,0.3700090657260609
216403,1,7,2,7.672155098796861
216404,1,7,6,9.784096959824115
216418,1,7,6,9.53338336426372
216430,1,7,9,19.52701270001535
216436,1,7,10,9.508137202690163
216440,1,7,8,33.276914785464356
216453,1,7,6,28.41847726078975
216460,0,7,0,0.17972667508869294
216465,1,7,4,0.3700090656202526
216468,1,7,8,35.89643930725495
216472,1,7,9,25.682590470505353
216476,1,7,7,2.8687514362845916
216481,1,7,10,6.896832620736596
216492,1,7,3,2.713208386390131
216493,1,7,9,17.720148762540013
216497,1,7,5,0.3700090141005197
216505,1,7,8,22.253438650881055
216521,1,7,6,23.71513465880287
216532,1,7,10,20.504861570050988
216537,1,7,8,30.19829566050868
216544,1,7,9,27.50857739728628
216547,1,7,5,0.3700090141005197
216558,1,7,3,3.228907826215549
216572,1,7,7,5.000007335610531
216574,1,7,5,0.3700090141005197
216575,1,7,9,13.081430979882557
216588,1,7,9,10.921272883243041
216611,1,7,9,9.06474173344029
216617,1,7,5,0.3700090141005197
216624,1,7,7,6.0323424212238645
216638,1,7,7,3.7560155970597258
216643,1,7,6,12.716655128702316
216657,1,7,9,4.857094310085327
216660,1,7,4,0.3700090657260609
216679,1,7,6,22.329989713019764
216685,1,7,5,0.3700090141005197
216688,1,7,8,20.795391004234855
216703,1,7,4,0.3700090657260609
216712,1,7,8,11.101882040797094
216713,0,7,0,0.04700718524623098
216728,1,7,5,0.37000902039789374
216739,1,7,10,19.41399312046905
216741,1,7,6,30.293089135054597
216753,1,7,1,18.515355922639383
216754,1,7,3,3.1318176656887355
216755,1,7,6,27.49628143759071
216767,1,7,3,2.618660173252143
216776,1,7,3,2.92471702561369
216786,1,7,8,24.64938708836325
216787,1,7,4,0.3700090657260609
216789,0,7,0,0.03906159245930132
216794,1,7,9,28.850914720081548
216799,1,7,1,6.00818011677743
216816,1,7,5,0.3700090141005197
216819,0,7,0,0.03352214627827971
216838,1,7,7,5.351126946045974
216839,1,7,7,1.7702379038145553
216840,1,7,8,22.072204654667573
216846,1,7,5,0.3700090141005197
216851,1,7,2,14.003106986448723
216874,1,7,8,26.668107805918222
216879,1,7,6,17.45164633025857
216899,1,7,10,18.297155889351878
216914,1,7,3,3.1347091553567106
216918,1,7,7,3.786581852777559
216929,1,7,1,5.45466823371747
216938,1,7,8,18.880811091972745
216962,1,7,5,0.3700090141005197
216963,1,7,8,29.060553242986746
216971,1,7,4,0.3700090657260609
216980,1,7,7,5.199304149975539
216987,1,7,5,0.3700090141005197
216991,1,7,9,33.61439480453872
216994,1,7,9,30.881307623304465
216995,1,7,10,23.382666132395947
217015,1,7,5,0.3700090141005197
217020,1,7,8,20.293830050795016
217032,1,7,9,30.665609815253447
217033,1,7,9,31.034953591413945
217037,1,7,9,17.741308442707822
217045,1,7,10,25.99383918904738
217052,1,7,6,16.471275523936544
217057,1,7,5,0.3700090141005197
217073,1,7,6,14.038637039285401
217077,1,7,5,0.3700090141005197
217083,1,7,1,15.410770489106485
217099,1,7,5,0.3700090141005197
217116,1,7,9,33.1132869470657
217126,1,7,5,0.3700090141005197
217129,1,7,1,8.453464947383493
217142,1,7,9,30.23338658365968
217151,1,7,9,9.410817711601867
217160,1,7,8,35.71358373091605
217162,1,7,7,3.736373500386085
217164,1,7,9,33.37167447468236
217177,1,7,9,33.437162994083316
217187,1,7,1,24.31776005601749
217190,1,7,8,28.284443827412126
217196,1,7,10,23.64297833811894
217199,1,7,10,9.360445354846139
217201,1,7,4,0.3700090657260609
217206,1,7,2,15.411626106558687
217222,1,7,4,0.3700090657260609
217235,1,7,4,0.3700090657260609
217253,1,7,6,10.181603274760286
217258,0,7,0,0.03494852810306002
217265,1,7,9,20.949645888917026
217271,1,7,8,26.08554594126794
217273,1,7,9,24.74427114650744
217297,1,7,1,18.62812436523308
217318,1,7,4,0.3700090657260609
217338,1,7,9,19.031497919807325
217348,1,7,2,14.95591290002664
217352,1,7,9,14.045238141567136
217362,1,7,1,17.011592981179394
217371,1,7,9,17.04084884064929
217373,1,7,9,23.110817441917554
217378,1,7,9,23.473645811005447
217391,1,7,10,14.406628423814123
217403,1,7,10,25.909896965641124
217431,1,7,6,10.779763863298337
217439,1,7,9,24.177199473400034
217442,1,7,9,30.653866516929625
217455,1,7,5,0.3700090141005197
217468,1,7,4,0.3700090657260609
217476,1,7,5,0.3700090141005197
217492,1,7,9,30.596563110556737
217499,1,7,7,3.393384956458664
217520,1,7,8,35.67381680796005
217523,1,7,6,27.81862919614852
217527,1,7,10,24.225361502301787
217532,1,7,1,6.904805746844532
217551,1,7,9,22.299344074696148
217556,1,7,10,26.00667497057797
217606,1,7,5,0.3700090141005197
217611,1,7,5,0.3700090141005197
217615,1,7,4,0.3700090656202526
217622,1,7,8,33.763498770423226
217629,1,7,5,0.3700090141005197
217643,1,7,5,0.3700090141005197
217645,1,7,2,11.163248818123412
217661,1,7,1,18.97920635194441
217666,1,7,6,22.093153378531305
217669,1,7,9,18.557714876824807
217671,1,7,9,15.731690684419675
217679,1,7,4,0.3700090657260609
217693,1,7,3,3.158674128012504
217695,1,7,8,26.312267994137578
217698,1,7,9,30.597119491286033
217706,1,7,7,1.4979910892386221
217710,1,7,3,0.7223751167089939
217729,1,7,7,2.0584494770522492
217731,1,7,9,18.733705183810425
217740,1,7,6,9.336229978642919
217747,0,7,0,0.03901853668927095
217755,1,7,10,6.125988782105719
217779,1,7,4,0.3700090657260609
217784,0,7,0,0.04721575746424617
217798,1,7,8,31.09022323407778
217811,1,7,4,0.3700090657260609
217812,1,7,8,25.694025676711416
217817,1,7,6,13.119692147473927
217818,1,7,5,0.3700090141005197
217820,1,7,7,5.765899478109501
217826,1,7,1,22.70810712451463
217829,1,7,4,0.3700090657260609
217843,1,7,6,13.404743606001077
217848,1,7,9,10.38543572497844
217849,1,7,3,3.008703845187714
217857,1,7,8,24.026856129599143
217864,1,7,6,15.37095650549907
217884,1,7,2,10.92139225670134
217885,1,7,4,0.3700090657260609
217894,1,7,6,29.70629186943393
217901,0,7,0,0.027110021838984113
217933,0,7,0,0.04153673801161672
217938,1,7,9,20.630675840564027
217944,1,7,5,0.3700090141005197
217961,1,7,8,31.280259074781892
217965,1,7,1,11.625829229721003
217974,1,7,5,0.3700090141005197
217978,0,7,0,0.03380569490203838
217983,1,7,10,25.610451492247343
217997,1,7,8,35.10521982481645
218007,1,7,6,28.991993618433668
218013,1,7,6,8.611549544562312
218016,1,7,9,24.652058568520467
218024,1,7,8,24.580831249947707
218025,1,7,10,21.197276903039917
218035,1,7,6,24.80182990750614
218041,1,7,2,11.323037107866618
218069,1,7,10,14.286893785553472
218074,1,7,7,6.51415925725517
218099,1,7,4,0.3700090657260609
218105,1,7,9,2.206627594834906
218109,1,7,8,16.646647490219927
218113,1,7,3,3.178500015425863
218129,1,7,4,0.3700090657260609
218148,1,7,5,0.3700090141005197
218158,1,7,4,0.3700090657260609
218160,1,7,9,29.178926107888866
218163,1,7,10,6.08206946242982
218172,1,7,8,25.959901481045843
218183,1,7,9,22.76844057178691
218185,1,7,8,13.73394564961297
218200,1,7,9,24.492027521555794
218202,0,7,0,0.036839323653316096
218211,1,7,5,0.3700090141005197
218212,1,7,8,11.919444352063481
218214,1,7,9,33.435083738781735
218225,1,7,7,6.113488065736033
218231,1,7,9,6.274571126096631
218237,1,7,5,0.3700090141005197
218255,0,7,0,0.035314527048756074
218258,1,7,10,4.15132902741538
218267,0,7,0,0.1412685288055056
218268,1,7,9,29.767294893223642
218281,0,7,0,0.03414446797953982
218287,1,7,9,17.441051001942164
218310,1,7,1,3.696481186205488
218328,1,7,4,0.3700090657260609
218339,1,7,5,0.3700090141005197
218344,1,7,9,33.02214546926497
218351,1,7,9,2.6006138609659244
218354,1,7,9,23.993972112233795
218361,1,7,5,0.3700090141005197
218371,1,7,4,0.3700090657260609
218374,1,7,7,6.157104279993487
218387,1,7,5,0.3700090141005197
218390,1,7,10,5.8005255831261024
218393,1,7,5,0.3700090141005197
218400,1,7,1,10.420891592104882
218405,1,7,4,0.3700090656202526
218408,1,7,9,12.123362360682243
218421,1,7,5,0.3700090141005197
218459,1,7,6,24.10498197462595
218465,1,7,6,22.457749384669576
218480,1,7,9,31.33283653210176
218488,1,7,10,6.78351962029558
218490,0,7,0,0.036052540301681375
218492,1,7,6,16.75383734126949
218506,1,7,8,29.79315778657373
218515,1,7,9,13.903227754097639
218525,1,7,10,23.309866336506584
218540,1,7,6,30.45101985909489
218543,1,7,4,0.3700090657260609
218552,1,7,9,24.1658473784781
218556,1,7,5,0.3700090141005197
218558,1,7,9,33.61056977544931
218582,1,7,6,24.39502255981581
218590,1,7,8,4.870228036043318
218591,1,7,7,6.46599394121337
218598,1,7,8,4.4784697696896165
218603,1,7,10,12.51725010549575
218608,1,7,4,0.3700090657260609
218622,1,7,1,14.384019192567212
218635,1,7,8,15.206400351161994
218659,1,7,5,0.3700090141005197
218675,1,7,6,28.995863237630136
218677,1,7,4,0.3700090657260609
218680,1,7,7,1.6517726891641522
218683,1,7,6,22.535960506357625
218684,1,7,1,19.368160155413584
218691,1,7,9,20.324299702179918
218695,1,7,3,3.140857273909608
218697,1,7,9,16.97692756915414
218703,1,7,6,24.557700109663326
218712,1,7,8,16.239751971994707
218742,1,7,3,3.0932190746138524
218743,1,7,4,0.3700090657260609
218745,1,7,5,0.3700090141005197
218746,1,7,5,0.3700090141005197
218761,1,7,8,22.53064435200303
218764,1,7,8,29.390970681210426
218770,1,7,9,24.749323599899455
218777,1,7,6,25.019065614121434
218785,1,7,8,31.102300572160438
218790,1,7,6,8.259584346250241
218798,1,7,9,22.900097232729216
218807,1,7,9,21.244447165059917
218828,1,7,9,23.906984984435926
218850,0,7,0,0.03550261148048691
218851,1,7,1,4.5361033332363085
218852,1,7,8,18.8407488192616
218853,1,7,5,0.3700090141005197
218895,0,7,0,0.039197082964164826
218909,1,7,7,6.449122551168418
218910,1,7,8,33.642164066081286
218912,1,7,9,33.223736798314704
218916,1,7,2,3.6476860476451827
218951,1,7,4,0.3700090657260609
218959,1,7,10,18.478519812043494
218969,1,7,9,19.74289748311208
218998,1,7,8,14.540971093991962
218999,1,7,10,22.806563622549568
219010,1,7,6,16.427919574164605
219013,1,7,6,22.89346474433545
219018,1,7,8,21.757549175821612
219022,1,7,9,28.03492674483403
219024,1,7,3,1.9929700289890036
219028,1,7,6,27.55621954108192
219029,1,7,10,26.014242224866237
219043,1,7,10,25.948148481451355
219045,1,7,5,0.3700090141005197
219049,1,7,5,0.3700090141005197
219054,0,7,0,0.03328799435919397
219060,1,7,4,0.3700090657260609
219067,1,7,1,12.884945412580171
219070,1,7,5,0.3700090141005197
219081,1,7,4,0.3700090657260609
219097,1,7,5,0.3700090141005197
219098,1,7,1,8.559790209340076
219110,1,7,9,32.108685416642494
219114,1,7,4,0.3700090657260609
219129,1,7,4,0.3700090657260609
219131,1,7,9,23.114837684337804
219142,1,7,5,0.3700090141005197
219149,1,7,8,27.56803010061005
219154,1,7,6,6.8368606716911655
219156,1,7,8,2.802492671555251
219165,1,7,9,33.37686699545242
219171,1,7,6,30.48663849224714
219174,1,7,1,20.09886955723204
219181,1,7,5,0.3700090141005197
219189,1,7,8,4.157669881614093
219190,1,7,9,33.37181845067212
219198,1,7,9,33.30123425991552
219202,1,7,4,0.3700090657260609
219204,1,7,9,31.18069139373702
219208,1,7,6,4.855381533878004
219225,1,7,10,5.6346645827136985
219226,1,7,5,0.3700090141005197
219238,1,7,4,0.3700090657260609
219245,1,7,9,24.25753579882824
219246,1,7,4,0.3700090657260609
219263,1,7,6,7.6384499072181296
219291,1,7,10,17.808390008436948
219311,1,7,8,3.2232155297530474
219324,1,7,10,18.004653337233307
219343,1,7,8,16.649047685647272
219363,1,7,7,6.016814440782438
219366,1,7,10,6.74798825523617
219370,1,7,9,24.610337913893204
219382,1,7,2,13.196182396486256
219387,1,7,9,6.051505226000209
219391,1,7,7,1.021211202761461
219397,1,7,9,33.03836305298801
219398,1,7,7,5.219030611764962
219400,1,7,6,29.563276035001245
219404,1,7,1,12.91905150830189
219419,1,7,7,3.3510350823049793
219422,1,7,9,4.238957138871521
219440,1,7,8,34.40216834549442
219462,1,7,9,30.397088919089672
219472,0,7,0,0.09487896399173533
219477,1,7,1,13.51488223989313
219478,1,7,9,30.73474712858328
219481,1,7,9,26.948851626767247
219495,1,7,5,0.3700090141005197
219499,1,7,9,11.605672945684182
219502,1,7,4,0.3700090656202526
219519,1,7,6,14.70131116304454
219530,1,7,8,34.83493107663259
219577,1,7,9,17.42169890643272
219585,1,7,4,0.3700090657260609
219588,1,7,10,26.044076697485544
219598,1,7,9,16.962966306036368
219600,1,7,8,6.1761905948238836
219602,1,7,10,21.37877654248794
219622,1,7,9,12.870064753797013
219623,0,7,0,0.039564285493530846
219638,1,7,2,5.393671594571128
219644,1,7,8,27.87974847771058
219657,1,7,8,13.018548052344403
219664,1,7,7,5.167757076783685
219685,1,7,9,2.6109425124969685
219696,1,7,9,23.511587709998764
219705,0,7,0,0.03917882355807823
219713,1,7,3,3.118998069865909
219720,1,7,2,16.47681242265453
219722,1,7,10,14.714314183910803
219726,1,7,6,30.34755046158779
219730,1,7,9,15.130989883604087
219744,1,7,5,0.3700090141005197
219747,1,7,10,16.536315002024253
219761,1,7,6,12.855002251249283
219773,1,7,10,11.900947663608754
219800,1,7,5,0.3700090141005197
219824,1,7,6,15.395068955721227
219842,1,7,4,0.3700090657260609
219853,1,7,7,3.839513788680436
219856,1,7,5,0.3700090141005197
219878,1,7,9,23.809814619757077
219880,1,7,8,33.29998641609539
219889,1,7,6,18.090744358933094
219895,1,7,10,26.005186027420294
219900,1,7,8,26.320908968773203
219904,1,7,5,0.3700090141005197
219907,1,7,9,29.827722084855157
219910,1,7,1,18.409019587134758
219917,1,7,9,27.510552560780592
219926,1,7,6,22.047861814807547
219927,1,7,5,0.3700090141005197
219935,1,7,9,33.72116373494015
219942,1,7,9,6.950237396017425
219959,1,7,1,9.19083546528746
219983,1,7,8,33.8902674916133
219993,1,7,9,32.4156445696093
220000,1,7,10,12.260790487365234
220010,1,7,8,14.069579693920529
220019,1,7,6,29.907070079708483
220024,1,7,2,15.0311477260172
220025,1,7,6,13.340147842000361
220048,0,7,0,0.051528748502397324
220051,1,7,8,4.227705924176703
220052,1,7,4,0.3700090657260609
220056,1,7,9,16.94104670568604
220066,1,7,9,20.109996449559564
220069,1,7,1,19.123469909699114
220072,1,7,9,8.304019661506183
220081,1,7,4,0.3700090657260609
220082,1,7,9,14.855282960624894
220100,0,7,0,0.03509947706637804
220116,1,7,6,8.70192519718646
220119,1,7,8,21.201852665273698
220137,1,7,5,0.37000902039789374
220141,1,7,4,0.3700090657260609
220152,1,7,10,18.230920616023283
220155,1,7,6,28.321614520374386
220177,1,7,4,0.3700090657260609
220184,1,7,2,10.310771464521528
220185,0,7,0,0.03285979769962267
220190,1,7,4,0.3700090657260609
220191,1,7,8,29.885728514805795
220209,1,7,8,5.277188036348507
220211,1,7,10,18.894050351340443
220212,1,7,8,20.716752734863913
220214,1,7,5,0.3700090141005197
220216,1,7,5,0.3700090141005197
220234,1,7,6,26.25761811274472
220267,1,7,9,23.402962708995517
220272,1,7,6,30.240187437461465
220273,1,7,8,9.495503541492155
220287,1,7,9,15.143142580474374
220296,1,7,7,5.401594386658432
220308,1,7,6,26.273278115881286
220309,1,7,10,23.4686806703162
220319,1,7,10,20.823615022780558
220323,0,7,0,0.030358964220391412
220361,1,7,9,18.219479371263407
220376,1,7,7,6.372425741241059
220379,1,7,8,21.577209188433237
220391,1,7,9,22.8387161629612
220395,1,7,9,15.705866570193537
220408,1,7,2,8.665481530243683
220424,1,7,8,28.438247504996518
220425,1,7,9,32.06602395919399
220427,1,7,9,33.262454084323316
220431,1,7,4,0.3700090657260609
220432,1,7,1,15.244968766531159
220435,1,7,1,18.995050026138973
220439,1,7,1,21.49002194178186
220443,1,7,5,0.3700090141005197
220456,1,7,9,30.18462161072578
220472,0,7,0,0.03474748589516587
220486,1,7,7,6.433220954026641
220496,1,7,6,17.90531242770775
220498,1,7,10,14.203179484392525
220505,1,7,9,31.345313810264134
220518,1,7,10,13.293409562689007
220534,1,7,4,0.3700090657260609
220535,1,7,6,17.84588246860071
220554,1,7,6,10.853380250164918
220558,1,7,9,33.65248522605554
220572,1,7,6,24.1661992333119
220582,1,7,5,0.3700090141005197
220584,1,7,10,23.924046059004134
220585,1,7,9,30.619446467594365
220608,1,7,9,19.997180308998274
220634,1,7,9,14.43142577990778
220645,1,7,5,0.3700090141005197
220693,1,7,10,17.609779231545023
220696,1,7,4,0.3700090657260609
220701,1,7,8,21.149060084815623
220725,1,7,3,3.2220095594269935
220730,1,7,8,17.00490759908014
220756,1,7,6,8.863879203879096
220783,1,7,5,0.3700090141005197
220793,1,7,1,4.057144195250116
220811,1,7,9,6.464961842626147
220821,1,7,8,26.216570004540106
220836,0,7,0,0.07556115274834932
220846,1,7,5,0.3700090141005197
220853,1,7,9,13.11293490610938
220876,1,7,7,0.8491926445721932
220901,1,7,5,0.3700090141005197
220903,0,7,0,0.03293095060772949
220908,1,7,8,18.431226120257595
220925,1,7,8,32.20404884327308
220933,0,7,0,0.0358907067143377
220948,1,7,10,9.849302652746745
220949,1,7,6,22.777424821636156
220950,1,7,2,8.656195038757806
220957,1,7,9,28.614574250829595
220976,1,7,2,5.176865961202522
221000,1,7,7,2.8957979299753527
221008,1,7,4,0.3700090657260609
221018,1,7,9,33.29622014611655
221035,1,7,9,7.831871044001358
221036,1,7,10,15.697010061341905
221046,1,7,3,3.233005706320708
221054,1,7,4,0.3700090657260609
221068,1,7,8,9.572517215671168
221117,1,7,4,0.3700090657260609
221128,1,7,1,20.313064931378808
221144,1,7,6,20.198847495059294
221145,1,7,9,28.805153218046605
221146,1,7,4,0.3700090657260609
221147,1,7,9,17.215849361462283
221189,1,7,8,9.22556152722934
221190,1,7,9,33.665979877832626
221191,1,7,9,19.03679801008905
221198,1,7,9,17.635350772848223
221203,1,7,9,19.942979531089414
221211,1,7,1,26.56453221409101
221212,1,7,3,2.877309304220712
221216,1,7,9,19.385447429263134
221223,1,7,4,0.3700090657260609
221228,0,7,0,0.03673750870962815
221233,1,7,4,0.3700090657260609
221234,1,7,3,3.113508195378628
221247,0,7,0,0.031800255124771366
221254,1,7,9,24.691518605497187
221261,1,7,9,19.99489267060047
221320,1,7,8,10.385164793356944
221332,1,7,8,28.49114211583696
221339,1,7,4,0.3700090657260609
221350,1,7,5,0.3700090141005197
221361,1,7,9,33.10982198164033
221393,1,7,9,2.985190425307075
221399,1,7,10,17.34647998585622
221407,1,7,8,12.51275638226497
221414,1,7,9,22.44966381819579
221430,1,7,9,30.64364505530103
221440,1,7,6,5.335213422993905
221446,1,7,8,4.878499769629303
221453,1,7,6,29.787530449879238
221454,1,7,3,2.7394364338143684
221462,1,7,6,11.686286131674752
221465,1,7,8,10.828723657409391
221476,1,7,6,26.433084024251905
221484,1,7,3,3.155846745305559
221487,1,7,10,25.522799736798145
221500,1,7,6,26.127297759963916
221521,1,7,8,25.357467016279983
221555,1,7,9,2.4629337400324633
221577,1,7,7,5.46684448803231
221579,1,7,9,22.300103453151927
221607,1,7,8,24.899961240533703
221613,1,7,8,21.547427887533058
221615,1,7,5,0.3700090141005197
221622,1,7,8,26.556965079712956
221623,1,7,3,3.1767173257230983
221629,1,7,6,22.971186460249672
221630,1,7,3,3.112977939657311
221635,1,7,10,15.886418037567749
221637,1,7,10,8.106502798463213
221644,1,7,5,0.3700090141005197
221654,1,7,8,27.006489468232907
221656,1,7,4,0.3700090657260609
221662,1,7,5,0.3700090141005197
221667,1,7,2,6.07181904013991
221696,1,7,6,14.291366091697085
221699,1,7,4,0.3700090657260609
221702,1,7,4,0.3700090657260609
221732,0,7,0,0.02941952493723983
221733,1,7,10,5.660461053376217
221740,0,7,0,0.03492980849485157
221741,1,7,6,29.104173855406646
221742,1,7,4,0.3700090657260609
221748,1,7,6,19.150024828380854
221774,1,7,6,18.614193154539887
221783,1,7,4,0.3700090657260609
221788,1,7,6,26.64683983763361
221791,1,7,4,0.3700090656202526
221793,1,7,9,24.40382327374531
221796,1,7,9,26.099754588708347
221823,1,7,5,0.3700090141005197
221831,1,7,3,3.2302694611072567
221832,1,7,9,33.345897810500716
221850,1,7,1,23.899385075909183
221871,0,7,0,0.033098198393954316
221902,1,7,7,3.0933035723097095
221906,1,7,8,33.26705591100181
221911,1,7,8,29.217739633568396
221914,1,7,5,0.3700090141005197
221936,1,7,4,0.3700090657260609
221937,1,7,8,25.706171286423054
221965,1,7,5,0.3700090141005197
221974,1,7,8,7.62123849296384
221975,1,7,6,16.625644793356404
221994,1,7,2,5.257123088467375
222000,1,7,9,20.58909619093738
222011,1,7,8,33.29075763217951
222047,1,7,8,13.043068343369582
222048,1,7,5,0.3700090141005197
222071,1,7,1,24.518489136356774
222079,0,7,0,0.03002007395171724
222096,1,7,6,30.365123340586056
222100,1,7,8,22.19127666827535
222102,1,7,1,5.8083864108056895
222104,1,7,4,0.3700090657260609
222106,1,7,4,0.3700090657260609
222121,1,7,10,13.886397098128365
222127,1,7,5,0.3700090141005197
222129,1,7,2,9.428820957377878
222134,1,7,9,15.938180525945393
222157,1,7,6,10.0311931560042
222173,1,7,9,5.924641347372311
222192,1,7,4,0.3700090657260609
222205,1,7,9,15.026001589136397
222218,0,7,0,0.0344832411375362
222230,1,7,9,13.275555068606478
222243,1,7,9,3.5113364873412585
222244,1,7,4,0.3700090657260609
222247,1,7,7,4.265658809631028
222248,1,7,8,26.036332655401413
222252,0,7,0,0.04131641962534109
222265,1,7,4,0.3700090657260609
222266,1,7,10,15.404193563455632
222270,1,7,4,0.3700090657260609
222272,1,7,8,17.400790885431473
222304,1,7,9,9.696155151402932
222311,1,7,7,6.130054626294199
222315,1,7,6,29.474194557982862
222322,1,7,8,17.3799481197446
222345,1,7,6,14.964072521002112
222352,1,7,8,35.43924934996666
222362,1,7,7,5.651908763298122
222364,1,7,6,19.457377145374412
222380,1,7,10,18.178590997478143
222384,1,7,10,25.282420181737358
222399,1,7,6,21.638945989766015
222417,1,7,8,21.67244124529329
222418,1,7,2,6.564958764680058
222425,1,7,2,13.684833534532421
222430,1,7,4,0.3700090657260609
222431,1,7,4,0.3700090657260609
222435,1,7,5,0.37000902039789374
222450,1,7,10,24.470833834884665
222466,1,7,10,19.065479748243042
222477,1,7,6,19.16086160676241
222479,1,7,8,3.2853747868337355
222481,1,7,6,30.496389866046698
222487,1,7,5,0.3700090141005197
222498,1,7,2,13.068709133402763
222510,1,7,9,31.177900951161355
222534,1,7,4,0.3700090657260609
222541,1,7,5,0.3700090141005197
222586,1,7,7,3.959955039507027
222594,1,7,9,19.52059489186941
222607,1,7,4,0.3700090657260609
222614,1,7,7,2.015189621539521
222642,1,7,8,21.652976595416245
222651,1,7,10,20.53782484052594
222668,1,7,9,19.433105001629055
222670,1,7,6,29.900471580748754
222673,1,7,8,2.787080013321832
222677,1,7,1,17.62512955658101
222686,0,7,0,0.028686760582599294
222691,1,7,8,29.992874168346262
222695,1,7,4,0.3700090657260609
222700,1,7,5,0.3700090141005197
222713,1,7,9,17.694254648879145
222734,1,7,5,0.3700090141005197
222740,1,7,9,16.78424630170849
222743,1,7,4,0.3700090657260609
222747,1,7,6,4.2775962982582145
222748,1,7,9,29.586679311630093
222754,1,7,9,11.360196314275816
222758,1,7,10,25.29549103448365
222761,1,7,4,0.3700090656202526
222769,1,7,4,0.3700090657260609
222797,1,7,6,8.144978124631042
222805,1,7,9,23.522090374635923
222807,1,7,9,23.47930222338926
222823,1,7,3,2.5799238675276808
222843,1,7,1,4.167831822889358
222845,0,7,0,0.03618295531315527
222862,1,7,5,0.3700090141005197
222894,1,7,6,13.14595747125273
222899,1,7,3,3.2463302801181766
222900,1,7,6,18.54313622386449
222907,1,7,9,5.746083894246278
222909,1,7,8,10.109981331689442
222918,1,7,4,0.3700090657260609
222928,1,7,4,0.3700090657260609
222930,1,7,9,26.923066975832135
222946,1,7,5,0.3700090141005197
222961,1,7,10,17.971112986076037
222965,1,7,5,0.3700090141005197
222969,1,7,8,6.081393498857383
222972,1,7,1,27.71076445433699
222976,1,7,10,8.884126793002999
222978,1,7,10,6.939826582352018
222979,1,7,4,0.3700090657260609
223023,1,7,4,0.3700090657260609
223040,1,7,9,32.97070824562102
223041,1,7,9,31.35441320638717
223057,1,7,5,0.3700090141005197
223066,1,7,9,13.183883074595997
223076,1,7,4,0.3700090657260609
223077,1,7,7,3.367328794097954
223082,1,7,9,5.4050409030151485
223094,1,7,8,27.31786685625261
223095,1,7,6,26.67001476498362
223099,1,7,6,21.305233215023524
223119,1,7,8,20.89204240943989
223122,1,7,8,15.429021513457604
223125,1,7,10,23.74748073607715
223172,1,7,7,3.441582787383816
223183,1,7,8,18.94153699726892
223188,1,7,10,3.844943901449095
223207,1,7,1,8.5998730574928
223210,1,7,8,20.800755113957507
223211,1,7,8,33.35325489571893
223246,1,7,9,31.47693953892933
223253,1,7,8,19.782070935862897
223255,1,7,5,0.3700090141005197
223261,1,7,7,6.461808384013861
223265,1,7,7,5.959898778013163
223281,1,7,4,0.3700090657260609
223287,1,7,9,6.280832047628493
223290,1,7,10,22.057117833306286
223303,1,7,8,10.43501784437957
223327,1,7,8,23.220026903469606
223331,1,7,5,0.3700090141005197
223338,1,7,9,13.018995436654308
223347,1,7,6,25.884652243410063
223371,1,7,9,22.01845077876291
223374,1,7,1,14.482165632502033
223383,1,7,4,0.3700090657260609
223384,1,7,6,24.610120099064314
223396,1,7,9,24.269934380767214
223402,1,7,6,20.75825145776569
223445,1,7,9,24.493125420179823
223461,0,7,0,0.04642238426503086
223473,0,7,0,0.031917200910929394
223487,0,7,0,0.0401550904391444
223501,1,7,6,18.216193794277174
223502,1,7,8,33.39022134734985
223511,1,7,3,2.924003997260546
223512,0,7,0,0.0462894818515918
223523,1,7,7,4.049108942690661
223543,0,7,0,0.03726096134727321
223553,0,7,0,0.04672627577028834
223560,1,7,10,23.30135297761061
223576,1,7,6,30.04648252010954
223588,0,7,0,0.031543769115124694
223605,1,7,6,25.523223103642064
223609,1,7,8,11.260771335751908
223617,1,7,8,10.440159271552346
223631,1,7,7,2.629305927180597
223643,1,7,6,19.812863805173595
223672,1,7,8,25.77107191661728
223673,1,7,9,20.401732891679195
223685,1,7,7,5.503680864527783
223694,1,7,9,33.68308166312494
223696,1,7,8,30.4134484017926
223719,1,7,9,25.0165095829693
223721,1,7,1,13.477755319851255
223728,1,7,5,0.3700090141005197
223753,1,7,5,0.3700090141005197
223758,1,7,4,1.1978831281559137
223779,1,7,9,7.728767267746959
223799,1,7,2,7.298363942478065
223817,1,7,4,0.3700090656202526
223822,1,7,1,20.899260689012
223833,1,7,4,0.3700090657260609
223856,1,7,7,1.8443199157935488
223858,1,7,9,28.45950314192476
223859,1,7,5,0.3700090141005197
223861,1,7,9,31.232912520718802
223871,1,7,1,20.807932401903958
223874,1,7,9,16.736770801568383
223878,1,7,9,30.241027137736967
223880,1,7,6,27.646604452984523
223882,1,7,7,5.514339801225532
223883,1,7,5,0.3700090141005197
223884,1,7,5,0.3700090141005197
223946,1,7,8,12.495081464283272
223959,1,7,9,19.801244871613672
223987,1,7,9,31.490288310738745
223989,1,7,7,5.742656428727754
223994,1,7,9,24.864663311616404
223995,1,7,10,18.53309778956614
224001,1,7,5,0.3700090141005197
224023,1,7,8,36.02867019012189
224040,1,7,9,21.511504642686376
224043,1,7,4,0.3700090657260609
224047,1,7,1,21.116725229672916
224057,1,7,5,0.3700090141005197
224078,1,7,4,0.3700090657260609
224085,1,7,5,0.3700090141005197
224089,1,7,7,4.994196252658466
224114,1,7,8,2.6578915457785977
224125,1,7,9,10.238719194933429
224131,1,7,9,18.883120337918566
224145,1,7,1,13.826565507247743
224146,1,7,7,0.3476826264341717
224161,1,7,5,0.3700090141005197
224171,1,7,6,30.54533633755774
224178,0,7,0,0.032921142954585196
224198,1,7,6,14.083273634862692
224212,1,7,8,35.621035428211925
224226,1,7,10,26.06925400352178
224230,1,7,4,0.3700090657260609
224237,1,7,9,32.67666503008339
224252,1,7,1,15.600455552469413
224260,1,7,1,14.61309617776183
224264,1,7,8,35.62065105543011
224271,1,7,5,0.3700090141005197
224274,1,7,7,1.2884987217527946
224275,1,7,3,2.79801557376798
224276,1,7,1,10.944971011689683
224278,1,7,10,22.22504769998126
224282,1,7,6,29.646508711251247
224303,1,7,3,3.2147857475222157
224329,1,7,1,22.34018121235311
224345,1,7,8,6.458030857083569
224366,1,7,10,6.2887145209111415
224388,1,7,6,21.183965151688966
224399,1,7,5,0.3700090141005197
224430,1,7,9,24.113697871620097
224468,1,7,8,28.363932762297637
224481,1,7,6,16.112476894425022
224483,1,7,7,6.311907268340632
224486,1,7,9,25.363233059001026
224502,1,7,8,21.41677483778941
224505,1,7,6,22.996324950484528
224509,1,7,4,0.3700090656202526
224511,1,7,9,12.868852868001731
224517,1,7,5,0.3700090141005197
224521,1,7,7,3.376560886624561
224562,1,7,4,0.3700090657260609
224578,1,7,9,25.09747809621898
224584,1,7,7,2.0795322864462205
224585,1,7,6,15.702899864781497
224602,0,7,0,0.14318499562257844
224606,1,7,6,16.59408020888606
224608,1,7,4,0.3700090657260609
224636,1,7,6,13.03924277370484
224641,1,7,9,20.188650888651072
224646,1,7,1,11.380021398862189
224653,1,7,4,0.3700090657260609
224654,1,7,5,0.3700090141005197
224658,0,7,0,0.033037609291038876
224661,1,7,1,22.5454946490148
224670,0,7,0,0.048101989995630756
224691,1,7,4,0.3700090657260609
224704,1,7,8,23.817900726676037
224706,1,7,6,28.963652990709022
224713,1,7,10,14.794754583617014
224717,1,7,5,0.3700090141005197
224731,1,7,8,26.08374705811457
224743,1,7,6,27.980554597830455
224747,1,7,7,5.343277320463773
224749,1,7,9,10.688782264236883
224758,1,7,5,0.3700090141005197
224765,1,7,6,4.362939421533306
224768,1,7,8,26.776420766778156
224776,1,7,5,0.3700090141005197
224796,1,7,9,29.563578618029087
224798,1,7,9,33.000161426505024
224805,1,7,9,13.373149647742387
224807,1,7,6,29.253595488424573
224837,1,7,1,20.97051018764571
224840,1,7,10,22.81732985155242
224842,1,7,1,20.83235519990191
224862,1,7,7,6.127214541988281
224863,1,7,9,23.979885991989292
224880,1,7,4,0.3700090657260609
224892,1,7,9,13.983976503623088
224928,1,7,1,18.735478961483516
224930,1,7,3,3.199629893077117
224931,1,7,4,0.3700090657260609
224933,1,7,3,1.3908343365677274
224947,1,7,5,0.3700090141005197
224949,1,7,4,0.3700090657260609
224950,1,7,4,0.3700090657260609
224967,1,7,10,18.41844000783646
224971,1,7,9,32.483728483521645
224975,1,7,3,2.2959980948903036
224976,1,7,7,2.0175100097639183
224986,1,7,8,26.09921509974491
225002,1,7,7,6.406915034349442
225034,1,7,5,0.3700090141005197
225050,1,7,9,11.16135617940003
225052,1,7,6,27.08954670455773
225053,1,7,8,20.301866711989287
225060,1,7,6,12.69943268761921
225075,1,7,6,18.9496308321441
225085,1,7,6,27.423154268123223
225087,1,7,3,3.2140650034751013
225091,1,7,10,4.0331800830391
225092,1,7,4,0.3700090656202526
225098,1,7,1,4.202548376337252
225107,1,7,4,0.3700090657260609
225118,1,7,6,12.289313847101187
225135,1,7,5,0.3700090141005197
225139,1,7,5,0.3700090141005197
225140,1,7,3,3.1583306760853285
225146,1,7,2,15.932313329361168
225148,1,7,6,17.318731899101323
225152,1,7,8,26.834020646170224
225164,1,7,5,0.3700090141005197
225167,1,7,5,0.3700090141005197
225176,1,7,1,21.503857958186515
225194,1,7,5,0.3700090141005197
225202,1,7,5,0.3700090141005197
225206,1,7,4,0.3700090657260609
225207,1,7,8,28.2815685121973
225216,1,7,7,4.5954591106325955
225236,1,7,9,23.178966705059825
225245,1,7,6,29.188086441465774
225246,1,7,5,0.3700090141005197
225247,1,7,1,13.651225986396273
225263,1,7,9,30.971319432989603
225270,1,7,9,29.37963217997546
225293,1,7,10,23.309685961058435
225308,1,7,9,17.254050282768013
225325,1,7,3,3.131044666501669
225338,1,7,9,25.434517323779048
225344,1,7,9,26.818257900924237
225355,1,7,8,30.827176005164215
225360,1,7,4,0.3700090657260609
225361,1,7,9,30.074523106487664
225362,1,7,10,13.448045671706433
225381,1,7,6,29.760058449642184
225385,1,7,5,0.3700090141005197
225391,1,7,6,28.226724752219702
225403,1,7,9,33.66161837397857
225455,1,7,8,31.856225225314258
225463,1,7,7,5.18133934345914
225471,1,7,10,9.350992191264222
225491,0,7,0,0.03428177170329033
225497,1,7,4,0.3700090657260609
225504,1,7,1,23.011252197816095
225515,1,7,6,28.977064523807197
225524,1,7,4,0.3700090657260609
225526,1,7,4,0.3700090657260609
225533,1,7,9,14.57867842754872
225542,1,7,9,24.085442236148893
225556,1,7,3,3.1184957308970356
225562,1,7,10,17.065367023916643
225573,0,7,0,0.035925890353710105
225576,1,7,2,10.110627394992896
225595,1,7,1,19.114777553977873
225596,1,7,6,29.578730084351573
225598,1,7,8,22.528267888949536
225610,1,7,2,8.914815616325352
225613,1,7,10,25.96881767987002
225622,1,7,7,2.365716296412991
225644,1,7,9,23.675933359239302
225676,1,7,5,0.3700090141005197
225690,1,7,9,8.645517458445456
225692,1,7,1,17.21022479268511
225701,1,7,2,4.481822759656213
225706,1,7,10,20.24476875870559
225716,1,7,8,8.6443822439644
225723,1,7,9,20.8086633943893
225728,1,7,9,32.444372295062244
225738,1,7,4,0.3700090657260609
225762,1,7,8,8.441289607859051
225774,1,7,4,0.3700090657260609
225777,1,7,4,0.3700090657260609
225803,1,7,6,17.82720435319238
225808,1,7,7,3.175447914679036
225812,1,7,7,1.9821134174005197
225841,1,7,1,27.38237434949101
225860,1,7,4,0.3700090657260609
225863,1,7,1,24.8462399176447
225876,1,7,8,31.343553992647685
225899,1,7,5,0.3700090141005197
225903,1,7,8,10.300881667752703
225914,1,7,1,23.739919840850288
225920,1,7,1,21.591606629691025
225943,1,7,6,15.958433050768305
225945,1,7,4,0.3700090657260609
225965,1,7,9,6.281254294275151
225968,1,7,8,35.32227206183011
225980,1,7,8,10.063716362083527
225988,1,7,4,0.3700090657260609
225990,1,7,4,0.3700090657260609
226005,1,7,8,8.832942095038078
226013,1,7,1,13.300655555558215
226053,1,7,9,23.834899521464735
226073,1,7,5,0.3700090141005197
226101,1,7,8,17.155730748870237
226107,1,7,7,0.7493183368398976
226109,1,7,8,21.653131212655282
226111,1,7,10,24.424172267679303
226127,1,7,8,22.630828456830045
226134,1,7,6,20.025214325654364
226137,1,7,8,34.56466077376245
226155,1,7,9,23.60474071095893
226168,1,7,8,20.25708991857625
226169,1,7,5,0.3700090141005197
226178,1,7,4,0.3700090657260609
226187,1,7,1,21.511107890479877
226206,1,7,9,32.45647815096864
226210,1,7,2,4.592935614643518
226211,1,7,8,11.735039383589786
226212,1,7,6,15.411904996225465
226219,1,7,9,21.154779503731813
226220,1,7,5,0.3700090141005197
226232,1,7,6,29.35770924511424
226237,1,7,6,8.097769841097776
226246,1,7,5,0.3700090141005197
226267,1,7,6,9.797402960557621
226285,1,7,9,18.22765495932329
226299,1,7,9,27.504415035895235
226325,1,7,7,1.8534285109779738
226343,1,7,5,0.3700090141005197
226349,1,7,6,28.156198015127856
226351,1,7,5,0.3700090141005197
226379,1,7,9,4.780221050031524
226391,1,7,7,5.174215614843957
226395,1,7,8,34.97207509776998
226409,1,7,4,0.3700090657260609
226425,1,7,3,3.034318143689112
226434,1,7,10,24.010507669540786
226448,1,7,4,0.3700090656202526
226459,1,7,4,0.3700090656202526
226462,1,7,10,10.364937998871781
226483,1,7,10,13.164925785431382
226493,1,7,5,0.3700090141005197
226495,1,7,9,18.279773392186
226500,1,7,4,0.3700090657260609
226507,1,7,6,18.26133554993246
226510,1,7,9,19.189838137824278
226528,1,7,9,22.982869867401973
226534,1,7,6,18.00177949690922
226544,1,7,4,0.3700090657260609
226560,1,7,10,6.6539924710726845
226575,1,7,8,19.361808112142317
226578,1,7,10,26.05042247299833
226585,1,7,10,13.639264991777734
226588,1,7,9,29.145113732747145
226591,1,7,6,25.772461769002266
226595,1,7,6,12.389957572471886
226599,1,7,10,16.619813080465615
226601,1,7,8,14.477922635457725
226606,1,7,8,27.899541640538796
226611,1,7,4,0.3700090657260609
226624,1,7,2,14.711750737268058
226672,1,7,6,14.586334817110263
226687,1,7,4,0.3700090657260609
226688,1,7,9,32.54014393891527
226703,0,7,0,0.18306612455232515
226711,1,7,6,27.416645641110467
226712,1,7,3,2.026277326438974
226723,1,7,9,13.485049543082804
226733,1,7,10,16.984587944085582
226734,1,7,7,6.197269614628181
226741,1,7,10,6.567388482826099
226745,1,7,10,12.426518800808603
226750,1,7,9,33.41591503836864
226751,1,7,5,0.3700090141005197
226754,0,7,0,0.03272622351408959
226755,1,7,6,27.405106254066542
226764,0,7,0,0.03863139655589863
226769,1,7,10,11.295455355437385
226770,1,7,9,13.746149964792806
226783,1,7,5,0.3700090141005197
226784,1,7,10,12.609908152484051
226787,1,7,6,27.798617477662795
226788,1,7,8,26.77962236923968
226790,1,7,7,1.7657914446818028
226814,1,7,9,32.344940119380716
226815,1,7,9,25.03994607274359
226825,1,7,5,0.3700090141005197
226843,1,7,10,17.825668901168562
226857,1,7,6,14.228295415364444
226862,1,7,5,0.3700090141005197
226866,1,7,8,13.985466779787329
226868,1,7,4,0.3700090657260609
226873,1,7,1,21.62043791852397
226875,0,7,0,0.047003944425443256
226885,1,7,9,16.94361143580277
226889,1,7,5,0.3700090141005197
226900,1,7,8,35.591684363786015
226905,1,7,10,16.991321610691422
226917,1,7,10,4.501157388229874
226918,1,7,9,5.6435229440769
226940,1,7,4,0.3700090657260609
226985,1,7,5,0.37000902039789374
226987,1,7,6,20.383948564520935
226996,1,7,4,0.3700090657260609
226998,1,7,5,0.3700090141005197
227003,1,7,5,0.3700090141005197
227005,1,7,10,7.87433690048585
227008,1,7,1,18.594666083338304
227026,1,7,4,0.3700090657260609
227027,1,7,1,11.726462610223729
227035,1,7,8,30.27777319092554
227055,1,7,9,5.650200365064423
227069,1,7,8,35.37621467890707
227074,1,7,4,0.3700090657260609
227078,1,7,9,11.61331987214149
227080,1,7,4,0.3700090657260609
227092,1,7,4,0.3700090657260609
227093,1,7,7,6.373976938820747
227096,1,7,8,28.169744293777395
227100,1,7,8,2.693989528345265
227107,1,7,1,13.274041471440137
227115,1,7,2,2.9497116704532527
227120,1,7,5,0.3700090141005197
227133,1,7,9,24.69175778811969
227141,1,7,6,17.909362201589918
227142,1,7,10,17.21129966524969
227145,1,7,6,10.383593272948746
227164,1,7,6,13.736168640893757
227166,1,7,5,0.3700090141005197
227184,1,7,4,0.3700090657260609
227188,1,7,9,11.911806732093961
227189,1,7,1,16.570347091062672
227197,1,7,8,33.2953594767874
227201,1,7,1,5.713206690388702
227222,1,7,8,22.87341752768676
227224,1,7,9,23.628010979644813
227225,1,7,5,0.3700090141005197
227229,1,7,4,0.3700090657260609
227233,1,7,4,0.3700090657260609
227234,1,7,4,0.3700090657260609
227236,1,7,7,2.314742156785578
227237,1,7,1,25.02643587947234
227253,1,7,5,0.3700090141005197
227255,1,7,10,21.564876270039253
227258,1,7,9,13.707265162403106
227264,1,7,8,34.964289581107685
227266,1,7,6,10.752241559847262
227268,1,7,9,33.845967231002916
227269,1,7,5,0.3700090141005197
227271,1,7,6,12.635732670992732
227273,1,7,8,13.443399929120186
227277,1,7,10,16.836569708573656
227283,1,7,8,19.24222906877887
227300,1,7,10,4.693653313268095
227322,1,7,5,0.3700090141005197
227335,1,7,8,23.36263129542682
227337,1,7,6,7.646875186136529
227342,1,7,9,24.52332454769776
227350,1,7,9,14.398533832962327
227366,1,7,1,20.84159754906558
227369,1,7,8,4.478236786950588
227371,1,7,10,19.017378155806792
227378,1,7,6,19.52880226865217
227388,1,7,8,24.257824772000696
227392,1,7,3,3.1967600624870927
227398,1,7,9,33.202021929149225
227400,1,7,9,33.3857196219554
227411,1,7,4,0.3700090657260609
227414,1,7,10,23.66151080858369
227434,1,7,6,22.45343065925426
227459,1,7,6,26.65373588088812
227465,1,7,10,19.744299661140932
227474,1,7,2,11.242896279951434
227485,1,7,1,24.022653579662677
227516,1,7,9,26.932128803355226
227517,1,7,8,21.256428673203175
227520,1,7,10,9.905723840680752
227527,1,7,4,0.3700090657260609
227552,1,7,2,10.879970124625402
227555,1,7,9,16.692015525063656
227578,1,7,9,30.712386071294098
227593,1,7,9,9.252306028842211
227598,0,7,0,0.039202585893139005
227618,1,7,10,24.419655733974103
227622,1,7,8,28.16927091720277
227638,1,7,5,0.3700090141005197
227652,1,7,9,18.80547883106399
227658,1,7,2,14.013723494671822
227660,1,7,2,12.533926720328834
227666,1,7,8,5.399300297534783
227668,1,7,9,32.98704219265155
227689,1,7,8,32.00650809002523
227691,1,7,8,30.370094392275366
227704,1,7,10,7.356956580689974
227707,1,7,9,25.328646767673263
227754,1,7,5,0.3700090141005197
227758,1,7,4,0.3700090657260609
227761,1,7,6,6.24262914498342
227768,1,7,8,34.633592706913106
227782,1,7,4,0.3700090657260609
227783,1,7,5,0.3700090141005197
227784,1,7,9,32.96904411153341
227785,1,7,4,0.3700090657260609
227801,1,7,4,0.3700090657260609
227802,1,7,2,3.279137344056111
227807,1,7,7,3.647947960633477
227815,1,7,1,7.449359122439104
227827,1,7,9,30.00532751247363
227846,1,7,9,30.981468368066082
227848,1,7,8,18.04441283176492
227854,1,7,1,26.70253860851608
227868,1,7,7,1.9924552235756523
227872,1,7,8,19.44537327123456
227898,1,7,7,0.3457368022639944
227939,1,7,5,0.3700090141005197
227950,1,7,1,18.85930652465401
227967,0,7,0,0.03446101208468366
227972,1,7,8,32.64890713585274
227981,1,7,9,20.489032138643353
227999,1,7,6,13.064186633535368
228023,1,7,9,23.587421416981908
228030,1,7,8,31.149677867411945
228033,1,7,8,36.08525836321952
228035,1,7,10,12.17197818454565
228038,1,7,6,30.301692271779594
228041,1,7,8,15.704384886532736
228046,1,7,9,31.3007543631297
228047,1,7,4,0.3700090657260609
228048,1,7,8,27.162065571550787
228063,1,7,6,17.50930299339437
228070,1,7,9,26.38121754413449
228072,1,7,5,0.3700090141005197
228100,1,7,6,23.976145365152213
228110,1,7,5,0.3700090141005197
228119,1,7,8,29.96061804055608
228137,1,7,4,0.3700090657260609
228152,1,7,10,17.631872064116827
228160,1,7,8,24.786508008237455
228162,1,7,9,33.61289554466638
228168,1,7,4,0.3700090657260609
228171,1,7,8,24.885546354346907
228172,1,7,4,0.3700090657260609
228190,1,7,8,20.70242975718487
228220,1,7,3,2.6717126767489607
228270,1,7,9,18.346875148368337
228281,1,7,9,24.94630921060021
228282,1,7,4,0.3700090657260609
228283,0,7,0,0.03552372194306332
228290,1,7,5,0.3700090141005197
228305,1,7,10,8.602086953903074
228312,1,7,4,0.3700090657260609
228325,1,7,8,29.834934891100826
228328,1,7,8,32.419949294379805
228340,1,7,4,0.3700090657260609
228359,1,7,10,3.80971349424461
228381,1,7,9,27.66718690659921
228387,1,7,4,0.3700090657260609
228389,1,7,8,16.283316725668374
228400,1,7,4,0.3700090657260609
228403,0,7,0,0.03202268915684286
228404,1,7,1,21.214932720663274
228406,0,7,0,0.03466752662750322
228419,1,7,8,24.355890830837726
228424,1,7,9,28.25278030710019
228432,1,7,6,21.928568054837342
228437,1,7,8,17.10471872685692
228442,1,7,6,28.172084118926175
228448,1,7,8,7.210682860351469
228452,1,7,8,31.375637410281634
228476,1,7,6,6.529435122749705
228485,1,7,5,0.3700090141005197
228502,1,7,6,29.549904670354348
228507,1,7,2,12.609222799696338
228509,1,7,3,1.1411919939299586
228524,1,7,10,4.2878560612224
228539,1,7,9,31.42839465334884
228577,1,7,8,21.434075441935928
228588,1,7,10,23.666852657539206
228609,1,7,9,19.695279805828463
228625,1,7,5,0.3700090141005197
228640,1,7,6,10.072916727657079
228647,1,7,9,11.933963358379565
228664,1,7,1,27.652753425149058
228665,1,7,9,26.522916649629344
228667,1,7,9,32.840267611273134
228680,1,7,8,27.8918505629481
228684,1,7,8,4.586154257946306
228710,1,7,7,2.0755142629575754
228715,1,7,4,0.3700090657260609
228740,1,7,9,24.462280023387553
228743,1,7,9,22.40221367343979
228750,1,7,6,13.032891990281785
228772,1,7,2,12.82393512904641
228783,1,7,5,0.37000902039789374
228784,1,7,10,18.534630773067683
228791,1,7,4,0.3700090657260609
228798,1,7,8,22.450996599115225
228802,1,7,5,0.3700090141005197
228805,1,7,4,0.3700090657260609
228840,1,7,9,28.29729193731702
228849,1,7,9,32.52122670203805
228859,1,7,1,19.154257734254408
228875,1,7,9,18.008423382972854
228879,1,7,5,0.3700090141005197
228888,1,7,8,30.43432423324807
228911,1,7,4,0.3700090657260609
228931,1,7,8,28.869689500208043
228951,1,7,3,2.309861076921463
228957,1,7,8,32.37329388250801
229018,1,7,4,0.3700090657260609
229021,1,7,3,3.175830811117441
229022,1,7,4,0.3700090657260609
229036,1,7,1,13.16537975737519
229050,1,7,8,22.508912898241952
229054,1,7,6,29.53340955813078
229060,1,7,8,20.106878152410143
229083,1,7,9,24.22390991529241
229109,1,7,6,29.032884332125338
229110,1,7,6,25.00313611201733
229115,1,7,10,9.437881569698137
229117,1,7,6,21.82245860625991
229123,1,7,9,33.77496114902981
229127,1,7,8,9.558624288719574
229132,1,7,6,19.266171140924385
229141,1,7,9,14.256234516614807
229145,1,7,9,25.033231539373425
229162,1,7,6,19.540772376704943
229165,1,7,10,24.94311543883044
229166,1,7,7,6.189826364320437
229168,1,7,9,23.148824863684347
229176,1,7,8,20.66603947899662
229185,1,7,1,24.932288227060305
229189,1,7,8,9.604486274710888
229217,1,7,5,0.3700090141005197
229238,1,7,9,33.125198363868385
229246,1,7,8,30.44052077013135
229254,1,7,4,0.3700090657260609
229255,1,7,9,33.709537112159225
229266,1,7,4,0.3700090657260609
229274,1,7,6,18.593694765926703
229275,1,7,10,16.029914405288345
229278,0,7,0,0.12127004251194498
229283,0,7,0,0.03765730172077118
229302,1,7,6,12.864398966950878
229307,1,7,6,19.08369165184193
229314,1,7,4,0.3700090657260609
229316,1,7,5,0.3700090141005197
229325,1,7,7,5.282030393814951
229334,1,7,9,12.173898859114324
229340,1,7,1,24.947990462676437
229344,1,7,9,18.079813116133373
229345,1,7,8,28.265606505059633
229355,1,7,9,7.294670550192639
229366,1,7,6,27.489180612959156
229372,1,7,10,26.07077559611938
229392,1,7,6,29.775175548892665
229399,1,7,3,3.232240942368379
229428,1,7,8,26.550135722958675
229431,1,7,6,29.554932410679058
229440,1,7,10,26.051632967187565
229444,1,7,8,28.665421827866645
229452,1,7,9,25.056507401580063
229470,1,7,9,16.470716135153566
229477,1,7,3,1.3280595966284146
229501,1,7,5,0.3700090141005197
229507,1,7,5,0.3700090141005197
229519,1,7,9,2.655708419508763
229521,1,7,5,0.3700090141005197
229522,1,7,6,20.947516861853483
229535,1,7,6,7.651100991977355
229550,1,7,10,16.350669741741985
229575,1,7,10,12.9542180480936
229577,1,7,7,2.997121579957755
229584,1,7,8,14.533562038144002
229591,1,7,9,19.341108689333794
229600,1,7,9,22.154200829018468
229602,1,7,7,0.5437332607994553
229603,1,7,4,0.3700090657260609
229610,1,7,5,0.3700090141005197
229621,1,7,9,26.809656575734227
229634,1,7,1,21.86913784601713
229637,1,7,2,8.035593539453751
229644,1,7,9,11.261350580419517
229645,1,7,5,0.3700090141005197
229658,1,7,9,13.778185739384307
229660,1,7,9,17.872021613358143
229670,1,7,8,8.81207136500236
229676,1,7,9,3.0077360714063626
229678,1,7,2,3.9091952642942913
229712,1,7,10,20.00862726132193
229719,1,7,8,31.10356962543902
229723,1,7,2,10.466227840110964
229731,1,7,9,6.658484248151369
229738,1,7,9,24.640282104941306
229757,1,7,8,2.4267793220389655
229761,1,7,8,13.572514462945758
229785,1,7,6,25.68624295350621
229796,1,7,9,26.41113889455847
229798,1,7,4,0.3700090657260609
229806,1,7,10,21.089356745778925
229817,0,7,0,0.027565611383536727
229825,1,7,6,5.063648361564425
229832,1,7,4,0.3700090657260609
229835,1,7,8,31.0984699515547
229839,1,7,8,21.586787311191895
229848,1,7,3,2.90833544978425
229853,1,7,5,0.3700090141005197
229857,1,7,9,29.184559128352895
229862,1,7,10,12.819626242192872
229879,1,7,9,9.420985091102615
229886,1,7,10,24.338953605426664
229898,1,7,9,2.6342562430369196
229920,1,7,5,0.3700090141005197
229942,1,7,7,1.9749681105673953
229952,1,7,6,11.138948982113687
229964,0,7,0,0.036555898166554704
229966,1,7,6,6.681790046236775
229968,1,7,9,31.391977674070876
229971,1,7,9,15.708363295978845
229975,1,7,5,0.3700090141005197
229980,1,7,9,13.480607612718176
229985,1,7,9,26.64645412837169
229991,1,7,3,3.254196616637931
229996,1,7,5,0.3700090141005197
229998,1,7,4,0.3700090657260609
230000,1,7,4,0.3700090657260609
230017,1,7,2,0.9554523974189589
230030,1,7,10,21.03846171491195
230052,1,7,9,32.207076685922964
230057,1,7,8,24.56698401514518
230063,1,7,9,24.1055023033369
230079,1,7,1,6.381373195045934
230080,1,7,1,19.51102675367179
230084,1,7,1,18.984398178549537
230086,1,7,5,0.3700090141005197
230087,1,7,9,32.48623063317139
230089,1,7,3,3.273578749127972
230091,1,7,9,14.700164071983554
230100,1,7,6,27.65460385707904
230112,0,7,0,0.04695598186801016
230113,1,7,6,4.681692291404519
230130,1,7,9,23.518461047644593
230131,1,7,9,30.670182996853054
230136,1,7,4,0.3700090657260609
230146,1,7,4,0.3700090657260609
230180,1,7,5,0.3700090141005197
230190,1,7,10,5.948749877553751
230194,1,7,6,12.626499288685615
230200,1,7,9,23.75565652373036
230209,1,7,8,30.30876918853794
230211,1,7,1,24.271637689581723
230221,1,7,9,29.88564995795575
230242,1,7,5,0.3700090141005197
230245,1,7,8,9.374429335146353
230255,1,7,8,25.04759228444115
230278,1,7,8,20.30670920539817
230289,1,7,4,0.3700090657260609
230305,1,7,5,0.3700090141005197
230312,1,7,4,0.3700090657260609
230320,1,7,1,14.778627490540286
230330,1,7,8,7.4155660821692075
230331,1,7,1,16.145996754668186
230337,1,7,5,0.3700090141005197
230360,1,7,9,19.50917974746202
230374,1,7,5,0.3700090141005197
230403,1,7,8,24.01393717335604
230416,1,7,8,19.882784262428764
230417,1,7,10,10.922247578492977
230447,1,7,7,3.9107168455672037
230462,1,7,8,35.486876580270405
230465,0,7,0,0.04251264398694526
230471,1,7,10,12.57881236913118
230474,1,7,6,26.986846435184777
230480,1,7,8,33.50538591420605
230482,1,7,9,11.042097668945285
230489,1,7,5,0.3700090141005197
230510,1,7,1,5.78180696873862
230513,1,7,8,29.954029312577738
230516,1,7,8,10.931453133228969
230530,1,7,5,0.3700090141005197
230551,1,7,8,18.40097359102961
230562,1,7,1,9.992761913581292
230585,1,7,8,27.307982064200868
230598,1,7,4,0.3700090657260609
230599,1,7,9,18.41761194653012
230606,1,7,5,0.37000902039789374
230626,1,7,1,19.95812968665552
230648,1,7,9,27.167050254433917
230649,1,7,10,17.66677279071162
230668,1,7,5,0.3700090141005197
230672,1,7,2,5.768878533642707
230675,1,7,9,17.58249754163086
230702,1,7,9,15.224316165455537
230704,1,7,6,22.170596833846552
230719,1,7,1,7.6562093534286815
230745,1,7,3,2.105907797887668
230747,1,7,8,25.237110264619563
230749,1,7,9,26.132934125044137
230754,1,7,10,6.321515095987606
230760,1,7,2,6.890816847225874
230762,1,7,9,33.68316300902684
230783,1,7,7,5.323878064107405
230803,1,7,8,12.917113834749921
230804,1,7,7,0.3716697846957169
230811,1,7,1,6.813519821110175
230815,1,7,8,5.78030446158445
230822,1,7,9,26.674174484770667
230823,1,7,9,24.4023703577296
230857,1,7,3,1.4659346570109513
230871,1,7,3,3.171915495113639
230905,1,7,9,29.23951537318873
230909,1,7,9,18.596179234845227
230912,1,7,1,7.9767183728713045
230928,1,7,9,25.361195331388043
230944,1,7,8,26.03796421418707
230972,1,7,8,29.241747494498778
230982,1,7,8,32.785529714743234
231000,1,7,1,22.79017630002421
231002,1,7,10,23.397063249694472
231004,1,7,5,0.3700090141005197
231007,1,7,8,22.80065172557859
231009,1,7,9,24.78787438359905
231018,1,7,9,29.242194716778478
231021,1,7,8,25.63717294602567
231030,1,7,3,2.4957949179440733
231052,1,7,4,0.3700090657260609
231059,1,7,9,4.467795999842645
231069,1,7,8,3.055022296767412
231072,1,7,3,2.9025628799101404
231102,1,7,4,0.3700090657260609
231108,1,7,6,22.228946049326517
231121,1,7,10,11.529210841296207
231154,1,7,9,8.683246878168587
231156,1,7,5,0.3700090141005197
231159,1,7,9,32.76377841582612
231160,1,7,6,22.73836308959106
231169,1,7,5,0.3700090141005197
231183,1,7,5,0.3700090141005197
231187,1,7,6,14.117849411536916
231211,1,7,10,23.65390558473236
231221,1,7,4,0.3700090657260609
231238,1,7,1,5.688907077222829
231278,1,7,10,11.874968649870635
231289,1,7,10,7.3489475897058485
231310,1,7,8,21.670252840935845
231329,1,7,7,3.673669683537332
231335,1,7,4,0.3700090657260609
231350,1,7,8,4.504880065307622
231363,1,7,8,23.56984227600237
231367,1,7,10,17.20456102471863
231376,1,7,7,4.0594804782848435
231386,1,7,8,34.645319769609905
231388,1,7,9,11.628101128563276
231392,1,7,8,29.238742649278056
231402,1,7,1,27.402079097531725
231406,1,7,6,11.818002727696738
231414,1,7,9,21.808373750919497
231415,1,7,9,2.6917022042693493
231418,1,7,8,17.77997990880357
231437,1,7,8,5.698720618534837
231454,1,7,5,0.3700090141005197
231459,1,7,8,22.956782195355984
231476,1,7,6,13.681444476071649
231483,1,7,5,0.3700090141005197
231495,1,7,4,0.3700090657260609
231497,1,7,9,33.064021549473786
231516,1,7,7,4.584135363862956
231530,1,7,1,18.48118932337142
231533,1,7,4,0.3700090657260609
231538,1,7,9,7.907480071036273
231542,1,7,9,17.869100282106526
231600,1,7,6,20.708283288164896
231606,1,7,9,21.497463399909275
231652,1,7,3,3.191903831309776
231653,1,7,5,0.3700090141005197
231655,1,7,1,28.024682944078243
231659,1,7,9,22.09716938011231
231665,1,7,8,5.029715145478326
231671,1,7,5,0.3700090141005197
231673,1,7,9,26.091021530228645
231690,1,7,3,1.4121953317200764
231750,1,7,5,0.37000902039789374
231773,1,7,1,24.050246664346798
231774,1,7,7,4.5380150218098745
231775,1,7,8,24.998627664994324
231777,1,7,5,0.3700090141005197
231785,1,7,8,20.982856211263147
231787,1,7,1,23.897412033351635
231791,1,7,10,25.001477030097945
231794,1,7,2,16.49421411860434
231806,1,7,9,28.186094123978226
231828,1,7,1,22.246700366763957
231830,1,7,9,19.569908322262528
231840,1,7,1,14.782997241822459
231845,1,7,9,11.912495837115003
231876,1,7,6,18.752901260213626
231877,1,7,2,0.84974859415022
231887,1,7,6,16.769889500912846
231893,1,7,9,14.267625158530661
231894,1,7,10,8.414606732046337
231896,1,7,4,0.3700090657260609
231918,1,7,5,0.3700090141005197
231934,0,7,0,0.03800546215546254
231942,1,7,9,14.438228074140719
231943,1,7,8,32.55342088122484
231953,1,7,8,24.590203544555163
231960,1,7,8,24.999881013612647
231961,1,7,8,25.224758172027357
231965,1,7,8,27.313769957551006
231968,1,7,8,24.234477365054527
232027,1,7,6,27.66873049526806
232029,1,7,4,0.3700090657260609
232038,1,7,4,0.3700090657260609
232039,1,7,5,0.37000902039789374
232048,1,7,3,3.166424343663952
232058,1,7,10,17.081433287436163
232073,1,7,1,18.50308518199832
232080,1,7,4,0.3700090657260609
232082,0,7,0,0.04233643743145351
232089,1,7,10,21.487529635935836
232102,1,7,8,24.53183924437841
232107,1,7,5,0.3700090141005197
232113,1,7,8,19.95485490094075
232116,1,7,8,27.750333740892337
232130,1,7,7,5.665401421464077
232142,1,7,10,17.887600314126452
232155,1,7,9,12.84646213255706
232156,1,7,10,9.955190207201104
232160,1,7,8,22.81070244427638
232171,1,7,4,0.3700090657260609
232187,1,7,6,26.334570051170545
232192,1,7,5,0.3700090141005197
232205,1,7,6,21.110533439776454
232219,1,7,8,27.639225530605792
232226,1,7,5,0.3700090141005197
232259,1,7,8,33.73076429313542
232267,1,7,4,0.3700090657260609
232276,1,7,9,2.5792963959608377
232282,1,7,10,19.241558757201656
232285,1,7,8,26.860453373546004
232299,1,7,9,3.1536483207741246
232302,1,7,2,13.10945056808419
232304,1,7,9,19.05692493933993
232340,1,7,4,0.3700090657260609
232342,1,7,8,14.152888984570312
232347,1,7,4,0.3700090656202526
232348,1,7,6,17.493644549397455
232350,1,7,6,17.793906156468726
232352,1,7,9,29.105335287269092
232364,1,7,5,0.3700090141005197
232367,1,7,6,5.91298886138634
232387,1,7,7,3.607914275605459
232391,1,7,4,0.3700090657260609
232396,1,7,6,17.201451200506874
232408,1,7,5,0.3700090141005197
232417,1,7,6,22.417866262287966
232441,1,7,8,31.08580333518081
232443,1,7,10,5.638110724066684
232448,1,7,8,15.203650362591787
232465,1,7,9,23.097962516945373
232466,1,7,8,34.636845222553745
232470,1,7,5,0.3700090141005197
232476,1,7,8,25.951343482677693
232486,1,7,10,22.81741286357325
232487,1,7,9,33.655445795490316
232488,1,7,4,0.3700090657260609
232492,1,7,2,9.771633871629886
232498,1,7,3,2.267301278298379
232506,1,7,5,0.3700090141005197
232529,1,7,7,5.969787519746679
232539,0,7,0,0.03507332368619363
232542,1,7,8,33.197196934715265
232550,1,7,3,3.2001816732078794
232555,1,7,6,14.688592527604847
232567,1,7,7,2.657324213070493
232576,1,7,6,23.75767150669609
232594,1,7,3,2.4997301856092564
232608,1,7,5,0.37000902039789374
232613,1,7,9,23.005178929604703
232622,1,7,6,25.5452280238963
232642,1,7,9,29.591631885542377
232649,1,7,6,17.679121444566615
232656,1,7,5,0.3700090141005197
232690,1,7,5,0.3700090141005197
232691,1,7,8,10.993698262684724
232709,1,7,4,0.3700090657260609
232710,1,7,5,0.3700090141005197
232719,1,7,4,0.3700090657260609
232720,1,7,4,0.3700090657260609
232725,1,7,1,11.979487618393204
232730,0,7,0,0.037717994351882604
232731,1,7,4,0.3700090657260609
232749,1,7,6,24.889658029733496
232769,1,7,1,25.965971500288244
232777,1,7,6,18.738629589501873
232779,1,7,9,30.90052292232013
232780,1,7,1,14.422488608127724
232826,1,7,5,0.3700090141005197
232842,1,7,9,32.889201224332076
232851,1,7,10,12.56801948842011
232856,1,7,9,20.790639535784894
232864,1,7,6,17.463303248413776
232868,1,7,4,0.3700090657260609
232875,1,7,4,0.3700090657260609
232878,1,7,9,19.90025056584036
232889,0,7,0,0.15327718491563222
232892,1,7,6,19.180678289864048
232900,1,7,8,7.871894637442586
232904,1,7,6,11.892453963260754
232906,1,7,6,24.34313313662656
232910,0,7,0,0.03064353429587921
232916,1,7,9,29.314085940511067
232925,1,7,5,0.3700090141005197
232933,1,7,4,0.3700090657260609
232958,1,7,2,16.186626826824405
232974,1,7,6,28.56906990600704
232975,1,7,8,20.353428356576075
232976,1,7,6,22.136857338435245
232981,1,7,6,16.0488443100727
233000,1,7,7,3.1151919514042246
233012,0,7,0,0.03929341577348588
233029,1,7,4,0.3700090657260609
233031,1,7,1,27.4186334371244
233032,1,7,6,10.027759891642303
233033,1,7,9,18.33600230990416
233036,1,7,9,9.851147061880416
233042,1,7,2,16.42229621931154
233044,1,7,3,1.9064582919293998
233058,1,7,1,20.607338903322155
233066,1,7,5,0.3700090141005197
233101,1,7,4,0.3700090657260609
233104,1,7,1,17.190387833481047
233120,1,7,2,14.793188953104016
233138,1,7,10,19.800273946665975
233144,1,7,6,21.995378262651386
233152,1,7,5,0.3700090141005197
233154,1,7,5,0.3700090141005197
233157,1,7,5,0.3700090141005197
233159,1,7,10,22.526958900318988
233187,1,7,5,0.3700090141005197
233198,1,7,4,0.3700090657260609
233199,1,7,4,0.3700090656202526
233220,1,7,10,4.583179084824126
233248,1,7,9,32.42123904998726
233256,1,7,8,8.68703844255993
233262,1,7,5,0.3700090141005197
233275,1,7,6,19.70221192595276
233283,1,7,9,12.20740113718792
233291,1,7,8,32.09556055119807
233294,1,7,6,25.274853975407318
233306,1,7,8,30.74841630349019
233334,1,7,3,2.7398237576692
233347,1,7,7,5.158166985620871
233352,1,7,6,26.65449018455944
233356,1,7,7,2.099287966746521
233365,1,7,4,0.3700090657260609
233369,1,7,7,5.1497000229718095
233373,1,7,6,15.90554296624214
233374,1,7,6,21.694484126458182
233377,1,7,2,3.7597229693432825
233387,1,7,5,0.3700090141005197
233396,1,7,5,0.3700090141005197
233408,1,7,9,33.74537429271611
233409,1,7,10,17.72330115086468
233422,1,7,9,12.603733168403783
233425,1,7,9,18.98240938417181
233426,1,7,7,5.449915647092507
233436,1,7,4,0.3700090657260609
233450,1,7,7,4.099842972045125
233457,1,7,8,32.04616162908336
233467,1,7,5,0.3700090141005197
233470,1,7,10,5.467247746836785
233477,1,7,6,19.67918886631981
233493,1,7,1,26.266391167303546
233522,1,7,6,8.054865220754516
233530,1,7,7,3.5671408873241215
233532,1,7,1,11.405022625039114
233553,1,7,10,12.270321154948542
233554,0,7,0,0.03875131631001849
233564,1,7,4,0.3700090657260609
233566,1,7,5,0.3700090141005197
233573,1,7,9,30.744769109314216
233578,1,7,2,8.956291586801155
233580,1,7,6,29.521257425083864
233591,1,7,5,0.3700090141005197
233607,1,7,9,33.629929801703824
233612,1,7,5,0.3700090141005197
233617,1,7,4,0.3700090657260609
233639,1,7,5,0.3700090141005197
233643,1,7,6,19.662680445318067
233648,1,7,4,0.3700090657260609
233654,1,7,9,5.055696063889639
233661,1,7,10,22.88711208283673
233668,0,7,0,0.0391585687619412
233669,1,7,6,14.751891784655653
233680,1,7,6,10.739433903371243
233711,1,7,9,12.771212701030558
233732,1,7,9,16.2120655438627
233734,1,7,6,19.25311029029108
233748,1,7,9,33.12201466229729
233754,1,7,8,24.014865486740764
233765,1,7,5,0.3700090141005197
233776,1,7,8,4.143678230978955
233782,1,7,4,0.3700090657260609
233785,1,7,2,8.252486100484683
233789,1,7,4,0.3700090656202526
233795,1,7,5,0.37000902039789374
233803,1,7,8,4.944825089011196
233811,1,7,8,20.858383367938625
233821,1,7,9,15.285014425299044
233822,1,7,9,33.62671860006266
233824,1,7,5,0.3700090141005197
233835,1,7,7,3.2265518628293965
233867,1,7,6,24.296410435050085
233876,1,7,6,26.876635753153888
233885,1,7,8,30.1456866059349
233913,1,7,6,11.138036672809461
233916,1,7,9,33.71671857098066
233920,1,7,1,9.310038479999006
233945,1,7,6,23.250777427898857
233946,1,7,8,11.695301964751643
233948,1,7,6,14.262496122522776
233966,1,7,8,31.103507250111363
233967,1,7,7,1.4335932175544015
233970,1,7,8,15.112243704292
234002,1,7,3,2.9484466247319356
234011,1,7,7,1.201324920661619
234019,1,7,8,24.189110960842708
234023,1,7,6,15.777458490039722
234031,1,7,1,15.884410245944927
234037,1,7,5,0.3700090141005197
234050,1,7,6,16.270605780026393
234055,1,7,1,13.039651483625423
234066,1,7,9,33.28720293655647
234068,1,7,4,0.3700090657260609
234096,1,7,5,0.3700090141005197
234102,1,7,2,16.31025639544303
234104,0,7,0,0.035797926885586716
234116,1,7,7,6.403317535679424
234123,1,7,7,0.74769358241229
234132,1,7,4,0.3700090657260609
234134,1,7,9,25.72992360273764
234136,1,7,4,0.3700090657260609
234143,1,7,7,0.6393234615259636
234162,1,7,6,23.388539712288146
234165,1,7,4,0.3700090657260609
234167,1,7,5,0.3700090141005197
234195,1,7,6,7.406140242898935
234208,1,7,5,0.3700090141005197
234213,1,7,5,0.3700090141005197
234225,1,7,8,7.203381892452886
234243,1,7,4,0.3700090657260609
234254,1,7,6,22.46281860103148
234255,1,7,9,4.909408707627472
234262,1,7,1,18.721202878742563
234268,1,7,9,20.323423029272067
234269,1,7,3,2.997488398354042
234270,1,7,9,14.6081830976462
234272,1,7,8,27.32643097514024
234274,1,7,8,23.625351745981476
234298,1,7,9,4.184286123631695
234320,1,7,8,26.479186425612415
234327,1,7,7,6.31302056712425
234338,1,7,7,3.1676161392992888
234342,1,7,8,27.45324901473402
234366,0,7,0,0.040941489929356034
234375,1,7,9,9.695030501969123
234386,0,7,0,0.03838549935973383
234387,0,7,0,0.04397381252157366
234392,1,7,5,0.37000902039789374
234393,1,7,9,13.350599812090948
234413,1,7,10,22.960437464488457
234418,1,7,8,12.250804520921061
234430,1,7,8,17.08560152297815
234434,0,7,0,0.03506278500401368
234435,1,7,6,26.2384426610253
234444,1,7,10,12.086927624101087
234458,1,7,5,0.3700090141005197
234461,1,7,8,21.83530869140812
234488,1,7,9,4.408380313887838
234525,0,7,0,0.0703901735328832
234531,1,7,6,23.820935659267473
234533,1,7,4,0.3700090657260609
234535,1,7,5,0.3700090141005197
234542,1,7,8,32.53408162554522
234550,1,7,4,0.3700090657260609
234565,1,7,6,20.709933771344758
234574,1,7,3,3.140004865301845
234618,1,7,6,13.518418275554007
234631,1,7,8,35.49549046528999
234635,1,7,8,25.8973381774453
234657,1,7,10,8.148773850934552
234660,1,7,5,0.3700090141005197
234661,1,7,8,22.71457571665986
234678,1,7,8,17.407394695125387
234689,1,7,2,12.382321344431046
234691,1,7,2,10.81912281019688
234693,1,7,4,0.3700090657260609
234697,1,7,7,3.2728022585126637
234707,1,7,1,18.351388105844027
234720,1,7,5,0.3700090141005197
234727,1,7,8,28.34373628223726
234742,1,7,3,3.1715736665736483
234750,1,7,8,31.448457744681285
234757,1,7,6,22.379993099385835
234759,1,7,7,5.713829037259963
234762,1,7,9,15.20011373279572
234764,1,7,2,10.35825481871086
234789,0,7,0,0.0385521943123647
234803,1,7,6,25.16508099425592
234807,1,7,7,2.541319323325979
234811,1,7,4,0.3700090657260609
234818,1,7,10,9.776667308584083
234823,1,7,9,20.088420581223883
234834,1,7,9,32.045439662495404
234849,1,7,9,20.66883722811434
234854,1,7,3,2.4487224324646344
234874,1,7,1,20.295014645681274
234882,1,7,3,0.7832590309432644
234900,1,7,8,21.50031993228167
234902,1,7,6,8.527427010216703
234913,1,7,5,0.3700090141005197
234956,1,7,6,16.128509104035142
234974,1,7,5,0.3700090141005197
234976,1,7,1,20.88379388577898
234979,1,7,7,6.008329589783614
234986,1,7,10,7.953456132312662
234987,1,7,1,9.41095312457562
234990,1,7,10,9.887368610158104
235002,1,7,8,24.341644627447373
235006,1,7,10,15.277053948129492
235014,1,7,7,5.069377124226449
235026,0,7,0,0.10232855520375336
235039,1,7,8,29.263212762497993
235056,1,7,6,22.155249339470924
235059,1,7,8,19.70081241803772
235079,1,7,4,0.3700090657260609
235080,1,7,6,29.591667327054
235088,1,7,4,0.3700090657260609
235113,1,7,8,21.160737159876266
235114,1,7,10,16.313407044945375
235121,1,7,4,0.3700090657260609
235122,1,7,8,34.288885677720934
235146,1,7,5,0.3700090141005197
235148,1,7,1,26.353737725954154
235162,1,7,6,29.109631521647252
235167,1,7,10,17.85505896093812
235176,1,7,1,8.565382061324463
235183,1,7,6,26.01658127552818
235206,1,7,3,1.7541496958760736
235208,1,7,8,20.795329456827695
235217,1,7,6,29.999758516162824
235226,1,7,5,0.3700090141005197
235227,1,7,9,22.890073372769976
235236,1,7,5,0.3700090141005197
235243,1,7,1,11.505179335015573
235283,1,7,10,26.03515098023466
235284,0,7,0,0.04679800074042849
235286,1,7,8,20.205926077064994
235295,1,7,6,13.05295580175004
235296,1,7,6,18.769642649005892
235307,1,7,8,25.595635816576305
235326,1,7,4,0.3700090657260609
235348,1,7,9,23.994985346920302
235356,1,7,5,0.3700090141005197
235358,1,7,4,0.3700090656202526
235372,1,7,1,6.9015954922216
235392,1,7,4,0.3700090657260609
235398,1,7,6,10.399766134284883
235402,1,7,5,0.3700090141005197
235412,1,7,5,0.3700090141005197
235414,1,7,4,0.3700090657260609
235422,0,7,0,0.03835440286078856
235440,1,7,8,16.034268794306936
235441,0,7,0,0.03855498860223236
235473,1,7,2,5.188655783026632
235481,1,7,8,19.51117446540582
235497,1,7,5,0.3700090141005197
235498,0,7,0,0.03308220014429731
235515,1,7,10,10.349928491029448
235521,1,7,9,5.646149188074997
235523,1,7,2,16.419379851696856
235528,1,7,9,33.560427249668734
235548,1,7,3,2.305281498346376
235549,1,7,5,0.3700090141005197
235558,1,7,5,0.3700090141005197
235560,1,7,10,6.602885794365457
235564,1,7,3,2.310494828385576
235567,1,7,5,0.3700090141005197
235583,1,7,4,0.3700090657260609
235593,1,7,5,0.3700090141005197
235600,1,7,9,18.85767677925444
235622,1,7,4,0.3700090657260609
235623,1,7,6,15.095217767214807
235631,1,7,1,21.998977052454293
235632,1,7,6,21.938403858954388
235633,1,7,9,24.988809982264048
235638,1,7,8,8.405610315689719
235653,0,7,0,0.03593077886231213
235669,1,7,9,13.411786635081262
235674,1,7,10,13.775053734847537
235677,1,7,4,0.3700090657260609
235683,1,7,5,0.3700090141005197
235688,1,7,6,26.09549750988897
235697,1,7,1,20.876008535828692
235707,1,7,4,0.3700090657260609
235728,1,7,8,20.9241556349971
235739,1,7,4,0.3700090657260609
235752,1,7,9,12.20623655714779
235757,0,7,0,0.11025195430468224
235766,1,7,9,27.59045913567408
235787,1,7,3,3.20076952818681
235789,1,7,8,24.937748040959647
235811,1,7,9,25.097309713068334
235816,1,7,1,11.190637700845553
235839,1,7,10,23.284245535508784
235846,1,7,9,9.182593657077945
235850,1,7,4,0.3700090657260609
235855,1,7,1,21.584982928835775
235857,1,7,10,21.652142218162076
235859,1,7,9,27.511338927179363
235899,1,7,5,0.3700090141005197
235901,1,7,6,29.407871512165986
235902,1,7,2,3.8584688170696646
235908,1,7,4,0.3700090657260609
235932,1,7,6,22.170417971714038
235933,0,7,0,0.035394926837749204
235943,1,7,10,17.701090592933753
235975,1,7,8,34.525153424405566
235980,1,7,5,0.37000902039789374
235995,1,7,7,3.931230451796836
236025,1,7,8,33.717219375637804
236033,1,7,6,22.98763317708115
236050,1,7,4,0.3700090657260609
236067,1,7,8,2.326655309945147
236081,1,7,3,2.3967670173471087
236086,1,7,9,33.614814731263756
236129,0,7,0,0.039134724185531856
236136,1,7,2,11.961038638902261
236137,1,7,9,9.00907353344382
236149,1,7,4,0.3700090657260609
236152,1,7,2,12.84601125681529
236156,1,7,8,18.53995185802881
236160,1,7,9,29.610185504390035
236165,1,7,10,7.688568064023772
236166,1,7,9,25.04886848226535
236169,1,7,9,33.554306073153306
236179,1,7,10,25.537268455449105
236182,1,7,3,3.156754267373151
236197,1,7,6,7.084649590880417
236206,1,7,8,23.079067774302985
236224,1,7,8,35.85930297238989
236228,1,7,10,26.002775705237383
236239,1,7,6,29.360179594462394
236273,1,7,1,19.98250961206388
236278,1,7,1,19.85034816494749
236292,1,7,6,30.024267136178544
236296,1,7,6,23.238576410503594
236303,1,7,6,29.7243019353095
236309,1,7,7,5.2248351521797805
236315,1,7,7,0.6678898117291708
236319,1,7,6,26.026615461286966
236332,1,7,2,7.741777339983109
236334,1,7,4,0.3700090657260609
236340,0,7,0,0.03846086910700925
236342,1,7,7,3.2174869348889366
236347,1,7,3,1.743245938362507
236348,1,7,9,25.642218843094863
236350,1,7,3,0.6915911501141884
236366,1,7,4,0.3700090657260609
236368,1,7,9,27.153736058556685
236372,1,7,9,5.022941912825234
236382,1,7,8,25.232242953003734
236394,1,7,6,14.93941283415534
236410,1,7,9,23.7538816846652
236414,1,7,5,0.3700090141005197
236439,1,7,2,10.767969357978465
236446,1,7,4,0.3700090657260609
236449,1,7,4,0.3700090657260609
236451,1,7,5,0.3700090141005197
236452,1,7,10,7.433178181464788
236481,1,7,8,27.01322579472599
236491,0,7,0,0.029231438200634733
236493,1,7,8,16.05196407653204
236503,1,7,9,27.6131344142622
236508,1,7,9,9.38707733035092
236527,1,7,8,11.203773620276557
236529,1,7,8,22.216465114514204
236548,1,7,5,0.3700090141005197
236559,1,7,8,30.10307396037697
236563,1,7,9,22.135152296542174
236579,1,7,1,10.304573915160976
236588,1,7,6,27.387247429531232
236590,1,7,7,4.746141814662729
236591,1,7,9,30.485431879364388
236598,1,7,9,24.2727945094955
236621,1,7,4,0.3700090657260609
236628,1,7,2,2.0950199486494268
236656,1,7,6,12.065269705307484
236690,1,7,8,29.229445762773395
236693,1,7,9,31.78031717207977
236695,1,7,9,26.004447168021763
236702,1,7,2,9.300538728777038
236725,1,7,5,0.3700090141005197
236736,1,7,6,29.425981875846002
236737,1,7,1,21.63190172465305
236742,1,7,6,16.678017672260076
236753,1,7,5,0.3700090141005197
236761,1,7,6,16.628399763059157
236775,1,7,6,25.391004428796574
236820,1,7,9,15.455113924179296
236822,1,7,6,21.235175029326264
236824,1,7,8,18.13654170458945
236841,1,7,4,0.3700090657260609
236855,1,7,2,12.81079990766966
236886,0,7,0,0.03274152879824322
236888,1,7,10,9.657863102248765
236916,1,7,5,0.3700090141005197
236950,1,7,6,6.965251242653346
236963,1,7,5,0.3700090141005197
236980,1,7,5,0.3700090141005197
236985,1,7,4,0.3700090657260609
236986,1,7,5,0.3700090141005197
236991,1,7,6,10.74865389651177
237001,1,7,4,0.3700090657260609
237014,1,7,9,25.30809774721598
237016,1,7,9,14.001065851138423
237039,1,7,8,30.230185408456727
237070,1,7,10,5.039647843909557
237089,1,7,2,12.80885351826273
237098,1,7,9,32.69111543158347
237111,1,7,10,17.51191258054816
237112,1,7,10,9.00787432769967
237125,1,7,4,0.3700090657260609
237136,1,7,6,16.93571458124548
237148,1,7,5,0.3700090141005197
237152,1,7,6,29.52832176539516
237156,1,7,10,25.493253627576813
237190,1,7,1,18.423374695354717
237197,1,7,6,7.314116948045044
237205,1,7,1,27.769347771790155
237213,1,7,1,23.809916221619936
237225,1,7,10,26.036340023520374
237239,1,7,5,0.3700090141005197
237249,1,7,9,12.373090238872365
237260,1,7,1,23.58283860487939
237262,1,7,9,21.50566929114201
237279,1,7,10,14.098558630595061
237290,1,7,9,20.8291539758954
237295,1,7,2,7.739989962976376
237310,1,7,9,22.92300531210248
237315,1,7,9,19.04442863600673
237330,1,7,10,4.69085570165231
237345,1,7,9,32.83520508909149
237366,1,7,5,0.3700090141005197
237367,1,7,6,17.96328210111508
237369,1,7,9,29.783847930820297
237370,1,7,2,8.692241901488776
237388,1,7,9,30.371560527915957
237418,1,7,9,14.56238475610838
237434,1,7,9,29.664549766948547
237435,0,7,0,0.02451375158358144
237446,1,7,2,16.061561860808485
237449,0,7,0,0.1228538253273605
237450,1,7,5,0.3700090141005197
237454,1,7,10,6.89402532834717
237457,1,7,8,31.09248011422411
237471,1,7,8,18.238748452411414
237486,1,7,2,7.957338816376234
237488,1,7,10,20.90634751704239
237498,1,7,10,18.357895899152414
237505,1,7,3,2.2117201262183257
237515,1,7,9,31.09958691029501
237525,1,7,6,25.557777315794723
237548,1,7,3,0.8915360607521247
237557,1,7,2,1.684063336705222
237560,1,7,5,0.3700090141005197
237569,1,7,9,25.836952528634885
237572,1,7,9,4.935938528236276
237574,1,7,9,12.478652309884557
237589,1,7,8,14.92057921862481
237590,1,7,9,25.829605517704724
237598,1,7,3,1.7418664442053546
237623,1,7,10,6.13216709763331
237636,1,7,10,12.093023812761393
237650,1,7,10,7.700573523249276
237657,1,7,6,27.646590497834083
237679,1,7,5,0.3700090141005197
237682,0,7,0,0.031121740802103583
237704,1,7,6,8.508248123279568
237705,1,7,7,6.417306855118324
237706,1,7,4,0.3700090657260609
237708,1,7,9,11.651962251398373
237721,1,7,4,0.3700090657260609
237725,1,7,3,3.2492017734810124
237743,1,7,5,0.3700090141005197
237756,1,7,10,17.74482880231525
237765,1,7,4,0.3700090657260609
237769,1,7,9,32.94306211492464
237776,1,7,9,13.251414703875248
237791,1,7,2,10.773124021845627
237797,1,7,7,1.1430827413688083
237818,1,7,1,24.048811864214258
237820,1,7,6,14.08266022453906
237824,1,7,6,20.184584968753814
237842,1,7,5,0.3700090141005197
237850,1,7,10,4.488343093292951
237851,1,7,5,0.3700090141005197
237852,1,7,8,26.407319058885196
237868,1,7,5,0.3700090141005197
237877,1,7,10,12.29533821249774
237882,1,7,9,21.090198993421257
237890,0,7,0,0.0679305368283254
237900,1,7,8,20.839043686336396
237905,1,7,6,9.513464037155398
237916,1,7,6,24.83988796909371
237926,1,7,8,33.312375445799276
237942,1,7,8,18.889106333746433
237943,1,7,2,8.31383151462467
237953,1,7,9,23.68697066962198
237956,1,7,2,14.320650210029262
237966,1,7,9,12.163819527780849
237975,1,7,3,2.953066360771844
237995,1,7,4,0.3700090657260609
238002,1,7,5,0.3700090141005197
238015,1,7,1,8.121175473587524
238018,1,7,8,24.044703045897187
238024,1,7,5,0.3700090141005197
238031,1,7,4,0.3700090657260609
238035,1,7,6,26.26285912527298
238077,0,7,0,0.029219079605588373
238078,1,7,7,6.196997058224332
238083,1,7,8,20.489885871833252
238087,1,7,8,13.621456344048918
238093,1,7,3,1.5679048834796765
238096,1,7,6,21.950256607362178
238101,1,7,9,12.655210223413023
238111,1,7,5,0.3700090141005197
238114,1,7,7,3.792740313481415
238124,1,7,8,30.402493565028365
238130,1,7,7,1.5827431563487444
238135,1,7,1,14.2848952535624
238138,1,7,9,31.159251228199583
238162,1,7,8,16.833428830865145
238165,1,7,10,9.54818583710052
238173,1,7,1,17.3236322652482
238194,1,7,2,15.832972152123714
238201,1,7,6,20.382098093424712
238206,0,7,0,0.03905429219769786
238229,1,7,6,19.96835487147298
238245,1,7,1,6.842351993790347
238248,1,7,6,27.006218511454865
238256,1,7,8,8.190340577633352
238258,1,7,10,16.500875524346434
238261,1,7,6,22.531222691701597
238264,0,7,0,0.033335690594236494
238268,1,7,9,21.391288101631
238287,1,7,6,26.661666149265745
238298,0,7,0,0.03943000926455808
238316,1,7,10,14.980974365520355
238330,1,7,5,0.3700090141005197
238348,1,7,4,0.3700090657260609
238357,1,7,4,0.3700090657260609
238382,1,7,4,0.3700090657260609
238383,0,7,0,0.19777052160763406
238389,1,7,10,18.502856466976997
238394,1,7,6,29.297547115737494
238397,1,7,5,0.3700090141005197
238414,1,7,7,3.1161714494933657
238482,1,7,9,22.695161458398896
238485,1,7,8,26.61115725862146
238497,1,7,5,0.3700090141005197
238518,1,7,2,6.2720739525883955
238529,1,7,9,27.146208072096268
238530,1,7,10,23.816064156541916
238547,1,7,9,15.338526424801987
238554,1,7,5,0.3700090141005197
238562,1,7,6,27.546628961468038
238572,1,7,9,31.54259033754025
238592,1,7,5,0.3700090141005197
238594,1,7,8,33.241665887565034
238595,1,7,9,17.6936075796382
238602,1,7,10,15.620145770367317
238615,1,7,8,29.996220886608878
238623,1,7,6,26.677139587734022
238633,1,7,9,20.966152044974333
238648,1,7,9,27.66371535325636
238676,1,7,6,14.53321422199631
238714,1,7,8,21.594201801657043
238754,1,7,1,27.08930768960826
238761,1,7,6,16.062702005607495
238762,1,7,3,3.1512550824709296
238768,1,7,9,25.37980153717079
238780,1,7,9,33.557491765991585
238781,1,7,10,18.56247095337754
238783,1,7,6,23.34306773281268
238814,1,7,9,30.68174520015238
238828,1,7,8,14.78896822699166
238837,1,7,3,2.6241877085486864
238838,1,7,9,23.058497842720598
238864,1,7,8,12.481906965341478
238872,1,7,3,3.1971108091905123
238891,1,7,6,10.54954198522738
238902,0,7,0,0.03182960578888212
238933,1,7,4,0.3700090657260609
238940,1,7,8,26.78644362726609
238943,1,7,2,12.290179841427772
238950,1,7,9,12.251827201568025
238985,1,7,6,18.46920089918833
239009,1,7,10,20.140810348244063
239024,1,7,8,8.47556778137076
239026,1,7,10,11.281041420014166
239031,1,7,2,15.337975674016329
239034,1,7,6,11.032798075548566
239058,1,7,8,24.170832128715503
239068,1,7,8,10.173512641177345
239073,0,7,0,0.030101563016762364
239091,1,7,4,0.3700090656202526
239123,1,7,4,0.3700090656202526
239135,1,7,6,25.023969619506698
239142,1,7,10,23.314779740728248
239146,1,7,9,31.7724776480201
239155,1,7,1,9.171102146287698
239157,1,7,9,18.92449153069627
239167,1,7,8,22.685637399033826
239170,0,7,0,0.08296727911349738
239177,1,7,2,6.307167394462621
239186,1,7,10,17.607760821048963
239197,1,7,6,13.29496253978501
239224,1,7,7,1.5323786011843032
239226,1,7,9,18.844673875679643
239239,1,7,4,0.3700090657260609
239255,1,7,5,0.3700090141005197
239286,1,7,6,23.595287284122207
239292,1,7,5,0.3700090141005197
239296,1,7,5,0.3700090141005197
239300,1,7,4,0.3700090657260609
239307,1,7,9,4.567263263170649
239308,1,7,9,22.187418717438593
239311,1,7,2,13.555215235940048
239333,1,7,9,5.56114701980481
239334,1,7,9,24.246084458488504
239335,1,7,3,3.140519362685917
239345,1,7,8,29.67889945310496
239347,1,7,5,0.3700090141005197
239356,1,7,2,7.7919714932176225
239361,1,7,8,29.97062319578107
239395,1,7,4,0.3700090657260609
239404,1,7,10,17.715727620279726
239422,1,7,6,28.41771359516873
239425,1,7,9,10.189068660284887
239446,1,7,5,0.3700090141005197
239452,1,7,9,16.330773515031485
239453,1,7,5,0.3700090141005197
239456,1,7,7,3.7262725814688
239484,1,7,5,0.3700090141005197
239492,1,7,5,0.3700090141005197
239504,1,7,3,3.1729666615337613
239508,1,7,9,23.80173898213399
239518,1,7,4,0.3700090657260609
239524,1,7,10,5.788215002817601
239543,1,7,8,23.111317139178002
239548,1,7,8,24.841846729940844
239554,1,7,5,0.3700090141005197
239573,1,7,6,23.952199164967332
239574,1,7,6,8.716634287582371
239583,1,7,8,21.92037565595476
239592,1,7,8,17.152947461643418
239593,1,7,9,14.019504718429829
239611,1,7,5,0.3700090141005197
239617,1,7,5,0.3700090141005197
239625,1,7,5,0.3700090141005197
239630,1,7,6,13.49393512518815
239672,1,7,4,0.3700090657260609
239684,1,7,5,0.3700090141005197
239701,1,7,6,22.172911143952984
239716,1,7,4,0.3700090657260609
239717,1,7,1,4.960827718251506
239725,1,7,9,33.10069256076674
239740,1,7,8,5.792077451032646
239748,1,7,4,0.3700090657260609
239751,1,7,6,12.867185567896092
239752,1,7,6,18.135972613482494
239754,1,7,8,4.458990513330194
239764,1,7,9,15.020693474872603
239781,1,7,8,35.16189521695059
239789,1,7,6,30.091294535875605
239796,1,7,6,15.926514357589193
239820,1,7,5,0.3700090141005197
239869,1,7,5,0.3700090141005197
239879,1,7,7,6.257300838140815
239893,1,7,8,36.12184151606575
239896,1,7,4,0.3700090657260609
239902,1,7,4,0.3700090657260609
239909,0,7,0,0.12386823708702642
239921,1,7,10,7.325519869102867
239922,1,7,6,12.224200642728364
239925,1,7,9,31.884058469468318
239938,1,7,8,21.286135640461236
239941,1,7,10,14.072585378822302
239943,1,7,8,16.094064532292503
239945,1,7,6,28.575850134974534
239946,1,7,4,0.3700090657260609
239957,1,7,9,32.6978129995618
239965,1,7,5,0.3700090141005197
239966,1,7,6,30.383864872668443
239973,1,7,10,20.54077187709917
239974,1,7,10,7.051282280155966
239975,1,7,5,0.3700090141005197
239976,1,7,5,0.3700090141005197
239993,1,7,3,3.1970253130238464
239994,1,7,5,0.3700090141005197
240003,1,7,5,0.3700090141005197
240018,1,7,7,3.9357720168150436
240021,1,7,6,13.435668192029683
240027,0,7,0,0.04671731754499227
240036,1,7,9,17.5912930957503
240055,0,7,0,0.0332140582574644
240057,1,7,10,5.034388335355468
240085,1,7,7,4.407755326645154
240091,1,7,10,3.9272441066383
240098,1,7,9,29.092793257818183
240109,0,7,0,0.04702184006234152
240121,1,7,9,23.9904558808965
240128,1,7,1,26.37747950109793
240142,1,7,8,25.25527855621968
240148,1,7,8,10.081465472779865
240162,1,7,8,22.495840148592844
240179,1,7,10,19.31140378148392
240191,1,7,1,22.33934451211673
240206,1,7,5,0.3700090141005197
240214,1,7,8,33.7761792665997
240218,0,7,0,0.03669826032357481
240222,1,7,6,22.344762481813518
240226,1,7,9,2.9176835303304194
240227,1,7,6,29.959781277111702
240232,1,7,8,18.665990538118866
240233,1,7,8,11.204480336828455
240234,1,7,8,26.438266832853042
240251,0,7,0,0.03685329187203247
240259,1,7,10,11.342437091006694
240273,1,7,9,25.092770251116477
240296,1,7,4,0.3700090657260609
240298,1,7,7,2.26707527248718
240313,1,7,5,0.3700090141005197
240321,1,7,4,0.3700090656202526
240323,1,7,6,6.434661526896213
240330,1,7,6,17.83065759715583
240332,1,7,2,13.426325328126767
240349,1,7,10,17.73306907406588
240354,1,7,9,23.527666193014777
240382,1,7,1,21.728559095682687
240390,1,7,7,1.7616676766545467
240398,1,7,7,0.6203189810160817
240403,1,7,9,21.653287302220523
240406,1,7,5,0.3700090141005197
240420,1,7,5,0.3700090141005197
240422,1,7,6,10.739268483606871
240423,1,7,1,12.138156598026493
240428,1,7,10,5.9853724302292415
240429,1,7,9,10.385342810130895
240434,1,7,8,16.589178742354147
240436,0,7,0,0.041280275324831445
240472,0,7,0,0.04288812974314205
240483,0,7,0,0.0342548533913892
240498,1,7,6,22.90152717987524
240509,1,7,9,31.500021969252394
240524,1,7,9,5.74070458920336
240540,1,7,6,13.740624292417857
240549,1,7,9,28.097839898302396
240554,1,7,6,27.74738009513777
240560,1,7,10,25.52323621669405
240591,1,7,10,11.43091660245918
240614,1,7,10,4.3866400054265755
240644,1,7,8,30.10810614619667
240653,1,7,4,0.3700090657260609
240664,1,7,9,21.745285419586786
240671,1,7,7,5.54797970135977
240674,1,7,5,0.37000902039789374
240712,1,7,5,0.3700090141005197
240742,1,7,6,9.737521321829046
240754,1,7,9,15.667509294870081
240773,1,7,9,21.088301959296864
240778,0,7,0,0.0380036392967199
240782,1,7,5,0.3700090141005197
240795,1,7,6,30.501064820454886
240800,1,7,10,16.803970063248997
240822,1,7,1,20.789517049172222
240828,1,7,1,18.12501150367869
240831,1,7,4,0.3700090657260609
240836,1,7,9,25.359086718736407
240842,1,7,6,24.096209884974986
240862,1,7,5,0.3700090141005197
240863,1,7,6,29.45575053008894
240870,1,7,6,28.959170781410737
240871,1,7,1,5.981490960814717
240883,1,7,3,3.1010763939297785
240887,1,7,9,33.45139051019594
240896,1,7,8,26.371444457691226
240902,1,7,6,12.521671003133363
240916,1,7,10,16.697011680281985
240922,1,7,4,0.3700090657260609
240937,1,7,9,17.231578768538995
240940,1,7,6,28.742195175660175
240944,1,7,10,20.50136524278251
240949,1,7,1,3.7921741743967123
240957,1,7,9,21.259776455268447
240975,1,7,9,15.58010055193834
240989,1,7,8,16.701585495706965
240991,1,7,9,9.89608855099249
240993,1,7,7,5.935480719105995
241002,0,7,0,0.047125381954429224
241020,1,7,4,0.3700090657260609
241030,1,7,10,15.893785459068313
241034,1,7,7,2.2782206958433093
241036,1,7,8,29.41675434559423
241039,1,7,8,19.456383560720745
241052,1,7,6,14.279099308544307
241076,0,7,0,0.024893912424332698
241077,1,7,5,0.3700090141005197
241079,1,7,10,12.207436603267311
241082,1,7,5,0.3700090141005197
241087,1,7,7,0.6143390853003761
241108,1,7,8,28.252568525677244
241114,1,7,7,1.0629208746025705
241130,1,7,7,5.11445207690132
241136,1,7,10,25.99291452856572
241141,0,7,0,0.047110917212957744
241143,0,7,0,0.03500409890800577
241152,1,7,10,19.804058816700955
241153,1,7,9,32.07839574440001
241155,1,7,5,0.3700090141005197
241165,1,7,6,24.047127530951173
241186,1,7,4,0.3700090657260609
241187,1,7,7,2.6939542307482305
241191,1,7,3,3.104513263123968
241210,0,7,0,0.16929467472245213
241218,1,7,6,6.683005315608635
241220,1,7,6,30.24680225865262
241245,1,7,4,0.3700090657260609
241253,1,7,8,36.09862590156789
241263,1,7,9,27.516647088057095
241266,1,7,10,20.39829653981472
241269,1,7,9,29.19024636531645
241278,0,7,0,0.03835445814007635
241300,1,7,5,0.3700090141005197
241323,1,7,4,0.3700090657260609
241330,1,7,6,30.10426789161554
241332,1,7,9,31.339529034050685
241333,1,7,7,0.34747412494760943
241377,1,7,5,0.3700090141005197
241378,1,7,4,0.3700090657260609
241388,1,7,8,10.126940443932394
241396,1,7,8,2.0840113465471783
241401,1,7,7,0.6649527595558851
241409,1,7,8,27.86733386882294
241415,1,7,4,0.3700090657260609
241423,1,7,6,29.52791183594263
241429,1,7,4,0.3700090657260609
241448,1,7,1,13.948140844524415
241466,1,7,9,33.23178210904041
241482,1,7,1,14.703494313950003
241494,1,7,9,13.67070852894509
241497,1,7,8,21.39823524487173
241510,1,7,6,14.17938602894263
241513,1,7,5,0.3700090141005197
241516,1,7,5,0.3700090141005197
241521,1,7,6,28.85986039266151
241529,1,7,8,2.3795061791547742
241531,1,7,6,21.204237770774654
241538,1,7,9,32.73285128271041
241544,1,7,4,0.3700090657260609
241556,1,7,6,30.498394668203964
241563,1,7,6,7.479124347546411
241566,1,7,7,0.5552693922403962
241567,1,7,2,9.691171858169016
241573,1,7,8,30.443821314323323
241594,1,7,5,0.3700090141005197
241608,1,7,5,0.3700090141005197
241630,1,7,10,8.556656987832035
241647,1,7,6,29.339305199567605
241655,1,7,10,11.30330247109282
241667,1,7,3,2.946364551801068
241669,1,7,10,25.04319954012915
241670,1,7,4,0.3700090657260609
241672,1,7,3,3.13421752103825
241713,1,7,10,24.18839049076007
241715,1,7,4,0.3700090657260609
241733,1,7,4,0.3700090657260609
241735,1,7,9,33.01704989673728
241737,0,7,0,0.03217750049628809
241744,1,7,8,21.342195392832696
241765,1,7,5,0.3700090141005197
241769,1,7,6,22.745423808224523
241772,1,7,4,0.3700090657260609
241775,1,7,6,14.423641298694708
241779,1,7,9,10.750412569118888
241783,1,7,10,24.95752633928149
241788,1,7,1,19.72763809284989
241795,1,7,10,7.57769131707114
241806,1,7,4,0.3700090657260609
241820,1,7,2,3.4982731957449826
241831,1,7,6,6.417878546358937
241844,1,7,5,0.3700090141005197
241857,1,7,9,33.65505321308869
241870,1,7,6,12.554439106776659
241885,1,7,6,23.715927896048125
241901,0,7,0,0.033728353105643136
241907,1,7,8,17.18326679544456
241913,1,7,7,5.251695845767906
241914,1,7,8,9.233069991430687
241915,1,7,5,0.3700090141005197
241916,1,7,10,18.32844951611393
241917,0,7,0,0.03655529361260416
241919,1,7,2,5.90855624031697
241924,1,7,5,0.3700090141005197
241942,1,7,7,6.1497938237261875
241949,1,7,7,1.8414088384954685
241954,1,7,8,21.475104219282535
241958,1,7,10,14.355133407413481
241964,1,7,4,0.3700090657260609
241969,1,7,9,16.43787142911118
241977,1,7,9,17.64932579520939
241987,1,7,5,0.3700090141005197
241996,1,7,8,15.357631240423094
242001,1,7,8,25.98872147607465
242002,1,7,8,28.629710524361517
242004,1,7,8,13.417799705825646
242011,1,7,10,23.428883394122522
242022,1,7,4,0.3700090657260609
242036,1,7,3,3.21413054170877
242044,1,7,7,4.1080292132259295
242055,1,7,4,0.3700090657260609
242082,1,7,7,2.8358779368233273
242095,1,7,4,0.3700090657260609
242104,1,7,1,21.740795004954094
242105,1,7,4,0.3700090657260609
242138,1,7,5,0.37000902039789374
242152,1,7,9,24.733612396264537
242153,1,7,8,28.163128528051775
242158,1,7,1,4.47971530058073
242181,1,7,1,16.119989107546854
242198,1,7,5,0.3700090141005197
242199,1,7,4,0.3700090657260609
242201,1,7,10,25.942995090941334
242230,1,7,1,12.241946218614975
242236,1,7,6,20.387542780798253
242237,1,7,9,21.49592807662742
242253,0,7,0,0.022314265574735828
242257,0,7,0,0.03263132594348187
242272,1,7,9,24.606709235151886
242284,1,7,10,18.63562867687607
242288,1,7,5,0.3700090141005197
242289,1,7,8,25.70269995750354
242315,1,7,8,10.949273186854347
242337,1,7,2,8.512464900538774
242341,1,7,9,22.154973685223617
242346,1,7,4,0.3700090657260609
242351,1,7,8,20.30701960574899
242360,1,7,5,0.3700090141005197
242362,1,7,5,0.3700090141005197
242375,1,7,4,0.3700090657260609
242376,1,7,9,23.441430961079092
242382,1,7,8,26.82305738799647
242398,1,7,6,29.5188240749789
242401,1,7,4,0.3700090657260609
242416,1,7,6,20.918860824274645
242428,1,7,9,30.050292092964515
242460,1,7,6,13.55949541250865
242465,1,7,7,0.515927000030497
242475,1,7,1,24.624087303280447
242498,1,7,5,0.3700090141005197
242501,1,7,5,0.3700090141005197
242503,1,7,6,10.118866498199873
242512,1,7,1,17.392836864664407
242515,1,7,4,0.3700090657260609
242536,1,7,4,0.3700090657260609
242561,1,7,4,0.3700090657260609
242566,1,7,4,0.3700090657260609
242574,1,7,10,9.606904196927733
242575,1,7,3,2.6133917420947825
242582,1,7,9,33.448857163814274
242606,0,7,0,0.047179072995910586
242614,1,7,5,0.3700090141005197
242621,1,7,5,0.3700090141005197
242631,1,7,9,20.636008712372607
242640,1,7,5,0.3700090141005197
242647,1,7,8,11.688623922460254
242650,1,7,4,0.3700090657260609
242663,1,7,5,0.3700090141005197
242668,1,7,8,17.996233325283274
242669,1,7,2,5.946652961411099
242688,1,7,8,34.703238379387436
242706,1,7,4,0.3700090657260609
242714,1,7,2,12.045490956887662
242723,1,7,9,27.14013512678935
242725,1,7,9,18.456197681964724
242755,1,7,9,22.232688391725492
242764,1,7,9,29.792376698809722
242769,1,7,2,9.186492288194401
242773,1,7,6,21.367385437490825
242778,1,7,5,0.37000902039789374
242796,1,7,3,3.1067504589041635
242805,1,7,8,14.71571600973553
242814,1,7,4,0.3700090657260609
242834,1,7,1,5.964055222300624
242841,1,7,5,0.3700090141005197
242862,1,7,8,28.58968255112717
242872,1,7,5,0.3700090141005197
242892,1,7,5,0.3700090141005197
242897,0,7,0,0.03527830750077729
242907,1,7,4,0.3700090657260609
242912,0,7,0,0.03374814885830677
242919,1,7,5,0.3700090141005197
242933,1,7,9,33.31543758473729
242936,1,7,4,0.3700090657260609
242938,1,7,8,22.760760634208484
242951,1,7,6,21.224345074237146
242954,1,7,4,0.3700090657260609
242955,1,7,10,18.50125677098353
242975,1,7,9,33.50317388722545
243017,0,7,0,0.043250432772907535
243020,1,7,7,3.2090195116065208
243023,1,7,9,32.302892676901955
243031,1,7,6,20.1914695987079
243036,1,7,9,18.300530089950897
243037,1,7,4,0.3700090657260609
243081,1,7,1,26.579590936880617
243093,1,7,7,6.11265827989618
243114,1,7,8,29.19695274857725
243120,1,7,9,21.759755733547614
243124,1,7,10,23.273331465715266
243127,1,7,4,0.3700090657260609
243133,1,7,5,0.37000902039789374
243140,1,7,9,31.377361308862707
243172,1,7,4,0.3700090657260609
243174,1,7,4,0.3700090657260609
243178,0,7,0,0.039265384512778355
243180,1,7,5,0.3700090141005197
243183,1,7,9,2.5620893018034394
243191,1,7,8,26.899867782061808
243192,1,7,1,19.081819728866957
243195,1,7,5,0.3700090141005197
243216,0,7,0,0.034845064703869805
243244,1,7,6,26.65756775754747
243245,1,7,7,5.642089170966898
243259,1,7,6,29.70341561937897
243271,1,7,3,3.228017146210105
243273,1,7,7,5.7346709609616635
243294,1,7,9,33.72100777968917
243301,1,7,8,35.534476026076945
243310,1,7,8,25.00129341630977
243313,1,7,8,27.739064003338736
243334,1,7,5,0.3700090141005197
243346,1,7,2,3.6572315457792453
243359,1,7,8,10.059603774532805
243374,1,7,8,21.589535648942306
243418,1,7,8,28.257200702921345
243443,1,7,6,19.93787863964064
243470,1,7,9,23.693346682076406
243490,1,7,5,0.3700090141005197
243502,0,7,0,0.04380174921958566
243504,1,7,9,25.738662952229674
243510,1,7,3,2.4305578494517364
243531,1,7,6,22.288996474573732
243537,1,7,3,1.889566319793714
243548,1,7,8,29.40959040550097
243553,1,7,7,5.442575293544471
243560,1,7,9,14.94825941765889
243563,1,7,9,28.23615393261334
243594,1,7,6,11.420273588666607
243601,1,7,9,32.57283066480108
243615,1,7,1,9.869208053528238
243617,1,7,5,0.3700090141005197
243627,1,7,6,13.401946312937037
243633,1,7,4,0.3700090657260609
243636,1,7,6,17.803924183737532
243638,1,7,8,2.52317347568841
243640,1,7,9,32.172502052530625
243672,1,7,10,18.21649574444076
243684,0,7,0,0.11790252081057744
243705,1,7,4,0.3700090657260609
243712,1,7,6,17.251177738183074
243725,1,7,9,21.286717952364732
243726,1,7,8,6.964757653779254
243762,1,7,10,18.532208881938743
243769,1,7,4,0.3700090657260609
243777,1,7,6,21.111657934161865
243795,1,7,5,0.3700090141005197
243798,1,7,10,5.424392548530185
243808,1,7,9,22.768885967637644
243819,1,7,1,11.389756599919457
243821,1,7,4,0.3700090657260609
243830,1,7,5,0.3700090141005197
243835,1,7,6,19.53583366344119
243844,1,7,10,4.410696793652027
243845,1,7,9,31.321535254319993
243850,1,7,9,13.386790960150135
243855,1,7,6,21.954818408783108
243874,1,7,9,27.44688614623867
243878,1,7,5,0.3700090141005197
243888,1,7,6,9.815453840649477
243919,1,7,8,18.62803044054592
243925,1,7,8,24.153713438009067
243948,1,7,6,16.050139171796264
243957,1,7,6,9.535144218369071
243960,1,7,7,6.3341103241429
243966,1,7,9,29.064644007451708
243979,1,7,9,20.12313000439577
244013,1,7,8,35.97619125184535
244037,1,7,9,20.942416212730553
244039,1,7,10,12.956952783198933
244040,1,7,1,4.019863124701665
244042,1,7,5,0.3700090141005197
244066,0,7,0,0.03918516636333668
244067,1,7,8,14.173080489990975
244073,1,7,4,0.3700090657260609
244074,1,7,8,11.942279227566091
244080,1,7,9,12.16597279479076
244082,1,7,4,0.3700090657260609
244099,1,7,4,0.3700090657260609
244102,1,7,9,20.11535092410626
244105,1,7,9,16.726524412500503
244109,0,7,0,0.03897410588326502
244115,1,7,6,20.177131859142886
244129,1,7,4,0.3700090657260609
244145,1,7,3,3.2280882716377834
244149,1,7,10,23.02721915701519
244154,1,7,6,19.54763764887411
244167,0,7,0,0.04124781954412119
244184,1,7,7,1.3506772690092828
244190,1,7,9,31.434410746704227
244196,1,7,4,0.3700090657260609
244200,1,7,6,20.630850628937054
244202,1,7,6,21.926016316711404
244223,1,7,4,0.3700090657260609
244225,0,7,0,0.09871524250459225
244286,1,7,7,2.5948158541846085
244293,1,7,6,7.534889990482551
244307,1,7,2,0.9765371506606682
244308,1,7,6,19.717173742711864
244312,1,7,9,28.032653742451973
244323,1,7,4,0.3700090657260609
244335,1,7,3,2.9996276099192247
244336,1,7,2,7.351887073020648
244363,1,7,6,22.851393488229867
244402,1,7,5,0.3700090141005197
244409,1,7,6,20.87762347306115
244420,1,7,9,24.250906243184
244421,1,7,9,18.93219255899722
244422,1,7,8,15.775431163190554
244444,1,7,6,21.83287706385799
244451,1,7,1,5.93699736233546
244467,1,7,9,31.67060127755407
244471,1,7,5,0.3700090141005197
244495,1,7,3,3.1098227889326124
244496,1,7,6,23.14446341080101
244501,1,7,7,0.34778333638329134
244536,1,7,5,0.3700090141005197
244562,1,7,8,17.747048102280303
244575,1,7,4,0.3700090657260609
244610,1,7,4,0.3700090656202526
244618,1,7,7,6.254434215375766
244622,1,7,10,18.47627340544709
244642,1,7,5,0.3700090141005197
244652,1,7,4,0.3700090657260609
244653,1,7,1,15.491013365803235
244672,1,7,2,16.101174807907466
244674,1,7,5,0.3700090141005197
244688,1,7,8,35.05533350854869
244690,1,7,10,13.098201838474177
244697,1,7,2,3.7052575600727318
244698,1,7,7,6.478650820296143
244704,1,7,5,0.3700090141005197
244706,1,7,5,0.3700090141005197
244731,1,7,5,0.3700090141005197
244739,1,7,4,0.3700090657260609
244740,0,7,0,0.03654225951136025
244741,1,7,7,1.328982729301324
244769,1,7,4,0.3700090657260609
244770,1,7,8,33.62904131689541
244774,1,7,4,0.3700090657260609
244784,1,7,4,0.3700090657260609
244798,1,7,5,0.3700090141005197
244809,1,7,9,12.856069030023454
244812,1,7,6,29.358989202331333
244816,1,7,10,21.945329498561286
244821,1,7,1,10.225926168798365
244843,0,7,0,0.046084827206713405
244859,1,7,1,11.411424019200231
244877,1,7,9,24.520605667176962
244890,1,7,7,3.102483021889082
244892,0,7,0,0.04716315880068781
244898,1,7,3,3.2270816270493152
244914,1,7,9,22.843608162868797
244916,0,7,0,0.024522698851148442
244926,1,7,9,32.7563512972705
244927,1,7,4,0.3700090657260609
244933,1,7,5,0.3700090141005197
244937,1,7,5,0.3700090141005197
244941,1,7,8,35.29565762722571
244950,1,7,6,27.011181518269346
244953,1,7,5,0.3700090141005197
244971,1,7,7,5.235270531567992
244975,1,7,4,0.3700090657260609
244990,1,7,8,31.895540609596974
245005,1,7,8,22.221944479253313
245013,1,7,9,31.55683651785165
245016,1,7,5,0.3700090141005197
245023,1,7,9,19.19098587377238
245040,1,7,6,20.181032534644974
245075,1,7,8,29.183378520158964
245076,1,7,1,12.880717885282708
245090,1,7,5,0.3700090141005197
245094,1,7,2,0.8782232285580913
245112,1,7,6,11.992627875784052
245139,1,7,9,27.03404597199262
245141,1,7,1,23.532332690991293
245154,1,7,10,17.476125914977082
245174,1,7,10,14.419666984549687
245176,1,7,4,0.3700090657260609
245182,1,7,1,9.438004037667556
245186,1,7,2,8.618217232898049
245195,1,7,5,0.3700090141005197
245200,1,7,1,10.045376299203205
245216,0,7,0,0.03534628537490084
245228,1,7,2,5.780895170823383
245240,1,7,9,32.45227929382289
245247,1,7,10,12.169120992648654
245271,1,7,6,10.528565028737182
245289,1,7,10,23.064237958200515
245300,1,7,4,0.3700090657260609
245305,1,7,7,0.6130766911992722
245310,1,7,7,6.4286792376863655
245321,1,7,10,25.668892001548674
245329,1,7,10,15.907732376119691
245332,1,7,8,7.270441605401405
245360,1,7,6,14.220858041785158
245388,1,7,4,0.3700090657260609
245416,1,7,6,5.548876757577359
245420,1,7,9,5.191322252829691
245423,1,7,7,2.279136248192612
245441,1,7,10,14.659042919792114
245449,1,7,4,0.3700090657260609
245453,1,7,9,33.40276785944975
245482,1,7,3,3.2132045894197847
245483,1,7,8,30.263356351949486
245485,1,7,5,0.3700090141005197
245490,1,7,7,4.917518711571493
245492,1,7,9,33.121619130712276
245494,1,7,1,11.342415327758722
245495,1,7,8,34.88885236178505
245504,1,7,8,22.052707331051284
245507,0,7,0,0.04702972289074445
245518,1,7,4,0.3700090657260609
245528,1,7,7,3.195573819704795
245532,1,7,8,29.685879129887716
245535,1,7,4,0.3700090656202526
245539,0,7,0,0.11790252504344462
245549,1,7,6,29.391356880094015
245556,1,7,7,4.83486130187273
245565,1,7,9,12.26663802207988
245567,1,7,10,6.254027742906769
245572,1,7,9,32.74529895792178
245586,1,7,4,0.3700090657260609
245601,1,7,5,0.3700090141005197
245616,1,7,9,18.3977383973226
245656,1,7,9,9.70678234792046
245658,1,7,4,0.3700090657260609
245668,1,7,9,23.27080862037194
245671,1,7,8,3.4922106681698257
245687,1,7,4,0.3700090657260609
245695,1,7,9,22.8559086432064
245709,1,7,8,25.654694888010653
245714,1,7,6,6.903834411183116
245715,1,7,6,20.70855236826382
245721,1,7,10,13.293811201976316
245723,1,7,9,15.025514292008607
245728,1,7,5,0.3700090141005197
245740,1,7,9,5.902206395597045
245753,1,7,4,0.3700090657260609
245762,1,7,10,26.074649505195218
245773,1,7,8,32.14477270995757
245778,1,7,7,0.3611604962263628
245785,1,7,9,15.219209893172806
245786,1,7,6,22.851503872068612
245797,1,7,2,8.650077334315368
245804,1,7,5,0.3700090141005197
245817,1,7,8,36.05477898832134
245823,0,7,0,0.04618656142852675
245830,1,7,8,33.76988548580655
245840,0,7,0,0.04038363772106107
245856,1,7,4,0.3700090657260609
245889,1,7,9,21.09448055867228
245891,1,7,9,14.158158547635361
245916,1,7,6,29.45063861683297
245918,1,7,8,25.18165406964658
245924,1,7,5,0.3700090141005197
245925,1,7,5,0.3700090141005197
245935,1,7,5,0.3700090141005197
245937,1,7,8,11.697059558273757
245970,1,7,8,29.926416074744182
245971,1,7,8,34.95979140008242
245978,1,7,9,20.79424947370071
245980,1,7,6,19.893619668813532
245984,1,7,2,7.440520760976201
245990,1,7,8,25.779827411713267
246011,1,7,9,29.784881008070858
246013,1,7,5,0.3700090141005197
246017,1,7,2,1.3591409344471106
246021,1,7,9,20.779920753816096
246036,1,7,6,17.38690927854915
246039,1,7,4,0.3700090657260609
246044,1,7,7,6.283917494337747
246056,1,7,6,18.455698072812652
246088,1,7,8,33.209503635584106
246104,1,7,8,6.362032218781418
246115,1,7,5,0.3700090141005197
246151,1,7,1,8.454357650900358
246176,1,7,6,18.171536743916263
246181,1,7,7,5.037092447865007
246182,1,7,10,17.356922726955545
246183,1,7,8,28.311857115426953
246187,1,7,1,21.52398991659943
246195,1,7,4,0.3700090657260609
246198,1,7,1,6.866687035540518
246199,1,7,8,26.039477487246337
246201,1,7,8,31.328388735068707
246205,1,7,6,28.5816797090528
246208,1,7,6,14.676201122596087
246240,1,7,9,24.44674006105954
246246,1,7,10,15.612492037747545
246262,1,7,10,14.913009894189807
246266,1,7,9,28.447021567824738
246269,1,7,6,11.88786974640288
246270,1,7,9,23.592676380003624
246272,1,7,3,2.2565266594667897
246277,1,7,6,28.067608606396462
246285,1,7,5,0.3700090141005197
246293,1,7,8,15.624226751725153
246294,1,7,9,23.582326179180345
246306,1,7,9,27.097820710481074
246322,1,7,6,25.066342709556036
246346,1,7,5,0.3700090141005197
246352,1,7,9,30.158846586273416
246354,1,7,6,30.29530772356634
246366,1,7,6,14.033793272947424
246374,1,7,6,13.701593007275996
246381,1,7,8,8.578380839382543
246391,1,7,1,14.747177909982911
246392,1,7,2,3.3376829379963744
246402,1,7,2,9.458245825115371
246403,1,7,2,6.154779342412462
246406,1,7,6,25.600469840721967
246408,1,7,9,25.113266531819683
246413,1,7,4,0.3700090657260609
246448,1,7,9,30.103348297539856
246469,0,7,0,0.03558111629021353
246474,1,7,9,27.034320975594515
246477,1,7,9,24.249113701528273
246478,1,7,8,15.337964195787219
246480,1,7,9,33.47460677335707
246489,1,7,4,0.3700090657260609
246495,1,7,10,25.37765689514435
246497,1,7,8,35.619417383507184
246525,1,7,8,19.251021083109727
246526,1,7,9,32.89062335868602
246536,1,7,9,19.0360816689386
246551,1,7,4,0.3700090657260609
246561,1,7,9,32.88641353922916
246581,1,7,10,22.84616910110649
246600,1,7,2,14.561775574488431
246601,1,7,10,18.512464192438085
246610,1,7,5,0.3700090141005197
246612,1,7,9,16.53577679344163
246633,1,7,4,0.3700090657260609
246642,1,7,8,24.825559340446866
246659,1,7,5,0.3700090141005197
246670,1,7,5,0.3700090141005197
246682,1,7,5,0.3700090141005197
246697,1,7,4,0.3700090657260609
246718,1,7,3,3.266290899529256
246728,1,7,6,19.500887972075294
246731,1,7,5,0.3700090141005197
246735,1,7,4,0.3700090657260609
246777,1,7,4,0.3700090656202526
246779,0,7,0,0.06239832519177076
246788,1,7,6,16.023686887948813
246794,1,7,5,0.3700090141005197
246802,1,7,8,33.88368787181028
246806,1,7,2,12.140447539810701
246823,1,7,10,6.744134083997452
246827,1,7,9,27.671368883520493
246840,1,7,2,12.808062159143361
246853,1,7,6,19.800528051846797
246856,1,7,1,26.086932633209827
246860,1,7,3,2.50370731521857
246875,0,7,0,0.03525675104307258
246900,0,7,0,0.024903578122389955
246912,1,7,6,27.895675375179756
246936,1,7,1,22.65583815144724
246944,1,7,10,10.032629797006424
246959,1,7,7,2.7928499798203057
246965,1,7,4,0.3700090657260609
246973,1,7,9,6.795917169996938
246974,0,7,0,0.039502260736493315
246989,0,7,0,0.047191916180464887
247004,1,7,9,23.595597812628142
247012,1,7,6,28.182302104880854
247016,1,7,8,12.974029465776368
247035,1,7,4,0.3700090657260609
247039,1,7,9,23.00087645320176
247042,1,7,10,11.59045054466412
247045,1,7,5,0.3700090141005197
247047,1,7,10,5.9833762125295875
247071,1,7,9,31.61769071110374
247072,1,7,9,32.1433329152938
247080,1,7,9,24.24422318058153
247083,1,7,9,32.96938992301172
247087,1,7,4,0.3700090657260609
247105,1,7,8,35.655465839634594
247108,1,7,10,8.17221487763803
247136,1,7,8,32.628165595422544
247145,1,7,6,28.022204637745073
247148,1,7,2,8.305571840906639
247156,1,7,10,9.560364182322603
247172,1,7,4,0.3700090657260609
247190,1,7,9,18.57463147296273
247204,0,7,0,0.03956563093805288
247212,1,7,1,13.272861322128742
247232,1,7,9,24.01004727536619
247252,1,7,7,6.532220766343609
247257,1,7,10,5.5793586594616835
247284,1,7,6,8.715672522936615
247304,1,7,9,30.653342157082026
247317,1,7,6,10.881596567378434
247319,0,7,0,0.0376734854029031
247323,1,7,10,17.072794769548263
247350,1,7,8,16.602948026208438
247376,1,7,5,0.3700090141005197
247385,1,7,6,24.608302044221514
247386,1,7,8,17.229710919506957
247421,1,7,7,4.645277546205876
247426,1,7,5,0.3700090141005197
247429,1,7,6,6.906074241005024
247446,1,7,9,13.027790056473119
247447,1,7,5,0.3700090141005197
247462,1,7,8,17.611323513524262
247469,1,7,5,0.3700090141005197
247483,1,7,8,22.088443268649772
247487,1,7,8,17.31634502594703
247512,1,7,10,17.715149882126607
247519,1,7,7,0.4299357770667572
247520,1,7,4,0.3700090657260609
247535,0,7,0,0.045896396608823595
247583,1,7,4,0.3700090657260609
247593,1,7,6,24.88616829688317
247605,1,7,3,3.1637205342986934
247608,1,7,5,0.3700090141005197
247614,1,7,6,29.78650826927753
247628,0,7,0,0.04228040443482135
247641,1,7,3,3.2623497144077596
247649,1,7,5,0.3700090141005197
247663,1,7,1,27.117684221036924
247680,1,7,1,20.503721796125216
247684,1,7,4,0.3700090657260609
247697,1,7,5,0.3700090141005197
247700,1,7,9,28.5797979374688
247704,1,7,9,31.299406960972757
247705,1,7,4,0.3700090657260609
247706,1,7,4,0.3700090657260609
247709,1,7,2,2.112033750338519
247712,1,7,8,22.221221773449454
247733,1,7,9,6.059617038548321
247740,1,7,5,0.3700090141005197
247742,1,7,10,10.849063191262173
247747,1,7,10,17.51472274022981
247755,1,7,5,0.3700090141005197
247781,1,7,9,33.67090286604807
247790,1,7,6,25.52628988504879
247793,0,7,0,0.15154509816086711
247807,1,7,10,22.963816442832897
247818,1,7,7,6.094869386928556
247828,1,7,5,0.3700090141005197
247835,1,7,4,0.3700090657260609
247852,0,7,0,0.04703369729846827
247875,1,7,4,0.3700090657260609
247883,1,7,8,6.062514436616486
247885,1,7,9,11.654538128610358
247889,1,7,5,0.3700090141005197
247893,1,7,4,0.3700090657260609
247896,1,7,7,1.9691816989826407
247900,1,7,7,3.860840351795283
247901,1,7,8,4.306470626737977
247913,1,7,2,6.377320449243081
247923,1,7,4,0.3700090657260609
247924,1,7,9,24.342729742103554
247925,1,7,6,30.397830757376582
247928,1,7,8,36.041226790682956
247942,1,7,8,17.486686993247158
247946,1,7,9,9.19154304379333
247955,1,7,4,0.3700090657260609
247970,1,7,4,0.3700090657260609
247972,1,7,7,6.364851765698896
247974,0,7,0,0.04457426567410791
247999,1,7,5,0.3700090141005197
248009,1,7,5,0.3700090141005197
248019,1,7,6,20.215935641211985
248052,1,7,6,30.093323875819927
248062,1,7,8,32.66640821476503
248068,1,7,6,21.944574195175015
248087,1,7,5,0.3700090141005197
248102,1,7,8,18.99012525976091
248121,1,7,9,24.081028079258637
248143,1,7,4,0.3700090656202526
248160,1,7,5,0.3700090141005197
248189,1,7,5,0.3700090141005197
248212,1,7,1,27.65002329864924
248215,1,7,6,16.35900914038454
248222,1,7,8,33.221051411489995
248227,1,7,1,19.228182676616285
248243,1,7,8,20.33308400973704
248251,1,7,5,0.3700090141005197
248257,1,7,10,12.818943224521346
248259,1,7,9,3.7274029221131566
248296,1,7,4,0.3700090657260609
248305,1,7,4,0.3700090657260609
248331,0,7,0,0.030916384136041787
248332,1,7,9,29.841567580153182
248351,1,7,6,16.428726701393057
248365,1,7,9,11.482658682421539
248374,1,7,9,33.11547456752168
248375,1,7,5,0.3700090141005197
248377,1,7,9,9.106964514212162
248390,1,7,5,0.3700090141005197
248395,1,7,7,2.1046745442345967
248398,1,7,4,0.3700090657260609
248409,1,7,10,5.545977308238898
248410,1,7,6,30.498964267744476
248422,1,7,6,10.028352280628372
248424,1,7,8,3.727399850540451
248425,1,7,4,0.3700090657260609
248427,1,7,6,20.061796767905175
248432,1,7,3,1.6904075627122284
248441,0,7,0,0.04365994379510559
248454,1,7,2,16.23586743200061
248459,1,7,4,0.3700090656202526
248469,1,7,4,0.3700090657260609
248479,1,7,10,6.340022803629839
248481,1,7,4,0.3700090657260609
248495,1,7,8,33.93389205468125
248499,1,7,3,2.2175125941080758
248501,1,7,1,20.706800981593588
248519,0,7,0,0.02805624172114137
248520,1,7,6,25.049424778496718
248521,1,7,5,0.3700090141005197
248557,1,7,4,0.3700090657260609
248568,1,7,6,30.194517626173944
248585,1,7,1,21.83862894343218
248601,1,7,10,14.98369940939558
248607,1,7,8,23.235092191992347
248620,1,7,2,7.475251959732305
248653,1,7,6,16.287330460817017
248656,1,7,6,18.893833206749658
248665,1,7,5,0.3700090141005197
248672,1,7,8,16.268126521185582
248681,1,7,10,12.863449005563742
248698,0,7,0,0.036596871622394986
248709,1,7,2,12.95961391681234
248737,1,7,5,0.3700090141005197
248740,1,7,9,33.663283891903625
248742,1,7,2,13.120658173025436
248747,1,7,8,11.658938742100675
248748,1,7,4,0.3700090657260609
248770,1,7,9,6.7206325552470485
248774,1,7,6,20.403547456933744
248779,1,7,9,21.72920408027762
248780,1,7,9,20.029092273416783
248795,1,7,8,19.759541197408645
248803,1,7,9,21.784611121163707
248808,1,7,4,0.3700090657260609
248820,1,7,6,30.253382289382838
248827,1,7,1,20.77762851800758
248844,1,7,8,32.687944957588094
248845,1,7,3,3.2024055950681976
248851,1,7,9,28.372809802206465
248860,1,7,1,6.845762322975251
248886,1,7,1,11.495526873721033
248890,0,7,0,0.025074244105806016
248904,1,7,10,25.648700432192076
248905,1,7,5,0.3700090141005197
248913,0,7,0,0.030586231504611316
248914,1,7,4,0.3700090657260609
248918,1,7,8,11.718485638252288
248919,1,7,10,14.743212705552661
248920,1,7,10,17.767118179488055
248929,1,7,8,36.006482390570916
248950,1,7,2,7.000211379830133
248953,1,7,4,0.3700090657260609
248954,1,7,9,7.279922369951133
248960,1,7,9,33.59008157604451
248961,1,7,5,0.3700090141005197
248963,1,7,9,23.577675048744595
248968,1,7,9,29.917308966969852
248976,1,7,6,24.745573827966812
248995,1,7,7,3.355216404605986
249009,1,7,7,0.8540514242588817
249011,1,7,4,0.3700090657260609
249019,1,7,9,22.600409713680474
249040,1,7,10,17.912986904667527
249041,1,7,6,10.538074362524501
249052,1,7,4,0.3700090657260609
249053,1,7,5,0.3700090141005197
249061,1,7,10,5.984632929074681
249065,1,7,9,20.824450893822405
249066,1,7,5,0.3700090141005197
249068,1,7,9,33.49585252800669
249072,1,7,6,17.02631965874452
249082,1,7,2,4.303009664550681
249085,1,7,8,29.65101092649022
249086,1,7,4,0.3700090657260609
249096,1,7,10,18.52188132508681
249097,1,7,9,26.574994062204237
249099,1,7,8,16.56352143463859
249113,0,7,0,0.0932317606682332
249128,1,7,5,0.3700090141005197
249130,1,7,6,26.090737790718787
249134,1,7,9,22.265612294910667
249164,1,7,5,0.3700090141005197
249168,1,7,1,25.495956296585188
249183,1,7,9,33.72982808870965
249186,1,7,6,22.839869505498562
249189,1,7,4,0.3700090657260609
249198,1,7,4,0.3700090657260609
249226,1,7,7,4.907301480441119
249228,1,7,5,0.3700090141005197
249258,1,7,9,31.111589324612076
249260,1,7,8,20.138658059346664
249265,1,7,3,2.7525315930022667
249268,1,7,7,1.0867031012794681
249283,1,7,9,11.630793387450357
249298,1,7,2,4.51742701272047
249307,1,7,5,0.37000902039789374
249315,1,7,10,12.988316230441061
249344,1,7,5,0.3700090141005197
249347,1,7,6,24.570546443450436
249359,1,7,4,0.3700090657260609
249360,1,7,4,0.3700090657260609
249368,1,7,5,0.3700090141005197
249369,1,7,8,29.258154450126277
249370,1,7,10,11.587191133295281
249390,1,7,2,6.006119075495129
249402,1,7,8,28.65239757541453
249413,1,7,6,18.588945170176796
249421,1,7,7,2.2747847479363212
249426,1,7,3,3.1396157540933
249430,1,7,4,0.3700090657260609
249432,1,7,4,0.3700090657260609
249435,0,7,0,0.036854286932890376
249453,1,7,1,14.564688240929772
249472,1,7,5,0.3700090141005197
249480,1,7,8,15.378539461202736
249481,1,7,8,20.412871084978875
249487,1,7,4,0.3700090657260609
249492,1,7,9,26.398568746129374
249510,1,7,6,21.578687578569344
249511,0,7,0,0.03212694817185202
249517,1,7,6,29.08789094648362
249535,1,7,6,11.687618588427506
249537,1,7,5,0.3700090141005197
249569,1,7,8,22.99824051585808
249579,1,7,9,33.28286624415778
249592,1,7,6,27.79268430612259
249599,1,7,9,33.61209757173799
249603,1,7,9,33.55232997505079
249615,1,7,9,32.920235912507245
249622,0,7,0,0.03583270595540523
249625,1,7,4,0.3700090657260609
249633,1,7,6,17.598277635277302
249639,1,7,8,7.435591226397586
249650,0,7,0,0.03823084938901006
249664,1,7,5,0.3700090141005197
249665,1,7,4,0.3700090657260609
249677,1,7,10,17.56217534601901
249698,1,7,5,0.3700090141005197
249709,1,7,9,23.86128808395801
249724,1,7,1,19.283396385573294
249732,1,7,6,17.16467577573116
249739,1,7,1,20.458757723676317
249798,1,7,5,0.3700090141005197
249805,1,7,9,12.403330829547658
249807,1,7,3,3.2223748282220703
249813,1,7,2,11.308927843980474
249817,1,7,10,15.053955745730686
249821,1,7,8,29.23514768144954
249822,1,7,8,4.9773762555994905
249827,1,7,6,21.922481019449727
249830,1,7,4,0.3700090657260609
249835,1,7,6,27.98778505652466
249841,1,7,9,22.14872302509695
249848,1,7,9,15.443547777611471
249870,1,7,6,21.94146533329016
249880,1,7,9,15.314370611782769
249886,1,7,9,31.08604852077591
249887,1,7,9,25.043775013428473
249901,1,7,7,2.566736108952608
249909,1,7,1,27.539605888544536
249929,1,7,3,0.6698980983149108
249934,1,7,4,0.3700090657260609
249937,0,7,0,0.036500260522865924
249938,1,7,8,18.254189652596054
249950,1,7,9,29.69407953796179
249967,1,7,6,24.7794781839386
249980,1,7,7,6.374382202459988
249991,1,7,7,3.2755936021994194
250009,1,7,5,0.3700090141005197
250013,1,7,8,2.5427691757817494
250019,1,7,9,25.007998660063492
250045,1,7,7,3.3994455668545727
250071,1,7,8,6.5535773777924256
250074,1,7,9,24.87121283946956
250087,1,7,4,0.3700090657260609
250114,1,7,10,4.488973558787383
250119,1,7,6,5.354129701967113
250125,1,7,6,22.708159251559856
250129,0,7,0,0.028830567037542536
250133,1,7,4,0.3700090657260609
250136,1,7,8,11.73358183311095
250138,1,7,7,4.408007290244842
250159,1,7,8,35.565935014222575
250173,1,7,9,30.145782235751277
250188,1,7,5,0.3700090141005197
250191,1,7,6,6.5980308762624595
250194,0,7,0,0.047016260021402925
250209,1,7,10,22.721634647765494
250235,1,7,9,21.01521484496106
250240,1,7,9,14.162969881105077
250266,1,7,8,32.690098630271606
250283,1,7,8,25.76354079984038
250285,1,7,5,0.3700090141005197
250294,1,7,7,6.26320862538307
250303,1,7,6,26.043776892279404
250308,1,7,10,16.189858315728543
250310,1,7,3,0.6018930014662457
250314,1,7,5,0.3700090141005197
250315,1,7,8,29.173663361505312
250316,1,7,6,9.7584360385312
250345,1,7,9,26.565359675160096
250357,1,7,9,20.456810973492054
250393,1,7,4,0.3700090657260609
250409,1,7,10,11.449306631853965
250415,1,7,10,18.269245369013742
250427,1,7,6,21.27299123289372
250437,1,7,4,0.3700090657260609
250448,1,7,5,0.3700090141005197
250460,1,7,9,24.688756042879266
250471,1,7,1,20.645575606586068
250490,1,7,4,0.3700090657260609
250493,1,7,6,14.541480356617589
250497,1,7,9,23.521015271280504
250502,1,7,6,24.607006580367504
250509,1,7,3,1.939486977760798
250515,1,7,1,8.950674681761008
250524,1,7,9,18.501777244829498
250573,1,7,5,0.3700090141005197
250574,1,7,6,21.646941815834634
250597,1,7,9,20.84091923383693
250621,1,7,6,20.751550938304625
250627,1,7,4,0.3700090657260609
250628,1,7,6,20.952330997849955
250639,1,7,10,21.381861940073268
250642,0,7,0,0.031228560826596856
250673,1,7,5,0.3700090141005197
250692,1,7,4,0.3700090657260609
250698,1,7,9,14.721773458565606
250709,1,7,1,11.964868418145358
250710,1,7,9,23.608286164479793
250714,1,7,8,32.74026755230051
250721,1,7,10,22.348579977338417
250740,1,7,8,11.31505957907295
250756,1,7,5,0.3700090141005197
250757,1,7,1,25.2722104399774
250776,1,7,10,5.001728958377025
250777,1,7,7,6.423943789016807
250794,1,7,6,30.642379628381452
250809,1,7,1,24.74898483590559
250829,1,7,9,23.299563344522284
250840,1,7,4,0.3700090657260609
250845,1,7,8,23.412739716526133
250852,1,7,6,27.39567736824199
250853,1,7,4,0.3700090657260609
250869,1,7,8,3.2906111339518493
250897,1,7,5,0.3700090141005197
250909,1,7,6,26.223211471939877
250944,1,7,5,0.3700090141005197
250948,1,7,10,9.584097990044725
250954,1,7,5,0.3700090141005197
250956,1,7,2,9.9869776158824
250975,1,7,6,18.501747885124775
250979,1,7,9,7.50276000514976
250988,1,7,9,33.60853068024705
250989,1,7,9,33.30608852512453
251004,1,7,6,27.750481269809825
251006,1,7,8,22.113777279055164
251019,1,7,10,22.384123686273583
251029,1,7,7,0.7997922804644464
251050,1,7,10,26.0508460766855
251051,1,7,6,22.854275790340388
251055,1,7,8,2.4134017869781395
251056,1,7,5,0.3700090141005197
251058,1,7,6,23.3383220355937
251060,1,7,4,0.3700090657260609
251064,0,7,0,0.03600269716088612
251068,1,7,5,0.3700090141005197
251069,1,7,5,0.3700090141005197
251072,1,7,6,16.8788568826983
251076,0,7,0,0.043274262620450886
251082,1,7,5,0.3700090141005197
251097,1,7,6,23.681979537037485
251104,0,7,0,0.03914625916014062
251106,1,7,10,17.096738849362175
251109,1,7,10,15.460965904529717
251111,1,7,9,9.763850730277177
251121,1,7,7,0.9001653539610625
251152,1,7,6,22.60449726752152
251208,1,7,4,0.3700090657260609
251210,1,7,6,7.538647270943066
251211,1,7,8,26.58257648731146
251222,1,7,5,0.3700090141005197
251234,1,7,7,2.4495308912646547
251235,1,7,8,19.25844807841637
251240,1,7,2,0.8454490756874872
251247,1,7,9,23.960564943870224
251251,1,7,8,7.798465630438888
251261,1,7,1,27.37999444399567
251262,1,7,4,0.3700090657260609
251265,0,7,0,0.0361394653594879
251277,1,7,1,26.750773016023018
251295,0,7,0,0.03487366800284932
251320,1,7,6,12.729781248024203
251325,1,7,6,27.26586452960183
251347,1,7,1,7.178154115004076
251354,1,7,1,27.863874969261992
251357,1,7,4,0.3700090657260609
251371,1,7,9,25.72903154454021
251377,1,7,9,7.527797247061843
251386,1,7,9,27.45889856647575
251413,1,7,9,11.363603285438936
251417,1,7,8,28.096097488855957
251422,1,7,9,5.0578356624439795
251432,1,7,4,0.3700090657260609
251438,1,7,4,0.3700090657260609
251446,1,7,9,33.07600273130166
251454,1,7,6,12.239568582216695
251463,1,7,7,1.1747555675057966
251468,1,7,9,8.350856061853792
251491,1,7,6,23.248308595538354
251496,1,7,10,11.08495743335052
251507,0,7,0,0.03938865781985278
251508,1,7,8,2.7287717483196237
251530,1,7,10,21.201621053674476
251532,1,7,9,17.28038050321811
251541,1,7,6,20.43817751684363
251572,1,7,6,27.7299901308493
251573,1,7,8,11.191377329737822
251585,0,7,0,0.13038385406853206
251588,0,7,0,0.03985244222909048
251617,1,7,8,3.0403131700109327
251635,1,7,8,12.935170535998067
251638,1,7,8,27.015637940269183
251668,1,7,8,18.640549317889384
251712,1,7,1,21.638062388180792
251717,1,7,5,0.3700090141005197
251718,1,7,2,5.251809918369901
251719,1,7,6,23.91082038254054
251721,1,7,5,0.3700090141005197
251723,1,7,5,0.3700090141005197
251725,1,7,8,32.03827733951755
251726,1,7,4,0.3700090657260609
251738,1,7,9,21.366236325815684
251744,1,7,8,20.104310565167335
251767,1,7,4,0.3700090657260609
251792,0,7,0,0.035506266137569874
251803,1,7,9,26.60398217550729
251806,1,7,5,0.3700090141005197
251809,1,7,9,21.84818421117588
251813,1,7,3,3.002011682628398
251818,1,7,9,3.9193619648675417
251839,1,7,8,11.96425860343621
251843,1,7,5,0.3700090141005197
251848,1,7,2,8.62177728965565
251852,1,7,8,32.479780670758444
251870,1,7,1,21.778525835935834
251883,1,7,9,29.5007247316259
251899,1,7,7,2.596475020992201
251906,1,7,9,31.067519646964726
251917,1,7,4,0.3700090657260609
251919,1,7,8,33.383191720381504
251962,1,7,7,1.2757545826716374
251964,1,7,9,24.686707862748424
251973,1,7,5,0.3700090141005197
251975,0,7,0,0.03320456371884501
251981,1,7,8,18.635952384531397
251985,1,7,5,0.3700090141005197
251986,1,7,9,20.10496555253935
251992,0,7,0,0.03419301372198975
251998,1,7,10,10.075636385403493
252002,1,7,8,18.96426879999137
252015,1,7,6,10.780573391073775
252023,1,7,7,6.299148441669124
252024,1,7,10,24.059726941940706
252032,1,7,9,8.84053624191494
252044,1,7,9,23.511111658222855
252051,1,7,6,8.486790982253337
252070,1,7,5,0.3700090141005197
252075,1,7,9,7.129267313873037
252104,1,7,1,27.127827121437686
252131,1,7,9,22.977364811046904
252138,0,7,0,0.036383839325175193
252154,1,7,8,31.229514489782552
252155,1,7,9,27.412810527870327
252162,1,7,9,25.52894958006301
252163,1,7,10,12.578564572121037
252175,1,7,4,0.3700090657260609
252177,1,7,4,0.3700090657260609
252186,1,7,7,1.338476431776511
252194,1,7,9,10.382888589972886
252195,1,7,8,14.123669121028334
252196,1,7,5,0.3700090141005197
252202,1,7,8,18.01948734720911
252205,1,7,7,5.112808900197343
252221,1,7,10,4.200107212963301
252225,1,7,5,0.3700090141005197
252228,1,7,6,22.21164898789633
252251,1,7,6,8.463441642611613
252254,1,7,7,5.274632974730347
252262,1,7,9,22.986773079005623
252265,1,7,3,3.167131465444403
252280,1,7,2,1.9956930875033425
252284,1,7,5,0.3700090141005197
252305,1,7,7,2.6766314514336966
252318,1,7,1,19.734294422137207
252321,1,7,5,0.3700090141005197
252327,1,7,6,11.80514373700399
252331,1,7,5,0.3700090141005197
252349,1,7,9,29.409267003429772
252359,1,7,9,22.467712574421252
252376,1,7,1,26.75706730555504
252383,1,7,9,33.72036957947463
252386,1,7,9,32.22548189618487
252393,1,7,10,18.14667317738962
252395,1,7,9,33.70443887311023
252399,1,7,3,3.23862212205773
252417,1,7,8,26.067668916538636
252454,1,7,9,17.415880874368284
252457,1,7,4,0.3700090657260609
252479,0,7,0,0.030084437225111615
252484,1,7,5,0.3700090141005197
252491,1,7,2,4.822988350534722
252499,1,7,9,28.108197684375856
252502,1,7,9,29.892813021689754
252504,1,7,8,29.90077322300302
252513,1,7,8,24.36171778959389
252522,1,7,6,27.381785333722252
252547,1,7,8,19.04125168613538
252550,1,7,9,2.9264890740093286
252595,1,7,7,1.061582468291109
252601,1,7,10,6.105452586504605
252602,1,7,5,0.3700090141005197
252619,1,7,5,0.3700090141005197
252624,1,7,10,12.645068882441164
252626,1,7,5,0.3700090141005197
252630,1,7,5,0.3700090141005197
252633,1,7,10,18.399914318440572
252644,1,7,1,24.574015206130593
252649,1,7,10,18.133480889198463
252655,1,7,6,22.897664042570863
252656,1,7,7,4.260411477144676
252684,1,7,6,8.807163961765895
252690,1,7,3,1.6299258428249102
252693,0,7,0,0.025131253903684352
252701,0,7,0,0.037676376417426126
252708,1,7,1,26.775768623708696
252717,1,7,4,0.3700090657260609
252728,1,7,8,4.6747928958716924
252732,0,7,0,0.04148938917867548
252744,1,7,9,16.641078389558988
252756,1,7,4,0.3700090657260609
252770,1,7,8,35.52338926539686
252781,1,7,9,25.193170041554094
252784,1,7,7,1.4318257387720277
252786,1,7,7,5.760903191923628
252787,1,7,9,20.896767723291024
252825,1,7,8,32.81579931631005
252854,1,7,7,6.223897791534434
252869,1,7,1,19.199688700057788
252878,1,7,4,0.3700090657260609
252892,1,7,7,2.7296821262197066
252896,1,7,6,29.914403526247103
252916,1,7,9,11.50178556069351
252920,1,7,9,32.99039269727857
252935,1,7,9,25.639834288944346
252936,1,7,4,0.3700090657260609
252976,1,7,6,30.180504194435105
252980,1,7,5,0.3700090141005197
252995,0,7,0,0.04704999678555002
253003,1,7,9,26.03414941861011
253004,1,7,2,8.350617885677758
253009,1,7,1,6.9101443741377935
253023,1,7,5,0.3700090141005197
253032,1,7,6,26.77204249478778
253039,1,7,9,24.1435479575169
253040,1,7,4,0.3700090657260609
253043,1,7,1,6.607090010185804
253045,1,7,9,32.87066187800421
253047,1,7,4,0.3700090657260609
253056,1,7,9,22.865672682969024
253064,1,7,9,16.433541570458093
253100,1,7,1,5.203476428513691
253130,1,7,9,33.704025172327974
253136,1,7,8,17.776059259703107
253148,1,7,7,5.868524396659189
253151,1,7,9,18.529499360659123
253158,1,7,3,2.476528163343303
253168,1,7,5,0.3700090141005197
253170,1,7,9,22.93888511536838
253172,1,7,3,1.7426292089073487
253182,1,7,9,17.996889004554877
253209,0,7,0,0.04065152375432385
253213,1,7,6,23.915279455931028
253249,1,7,9,9.070407691613749
253250,1,7,6,30.10463950884126
253268,1,7,2,6.98907615353594
253270,1,7,5,0.3700090141005197
253275,1,7,8,23.518409634150355
253279,1,7,9,32.18309624512287
253293,1,7,1,16.24876875979992
253295,1,7,8,27.74042973030678
253305,1,7,9,29.986632099886982
253323,1,7,4,0.3700090657260609
253339,1,7,4,0.3700090657260609
253344,1,7,8,25.611993787692647
253345,1,7,1,23.85185062786511
253355,1,7,6,22.053032513136337
253360,1,7,9,5.64377261349689
253371,1,7,5,0.3700090141005197
253389,1,7,9,27.21906297960007
253403,1,7,8,15.988556788146784
253406,1,7,7,5.606332931589463
253408,1,7,6,23.18873965186476
253409,1,7,5,0.3700090141005197
253416,1,7,6,28.97701603736259
253422,1,7,9,32.8273918316313
253424,1,7,2,16.342235525704098
253437,1,7,4,0.3700090657260609
253450,1,7,5,0.3700090141005197
253451,1,7,9,23.48769501136926
253460,1,7,10,16.146088649168473
253462,1,7,5,0.37000902039789374
253464,1,7,9,12.081977595775749
253472,1,7,9,25.238904807180187
253487,1,7,9,20.040832327109943
253492,1,7,10,8.799570698044688
253501,1,7,8,9.88534822393242
253515,1,7,8,29.870405825127005
253521,1,7,10,4.906781051088947
253555,1,7,7,3.4918296742864396
253569,1,7,6,7.980815677303971
253574,1,7,8,18.1664276132519
253578,1,7,2,12.934387504264915
253583,1,7,8,19.587506005462078
253605,1,7,4,0.3700090657260609
253614,1,7,2,14.569518859708099
253638,1,7,6,17.51020440862874
253646,1,7,5,0.3700090141005197
253652,1,7,10,21.78143928740427
253656,1,7,5,0.3700090141005197
253657,1,7,7,2.5657539693085933
253670,1,7,4,0.3700090657260609
253676,0,7,0,0.03879730140717914
253677,1,7,5,0.3700090141005197
253684,1,7,10,15.946824290035412
253685,1,7,6,29.982864937017432
253695,1,7,9,23.16044542627153
253696,1,7,10,17.6945601019574
253706,1,7,9,8.59088016263965
253708,1,7,4,0.3700090657260609
253710,1,7,10,9.791392842903518
253728,1,7,10,9.753988696363091
253730,1,7,6,21.553882196494165
253743,1,7,6,19.413493604635498
253750,1,7,8,25.792821249948172
253760,1,7,8,28.246920359060404
253766,1,7,7,4.138433381144173
253784,1,7,3,3.101832536381732
253786,1,7,9,24.69636991642507
253810,1,7,5,0.3700090141005197
253813,1,7,3,2.7490365492969393
253817,1,7,9,22.483576064324026
253836,1,7,10,8.098417647219119
253840,1,7,9,28.255891866941226
253841,1,7,9,25.83974978322808
253851,1,7,8,17.101684042480894
253863,1,7,2,4.781468815651933
253876,1,7,8,11.934001453142146
253884,1,7,8,7.709182937629846
253893,1,7,1,21.550389766363043
253894,0,7,0,0.03459892807695736
253895,1,7,4,0.3700090657260609
253900,1,7,5,0.3700090141005197
253903,1,7,1,6.8981685601711895
253907,1,7,8,33.27524908723784
253913,1,7,9,29.05853975736281
253920,1,7,8,25.44379460776918
253922,1,7,4,0.3700090657260609
253939,1,7,4,0.3700090657260609
253951,1,7,1,13.103162241963414
253955,1,7,6,13.398275441059317
253956,0,7,0,0.04646614712885609
253973,1,7,6,20.485308669522
253978,1,7,9,32.94312790933159
254001,1,7,4,0.3700090656202526
254005,1,7,1,9.207893544482678
254009,1,7,5,0.3700090141005197
254016,1,7,5,0.3700090141005197
254036,1,7,8,10.019269268216824
254041,1,7,5,0.3700090141005197
254042,1,7,5,0.3700090141005197
254051,1,7,8,15.7815545113739
254059,1,7,8,20.501356675617895
254066,1,7,5,0.3700090141005197
254070,1,7,8,8.797040063880095
254076,0,7,0,0.033159413977749096
254096,1,7,9,4.007977848385548
254102,1,7,2,8.175296477575477
254109,1,7,9,8.020478370399683
254111,1,7,4,0.3700090657260609
254121,1,7,4,0.3700090657260609
254130,1,7,8,22.976634325626645
254142,1,7,8,35.514263942166394
254190,1,7,8,26.2829881899642
254201,1,7,6,29.383879404740938
254203,1,7,6,26.66081264130554
254204,1,7,4,0.3700090657260609
254229,1,7,9,10.394703639902463
254237,1,7,6,23.85817994264086
254260,1,7,4,0.3700090657260609
254265,1,7,1,12.020841569897609
254272,1,7,9,7.491810130331103
254286,1,7,1,10.072348414980635
254300,1,7,9,33.42421710193195
254308,1,7,6,21.580595199494546
254320,0,7,0,0.1563336850339199
254324,1,7,9,25.18541413384935
254327,1,7,8,17.413143178171335
254349,1,7,5,0.3700090141005197
254375,1,7,5,0.3700090141005197
254384,1,7,4,0.3700090657260609
254396,1,7,6,22.458338603284325
254399,1,7,6,12.071971369285771
254423,1,7,5,0.3700090141005197
254427,1,7,9,33.477167586418204
254434,0,7,0,0.032022892146355265
254447,1,7,2,10.294762824326186
254449,1,7,9,15.38116393027733
254450,1,7,6,5.597326827230795
254458,1,7,5,0.3700090141005197
254482,1,7,6,29.65084216564364
254508,1,7,9,30.861177282007834
254519,1,7,8,4.8661788988547
254534,0,7,0,0.04693814228424379
254536,1,7,8,20.355233779279125
254537,0,7,0,0.03557900929467615
254560,1,7,2,11.97337072432415
254561,1,7,5,0.3700090141005197
254583,1,7,10,23.743391001817734
254605,1,7,8,26.21169563226348
254606,1,7,9,29.62988054436665
254609,1,7,8,5.408907454095183
254616,1,7,8,18.880908156597194
254617,1,7,6,22.10577020198871
254654,1,7,9,12.43577357686074
254666,1,7,6,28.64870142269263
254671,1,7,10,21.78062002162705
254692,1,7,4,0.3700090657260609
254693,1,7,8,19.231125356019884
254696,1,7,5,0.37000902039789374
254701,1,7,7,4.753502656956817
254703,1,7,1,19.329340396053986
254711,1,7,4,0.3700090657260609
254715,1,7,5,0.3700090141005197
254718,1,7,9,32.507421248852424
254721,1,7,4,0.3700090657260609
254728,1,7,3,3.0952947802793966
254734,1,7,8,25.258281241694476
254764,1,7,5,0.3700090141005197
254766,1,7,6,25.50773609140361
254777,1,7,1,21.77542676328051
254789,1,7,5,0.3700090141005197
254792,1,7,8,22.27475993388703
254811,1,7,5,0.3700090141005197
254818,1,7,6,16.355056215419868
254837,1,7,9,14.265489892763846
254843,1,7,9,33.07234248354414
254862,1,7,8,14.639129079486661
254866,1,7,9,32.24501501625078
254875,1,7,5,0.3700090141005197
254879,1,7,5,0.3700090141005197
254898,1,7,4,0.3700090657260609
254910,1,7,8,26.19373892933091
254911,1,7,4,0.3700090657260609
254945,1,7,8,27.291482650169502
254950,1,7,8,13.385482717109497
254956,0,7,0,0.030128074604860992
254960,1,7,6,21.117121214241706
254978,1,7,7,6.456974146289389
255009,1,7,9,4.508258502690584
255027,1,7,4,0.3700090656202526
255037,1,7,4,0.3700090656202526
255041,1,7,10,17.62758606482012
255044,1,7,1,24.005587800082314
255063,1,7,10,18.18458044796376
255076,1,7,10,6.731657308108681
255081,1,7,1,24.99495236031988
255087,1,7,9,32.78165012172504
255096,1,7,5,0.3700090141005197
255097,1,7,9,31.512974255068183
255102,1,7,6,4.369838829555216
255116,1,7,9,23.902736758134626
255126,1,7,6,15.172565696305718
255134,1,7,6,21.520546471841847
255145,1,7,9,14.20087954287172
255150,1,7,9,15.008304570900993
255164,1,7,9,23.439737677161872
255188,1,7,5,0.3700090141005197
255191,1,7,1,25.795815889446484
255220,1,7,1,14.433214686075697
255223,1,7,5,0.3700090141005197
255237,1,7,6,27.215478918017116
255242,1,7,5,0.3700090141005197
255243,1,7,9,11.339940707344942
255247,1,7,9,27.766303594008143
255248,1,7,9,15.278024320225754
255253,1,7,8,18.47194092359259
255277,1,7,5,0.3700090141005197
255278,1,7,4,0.3700090657260609
255292,1,7,5,0.3700090141005197
255343,1,7,4,0.3700090657260609
255345,1,7,5,0.3700090141005197
255362,1,7,5,0.37000902039789374
255375,1,7,2,12.378194875597774
255392,1,7,8,11.372401621613413
255405,1,7,9,31.114562910444832
255422,1,7,4,0.3700090657260609
255452,1,7,6,11.134849794314565
255461,1,7,9,19.91079085676753
255462,1,7,6,26.24630272450503
255470,1,7,4,0.3700090657260609
255485,1,7,8,24.061138324723544
255501,1,7,7,3.3711853650640076
255509,1,7,6,28.40539447839853
255519,1,7,5,0.3700090141005197
255527,1,7,5,0.3700090141005197
255529,1,7,7,1.383458251606223
255551,1,7,5,0.3700090141005197
255555,1,7,8,24.75697574167447
255556,0,7,0,0.03953115817655612
255562,1,7,4,0.3700090657260609
255573,1,7,9,12.205247688995344
255578,1,7,5,0.3700090141005197
255590,1,7,8,24.126471971272654
255608,1,7,8,12.477434730888909
255637,1,7,9,33.55379528870611
255638,1,7,7,1.9858521375275164
255659,1,7,8,20.970762599364303
255661,1,7,6,14.688113739607141
255662,1,7,5,0.3700090141005197
255664,1,7,4,0.3700090657260609
255695,1,7,9,16.130996325452372
255696,1,7,5,0.3700090141005197
255700,1,7,6,20.912114450522456
255703,1,7,8,35.550719467469875
255704,1,7,8,18.058915612481105
255707,1,7,9,8.753637369776886
255716,1,7,5,0.3700090141005197
255723,1,7,8,18.31041852528597
255739,1,7,7,3.2475555766254196
255751,1,7,6,27.17674979076598
255756,1,7,7,5.069712325367844
255758,1,7,8,20.67422555010383
255764,1,7,5,0.3700090141005197
255774,1,7,5,0.3700090141005197
255775,1,7,6,30.287868160255588
255776,1,7,6,17.263975722151088
255783,1,7,10,12.209819846786642
255785,1,7,8,30.61563188135615
255794,1,7,10,26.025376961857408
255798,1,7,4,0.3700090657260609
255805,1,7,10,17.115208456308252
255806,0,7,0,0.038652899423031156
255821,1,7,1,6.150968610154007
255863,1,7,1,11.051637923256477
255872,1,7,7,2.998159830800444
255881,1,7,8,20.482555373647344
255889,1,7,8,26.79271480333993
255893,1,7,9,11.108250899155918
255908,1,7,4,0.3700090657260609
255933,1,7,9,30.731852089617902
255947,0,7,0,0.045256002057897385
255980,1,7,5,0.3700090141005197
256015,1,7,4,0.3700090657260609
256023,1,7,4,0.3700090657260609
256042,1,7,7,4.084847432235573
256047,1,7,5,0.37000902039789374
256048,1,7,8,36.04978289772048
256081,1,7,9,32.59055633500115
256082,0,7,0,0.06225022911218782
256093,1,7,1,17.015287740752317
256094,1,7,5,0.3700090141005197
256107,1,7,9,30.618902999319157
256115,1,7,4,0.3700090657260609
256117,1,7,8,18.63073683263308
256119,1,7,2,6.067559397239685
256129,1,7,7,2.0073333858581175
256138,1,7,10,22.535244754754306
256150,1,7,2,15.765111007653367
256153,1,7,8,27.266761041816988
256162,1,7,6,23.732850230945058
256191,1,7,9,19.859095044699313
256196,1,7,6,27.471810772737555
256199,1,7,5,0.3700090141005197
256205,1,7,1,13.770361405169135
256209,1,7,5,0.3700090141005197
256212,1,7,9,29.25135279339883
256221,1,7,9,27.485970156681784
256224,1,7,9,18.889090949460847
256231,1,7,7,5.486793906409494
256252,1,7,6,21.575093257186396
256263,1,7,10,25.906352236691028
256267,1,7,5,0.3700090141005197
256271,1,7,10,10.944134394812703
256275,1,7,6,22.221808177085588
256282,1,7,9,31.31209398316971
256314,1,7,6,19.552389770151755
256320,1,7,9,26.52026623715655
256321,1,7,9,33.45094169482292
256323,1,7,6,22.91343230016725
256336,1,7,6,30.012250475556556
256390,1,7,6,22.113400233305057
256396,1,7,6,16.894565345826535
256404,1,7,2,16.133464811606615
256416,1,7,5,0.3700090141005197
256427,1,7,9,26.73684460356381
256462,1,7,9,15.026330428535339
256464,1,7,7,6.416803602841544
256473,1,7,4,0.3700090657260609
256475,1,7,8,29.195334173561537
256488,1,7,2,9.4383275859189
256503,1,7,8,14.165644858367758
256505,1,7,9,14.840807532566613
256515,1,7,10,17.59718961061715
256517,1,7,6,5.904970599063151
256526,1,7,8,34.38384346013188
256537,1,7,4,0.3700090657260609
256545,1,7,7,4.296103717292776
256557,1,7,6,28.86453101410607
256559,0,7,0,0.0323525397648296
256560,1,7,6,29.848150221352075
256562,1,7,1,8.137903473297273
256564,1,7,4,0.3700090657260609
256584,1,7,6,13.314142422455184
256611,1,7,1,24.823538038312225
256612,1,7,4,0.3700090657260609
256636,1,7,8,20.024885318681136
256648,1,7,6,29.362342979150455
256679,1,7,3,3.2047674594968476
256687,1,7,9,24.472419544577235
256688,1,7,8,23.35043302341999
256698,1,7,8,29.339887849433957
256701,1,7,5,0.3700090141005197
256716,1,7,6,6.546807167640414
256721,1,7,7,2.7194091066383397
256738,1,7,4,0.3700090657260609
256742,1,7,5,0.3700090141005197
256770,1,7,9,33.462083076618725
256802,1,7,5,0.3700090141005197
256813,1,7,6,25.639762651040062
256820,1,7,5,0.3700090141005197
256841,1,7,4,0.3700090657260609
256842,1,7,4,0.3700090657260609
256849,1,7,9,18.84152123371293
256859,1,7,10,10.588550635125694
256866,1,7,10,15.236546691745053
256871,1,7,8,21.946426805084
256889,0,7,0,0.03902823258880699
256909,1,7,10,13.675374501244196
256920,1,7,10,23.88530816326427
256933,1,7,8,26.994171327267658
256946,0,7,0,0.02177672575967115
256949,1,7,3,1.0575909746313907
256965,1,7,8,17.9184007878944
256966,0,7,0,0.042757559453231564
256974,1,7,5,0.3700090141005197
256977,1,7,1,23.061422583505855
256983,1,7,9,30.686313154555037
256990,0,7,0,0.055536249763909876
257012,0,7,0,0.046799053239890295
257020,1,7,5,0.3700090141005197
257039,1,7,9,10.39891341090182
257041,1,7,9,29.750064585701477
257049,1,7,5,0.37000902039789374
257052,1,7,5,0.3700090141005197
257056,1,7,10,16.330427003584838
257075,1,7,6,11.959332106498591
257076,0,7,0,0.039271688567573584
257080,1,7,8,24.185574567617042
257085,1,7,7,5.792270484362813
257099,1,7,9,32.98184866056211
257107,1,7,6,8.04307521723098
257109,1,7,4,0.3700090657260609
257115,1,7,6,16.929968454395876
257133,1,7,9,28.840155180621824
257144,1,7,9,30.65424053713126
257151,1,7,5,0.3700090141005197
257167,1,7,5,0.3700090141005197
257178,1,7,7,4.512202624682804
257185,1,7,1,21.96788509805832
257191,1,7,6,27.38293311538798
257201,1,7,4,0.3700090657260609
257209,1,7,10,13.288811711178521
257212,1,7,6,5.272039213179982
257220,1,7,1,21.620844807148647
257221,1,7,9,28.37102466692836
257223,1,7,10,11.531634236346457
257232,1,7,6,29.52292397402792
257253,1,7,9,33.3207526372668
257281,1,7,6,26.523818160397838
257284,1,7,9,13.22193866686132
257315,1,7,4,0.3700090657260609
257330,1,7,8,25.688159289359742
257337,1,7,8,9.362705388784999
257339,1,7,7,3.1622788165309146
257354,1,7,10,23.133670445351264
257364,1,7,8,26.030773176431243
257369,1,7,9,33.2958645170355
257386,1,7,9,33.358837044357394
257407,1,7,4,0.3700090657260609
257417,1,7,3,2.3796550570351487
257418,1,7,8,22.202995796593356
257427,1,7,4,0.3700090657260609
257449,1,7,8,25.667486969626765
257454,0,7,0,0.03053727083174209
257455,1,7,9,30.677617916324454
257456,1,7,9,11.551475754095033
257459,1,7,6,5.739635560457458
257463,0,7,0,0.025599349574746185
257467,1,7,5,0.3700090141005197
257473,1,7,5,0.3700090141005197
257484,1,7,8,19.92596558568425
257492,1,7,8,26.092777095982242
257495,1,7,9,11.097391469436703
257496,1,7,9,16.590134387089066
257516,1,7,5,0.3700090141005197
257525,1,7,8,21.405520290885732
257532,1,7,4,0.3700090657260609
257538,1,7,2,14.792381343748943
257543,1,7,9,9.494277268101959
257546,1,7,9,23.499185372069327
257557,1,7,9,27.450253198946097
257561,1,7,5,0.3700090141005197
257567,1,7,9,25.555592032206032
257574,1,7,8,35.89327434272664
257589,1,7,9,29.832609481882596
257590,1,7,6,29.323851306146974
257594,1,7,9,14.315987159529646
257603,1,7,6,22.046660103282168
257609,0,7,0,0.03204935601771773
257635,1,7,1,9.01521745894771
257644,1,7,2,15.165290968524296
257652,1,7,3,3.2149207265526676
257659,1,7,6,19.56346883046193
257676,1,7,9,32.90935668878663
257689,1,7,10,4.618200131651942
257707,1,7,5,0.3700090141005197
257714,1,7,1,26.397978246058848
257726,1,7,4,0.3700090657260609
257734,1,7,9,16.58295243427957
257737,1,7,9,27.58162561507972
257758,0,7,0,0.045157884922813966
257764,1,7,7,4.901703339568091
257791,1,7,8,28.59487603303243
257795,1,7,9,18.17837131510979
257798,0,7,0,0.038654546129998704
257812,1,7,10,21.63852777330551
257813,1,7,9,7.869901572015734
257817,1,7,8,2.9606132180533167
257830,1,7,9,16.093862457947846
257836,1,7,3,2.5456161852910473
257837,1,7,6,30.2605173968992
257838,1,7,10,3.7462691924789913
257841,1,7,5,0.3700090141005197
257850,1,7,8,27.74464894114295
257852,1,7,4,0.3700090657260609
257866,1,7,9,15.031225799673651
257869,1,7,7,6.1953853566310615
257883,1,7,3,2.377270763426097
257890,1,7,2,1.0283323554601194
257901,1,7,7,5.688311962323519
257903,1,7,5,0.3700090141005197
257922,1,7,7,2.839632271595486
257923,1,7,4,0.3700090657260609
257930,1,7,8,8.413798759102791
257943,1,7,5,0.3700090141005197
257976,1,7,10,23.417295708625
258006,1,7,4,0.3700090657260609
258008,1,7,5,0.3700090141005197
258011,1,7,3,2.813844244682872
258017,1,7,9,12.685326569730943
258020,1,7,1,21.051924680432595
258022,1,7,9,28.86326174916015
258036,1,7,8,34.61812990557438
258038,1,7,6,6.873785302755622
258047,1,7,4,0.3700090657260609
258064,1,7,6,30.37123044970574
258082,1,7,4,0.3700090657260609
258093,1,7,1,12.271199883302984
258112,0,7,0,0.03299025300433159
258113,1,7,10,11.887246831248715
258126,1,7,4,0.3700090657260609
258132,1,7,9,25.10098468415963
258138,1,7,7,6.089438955280644
258143,1,7,6,25.402296381460683
258150,1,7,2,3.274753716244745
258165,1,7,1,5.016012964310167
258174,1,7,1,6.177136499669231
258193,1,7,5,0.3700090141005197
258203,1,7,6,29.279371983708316
258219,0,7,0,0.03870887216961665
258224,1,7,9,22.859105499214245
258247,1,7,3,3.145207488265622
258254,1,7,9,11.035957845445562
258257,1,7,10,12.308868970451158
258263,1,7,9,22.949673182512043
258267,1,7,5,0.3700090141005197
258277,1,7,5,0.3700090141005197
258285,1,7,1,24.94224278509941
258295,1,7,6,22.78971230991003
258303,1,7,8,30.790266402460347
258322,1,7,7,4.371509255210842
258325,1,7,1,14.015315418846484
258335,1,7,1,15.684462452709765
258342,1,7,6,30.229857538131906
258344,1,7,4,0.3700090657260609
258351,1,7,9,31.44476176472264
258373,1,7,9,13.544081445528146
258377,1,7,2,15.057178769221085
258379,1,7,4,0.3700090657260609
258381,1,7,6,22.794380700575864
258389,1,7,4,0.3700090657260609
258396,1,7,4,0.3700090657260609
258397,1,7,4,0.3700090657260609
258413,1,7,10,8.247805562159927
258421,1,7,8,14.35624648254113
258433,1,7,9,23.73824423141393
258448,1,7,3,3.116976380617554
258456,1,7,1,17.83245879203159
258457,1,7,10,17.080884099872673
258482,1,7,6,24.830664981803807
258490,1,7,9,33.2145367591993
258500,1,7,7,0.7210120847848428
258511,1,7,5,0.37000902039789374
258514,1,7,9,27.449035769716556
258541,0,7,0,0.047249671660443325
258543,1,7,1,26.053418662074247
258554,1,7,6,27.28478105919127
258564,1,7,9,23.64432425909938
258565,1,7,6,17.080579791894383
258577,1,7,5,0.3700090141005197
258581,1,7,8,10.727887576439228
258586,1,7,1,17.93958886979094
258588,1,7,3,3.219824145410317
258595,1,7,9,18.65640567002159
258602,1,7,9,23.126938800004485
258604,1,7,10,14.834929774342609
258609,1,7,3,0.7149315492440573
258619,1,7,5,0.3700090141005197
258631,1,7,3,2.9708104238720408
258633,1,7,8,21.665150066723577
258640,1,7,5,0.3700090141005197
258649,1,7,5,0.3700090141005197
258665,1,7,7,1.3684004122471936
258688,1,7,8,29.52525945075124
258706,1,7,6,14.121464518202432
258726,1,7,4,0.3700090657260609
258731,1,7,9,21.50508197698211
258732,0,7,0,0.04384924670733578
258736,1,7,10,21.835355636529453
258740,1,7,6,15.646914772390897
258743,1,7,3,2.87646564611289
258746,0,7,0,0.04710061730054507
258747,1,7,10,7.048824535972187
258765,1,7,10,11.070386167238688
258767,1,7,9,9.779276899567103
258780,1,7,9,2.9657199288707394
258783,1,7,5,0.3700090141005197
258788,1,7,6,15.20430851747115
258794,1,7,5,0.3700090141005197
258813,1,7,5,0.3700090141005197
258849,1,7,9,29.588612744409303
258857,1,7,4,0.3700090657260609
258859,1,7,9,13.217031435147586
258860,1,7,8,21.318770173086055
258868,1,7,9,22.01552817418598
258889,1,7,9,22.141259914150574
258893,1,7,9,26.8102144370607
258905,1,7,9,23.839877006976998
258910,1,7,3,2.2938393359709095
258914,1,7,7,5.957150617757367
258915,1,7,9,5.606099854369136
258918,1,7,6,29.426673325542822
258924,1,7,6,27.98627045146685
258925,1,7,4,0.3700090657260609
258941,1,7,4,0.3700090657260609
258947,1,7,7,6.176889639278248
258950,1,7,8,33.820588308191795
258952,1,7,8,30.33877612113361
258968,0,7,0,0.022987346355057187
258989,1,7,9,22.05652768489132
258995,1,7,10,11.682290585519409
259011,1,7,2,5.009263203866187
259014,1,7,5,0.3700090141005197
259030,1,7,8,14.19167835129409
259034,1,7,9,11.629155803718529
259035,1,7,8,7.662240449315146
259038,1,7,5,0.37000902039789374
259044,0,7,0,0.033429524663479634
259057,1,7,6,29.581857882214877
259067,1,7,1,9.098290821588
259081,1,7,9,29.909141903941897
259088,1,7,6,30.385051645190163
259092,1,7,9,9.000281611113016
259093,1,7,6,12.390112856271589
259097,1,7,10,17.831785148691406
259098,1,7,7,3.701070403365091
259099,1,7,6,26.962180439992565
259100,1,7,8,29.235238835113563
259115,1,7,8,23.954808916527263
259128,1,7,9,29.62251949261212
259138,1,7,6,7.158903415099947
259164,1,7,1,24.359206654179076
259174,1,7,4,0.3700090657260609
259181,1,7,7,5.943687401812705
259185,1,7,6,5.359973243712025
259189,1,7,6,20.439695994161912
259200,1,7,8,18.04050798399507
259216,1,7,8,11.339236504843353
259217,1,7,4,0.3700090657260609
259221,1,7,7,0.7984253571442834
259228,1,7,8,11.657618023354965
259229,1,7,2,4.391679142232027
259242,1,7,6,16.336641604031733
259244,1,7,7,4.479710536779074
259256,1,7,6,29.760861340896085
259258,1,7,6,18.35058734547272
259261,0,7,0,0.04509304543438423
259265,1,7,4,0.3700090656202526
259268,1,7,4,0.3700090656202526
259269,1,7,9,2.8542548944714374
259287,1,7,4,0.3700090657260609
259304,1,7,4,0.3700090657260609
259339,1,7,4,0.3700090657260609
259343,1,7,9,21.8139020188307
259358,1,7,9,31.402229248723604
259375,1,7,5,0.3700090141005197
259381,1,7,7,6.346442810371234
259385,1,7,6,15.684142862696019
259393,1,7,3,3.074426589549249
259395,1,7,4,0.3700090657260609
259399,1,7,8,20.665832690550463
259409,1,7,8,30.50012071868136
259413,1,7,9,31.95704885243349
259417,1,7,9,19.57313540898052
259420,1,7,9,12.451501741224364
259426,1,7,10,9.37555206549422
259454,1,7,4,0.3700090657260609
259457,1,7,6,19.30298821474533
259458,1,7,4,0.3700090657260609
259460,1,7,6,19.450209574892583
259466,1,7,8,12.31790383448764
259471,1,7,4,0.3700090657260609
259475,1,7,6,13.73944607856485
259486,1,7,6,28.079978997609466
259518,1,7,5,0.3700090141005197
259525,1,7,8,16.353479340193598
259546,1,7,1,21.032081216721934
259558,1,7,9,33.22056175030122
259581,0,7,0,0.04234525318652737
259596,1,7,10,17.440064298763605
259598,1,7,6,19.05067585085012
259606,1,7,4,0.3700090657260609
259613,1,7,5,0.3700090141005197
259617,1,7,3,3.1522196522190558
259622,1,7,10,10.285738412759894
259632,1,7,4,0.3700090657260609
259641,1,7,10,17.621490746621774
259645,1,7,6,30.294350404627693
259649,1,7,8,11.365935825771542
259658,1,7,9,29.22555459541877
259659,1,7,4,0.3700090657260609
259661,1,7,6,29.442741166483355
259662,1,7,4,0.3700090657260609
259670,1,7,6,28.667387470289967
259689,1,7,10,25.936623743763313
259702,1,7,2,6.591852550102604
259712,1,7,10,15.48567482425334
259763,1,7,8,15.386741343823552
259796,0,7,0,0.03892902711960959
259797,1,7,10,26.002803234106292
259802,1,7,7,2.1485758886422657
259804,1,7,6,22.194941388941988
259807,1,7,6,14.911991383540796
259808,1,7,9,19.738295760848256
259813,1,7,6,21.64575947899759
259821,1,7,4,0.3700090657260609
259826,1,7,7,4.170398858286685
259828,1,7,5,0.3700090141005197
259834,1,7,2,4.6113282910626125
259861,0,7,0,0.03851892324063824
259887,1,7,5,0.3700090141005197
259896,1,7,2,2.5976709200937593
259899,1,7,9,7.53080539892084
259913,1,7,8,19.249525806889363
259915,1,7,5,0.3700090141005197
259924,1,7,1,6.853109912827221
259946,1,7,4,0.3700090657260609
259951,1,7,8,23.74969444541471
259958,1,7,2,13.531868305403975
259960,1,7,9,18.991725610359886
259972,1,7,8,24.984574689328355
259983,1,7,7,3.895650733815919
260000,1,7,6,22.615959691479905
260011,1,7,7,5.747675960952392
260015,1,7,4,0.3700090657260609
260040,1,7,3,2.407131073788963
260056,1,7,8,24.932474723552783
260075,1,7,9,31.245398250883344
260097,1,7,6,16.425890291069123
260101,1,7,10,22.625303833282175
260112,1,7,4,0.3700090657260609
260148,1,7,4,0.3700090657260609
260164,1,7,9,33.753903223337986
260171,1,7,4,0.3700090657260609
260177,1,7,7,0.6086943139740898
260185,1,7,1,4.321717450863904
260189,1,7,5,0.3700090141005197
260218,0,7,0,0.38284022703005777
260221,1,7,6,22.600354947926213
260225,0,7,0,0.04713761559853094
260263,1,7,9,33.430388688807156
260268,1,7,7,4.9763949452815
260294,1,7,8,31.225095010599922
260295,1,7,10,7.68782663335452
260298,1,7,5,0.37000902039789374
260302,1,7,9,9.620025304401816
260313,1,7,4,0.3700090657260609
260319,1,7,5,0.3700090141005197
260324,1,7,6,8.14229580584226
260327,0,7,0,0.03283324257597723
260334,1,7,10,22.34009595507979
260336,1,7,5,0.3700090141005197
260337,1,7,7,3.1977326751318156
260347,1,7,1,25.49735715202434
260352,1,7,9,12.440984446047839
260358,1,7,7,6.298362033151296
260361,1,7,5,0.3700090141005197
260363,1,7,2,10.306700159207013
260367,1,7,4,0.3700090657260609
260374,1,7,9,29.349012146287258
260378,1,7,6,24.39652689857312
260398,1,7,8,21.67891674563378
260415,1,7,1,15.667874365571874
260432,1,7,9,33.03410650386326
260450,1,7,7,6.278447126661527
260451,1,7,1,16.64015059366071
260452,1,7,3,3.2308300646642873
260462,1,7,5,0.3700090141005197
260503,1,7,5,0.3700090141005197
260505,1,7,2,5.05776678093506
260527,1,7,9,22.160967280689608
260531,1,7,4,0.3700090657260609
260533,1,7,6,6.553505487318992
260536,1,7,8,21.473116618084315
260537,1,7,9,25.431831001087932
260549,1,7,10,7.537449743088741
260552,1,7,1,21.732877629599848
260553,1,7,4,0.3700090657260609
260556,1,7,5,0.3700090141005197
260565,1,7,8,20.94256955062158
260583,1,7,9,19.512096354184763
260588,1,7,7,6.525841877812277
260615,1,7,9,28.260347163256245
260616,1,7,9,14.145486376003568
260621,1,7,2,9.497530384162012
260639,1,7,4,0.3700090657260609
260640,1,7,4,0.3700090657260609
260659,1,7,8,33.33913164516416
260661,1,7,8,15.241676562157659
260671,1,7,9,23.10727187239396
260690,1,7,6,22.9010471593556
260706,1,7,4,0.3700090657260609
260720,1,7,1,18.27314935792418
260726,1,7,8,22.45417809969515
260736,1,7,4,0.3700090657260609
260759,1,7,1,7.43207357874952
260762,1,7,1,20.41871938001928
260767,1,7,1,4.38182581994396
260787,1,7,5,0.3700090141005197
260817,1,7,4,0.3700090657260609
260819,1,7,5,0.3700090141005197
260840,1,7,1,19.164132461200964
260852,1,7,10,22.742431962855612
260884,0,7,0,0.04404890835044772
260885,1,7,5,0.3700090141005197
260897,1,7,6,21.675101576913445
260900,1,7,7,6.162734647535978
260934,1,7,9,23.321794243378733
260939,1,7,9,23.112019136735675
260941,1,7,10,14.104035582732354
260946,1,7,4,0.3700090657260609
260958,1,7,4,0.3700090657260609
260959,1,7,5,0.3700090141005197
260961,1,7,5,0.3700090141005197
260967,1,7,1,12.60276755565874
260972,1,7,9,24.787102893198224
260973,1,7,2,9.990965770357343
260976,1,7,9,32.85287174400407
260978,1,7,7,4.716868539186602
260987,1,7,4,0.3700090657260609
260989,1,7,10,22.350253183836962
260990,1,7,9,23.693817770014896
260995,1,7,10,24.065739803140396
260997,1,7,9,21.541275310010658
261027,1,7,4,0.3700090657260609
261043,1,7,7,5.557933331114072
261063,1,7,9,24.594021402764266
261085,1,7,10,9.13410974555377
261118,1,7,10,11.33472794817964
261120,1,7,8,20.27208816464023
261126,1,7,5,0.3700090141005197
261127,1,7,10,15.126466810301453
261149,1,7,5,0.3700090141005197
261154,1,7,4,0.3700090657260609
261162,1,7,7,0.34004667966584606
261166,1,7,3,2.528750628415971
261187,1,7,9,33.78272060939597
261190,1,7,4,0.3700090657260609
261208,1,7,4,0.3700090657260609
261212,1,7,7,0.6449854967290835
261223,0,7,0,0.03741755631479109
261241,1,7,8,19.434220134682327
261257,0,7,0,0.0371160230482294
261264,1,7,9,23.74741616671435
261271,1,7,5,0.3700090141005197
261286,1,7,9,28.242209854516297
261296,1,7,9,17.632108919705658
261307,1,7,8,9.431137079133064
261351,1,7,9,10.216650569645687
261388,1,7,6,29.38759682286792
261390,1,7,8,23.880877695841974
261428,1,7,6,29.776971044862382
261436,1,7,9,30.37665202616716
261451,1,7,6,27.638858466184807
261466,1,7,4,0.3700090657260609
261468,1,7,10,24.638055984058603
261471,1,7,9,13.413979573223216
261508,1,7,3,0.7261005585321737
261516,0,7,0,0.1664850991969765
261519,1,7,5,0.3700090141005197
261532,1,7,6,26.335911211066257
261534,1,7,6,14.751520866301895
261547,1,7,10,24.090165461081735
261552,1,7,10,26.038883978280072
261570,1,7,9,22.922924601361547
261571,1,7,6,17.03872734921443
261574,1,7,9,24.45084489875018
261579,1,7,9,19.506259501214384
261583,1,7,8,17.339298721314698
261588,1,7,7,2.218646284361143
261592,1,7,4,0.3700090657260609
261606,1,7,6,6.792476350486546
261613,1,7,3,3.147008048900658
261621,1,7,5,0.3700090141005197
261628,1,7,6,12.649417658127268
261633,1,7,5,0.3700090141005197
261642,1,7,7,4.6217775294794645
261643,1,7,9,17.420888859365927
261649,1,7,9,16.19450768274633
261664,1,7,8,27.00295642550654
261666,1,7,5,0.3700090141005197
261672,1,7,8,34.62479740569396
261688,1,7,8,10.233754110087387
261693,1,7,1,6.643218185850073
261694,1,7,10,18.959079164947273
261697,1,7,3,3.0668703195046243
261734,1,7,6,27.739223410814464
261749,1,7,8,3.0290254814120416
261754,1,7,9,32.26773280648056
261768,1,7,4,0.3700090657260609
261787,1,7,9,33.416829578884446
261788,1,7,4,0.3700090657260609
261792,1,7,8,29.21242749255659
261815,1,7,9,24.120000685781225
261816,1,7,8,19.05551996113742
261822,1,7,10,21.37890873568681
261827,1,7,6,18.47407633107532
261845,1,7,10,25.63337322746393
261852,1,7,9,33.51095200418504
261872,1,7,8,4.280787278002421
261878,1,7,7,2.3697780087025366
261879,1,7,1,4.10082744291341
261881,1,7,8,31.759084668366278
261890,1,7,8,27.599732492507705
261915,1,7,9,12.585494341866681
261949,1,7,6,17.616045532558484
261951,1,7,1,9.457696940713697
261955,1,7,6,13.406561850668433
261958,1,7,4,0.3700090657260609
261961,1,7,8,28.557103951008457
261978,0,7,0,0.03131690824286844
261992,1,7,8,11.238593358545048
262000,1,7,6,26.027849111915064
262012,1,7,8,6.84484033591477
262019,1,7,8,33.72423902196811
262038,1,7,5,0.3700090141005197
262056,1,7,5,0.3700090141005197
262077,1,7,8,26.784877796822123
262101,1,7,9,29.367735007757922
262112,1,7,6,24.788243055428648
262119,1,7,8,17.06620456824573
262168,1,7,4,0.3700090657260609
262170,1,7,8,21.936371662598944
262177,1,7,5,0.3700090141005197
262180,1,7,9,26.02488521530815
262183,1,7,5,0.3700090141005197
262206,1,7,9,4.258273968575648
262227,1,7,5,0.3700090141005197
262229,1,7,2,16.44281291541618
262243,1,7,5,0.3700090141005197
262249,1,7,8,25.6719180283561
262251,1,7,9,18.575153119832375
262286,1,7,5,0.3700090141005197
262290,1,7,5,0.3700090141005197
262292,1,7,7,3.152336458989351
262299,1,7,3,3.165571517731736
262300,1,7,10,22.666497962173878
262301,1,7,7,1.7321640154473599
262328,1,7,6,22.626161697486186
262352,1,7,10,17.801931040045364
262362,1,7,9,31.408822644914025
262365,1,7,7,3.296872993944514
262385,1,7,9,25.226818991298135
262393,1,7,10,17.61393912129666
262412,1,7,8,14.281373441211704
262438,1,7,2,1.568279927037706
262442,1,7,6,26.965691741433343
262444,1,7,9,5.624852548778561
262473,1,7,10,13.261902157021485
262482,1,7,8,16.15450793640202
262484,1,7,5,0.3700090141005197
262500,1,7,4,0.3700090657260609
262517,1,7,5,0.3700090141005197
262519,1,7,7,5.862214110850674
262548,1,7,9,20.664307684079034
262551,1,7,10,9.206544386565833
262554,1,7,5,0.3700090141005197
262561,1,7,4,0.3700090657260609
262565,1,7,6,19.400791646251836
262576,1,7,2,5.011007448282023
262577,0,7,0,0.046315006922701296
262583,1,7,7,1.4275990906025091
262601,1,7,6,28.141539562869788
262615,1,7,2,13.751927260465079
262619,1,7,4,0.3700090657260609
262627,1,7,1,10.17694108206711
262633,1,7,5,0.3700090141005197
262640,1,7,7,4.875900281051963
262645,1,7,1,25.895255670555994
262651,1,7,9,24.060315735407677
262666,1,7,6,12.534414937840742
262694,1,7,10,16.67306312971195
262702,1,7,8,20.97270774552361
262717,0,7,0,0.0471362684146663
262720,1,7,4,0.3700090657260609
262722,1,7,9,14.028125422267099
262729,1,7,6,25.19492498835811
262733,1,7,7,6.400476362923013
262736,1,7,9,21.407969291477507
262739,1,7,1,15.812767929016653
262745,1,7,2,16.477260203498023
262747,1,7,1,25.490996812843587
262753,1,7,2,12.030847319352247
262767,1,7,9,24.5462209617539
262776,0,7,0,0.050933998720751356
262782,1,7,9,33.60506530738036
262783,1,7,6,22.220245674175146
262802,1,7,9,14.728647812541157
262806,1,7,6,20.37726102844231
262810,1,7,9,5.4558198797348565
262821,1,7,9,13.385294121431924
262836,1,7,5,0.3700090141005197
262842,1,7,6,20.061175061621327
262845,1,7,5,0.3700090141005197
262855,1,7,10,4.943785553813178
262890,1,7,5,0.3700090141005197
262891,1,7,6,29.774750053028498
262902,1,7,5,0.3700090141005197
262906,1,7,8,10.23223707420861
262913,1,7,9,4.666403077476177
262935,1,7,9,11.199370534282654
262942,1,7,5,0.3700090141005197
262952,1,7,5,0.3700090141005197
262956,1,7,8,31.765339182627567
262959,1,7,9,32.14388689812576
262967,1,7,8,22.404496487068812
262979,1,7,9,13.262844929122057
262983,1,7,5,0.3700090141005197
262998,1,7,6,17.340179219663042
263007,1,7,4,0.3700090657260609
263008,1,7,9,33.236186134963766
263009,1,7,1,4.409042797837153
263025,1,7,5,0.3700090141005197
263028,1,7,7,1.1975344438958644
263029,1,7,9,33.6600633861924
263031,1,7,6,15.902817722376131
263033,1,7,5,0.3700090141005197
263034,1,7,6,19.086510109965467
263040,1,7,8,14.169837599975484
263063,1,7,6,25.860675737595795
263087,1,7,4,0.3700090657260609
263096,1,7,4,0.3700090657260609
263102,1,7,1,20.685837118982715
263104,1,7,8,25.267539284609832
263108,1,7,10,6.239005733818718
263109,1,7,6,24.396272129723776
263117,1,7,9,3.385580990412235
263122,1,7,6,7.485364638286731
263126,1,7,4,0.3700090657260609
263129,1,7,5,0.3700090141005197
263130,1,7,5,0.3700090141005197
263136,1,7,5,0.37000902039789374
263137,1,7,8,21.664096750311067
263150,1,7,8,18.209764937884042
263152,1,7,6,24.86114526096537
263153,1,7,1,17.21830628529699
263155,1,7,6,28.77112459283276
263168,1,7,8,6.542806979678318
263169,1,7,2,13.476402234361323
263183,1,7,8,30.414614056147894
263185,1,7,9,24.32456143959234
263195,1,7,10,14.34292145461956
263196,1,7,1,20.94347003429966
263197,1,7,6,15.518112459223868
263198,1,7,7,0.34140491688219393
263201,1,7,9,7.15998113567223
263212,1,7,2,8.819422219198273
263218,1,7,10,9.559013506756937
263227,1,7,5,0.3700090141005197
263233,1,7,3,1.114374213704526
263234,1,7,9,18.907684937556933
263250,1,7,9,5.649039676123841
263252,1,7,6,16.48878753377639
263259,1,7,3,1.9388423898850846
263280,1,7,5,0.3700090141005197
263284,1,7,6,8.880500448271418
263286,1,7,7,6.114278005386791
263299,1,7,4,0.3700090657260609
263321,1,7,1,10.262939367771486
263326,1,7,6,21.312969783842703
263332,0,7,0,0.027884366050301194
263345,1,7,4,0.3700090657260609
263350,1,7,9,11.632298582959574
263358,1,7,3,3.2211246871333175
263361,1,7,4,0.3700090656202526
263373,1,7,4,0.3700090657260609
263375,1,7,6,10.883948542131966
263377,1,7,8,32.17010405291807
263395,1,7,5,0.3700090141005197
263396,1,7,5,0.3700090141005197
263399,1,7,8,27.324298949172515
263428,1,7,6,12.300774286126932
263434,1,7,9,26.552330965242245
263437,1,7,6,10.696107026942638
263443,1,7,10,7.463860233994967
263444,1,7,7,5.789229218100831
263448,1,7,9,20.637975787803708
263481,1,7,1,27.662144594982365
263531,1,7,6,12.088841984578877
263541,1,7,10,20.534968394826965
263552,1,7,10,8.546965149972232
263554,1,7,5,0.3700090141005197
263566,1,7,9,24.967143674878148
263585,1,7,4,0.3700090657260609
263599,1,7,10,20.839554026066658
263606,1,7,8,32.65969236853107
263610,1,7,6,29.64313227739629
263611,1,7,1,24.912072490479222
263615,1,7,1,18.52158777477452
263630,1,7,4,0.3700090657260609
263638,1,7,10,16.194438761387218
263650,1,7,8,14.411919408796514
263653,1,7,4,0.3700090657260609
263674,1,7,9,8.772910755812184
263678,1,7,6,26.013798706559346
263684,1,7,10,12.570858281650068
263685,1,7,2,9.415693644674608
263688,1,7,9,13.041710265440777
263700,1,7,5,0.3700090141005197
263714,1,7,10,6.412139462228804
263725,1,7,7,3.983030288918686
263746,1,7,6,28.65630492692954
263748,1,7,8,13.410826677594486
263761,1,7,1,23.133849134322638
263762,1,7,9,25.5160512173259
263769,1,7,8,20.361256052313497
263771,1,7,4,0.3700090657260609
263791,1,7,6,17.01250464964883
263799,1,7,3,3.0179255480663807
263819,1,7,5,0.3700090141005197
263820,1,7,9,21.283833166082164
263824,1,7,3,2.9493111668194687
263825,0,7,0,0.17972667508869294
263826,1,7,8,19.483259318399703
263832,1,7,9,9.575577464210118
263867,1,7,4,0.3700090657260609
263872,1,7,6,13.554249245125893
263890,1,7,3,2.8093803800681814
263920,1,7,9,24.698431739966754
263934,1,7,4,0.3700090657260609
263941,1,7,9,25.160821381451562
263944,1,7,10,8.411666714545248
263949,1,7,9,23.625839669805192
263965,1,7,9,5.260123707398042
263966,1,7,9,27.594616345696295
263976,1,7,10,19.336776114573283
263982,1,7,9,26.668753581866774
263988,1,7,6,30.637200355750483
264017,1,7,5,0.37000902039789374
264025,1,7,7,5.661759080155724
264034,1,7,8,15.104432625188819
264044,1,7,6,26.95961981943327
264057,1,7,9,26.874754176508528
264064,1,7,9,22.724540356143546
264075,1,7,1,24.523693692700622
264088,1,7,9,29.21813040974251
264100,1,7,7,2.0571691089246458
264106,1,7,7,0.47087855362205394
264113,1,7,9,10.810684553437632
264116,1,7,5,0.3700090141005197
264121,1,7,3,3.125283600441121
264138,1,7,8,32.59452615256763
264159,1,7,4,0.3700090657260609
264182,1,7,10,6.804602350457037
264193,1,7,4,0.3700090657260609
264252,1,7,7,1.1795667997406125
264253,1,7,4,0.3700090657260609
264257,1,7,9,30.745659844858768
264284,1,7,9,13.451429970571008
264306,1,7,10,20.223115515430774
264308,1,7,8,32.65628717319113
264321,1,7,5,0.3700090141005197
264322,1,7,8,34.32539955954503
264326,1,7,5,0.3700090141005197
264346,1,7,5,0.3700090141005197
264350,1,7,7,6.3304240647036085
264364,1,7,10,15.937889426846564
264372,1,7,9,28.84378654561186
264385,1,7,9,23.88817016497988
264393,1,7,3,2.577765846253922
264403,1,7,5,0.37000902039789374
264407,1,7,6,6.710647377794124
264423,1,7,5,0.3700090141005197
264426,1,7,8,22.49609125183741
264427,1,7,6,22.995372406507638
264430,1,7,3,3.1801706846602755
264433,1,7,9,25.259340087721252
264441,0,7,0,0.03346549037978728
264467,1,7,9,17.412929293867624
264472,1,7,4,0.3700090657260609
264481,1,7,9,22.647339119747404
264488,1,7,1,15.550502334119964
264498,1,7,8,20.31239363096874
264512,1,7,9,23.017737699988885
264517,0,7,0,0.0376931680938114
264523,1,7,1,21.561968812646843
264534,1,7,9,33.659676072282714
264542,1,7,9,27.685859046724488
264558,1,7,9,20.517542306473118
264577,1,7,4,0.3700090657260609
264590,1,7,1,21.862821145371356
264604,1,7,9,10.644652322778938
264607,1,7,9,21.759329452380133
264611,0,7,0,0.03895951278905309
264614,1,7,8,2.359047266653396
264618,0,7,0,0.025861528142642053
264628,1,7,9,12.259351820225485
264642,1,7,9,22.985150020809357
264643,1,7,4,0.3700090657260609
264656,1,7,1,21.606273228863426
264657,1,7,8,26.899233649217813
264673,1,7,4,0.3700090656202526
264690,1,7,5,0.37000902039789374
264695,1,7,9,27.715786218246414
264700,1,7,2,11.07050204000811
264708,1,7,6,15.84461185114867
264724,1,7,9,33.23333682032521
264725,1,7,8,31.179837853088767
264730,1,7,7,4.405116854005893
264741,1,7,8,18.88580624355088
264744,1,7,9,31.081317815568397
264756,1,7,9,32.04244705565582
264765,1,7,9,17.519987292865597
264769,1,7,4,0.3700090657260609
264816,1,7,10,16.530423642414494
264831,1,7,9,8.228416565292449
264842,0,7,0,0.14297413110165585
264843,0,7,0,0.03472096228361208
264847,1,7,6,24.72096569726663
264899,1,7,3,2.5622708225234616
264912,1,7,8,19.57577208235816
264919,1,7,9,27.50540874096191
264929,1,7,6,10.895475374155511
264938,1,7,8,23.213454988876475
264960,1,7,6,20.142726618484115
264961,1,7,2,5.395639334489316
264967,1,7,8,26.5744572352125
264974,1,7,9,29.425699227764518
264975,1,7,9,12.429639958649785
264979,1,7,6,21.987963617566628
264990,1,7,9,16.3281004908586
265026,1,7,9,9.932021568308418
265032,1,7,5,0.3700090141005197
265043,1,7,5,0.37000902039789374
265056,1,7,4,0.3700090656202526
265058,1,7,8,18.140752132579962
265077,1,7,6,19.874232522580474
265082,1,7,5,0.3700090141005197
265083,1,7,9,13.732325530144074
265095,1,7,10,17.713774271991753
265106,1,7,7,0.34395373511293476
265111,1,7,2,12.672490308280754
265114,1,7,2,4.685561697707583
265125,1,7,9,23.831371712094317
265137,1,7,2,5.0455707976401145
265148,1,7,7,5.556875093871787
265162,1,7,9,33.40093194301856
265175,1,7,8,22.56880047430275
265177,1,7,9,8.673080472561159
265179,0,7,0,0.042536949766060234
265183,1,7,4,0.3700090657260609
265186,0,7,0,0.10635298276585384
265204,1,7,8,26.05440802960345
265208,1,7,9,18.550232153738623
265211,1,7,4,0.3700090657260609
265222,1,7,1,5.768766980232064
265224,1,7,9,10.914611413019916
265233,1,7,8,16.68204915627793
265235,1,7,7,3.962698782793776
265244,1,7,10,26.05847063892314
265280,1,7,2,12.385603652688937
265284,1,7,4,0.3700090657260609
265307,1,7,6,22.580529883164534
265315,1,7,5,0.3700090141005197
265334,1,7,6,27.242117479257118
265348,1,7,7,2.1555569425199628
265365,1,7,6,22.582269450360318
265385,1,7,10,15.678740821580718
265399,1,7,10,12.90859069540955
265402,1,7,4,0.3700090657260609
265411,1,7,8,11.692682363048991
265415,1,7,10,23.287671877136365
265417,1,7,9,18.826513625016556
265433,0,7,0,0.03344505909077629
265448,1,7,9,23.647810977026246
265456,1,7,9,27.698346361212092
265459,1,7,10,9.71467245335492
265460,1,7,1,17.01918611223029
265471,1,7,2,3.399550383860723
265474,1,7,8,35.64312990752884
265506,1,7,9,11.411618014177204
265514,1,7,8,22.032500517830414
265530,0,7,0,0.033221698538007514
265557,1,7,8,29.904990151937547
265565,1,7,6,24.941684701176968
265597,1,7,4,0.3700090657260609
265598,1,7,8,23.288418201918287
265603,1,7,1,11.293188964143765
265607,1,7,10,17.20151114626411
265615,1,7,9,28.384944394558357
265629,1,7,6,14.46646251935322
265638,0,7,0,0.061570694423817865
265647,1,7,9,33.631810254111606
265648,1,7,1,25.603345739849427
265653,1,7,8,35.19600202399615
265655,1,7,8,25.32094647283933
265662,1,7,8,21.077017398100026
265674,0,7,0,0.034311815948564986
265686,1,7,9,6.949539851085322
265691,1,7,6,15.81406958881011
265717,0,7,0,0.04698642441940398
265733,1,7,2,10.500739796024138
265752,1,7,8,9.229813618763707
265814,1,7,9,4.686501060789844
265826,1,7,5,0.3700090141005197
265829,1,7,6,10.198930149906861
265833,1,7,1,27.716397654330017
265836,1,7,6,5.468180381357719
265852,1,7,5,0.3700090141005197
265866,1,7,1,5.383891254845765
265873,1,7,4,0.3700090657260609
265880,1,7,1,16.724564152165073
265883,1,7,4,0.3700090657260609
265904,1,7,10,23.370870067046443
265915,1,7,10,12.580567469755946
265929,1,7,4,0.3700090657260609
265939,1,7,4,0.3700090657260609
265952,1,7,8,18.25745236323555
265957,1,7,6,21.97632363583813
265960,1,7,8,17.74049800648596
265987,1,7,5,0.3700090141005197
266002,1,7,1,25.648495440876133
266003,1,7,9,26.256838645440805
266005,1,7,2,1.0928253994941417
266034,1,7,10,15.151370120482149
266035,1,7,4,0.3700090657260609
266043,1,7,1,5.413288042995677
266049,1,7,6,26.96069751876592
266063,1,7,6,19.0430280906881
266064,1,7,7,0.8487803640135685
266078,1,7,9,13.558173656899351
266080,0,7,0,0.029866094083037246
266082,1,7,6,18.743590493907572
266104,1,7,5,0.3700090141005197
266106,1,7,8,24.240817455517288
266114,1,7,4,0.3700090657260609
266126,1,7,6,28.843874145011206
266128,1,7,8,15.85467367659207
266158,1,7,6,30.293843855012142
266166,1,7,4,0.3700090657260609
266178,1,7,6,22.004177990809385
266187,1,7,8,32.70066145084716
266193,1,7,9,31.30758717078901
266211,1,7,4,0.3700090657260609
266216,1,7,2,5.6699715878402275
266235,1,7,6,15.869763290029477
266236,1,7,4,0.3700090657260609
266254,1,7,9,31.09136673524556
266263,1,7,9,13.874582319545189
266270,1,7,5,0.3700090141005197
266274,1,7,6,16.93060300542678
266285,1,7,5,0.3700090141005197
266314,1,7,5,0.3700090141005197
266327,1,7,4,0.3700090657260609
266334,1,7,8,13.766832510536073
266335,1,7,8,25.69223944045326
266360,1,7,4,0.3700090657260609
266369,1,7,3,1.642181395526739
266395,1,7,6,12.343889332786336
266399,1,7,6,22.13820559757361
266401,1,7,2,0.9107526168740999
266406,1,7,6,19.43445163958223
266410,1,7,9,19.573665864525253
266425,1,7,5,0.3700090141005197
266426,1,7,7,5.446804225843762
266436,1,7,5,0.3700090141005197
266437,1,7,5,0.3700090141005197
266439,1,7,2,11.890338249876336
266455,1,7,5,0.3700090141005197
266456,1,7,8,20.764713043404058
266472,1,7,6,7.349943197659139
266490,1,7,7,6.07392247509777
266493,0,7,0,0.04723347191742623
266510,0,7,0,0.04349164900866884
266513,1,7,1,25.850316140117513
266515,1,7,5,0.3700090141005197
266532,1,7,5,0.3700090141005197
266552,1,7,8,30.614703503986814
266566,1,7,6,23.883670587863122
266567,1,7,5,0.3700090141005197
266572,1,7,5,0.3700090141005197
266589,1,7,8,28.580547229192156
266591,1,7,1,22.612232716116278
266595,1,7,5,0.3700090141005197
266601,1,7,6,19.955508146319506
266646,1,7,2,10.892116947607942
266663,1,7,9,25.046077677955306
266666,1,7,9,32.33331727169385
266667,1,7,5,0.3700090141005197
266687,1,7,9,2.9595384656176758
266689,1,7,2,14.125058422475874
266695,1,7,9,27.274851555897317
266705,1,7,5,0.3700090141005197
266713,1,7,8,13.125513073963567
266719,1,7,6,29.31277069374097
266744,1,7,4,0.3700090657260609
266749,1,7,5,0.3700090141005197
266750,0,7,0,0.03029667875981883
266758,1,7,6,20.766814855118277
266766,1,7,2,5.650080517231946
266782,1,7,1,17.172696205026227
266813,1,7,1,11.885824669572129
266827,1,7,9,26.687550245592625
266836,1,7,6,23.567318530772138
266844,1,7,8,15.466859315896482
266853,1,7,10,21.285268138492615
266854,1,7,8,20.98148159924219
266856,1,7,5,0.3700090141005197
266865,1,7,5,0.3700090141005197
266875,1,7,10,9.872271768452036
266904,1,7,9,28.97650286731988
266945,1,7,7,0.9735956300116532
266965,1,7,10,17.587873616637324
266980,1,7,9,16.993335925020666
266995,1,7,9,31.56410598428937
266998,1,7,8,28.901722629162304
267000,1,7,6,27.002993686110596
267021,1,7,3,1.6984715091028653
267030,1,7,5,0.3700090141005197
267061,1,7,4,0.3700090657260609
267074,1,7,8,31.46072621540537
267082,1,7,9,23.95943595590149
267101,1,7,9,31.879228961932686
267103,1,7,5,0.3700090141005197
267113,1,7,1,16.91087795238298
267115,1,7,6,25.18966390845173
267120,1,7,6,20.333682597572704
267121,1,7,1,20.91629872685133
267132,0,7,0,0.03340082704357192
267138,1,7,9,20.101920394424695
267141,0,7,0,0.039210349843083615
267152,1,7,5,0.3700090141005197
267156,1,7,8,25.999335687733065
267166,1,7,6,12.854373245335626
267167,1,7,10,8.568350688169959
267173,1,7,6,30.335800515849428
267185,1,7,5,0.3700090141005197
267187,1,7,6,29.445737182565917
267190,1,7,2,1.6411459308162588
267197,1,7,4,0.3700090657260609
267206,1,7,10,22.84915398840656
267217,1,7,9,26.40318731800867
267240,1,7,9,29.119297562812335
267250,1,7,9,31.478356386706523
267254,1,7,2,1.4054409456143069
267262,1,7,4,0.3700090657260609
267267,1,7,8,35.344247342959186
267284,0,7,0,0.03440357245398387
267302,1,7,7,3.7878274469548927
267310,1,7,5,0.3700090141005197
267311,1,7,9,23.59478545338474
267315,1,7,6,17.448696335551094
267321,1,7,7,6.408350253951178
267322,0,7,0,0.03438738764925945
267329,1,7,1,27.815556067400202
267330,1,7,6,25.315855646938825
267334,1,7,8,3.9677686272155612
267335,1,7,6,27.662941157318365
267337,1,7,6,29.592643767691715
267374,1,7,7,6.1135001004758305
267410,1,7,4,0.3700090657260609
267416,1,7,6,22.2863033026105
267418,1,7,5,0.3700090141005197
267419,1,7,4,0.3700090657260609
267423,1,7,8,14.857252824315376
267428,1,7,1,26.99595145360211
267437,1,7,6,10.683210062726477
267461,1,7,5,0.3700090141005197
267479,1,7,9,15.085678357547843
267483,1,7,1,13.351782701190011
267498,1,7,7,0.4296567702221861
267499,1,7,8,36.09830307964395
267502,1,7,2,16.40381305521594
267516,1,7,6,9.287981741129187
267519,1,7,3,2.7718411004254935
267539,1,7,9,19.522053222923855
267559,1,7,8,28.807353523855706
267572,1,7,2,9.913796269549703
267580,1,7,6,26.298705721129824
267598,0,7,0,0.03694101334455236
267604,1,7,4,0.3700090657260609
267614,1,7,9,18.872707080394655
267615,1,7,8,33.77809682019554
267617,1,7,8,4.897809197268803
267621,1,7,9,24.381637592563937
267633,1,7,1,27.690220642294253
267660,1,7,7,6.482809964066705
267665,1,7,4,0.3700090657260609
267669,1,7,10,25.166160815617626
267671,1,7,5,0.37000902039789374
267678,1,7,6,14.43387397658712
267709,1,7,8,5.3521885772159905
267713,1,7,4,0.3700090657260609
267729,1,7,4,0.3700090657260609
267731,0,7,0,0.03854326205688546
267735,1,7,9,26.487912744575933
267750,1,7,4,0.3700090657260609
267763,1,7,5,0.3700090141005197
267779,1,7,5,0.3700090141005197
267780,1,7,5,0.3700090141005197
267783,1,7,5,0.3700090141005197
267791,1,7,9,22.84099547213194
267798,1,7,10,11.691595440808666
267815,1,7,2,14.894977165184029
267850,1,7,2,13.72365566186098
267851,1,7,9,32.99409628991698
267857,1,7,9,19.425657902609515
267870,1,7,10,20.389862930634646
267888,1,7,5,0.3700090141005197
267897,1,7,1,19.663925329352686
267911,1,7,7,4.446937711210693
267924,1,7,8,5.936420008583672
267938,1,7,9,32.90658145059038
267960,1,7,6,25.95662957145059
267971,1,7,10,14.65155773077121
267972,1,7,9,29.22168585196769
267996,1,7,9,12.193990141787422
268003,1,7,8,29.039922383186337
268004,1,7,9,13.479345683703537
268005,1,7,6,26.423926752393644
268031,1,7,8,30.417367715081994
268035,1,7,6,13.977174910652298
268049,1,7,7,5.163724788411172
268058,1,7,8,3.5272297695158197
268079,1,7,5,0.3700090141005197
268087,1,7,1,25.27885988022076
268094,1,7,9,33.0641013207038
268136,1,7,9,7.276986703223722
268168,1,7,9,18.718891993479637
268181,1,7,10,11.859112330198222
268191,1,7,8,35.33289722351556
268192,1,7,3,1.035920714882748
268195,1,7,8,26.078698453435567
268198,1,7,9,27.590529062835518
268215,1,7,7,2.211625113989646
268222,1,7,5,0.3700090141005197
268232,1,7,4,0.3700090657260609
268236,1,7,6,14.248936216038908
268244,1,7,6,12.910070514679573
268245,1,7,8,28.281746429443526
268253,0,7,0,0.03782218466422851
268257,1,7,10,16.18757169182967
268270,1,7,5,0.3700090141005197
268277,1,7,9,26.538799677480288
268282,1,7,10,11.681264695659676
268288,1,7,5,0.3700090141005197
268305,1,7,9,12.838123914887282
268307,1,7,9,25.11420584023561
268308,1,7,8,7.149142981015658
268311,1,7,5,0.3700090141005197
268341,1,7,4,0.3700090657260609
268349,1,7,6,25.692037865038778
268372,1,7,8,35.34492622920247
268374,1,7,5,0.37000902039789374
268380,1,7,9,32.66404013311974
268381,1,7,6,18.346672596914015
268384,1,7,8,15.071328214527622
268402,1,7,4,0.3700090657260609
268404,1,7,9,15.70713621211364
268409,1,7,10,15.252729656528635
268415,1,7,6,21.82120333461725
268438,1,7,5,0.3700090141005197
268440,1,7,6,9.916114168422633
268447,1,7,5,0.3700090141005197
268459,1,7,1,17.811727273619034
268462,1,7,2,14.02741858099081
268483,1,7,8,34.26680621626254
268484,0,7,0,0.12859170900461542
268492,1,7,10,13.278991153466317
268497,1,7,2,3.4313808935574115
268500,1,7,5,0.3700090141005197
268513,1,7,4,0.3700090657260609
268550,1,7,3,2.13631091183047
268566,1,7,4,0.3700090657260609
268591,1,7,10,6.290156498012003
268614,1,7,9,32.75257690673919
268624,1,7,5,0.3700090141005197
268626,1,7,10,25.099947068365303
268652,1,7,4,0.3700090657260609
268660,1,7,4,0.3700090657260609
268673,1,7,4,0.3700090657260609
268674,1,7,10,18.48189604552792
268684,1,7,7,2.2381040571325506
268695,1,7,5,0.3700090141005197
268700,1,7,6,14.215024153897266
268713,1,7,8,5.622464270560789
268719,1,7,9,33.08848214750124
268726,1,7,4,0.3700090657260609
268729,1,7,9,13.751075170279286
268733,0,7,0,0.032013685933642226
268743,1,7,8,5.345684863716738
268752,1,7,6,29.313477659704134
268754,1,7,7,3.0036903195953073
268761,1,7,9,14.230951607828176
268763,1,7,6,22.880439109412638
268769,1,7,7,1.7810112308538364
268787,1,7,5,0.3700090141005197
268793,1,7,6,19.512344060452847
268801,1,7,1,11.75176998456261
268832,1,7,9,18.65193702735328
268853,1,7,6,14.73617692914939
268855,1,7,10,4.295671079150113
268882,1,7,9,6.890788881841254
268892,1,7,4,0.3700090657260609
268902,1,7,4,0.3700090657260609
268904,1,7,6,20.394975692604714
268910,1,7,10,23.321322987756584
268922,1,7,4,0.3700090657260609
268947,1,7,8,12.927463741521892
268971,1,7,4,0.3700090657260609
268981,1,7,9,16.08600640774142
268989,1,7,9,4.0232137912222745
269013,0,7,0,0.14021586019864649
269023,1,7,6,22.37946555266871
269051,1,7,9,32.2496003059177
269071,1,7,9,32.65137387079248
269082,1,7,9,30.88255286350307
269129,1,7,10,5.532808484813265
269139,1,7,1,12.45399019717949
269143,1,7,6,29.4536980005198
269151,1,7,4,0.3700090657260609
269152,1,7,10,16.106960335505494
269154,1,7,6,29.195817059223828
269166,1,7,10,23.36855567704566
269171,1,7,9,31.78517150414603
269211,1,7,8,6.364175733368462
269235,1,7,8,25.050231915454948
269243,1,7,4,0.3700090657260609
269267,1,7,10,10.763875768575195
269270,1,7,2,11.140807752800118
269288,1,7,5,0.3700090141005197
269299,1,7,9,23.00582572291885
269346,1,7,9,29.222790886225532
269347,1,7,9,24.510747792382812
269389,1,7,1,5.935986020190478
269392,1,7,7,2.6294353893851183
269394,1,7,10,23.657805240294984
269396,1,7,9,6.394944137164262
269409,1,7,7,0.5170811292144758
269414,1,7,7,5.745339240316586
269428,1,7,2,10.025209097224769
269440,1,7,6,30.046326678397737
269445,1,7,9,9.196118773617233
269455,1,7,1,26.590688615555944
269503,1,7,5,0.3700090141005197
269508,1,7,10,24.360807490174427
269513,1,7,10,14.741605329740638
269517,1,7,10,13.426041706878037
269530,1,7,6,26.908302946247737
269534,1,7,9,23.070693154619732
269545,1,7,5,0.37000902039789374
269564,0,7,0,0.028043656721252638
269565,0,7,0,0.07555267970444912
269579,1,7,4,0.3700090657260609
269599,1,7,10,26.028264020721576
269608,1,7,1,11.4408222082824
269625,1,7,8,24.758447841785223
269645,1,7,10,20.400277453769686
269672,1,7,5,0.3700090141005197
269701,1,7,9,31.10481653471315
269703,1,7,5,0.3700090141005197
269708,1,7,9,33.671254226434186
269723,1,7,9,21.987282675439243
269727,1,7,6,7.473823595019605
269756,1,7,9,33.002764093045165
269763,1,7,10,26.08104992070436
269774,1,7,3,3.0266804912910206
269781,1,7,5,0.3700090141005197
269783,1,7,9,28.959655679716608
269784,1,7,5,0.3700090141005197
269800,1,7,10,20.37476737717072
269804,1,7,6,12.046553924989887
269805,1,7,8,16.79414799579119
269806,1,7,9,27.014225786798303
269827,1,7,10,23.662462964231885
269830,1,7,6,23.340754083107242
269835,1,7,4,0.3700090657260609
269865,1,7,8,20.975274475887083
269877,1,7,4,0.3700090657260609
269904,1,7,9,25.376568217069863
269913,1,7,10,7.92150693156121
269916,1,7,4,0.3700090656202526
269931,1,7,8,26.28511847410259
269935,1,7,6,19.689773702402025
269940,1,7,8,23.33592058197635
269955,1,7,4,0.3700090657260609
269965,1,7,4,0.3700090657260609
269978,1,7,4,0.3700090657260609
269983,1,7,9,26.83211882489018
269984,1,7,7,0.9181492408646147
269988,1,7,9,27.291358479167705
269993,1,7,1,17.872792262439198
270010,1,7,3,3.0493784102237003
270011,1,7,6,12.884218598199341
270017,1,7,10,6.456533015936226
270033,1,7,1,8.93508283012563
270039,1,7,9,22.352891170093265
270045,1,7,8,36.09619037970001
270046,1,7,4,0.3700090657260609
270050,1,7,9,21.99015168390242
270060,1,7,8,22.903276834675097
270074,1,7,8,21.32548597561083
270076,1,7,4,0.3700090657260609
270082,1,7,10,23.97395748720542
270093,0,7,0,0.03894011175536453
270111,1,7,4,0.3700090657260609
270141,1,7,7,5.367464433514436
270149,1,7,8,26.083075931278366
270197,1,7,7,5.987479696693236
270205,1,7,9,30.706989936715487
270212,1,7,9,31.585203882473486
270214,1,7,8,14.863803774143387
270216,1,7,10,12.200335046864101
270223,1,7,5,0.37000902039789374
270230,1,7,9,32.74718848449983
270231,1,7,8,27.87272200415238
270234,1,7,6,30.209741408179415
270241,1,7,4,0.3700090657260609
270255,1,7,9,33.01046498085408
270265,1,7,4,0.3700090657260609
270271,1,7,5,0.3700090141005197
270272,1,7,9,14.836048965831575
270278,0,7,0,0.047004297460577646
270285,1,7,3,3.2127506711857485
270317,1,7,3,3.2183165458457896
270318,1,7,9,12.642984448995279
270323,1,7,1,8.442246932372505
270330,1,7,8,16.124671336429493
270340,1,7,9,30.211839333081752
270341,1,7,6,22.686726513724928
270369,1,7,9,33.31768536155901
270372,1,7,6,17.34165512298311
270374,1,7,8,33.29300592664127
270392,1,7,8,13.26299222461302
270401,1,7,6,17.888752792766837
270418,1,7,6,11.432422803043337
270433,1,7,4,0.3700090657260609
270435,1,7,8,35.90257712829381
270451,1,7,7,3.000951483245675
270453,1,7,8,30.629985848340755
270475,1,7,9,10.72175577287362
270476,1,7,4,0.3700090657260609
270486,0,7,0,0.031234028042626438
270490,1,7,4,0.3700090657260609
270499,1,7,9,24.852916191827198
270505,1,7,7,2.795086602433757
270518,1,7,9,29.6837949649766
270526,1,7,6,23.535705996510334
270539,1,7,9,14.099120721154625
270551,1,7,5,0.3700090141005197
270558,1,7,7,3.3441785841862957
270579,1,7,10,25.08642171250203
270580,1,7,5,0.3700090141005197
270590,1,7,4,0.3700090657260609
270591,1,7,4,0.3700090657260609
270623,1,7,9,22.839000425546438
270624,1,7,4,0.3700090657260609
270632,1,7,6,29.241263722062904
270659,1,7,6,27.003339893644345
270660,1,7,7,5.372070589875549
270667,1,7,6,11.202285120438052
270669,1,7,8,34.28961839285302
270684,1,7,6,27.878770502143595
270691,1,7,8,25.823819259115467
270708,1,7,8,9.931660009884542
270709,1,7,9,23.558220023632256
270713,1,7,9,19.474410098720426
270719,1,7,8,2.615021601282362
270735,1,7,2,14.966222628528534
270747,1,7,10,7.065410731110484
270758,1,7,9,18.826742759093356
270773,1,7,8,16.2672093490536
270777,0,7,0,0.07876154651790501
270781,1,7,8,28.554104127124294
270790,1,7,9,33.18321923559916
270796,1,7,6,26.981824156231173
270799,1,7,10,17.18777927953463
270802,1,7,10,4.613712444304325
270809,1,7,10,14.58332110129719
270810,0,7,0,0.03633367747522946
270819,1,7,9,22.268683935898814
270820,1,7,9,22.384890229324903
270821,1,7,8,35.52708086475559
270827,1,7,1,12.549275310384163
270831,1,7,4,0.3700090657260609
270843,1,7,5,0.3700090141005197
270861,1,7,5,0.3700090141005197
270884,1,7,9,28.095500351517128
270892,1,7,7,5.897129926139625
270905,1,7,10,22.15976202988599
270910,1,7,7,1.413404937659721
270912,1,7,8,36.01150557227609
270944,1,7,4,0.3700090657260609
270946,1,7,9,33.42277775839229
270959,1,7,6,29.373233218329496
270960,1,7,6,22.762512544653248
270977,0,7,0,0.04503087113240241
270989,1,7,1,23.341543047774977
270990,1,7,6,19.044470663548136
271002,1,7,10,10.90921924882234
271007,1,7,2,10.207194478825365
271013,1,7,7,6.34406143226081
271017,1,7,9,23.24054154705194
271021,1,7,6,25.10025091357247
271022,1,7,9,22.55433123565449
271036,1,7,6,23.867997498551734
271041,1,7,5,0.3700090141005197
271042,1,7,5,0.3700090141005197
271045,1,7,3,2.9098586536839273
271073,1,7,6,7.840574663038906
271079,1,7,5,0.37000902039789374
271090,1,7,5,0.3700090141005197
271119,1,7,10,15.23188807400887
271135,0,7,0,0.032892154726522425
271160,1,7,8,2.7016536325791427
271164,1,7,9,27.597577114079186
271167,1,7,7,3.0344798733132214
271174,1,7,8,29.637331879452134
271190,1,7,4,0.3700090657260609
271195,0,7,0,0.11660096765612667
271198,1,7,5,0.3700090141005197
271214,1,7,4,0.3700090657260609
271220,1,7,5,0.3700090141005197
271224,1,7,2,9.209184501225574
271237,1,7,9,8.043226862367733
271248,1,7,8,8.730595547396183
271250,1,7,9,25.186044626846908
271269,1,7,6,23.75542825739622
271277,1,7,1,22.37555607328505
271341,1,7,8,32.622087774003916
271344,1,7,8,29.591758778535674
271349,1,7,3,2.8756246809310304
271350,1,7,3,3.150192537352941
271351,1,7,7,3.3076939099071256
271362,1,7,5,0.3700090141005197
271368,1,7,3,3.2332920733645185
271369,1,7,10,23.277059863430644
271387,1,7,4,0.3700090657260609
271389,1,7,5,0.3700090141005197
271392,1,7,7,2.89165079294486
271393,1,7,9,31.333430462624957
271396,1,7,4,0.3700090656202526
271398,1,7,9,3.08506068351519
271399,1,7,4,0.3700090657260609
271410,0,7,0,0.03931467886990936
271445,1,7,9,23.157474392689227
271450,1,7,10,17.94441312606851
271476,1,7,9,24.76998007094884
271481,1,7,7,2.9580896193403294
271484,1,7,9,32.82107960537624
271485,1,7,9,17.611526849368442
271504,1,7,8,8.571464991605728
271506,1,7,9,32.42298556043072
271514,1,7,8,13.707262501524976
271529,1,7,4,0.3700090657260609
271557,1,7,9,23.249099608803334
271561,1,7,6,23.89153051249796
271570,1,7,6,28.869580380535
271574,1,7,8,20.923707688614595
271588,1,7,6,10.2549302181447
271590,1,7,4,0.3700090657260609
271605,1,7,9,33.493325209506466
271625,1,7,5,0.3700090141005197
271636,1,7,8,15.305152823956629
271637,1,7,7,6.159233668298265
271654,1,7,8,10.778445121985245
271669,1,7,6,16.3128242205826
271670,1,7,9,31.29220829098559
271678,1,7,9,30.102570965285075
271700,1,7,9,24.304917915896404
271703,1,7,4,0.3700090657260609
271722,1,7,9,31.43218314823499
271724,1,7,10,19.895935225586708
271798,1,7,4,0.3700090656202526
271803,1,7,9,18.641839900342372
271834,0,7,0,0.03468541965398667
271836,1,7,4,0.3700090657260609
271841,0,7,0,0.03621366438403063
271849,1,7,6,24.08706831886709
271852,0,7,0,0.03891531813269963
271865,1,7,10,21.022695442535664
271869,1,7,9,24.650465085317556
271872,1,7,8,18.268240974219943
271879,1,7,4,0.3700090657260609
271892,1,7,1,19.325320888971408
271894,1,7,2,13.199507459265684
271897,1,7,5,0.3700090141005197
271918,1,7,4,0.3700090657260609
271928,1,7,9,33.8296173037836
271944,1,7,9,23.119239643979203
271947,1,7,9,25.044400344327308
271957,1,7,7,5.786788782909668
271966,1,7,4,0.3700090657260609
271979,1,7,6,22.723446774663437
271990,1,7,9,7.303097376678777
272011,1,7,8,24.42610926195815
272018,1,7,7,5.192265841669385
272030,1,7,5,0.3700090141005197
272040,1,7,9,4.6929144860911745
272053,1,7,6,27.78344039587552
272060,1,7,6,12.064418027130687
272101,1,7,4,0.3700090657260609
272102,1,7,4,0.3700090657260609
272108,1,7,6,21.67187848591096
272134,1,7,6,21.625204394121166
272152,1,7,9,25.239615897172182
272153,1,7,9,15.44439362205962
272155,1,7,2,13.097205921532513
272160,1,7,10,24.491429510852377
272174,1,7,9,14.142769912161945
272180,1,7,1,13.537474719408902
272182,1,7,8,4.6517306204711675
272184,1,7,6,29.64038897451425
272191,1,7,3,1.8904459570205896
272193,1,7,10,18.062004068510003
272206,1,7,2,7.051870506938285
272218,1,7,7,4.664810070583101
272242,1,7,8,27.34086685046728
272259,1,7,5,0.3700090141005197
272267,1,7,7,5.068153355465817
272271,1,7,6,21.82692976967127
272281,1,7,2,8.635163452794172
272293,1,7,4,0.3700090657260609
272306,1,7,4,0.3700090657260609
272309,1,7,9,30.455138623342812
272314,1,7,6,26.429918914356957
272320,1,7,1,27.950411070444257
272330,1,7,6,7.210256517196874
272332,1,7,6,18.404678747090507
272334,1,7,7,1.8779932830916894
272338,1,7,5,0.3700090141005197
272342,1,7,7,4.941731914668214
272343,1,7,8,24.447607697322418
272352,1,7,6,17.948315271424928
272377,1,7,9,33.224258779187785
272378,1,7,8,24.939886871888927
272388,1,7,8,13.198204351893686
272401,1,7,10,9.168024917412197
272413,1,7,1,6.7740814390464585
272415,1,7,8,12.884838514664729
272418,1,7,4,0.3700090657260609
272434,1,7,8,35.34194994647232
272457,1,7,5,0.3700090141005197
272493,1,7,8,33.50064620515333
272494,1,7,1,26.918247229172188
272496,1,7,6,29.57566805280828
272522,1,7,9,23.625209864572707
272526,1,7,1,6.951406396754444
272547,1,7,1,19.513209559397026
272552,1,7,2,14.277744401010024
272554,1,7,4,0.3700090657260609
272555,1,7,5,0.3700090141005197
272556,1,7,4,0.3700090657260609
272571,1,7,1,25.810538702767232
272585,1,7,10,18.136841970360774
272589,1,7,7,5.684473766316539
272597,1,7,8,23.70789506891685
272621,1,7,8,31.025605751804147
272628,1,7,5,0.3700090141005197
272645,1,7,4,0.3700090657260609
272650,1,7,2,12.018591910330704
272652,1,7,8,16.688518745965435
272655,1,7,5,0.3700090141005197
272667,1,7,9,15.953686162744368
272674,1,7,6,24.090989831146583
272676,1,7,8,6.364660194205375
272688,1,7,4,0.3700090657260609
272709,1,7,8,21.939834992236246
272711,1,7,9,9.061724495413804
272714,1,7,9,13.256537954301953
272719,1,7,6,5.5307117170179865
272731,1,7,9,20.954287545229985
272732,1,7,8,31.263763763770836
272734,1,7,8,29.060109819488012
272736,1,7,1,4.087697246622066
272738,1,7,4,0.3700090657260609
272746,1,7,5,0.3700090141005197
272759,1,7,9,17.340470234684336
272783,1,7,8,16.683729207496132
272789,1,7,1,24.477681536618217
272828,1,7,1,21.447947427846575
272834,1,7,1,22.11853165157762
272849,1,7,3,2.447767706774926
272863,1,7,5,0.3700090141005197
272868,1,7,9,6.207178312659846
272888,1,7,8,11.544901550079349
272896,1,7,4,0.3700090657260609
272967,1,7,9,27.591074153631777
272975,1,7,4,0.3700090657260609
272985,1,7,5,0.3700090141005197
273013,1,7,9,15.601475622960724
273024,1,7,9,21.089406871839167
273028,1,7,8,29.85782367862387
273033,1,7,6,28.896728553761182
273049,1,7,10,7.305470697623852
273059,1,7,10,20.39650277819569
273079,1,7,9,29.22533566904986
273084,1,7,9,24.457697294136175
273086,0,7,0,0.03454329379672099
273092,1,7,9,20.45290806669535
273094,1,7,9,8.086259726742478
273104,1,7,9,13.41010718697012
273113,1,7,5,0.37000902039789374
273116,1,7,8,6.421749081851489
273117,1,7,5,0.3700090141005197
273136,1,7,8,7.0474453797599
273147,1,7,4,0.3700090657260609
273149,1,7,8,32.756386127304054
273181,1,7,3,3.14269557693137
273189,1,7,4,0.3700090657260609
273209,1,7,8,19.814403703880256
273221,1,7,5,0.3700090141005197
273238,1,7,8,8.733458841317315
273247,1,7,8,9.407529796731222
273268,1,7,10,13.926303928323907
273288,1,7,9,4.729721410583642
273294,1,7,6,18.736354755907644
273315,1,7,6,29.198927795857696
273316,1,7,8,23.74766657297425
273358,1,7,8,3.9855426410999573
273359,1,7,10,11.954355173505558
273368,1,7,9,33.60067364549079
273369,1,7,2,8.217512727913814
273375,1,7,2,13.749154434446545
273400,0,7,0,0.028874548620069912
273408,1,7,3,3.1800109628567825
273410,1,7,1,6.502979208016235
273411,1,7,4,0.3700090657260609
273412,1,7,8,11.025454572536749
273433,1,7,4,0.3700090657260609
273444,1,7,8,33.5648839462357
273461,1,7,6,21.20566475912947
273465,1,7,7,5.868876052736419
273472,1,7,8,19.455372031341234
273501,1,7,9,7.130399539539221
273504,1,7,8,14.364507842699595
273506,1,7,6,24.607566721784348
273508,1,7,8,27.32748597782269
273522,1,7,4,0.3700090657260609
273537,1,7,7,4.577024240916071
273539,1,7,1,22.797827477164695
273552,1,7,5,0.3700090141005197
273555,1,7,4,0.3700090657260609
273568,1,7,2,6.136993263826129
273572,1,7,7,0.8559149809979268
273579,1,7,1,21.531353694785423
273586,1,7,9,31.87060183298942
273611,1,7,8,6.942016477003248
273627,1,7,8,34.425300708720016
273661,1,7,8,30.433800815980728
273669,1,7,4,0.3700090657260609
273675,1,7,6,29.90111663571977
273677,1,7,8,24.35262607871089
273694,1,7,9,6.890328380154923
273718,1,7,2,3.336740278355827
273722,1,7,1,20.910765816850272
273726,1,7,1,20.988144873786187
273740,1,7,6,27.267158198132595
273745,1,7,10,17.424127106747253
273750,1,7,5,0.3700090141005197
273751,1,7,8,30.871328950090184
273753,1,7,7,4.8577408360900955
273756,1,7,5,0.3700090141005197
273771,1,7,8,27.300927134698604
273783,0,7,0,0.047129338454076214
273801,1,7,9,31.31810095653344
273806,1,7,6,27.480621013009902
273825,0,7,0,0.026395956471439073
273826,1,7,5,0.3700090141005197
273850,1,7,5,0.3700090141005197
273856,1,7,5,0.3700090141005197
273874,1,7,5,0.3700090141005197
273885,1,7,4,0.3700090657260609
273890,1,7,2,12.82614560675897
273897,1,7,9,14.27171444718025
273908,1,7,8,33.33629697615898
273919,1,7,6,10.704525734781857
273926,1,7,6,24.512999704535524
273927,1,7,5,0.3700090141005197
273930,1,7,6,25.97285204350511
273933,1,7,8,22.538950968631408
273936,1,7,6,20.756537361115967
273959,1,7,2,9.772906293865924
273963,1,7,4,0.3700090657260609
273968,1,7,9,32.76508019191133
273977,1,7,5,0.3700090141005197
273985,1,7,5,0.3700090141005197
273994,1,7,4,0.3700090657260609
274009,1,7,6,28.2831552746573
274018,1,7,8,24.986440476751767
274021,1,7,5,0.3700090141005197
274025,1,7,8,35.51507421827696
274031,1,7,8,30.41470739445303
274044,1,7,4,0.3700090657260609
274062,1,7,2,12.875893699609925
274066,1,7,9,31.79079495951047
274073,1,7,9,23.283066377155773
274090,1,7,3,1.7233464025797638
274106,1,7,9,13.038611777851454
274108,1,7,6,24.88566815170277
274110,1,7,1,16.27712984321976
274113,1,7,8,17.743974218503894
274127,1,7,4,0.3700090657260609
274130,1,7,4,0.3700090657260609
274169,1,7,7,4.833274883549104
274193,0,7,0,0.030224019393889363
274204,1,7,3,2.076770887031872
274208,1,7,10,21.244414711350835
274211,1,7,9,4.491555621589933
274219,0,7,0,0.0364617442149695
274221,1,7,8,6.939835876640736
274233,1,7,4,0.3700090657260609
274242,1,7,10,13.797983519963045
274259,1,7,5,0.3700090141005197
274278,1,7,5,0.3700090141005197
274281,1,7,1,17.803187671957946
274287,1,7,5,0.3700090141005197
274304,1,7,7,4.908327349240691
274317,1,7,1,25.69991179044084
274322,1,7,5,0.3700090141005197
274326,1,7,4,0.3700090657260609
274334,1,7,4,0.3700090657260609
274343,0,7,0,0.10278779011304777
274352,1,7,9,20.24799270859414
274356,1,7,9,25.689967004281897
274365,1,7,6,6.19010586447948
274366,1,7,6,8.862339445393053
274390,0,7,0,0.03197440815512637
274394,0,7,0,0.033769764548727016
274400,1,7,6,13.235765948120655
274404,1,7,7,6.160024017584099
274425,1,7,4,0.3700090657260609
274429,1,7,4,0.3700090657260609
274445,1,7,9,15.213908801069486
274467,1,7,6,24.338917711246044
274478,1,7,10,13.315145506154023
274480,1,7,8,3.264249537727393
274486,1,7,4,0.3700090657260609
274516,1,7,6,18.349735177596447
274519,1,7,6,11.882236723599146
274522,1,7,8,25.778743521459294
274532,1,7,5,0.3700090141005197
274547,1,7,10,23.92902006017587
274550,1,7,1,27.377444164693667
274551,1,7,8,3.7416046983579667
274562,1,7,1,13.249695006491116
274564,1,7,1,9.456017841526071
274570,1,7,5,0.3700090141005197
274589,1,7,8,21.14591195667545
274616,1,7,9,18.7976612865303
274618,1,7,6,21.700323442484475
274633,1,7,10,5.300180055059534
274650,1,7,7,5.3405364225846
274655,1,7,5,0.3700090141005197
274661,1,7,6,24.56846201564176
274672,0,7,0,0.03621862525788678
274681,1,7,9,26.2743672843578
274691,1,7,1,25.082478564611623
274711,1,7,1,11.147500864096271
274728,1,7,8,32.64124519556065
274735,1,7,9,31.41538774406205
274739,0,7,0,0.03611331925533422
274742,1,7,1,22.704249580146364
274744,1,7,6,5.14633349322602
274760,1,7,9,7.13304848365313
274779,1,7,8,31.78129772262605
274783,1,7,2,9.29861770502822
274784,1,7,8,17.46649667332755
274785,1,7,3,1.164438897472545
274786,1,7,3,2.4391057628393753
274802,1,7,9,12.398411380334515
274818,1,7,9,29.493671383640454
274850,1,7,8,32.479366179179706
274861,1,7,9,25.276820739908246
274875,1,7,8,20.619952519142235
274902,1,7,7,3.274495047576903
274917,1,7,4,0.3700090657260609
274953,1,7,9,21.66446646417075
274961,1,7,10,26.03925847578341
274969,1,7,6,10.854015145375225
274970,1,7,9,30.734121739031387
274976,1,7,8,22.484690017594566
274980,1,7,9,33.15144173490843
274992,1,7,8,29.93556980528425
274999,1,7,5,0.3700090141005197
275004,0,7,0,0.03456202133493999
275010,1,7,9,7.007432891087757
275048,1,7,8,24.888618368803566
275051,1,7,9,30.732477881965245
275059,1,7,9,9.991686784281645
275061,1,7,1,19.73667116139739
275065,0,7,0,0.03875613458383928
275076,1,7,4,0.3700090657260609
275089,1,7,9,10.144568336817313
275101,1,7,9,24.466067083420334
275112,1,7,8,22.40777312659043
275114,1,7,4,0.3700090657260609
275120,1,7,4,0.3700090657260609
275128,1,7,4,0.3700090657260609
275138,1,7,7,6.467254729773453
275141,1,7,2,13.981081468254274
275167,1,7,8,21.34346325953791
275168,1,7,5,0.3700090141005197
275177,1,7,9,23.56074957971259
275202,1,7,4,0.3700090657260609
275219,0,7,0,0.046645240547920123
275221,1,7,9,29.755939670279794
275238,1,7,9,19.11209568594438
275255,1,7,5,0.3700090141005197
275262,1,7,6,21.929882642441314
275280,1,7,4,0.3700090657260609
275302,1,7,5,0.3700090141005197
275319,1,7,10,17.689931897291856
275352,1,7,6,13.36254154028968
275366,1,7,9,32.72371041321934
275370,1,7,10,16.881670494499556
275374,1,7,6,29.901619701214475
275401,1,7,10,20.224062558353094
275409,1,7,5,0.3700090141005197
275421,1,7,5,0.3700090141005197
275427,1,7,5,0.3700090141005197
275443,1,7,6,29.11539634131668
275445,1,7,4,0.3700090657260609
275455,1,7,7,5.913295238847067
275456,1,7,8,12.73464059793678
275459,1,7,6,21.89609533361677
275476,1,7,1,4.830209762897407
275478,1,7,9,28.087920124785136
275504,0,7,0,0.0410458040962524
275511,1,7,8,35.39507723827131
275529,1,7,7,1.1201658784119322
275533,1,7,6,20.158850316074346
275560,1,7,10,24.51380361702119
275562,1,7,9,20.238333634973344
275580,1,7,6,28.769575393803258
275581,1,7,8,14.730276847823754
275584,1,7,10,13.778057212097172
275585,1,7,8,17.126151697830537
275601,1,7,8,11.02955664486083
275603,1,7,5,0.3700090141005197
275606,1,7,9,29.531845540714777
275607,1,7,8,10.490265330592921
275616,1,7,6,20.183612912664724
275639,1,7,10,14.861010845120937
275642,1,7,10,16.532549084170505
275662,1,7,8,22.167681983789446
275665,1,7,8,32.68977757224152
275669,1,7,9,24.987471403916874
275672,1,7,10,13.436460604294226
275690,1,7,8,19.745812688994747
275699,1,7,9,22.866141219584264
275762,1,7,4,0.3700090657260609
275776,1,7,8,31.108891985173898
275797,1,7,4,0.3700090657260609
275810,1,7,10,14.933403007587192
275813,1,7,6,8.568435613957124
275814,1,7,5,0.3700090141005197
275880,1,7,6,27.16835742263831
275900,1,7,9,7.986205381983411
275902,1,7,5,0.3700090141005197
275909,1,7,9,33.23422438545646
275910,1,7,9,25.012377633831008
275975,1,7,4,0.3700090657260609
275994,1,7,9,32.314768795885456
276001,1,7,9,32.80583519329265
276006,1,7,6,9.29729901648945
276019,1,7,5,0.3700090141005197
276024,1,7,8,19.082353277131947
276027,0,7,0,0.03124721063089536
276031,1,7,7,5.889565023571183
276035,1,7,7,5.432871692747061
276042,1,7,9,12.031205535472118
276047,1,7,10,23.700838757418428
276054,1,7,9,32.81618289090054
276056,1,7,1,24.39331458799634
276071,0,7,0,0.036351676710071175
276075,1,7,6,17.812811617340422
276078,1,7,6,21.643086384305622
276086,1,7,9,15.195697554879482
276087,1,7,4,0.3700090657260609
276094,0,7,0,0.029680653308994782
276095,1,7,10,9.111769527960664
276102,1,7,8,17.790284933884568
276135,1,7,5,0.3700090141005197
276150,1,7,8,13.394273805867941
276166,1,7,2,8.191183914691036
276170,1,7,8,10.715396221434352
276176,1,7,3,2.5776402025790426
276217,1,7,8,28.474709052063183
276218,1,7,9,30.514123372099494
276229,1,7,5,0.37000902039789374
276243,1,7,9,23.983334879024994
276249,1,7,9,24.24645947131333
276277,1,7,10,24.941565517588675
276303,1,7,3,3.247390757722843
276322,1,7,10,15.43731272502382
276329,1,7,5,0.3700090141005197
276332,1,7,5,0.3700090141005197
276346,1,7,9,29.576390349921486
276351,1,7,10,7.006437004042574
276367,1,7,8,32.61376516075734
276374,1,7,4,0.3700090657260609
276392,1,7,9,4.422486262205072
276411,1,7,2,9.139354237382697
276425,1,7,6,27.544363663649577
276442,1,7,5,0.3700090141005197
276444,1,7,4,0.3700090657260609
276451,1,7,3,2.8562425304936365
276453,1,7,8,32.78576517105625
276460,1,7,5,0.3700090141005197
276467,1,7,8,29.589333998142394
276468,1,7,9,21.805692034948564
276474,1,7,9,24.094717141139135
276490,1,7,1,26.708232030794633
276532,1,7,10,20.20413530761299
276538,1,7,9,15.965240135958847
276539,1,7,7,3.2297016710342876
276546,1,7,6,16.42145601823889
276548,1,7,6,15.805564057742457
276560,1,7,3,2.9173183892743655
276612,1,7,10,4.211283027773774
276617,1,7,5,0.37000902039789374
276620,1,7,6,26.97210732253716
276626,1,7,9,22.85501276231662
276639,1,7,6,25.04558179014623
276651,0,7,0,0.029133276680663685
276658,1,7,9,24.691925191750357
276659,1,7,9,23.158364865128362
276663,1,7,4,0.3700090657260609
276664,1,7,7,6.319388060684206
276673,1,7,7,3.9820962311209134
276686,1,7,9,13.360737503949805
276704,1,7,8,23.222481350959637
276706,1,7,9,23.703364019376146
276718,1,7,5,0.3700090141005197
276735,1,7,6,16.63593699436246
276771,1,7,4,0.3700090657260609
276773,1,7,7,3.0963167459144705
276776,1,7,10,17.011184474765646
276781,1,7,4,0.3700090657260609
276793,1,7,4,0.3700090657260609
276804,1,7,8,13.388316387698056
276820,1,7,10,24.47950526502371
276821,1,7,4,0.3700090657260609
276822,1,7,8,9.746270786239407
276834,1,7,7,3.278591127114337
276843,1,7,10,18.879673012376973
276860,1,7,9,24.857228782947065
276868,1,7,5,0.3700090141005197
276881,1,7,10,17.238434440213666
276882,1,7,6,12.22862614210301
276889,1,7,10,11.28359273376444
276894,1,7,1,11.242868284887756
276934,1,7,6,21.702753045966812
276963,1,7,6,22.745829545674166
276981,1,7,4,0.3700090657260609
277006,1,7,3,1.4089288676281302
277026,1,7,8,26.312905663715377
277045,1,7,10,10.041637304456914
277047,1,7,8,8.564034954601885
277082,1,7,7,3.2081503465027343
277106,1,7,9,32.74510287123844
277108,1,7,8,20.04364654120983
277112,1,7,3,2.204534944412597
277114,1,7,6,18.91782379145922
277116,1,7,9,14.408536417277457
277117,1,7,9,29.14251249029894
277124,1,7,1,25.640283777871566
277133,1,7,7,2.202229977045417
277145,1,7,10,24.269363731116936
277146,1,7,10,13.18160625102979
277164,1,7,1,26.902882064509708
277166,1,7,1,24.15311946811968
277185,1,7,9,28.164092390681635
277187,1,7,8,5.685507912523008
277205,1,7,9,26.808707014624375
277215,1,7,1,6.698794737183763
277223,1,7,9,9.568588613862676
277225,1,7,6,23.914260995633505
277228,0,7,0,0.10458572766955768
277229,1,7,5,0.3700090141005197
277231,1,7,5,0.3700090141005197
277236,1,7,1,20.58093400408606
277242,1,7,5,0.3700090141005197
277243,1,7,3,2.9894355709122338
277300,1,7,1,27.86408212019317
277302,1,7,5,0.37000902039789374
277309,1,7,9,23.170578970106224
277332,1,7,5,0.3700090141005197
277336,1,7,2,9.562834486253182
277340,1,7,6,8.212106345765642
277348,1,7,3,3.086100987005755
277354,0,7,0,0.039240864863753444
277355,1,7,4,0.3700090657260609
277370,0,7,0,0.09249955690364035
277388,1,7,8,25.258817249518007
277416,1,7,5,0.3700090141005197
277438,1,7,2,7.432602695961777
277450,1,7,5,0.3700090141005197
277456,1,7,2,15.166836959621929
277473,1,7,8,32.01348598036785
277475,1,7,10,9.551316034334144
277485,1,7,7,5.301640888940111
277493,1,7,8,17.245282202483345
277499,1,7,8,20.877679619613346
277504,1,7,5,0.3700090141005197
277511,0,7,0,0.04618676533020033
277512,1,7,6,28.438837494380557
277515,1,7,1,17.531889886571687
277532,1,7,6,13.698948587916469
277543,1,7,7,1.6826313457148117
277558,1,7,2,2.0072640784362
277563,1,7,9,22.390106024956886
277570,1,7,5,0.3700090141005197
277574,1,7,7,1.8203401210987744
277580,1,7,7,5.919310011680955
277585,1,7,5,0.3700090141005197
277596,1,7,9,6.660160145053363
277603,1,7,9,25.189132675369933
277612,1,7,2,3.7954851142785095
277614,1,7,5,0.3700090141005197
277615,1,7,8,26.312918532554768
277623,1,7,8,8.588490235274579
277626,1,7,9,30.649430860871927
277664,1,7,8,22.76522050648171
277667,1,7,1,7.259200140448003
277707,1,7,4,0.3700090657260609
277719,1,7,4,0.3700090657260609
277727,1,7,5,0.3700090141005197
277728,1,7,6,29.655645179680363
277738,1,7,8,16.884452409733157
277746,1,7,3,2.2670081892329454
277749,1,7,9,32.76873442576492
277762,1,7,8,13.719316421107557
277763,1,7,5,0.3700090141005197
277765,1,7,4,0.3700090657260609
277771,1,7,1,22.52280336998404
277794,1,7,9,16.748352843099735
277797,1,7,6,18.229792207310044
277801,1,7,9,20.967285830391713
277811,1,7,8,31.503076465890043
277813,1,7,3,3.1674434011894137
277835,1,7,5,0.3700090141005197
277844,1,7,6,30.42376637567408
277850,1,7,9,30.32549874163959
277852,1,7,1,12.491014373644184
277859,1,7,1,24.60010999010047
277862,1,7,5,0.3700090141005197
277880,1,7,6,24.735275499229076
277881,1,7,1,25.28009567775879
277894,1,7,5,0.37000902039789374
277895,1,7,5,0.3700090141005197
277899,1,7,8,3.629315185594838
277900,1,7,10,15.275965534522578
277909,1,7,5,0.3700090141005197
277915,1,7,6,8.886081053829804
277922,1,7,10,26.000093105162478
277924,1,7,6,15.472185613722084
277925,1,7,6,14.700828496693012
277936,1,7,7,3.933229979461808
277943,1,7,9,31.37914150544256
277951,1,7,7,4.026523960116525
277968,1,7,6,13.526046227716659
277973,1,7,5,0.3700090141005197
277986,1,7,2,14.19086249639928
278001,1,7,9,8.542391229725391
278002,1,7,9,33.471689286389086
278013,1,7,5,0.3700090141005197
278027,1,7,9,12.35612255395939
278034,1,7,7,6.22270020408441
278057,1,7,6,14.487155149488366
278060,1,7,9,21.97092510507838
278096,1,7,9,30.81136890308376
278100,1,7,8,32.11077757278005
278102,1,7,8,24.532190018095637
278107,1,7,8,36.038303195194736
278108,1,7,8,32.705813888359096
278132,1,7,4,0.3700090657260609
278137,1,7,5,0.3700090141005197
278138,1,7,3,2.7167875342056194
278155,1,7,8,27.518492633266675
278156,1,7,5,0.37000902039789374
278173,1,7,7,0.8998396116608631
278177,1,7,5,0.3700090141005197
278179,1,7,9,33.68273061145549
278212,1,7,3,3.1062674988465946
278216,1,7,4,0.3700090657260609
278217,1,7,10,19.391940035663875
278222,1,7,9,25.008305985689855
278245,1,7,7,5.136557581827787
278254,1,7,9,3.27660759666975
278255,1,7,8,18.631814847414766
278271,1,7,8,18.323929654590856
278280,1,7,4,0.3700090657260609
278285,1,7,5,0.3700090141005197
278292,1,7,4,0.3700090657260609
278295,1,7,1,17.464922325424595
278300,1,7,5,0.3700090141005197
278301,1,7,9,20.612307245768655
278311,1,7,3,0.6849217460584561
278316,1,7,9,33.582224444138475
278317,1,7,9,24.979256762031252
278318,1,7,1,25.117439202756458
278355,1,7,5,0.3700090141005197
278390,1,7,4,0.3700090657260609
278392,1,7,1,15.214927276896534
278399,1,7,5,0.3700090141005197
278410,1,7,3,2.216317950467299
278416,1,7,1,26.486547652394083
278434,1,7,10,8.514438677604753
278437,1,7,4,0.3700090657260609
278438,1,7,3,2.3629494951148526
278441,1,7,4,0.3700090657260609
278449,1,7,6,26.09290352683406
278454,1,7,10,9.970635768448425
278483,1,7,8,25.921119979547385
278485,1,7,9,25.235629899967776
278487,1,7,8,21.22491325886306
278489,1,7,1,24.284849165558747
278491,1,7,9,13.452417025772327
278501,1,7,8,31.336084512036866
278526,1,7,9,28.929853877039864
278578,1,7,9,24.30987531677666
278582,1,7,5,0.3700090141005197
278588,1,7,8,13.939939465546427
278605,1,7,9,16.648359335951707
278608,1,7,6,28.48996368542199
278611,1,7,8,27.354017290009836
278617,1,7,4,0.3700090657260609
278633,1,7,10,12.543769411045998
278649,0,7,0,0.03841166100545901
278655,0,7,0,0.04681572308937373
278658,0,7,0,0.11405177551105346
278678,1,7,4,0.3700090657260609
278680,1,7,7,2.9123588288353126
278703,0,7,0,0.03935449893724984
278705,1,7,8,22.15968428569591
278713,1,7,4,0.3700090657260609
278718,0,7,0,0.04713155915076135
278734,1,7,9,23.655073196045002
278740,1,7,6,15.268313966718763
278760,1,7,1,18.990089458809738
278762,1,7,9,24.95049659888008
278766,1,7,6,22.19984422230382
278767,1,7,8,25.70380363192644
278771,0,7,0,0.07428125753704398
278772,1,7,5,0.37000902039789374
278780,1,7,8,25.61869465541332
278794,1,7,9,20.8076094792514
278807,1,7,9,11.39587292071433
278808,1,7,6,18.01716221916953
278809,1,7,10,18.4713401390062
278815,1,7,5,0.3700090141005197
278826,1,7,4,0.3700090657260609
278842,1,7,5,0.3700090141005197
278845,1,7,8,25.703379125196467
278863,0,7,0,0.03139982207239991
278864,1,7,9,25.066403269571282
278873,1,7,7,4.136980116940588
278879,1,7,9,25.1639316384217
278880,1,7,8,35.75269174172987
278881,1,7,8,11.249358559319644
278894,1,7,5,0.3700090141005197
278896,1,7,10,6.916885369049164
278898,1,7,9,31.0339409492389
278908,1,7,4,0.3700090657260609
278919,1,7,7,1.7543336882478051
278946,1,7,6,9.544684926957883
278948,1,7,4,0.3700090657260609
278953,1,7,10,9.578821535176637
278960,1,7,3,3.135412276188384
278972,1,7,4,0.3700090657260609
278974,1,7,2,5.150304069557444
278975,1,7,9,23.765315618621862
278981,1,7,9,10.752943902193612
278994,1,7,4,0.3700090657260609
279004,1,7,5,0.3700090141005197
279017,1,7,9,26.39220366831796
279033,1,7,8,3.871607058595609
279039,1,7,4,0.3700090657260609
279044,1,7,5,0.3700090141005197
279048,1,7,8,11.992002805173593
279056,1,7,4,0.3700090657260609
279067,1,7,8,24.631407705418013
279073,1,7,8,20.657181034150696
279089,1,7,5,0.3700090141005197
279093,1,7,8,29.718418679053723
279094,1,7,8,4.874315836634227
279097,1,7,5,0.3700090141005197
279135,1,7,6,18.613355403183437
279137,1,7,2,15.034659611607124
279140,1,7,10,13.316310558345444
279141,1,7,8,33.37175353999288
279143,1,7,6,17.535838944260085
279148,1,7,4,0.3700090657260609
279165,1,7,9,18.84984676749163
279172,0,7,0,0.03333765373683992
279181,1,7,10,12.761213848931654
279185,1,7,5,0.3700090141005197
279186,1,7,4,0.3700090657260609
279189,1,7,8,14.078183612850149
279192,1,7,6,13.038336817607567
279196,1,7,10,25.717854289890397
279212,1,7,4,0.3700090657260609
279231,1,7,6,22.66833579368843
279261,1,7,10,22.84500963658346
279268,1,7,1,13.468177634349663
279270,1,7,8,22.309273502671562
279273,1,7,10,18.325331401285162
279287,1,7,1,16.09725099688111
279295,1,7,1,19.75456311367082
279311,0,7,0,0.023020006824981582
279331,1,7,6,11.141221393468253
279346,1,7,9,19.983904597625884
279348,0,7,0,0.038474802530527034
279357,1,7,5,0.3700090141005197
279361,1,7,9,30.70244810658227
279364,1,7,6,9.116383056153273
279392,1,7,3,3.1488262887970424
279411,1,7,7,2.9421990230503763
279416,1,7,4,0.3700090657260609
279424,1,7,5,0.3700090141005197
279428,1,7,9,32.62162122922362
279436,1,7,9,29.839507489174533
279442,1,7,6,30.25156008887921
279459,1,7,9,16.555414691103923
279465,1,7,8,34.63422372134744
279471,1,7,6,19.560935366085406
279476,1,7,6,7.901032282057076
279483,0,7,0,0.03321692280006466
279506,1,7,4,0.3700090657260609
279507,1,7,3,1.6474580620612642
279511,1,7,5,0.3700090141005197
279518,1,7,5,0.3700090141005197
279520,1,7,9,23.808056662863944
279521,1,7,6,19.935031842367916
279545,1,7,2,8.625776168033598
279552,1,7,2,2.7084811404688036
279556,0,7,0,0.04207755224092592
279562,0,7,0,0.02784815702142415
279580,1,7,5,0.3700090141005197
279590,1,7,5,0.37000902039789374
279605,1,7,9,33.62731879374096
279609,1,7,9,26.256882447323633
279613,1,7,10,24.297931983064643
279617,1,7,7,3.7658226296356956
279627,1,7,8,18.983752034342217
279671,1,7,5,0.3700090141005197
279688,1,7,8,10.681380913361442
279689,1,7,10,14.887252973238564
279710,1,7,5,0.3700090141005197
279733,1,7,4,0.3700090657260609
279754,1,7,5,0.3700090141005197
279758,1,7,10,20.02079550181237
279759,1,7,4,0.3700090657260609
279762,1,7,6,25.53594497173028
279764,1,7,5,0.3700090141005197
279765,1,7,10,20.091039387968358
279783,1,7,4,0.3700090657260609
279786,1,7,5,0.3700090141005197
279788,1,7,8,15.590654799685327
279793,1,7,8,10.952181568118016
279817,1,7,8,18.56918656654286
279833,1,7,9,16.232351512616564
279835,1,7,10,23.6792794507615
279838,1,7,8,32.62786135472882
279851,1,7,5,0.3700090141005197
279860,1,7,6,27.375242394675915
279867,1,7,3,2.3149512226459708
279883,1,7,4,0.3700090657260609
279894,1,7,7,2.060046363427064
279904,1,7,8,36.06402494199787
279913,1,7,4,0.3700090657260609
279920,1,7,4,0.3700090656202526
279924,1,7,4,0.3700090656202526
279929,1,7,10,11.313546552281775
279957,1,7,6,28.744309347860717
279978,1,7,10,18.601698733648195
279981,1,7,8,19.46820016649182
279986,1,7,5,0.3700090141005197
279987,1,7,5,0.3700090141005197
279989,1,7,9,26.175737516413015
279993,1,7,8,36.071109352200025
279997,1,7,6,24.06559258136164
280005,1,7,6,21.405166045425236
280007,1,7,9,17.21316108878642
280011,1,7,4,0.3700090657260609
280017,1,7,2,9.552636538900325
280019,1,7,9,24.432805074787513
280034,1,7,6,30.403373109325923
280040,1,7,5,0.3700090141005197
280047,1,7,7,2.338696915239284
280049,1,7,8,23.831024183517172
280062,1,7,4,0.3700090657260609
280071,1,7,8,20.72537712155616
280073,1,7,8,17.7260799261189
280088,1,7,4,0.3700090657260609
280098,1,7,4,0.3700090657260609
280104,1,7,8,20.877803398137168
280107,1,7,6,30.50230751231562
280115,1,7,9,33.18263786216344
280128,1,7,5,0.3700090141005197
280144,1,7,8,35.33623903454176
280150,1,7,9,33.35434000881652
280161,1,7,2,16.162375661304047
280165,1,7,10,15.785869733353241
280169,1,7,6,20.45447806139883
280171,1,7,8,8.73236998644441
280180,1,7,8,35.49080026037045
280185,1,7,9,31.12186568535896
280205,1,7,7,4.199580296120074
280207,1,7,4,0.3700090657260609
280208,1,7,8,3.9454134018322193
280228,1,7,4,0.3700090657260609
280240,1,7,7,0.7451695636333961
280247,1,7,10,23.59359004836825
280289,1,7,9,10.054874051126133
280292,1,7,2,3.155902762434542
280295,1,7,2,2.0749408073636584
280296,1,7,3,3.2302303136309813
280321,1,7,3,3.135616556632263
280361,1,7,2,2.4865748212987286
280362,0,7,0,0.03103330662187172
280364,1,7,4,0.3700090657260609
280369,1,7,5,0.3700090141005197
280378,1,7,4,0.3700090657260609
280408,1,7,9,12.415119928237846
280411,1,7,4,0.3700090657260609
280426,1,7,4,0.3700090657260609
280435,1,7,1,19.820895380081872
280449,1,7,8,18.43337759947741
280458,1,7,9,17.99828440775865
280462,1,7,4,0.3700090657260609
280475,1,7,10,16.88807101758901
280482,1,7,4,0.3700090657260609
280489,1,7,8,25.03962827394646
280492,1,7,9,33.793130653287996
280498,1,7,9,31.640990652473857
280500,1,7,5,0.37000902039789374
280504,1,7,9,7.112498189653695
280509,1,7,7,2.989948886281831
280513,1,7,8,24.016841728025334
280538,1,7,4,0.3700090657260609
280542,1,7,9,22.160098244583303
280551,1,7,7,3.819845414817224
280586,1,7,10,21.767828808446385
280588,1,7,9,5.4067007552124755
280618,1,7,9,18.040561190880766
280624,0,7,0,0.04695682063507888
280629,1,7,8,35.79898339475312
280644,1,7,8,12.35800668918946
280648,1,7,5,0.3700090141005197
280660,1,7,8,19.46985078232367
280672,1,7,9,11.627289136115976
280677,1,7,8,33.4442796172534
280687,1,7,9,13.706313611278846
280695,1,7,6,15.097449008440313
280703,1,7,9,30.991355158306597
280714,1,7,5,0.3700090141005197
280727,1,7,10,16.516396726720735
280730,1,7,1,25.11282954024682
280734,1,7,7,3.2630463408558894
280737,1,7,2,7.207171049492382
280742,1,7,10,5.8399286465312015
280748,1,7,10,22.26359646271337
280785,1,7,10,18.472671420248385
280821,1,7,6,4.288094714963771
280823,1,7,9,33.65110151678237
280827,1,7,6,24.1789129253663
280838,1,7,10,18.497146422192028
280843,1,7,7,3.22901320818003
280848,1,7,8,34.10444101464046
280850,1,7,3,3.1844943014553593
280859,1,7,10,26.046444629434067
280891,1,7,6,23.422486965946163
280893,1,7,2,9.271141023421343
280896,1,7,8,6.739819510663242
280920,1,7,7,5.8542848849081786
280921,1,7,8,15.311430331626248
280923,1,7,5,0.3700090141005197
280928,1,7,4,0.3700090657260609
280929,1,7,2,10.406049572309076
280933,1,7,5,0.3700090141005197
280950,1,7,7,2.9052881975201155
280958,1,7,1,25.73669076005136
280975,1,7,9,12.958520211482806
280982,1,7,6,16.504965140553036
280986,1,7,8,21.267551998401068
280987,1,7,4,0.3700090657260609
280994,1,7,8,24.354484076144356
280997,1,7,4,0.3700090657260609
281003,1,7,6,22.77161290105156
281007,1,7,8,16.913712266061445
281024,1,7,4,0.3700090657260609
281045,0,7,0,0.15312682518565082
281052,1,7,8,26.273104155086703
281063,1,7,9,30.15018550152283
281065,0,7,0,0.03558107254744385
281070,1,7,4,0.3700090657260609
281079,1,7,10,24.960895371874084
281082,1,7,7,3.245352440150234
281083,1,7,3,0.9439421245616799
281096,1,7,6,22.19930959214501
281105,1,7,4,0.3700090657260609
281126,0,7,0,0.19245471034967587
281127,1,7,4,0.3700090657260609
281148,1,7,1,22.7613034903049
281177,1,7,8,21.887323864988492
281224,1,7,9,33.060595561387885
281229,1,7,8,4.2694674976907505
281232,0,7,0,0.038985992562031405
281237,1,7,10,17.824965451750348
281262,1,7,8,6.714056265951921
281263,1,7,1,11.463276386102903
281264,1,7,10,3.68406473930155
281267,0,7,0,0.040498044245355136
281269,1,7,9,23.174998398855706
281286,1,7,8,8.842310142532943
281287,1,7,2,12.741059545485212
281301,1,7,4,0.3700090657260609
281305,1,7,9,15.320225130791266
281307,1,7,8,25.620266749464708
281308,1,7,9,33.290210286729746
281328,1,7,8,30.962039717294125
281329,1,7,6,25.502509166169315
281333,1,7,7,6.42228319724764
281336,1,7,2,0.8962086307238613
281342,1,7,3,3.1400759261200175
281350,1,7,10,13.629082746602624
281357,1,7,9,22.955299002978585
281370,1,7,8,15.993395371775078
281431,1,7,6,26.724396873959265
281432,1,7,8,21.559163469089686
281437,1,7,6,18.695667810891162
281444,1,7,5,0.37000902039789374
281453,1,7,2,12.772960423932712
281466,1,7,3,2.621494706606399
281467,1,7,8,29.522090833916003
281472,1,7,8,23.043185770201017
281483,1,7,6,11.806436437989452
281485,1,7,8,29.61722972604934
281490,1,7,6,25.745479269359876
281507,1,7,4,0.3700090657260609
281510,1,7,10,20.99003813894063
281512,1,7,8,12.545744526602096
281513,1,7,8,27.562147380471355
281530,1,7,8,35.40205367725379
281540,1,7,6,15.88307850161805
281543,1,7,5,0.3700090141005197
281557,1,7,10,10.64553731598894
281562,1,7,4,0.3700090657260609
281564,1,7,10,16.199919297806915
281567,1,7,7,2.072410701794234
281568,1,7,6,10.201685988956871
281599,1,7,5,0.3700090141005197
281609,1,7,6,29.7481680854576
281617,1,7,8,6.850271442256524
281647,1,7,7,1.9305226994106808
281653,1,7,8,27.265535585291797
281672,1,7,1,21.346570585796567
281680,1,7,3,2.7838634879043154
281704,1,7,6,18.80314619093049
281706,1,7,4,0.3700090657260609
281709,1,7,6,27.262619284583142
281712,1,7,8,20.692148086979365
281718,1,7,1,5.133702450416486
281732,1,7,8,5.697576753080116
281737,1,7,3,2.9257763492625948
281738,1,7,9,26.585413391941056
281760,1,7,10,12.2146045691701
281761,1,7,1,11.713321940018497
281781,1,7,10,18.956497963315247
281783,1,7,4,0.3700090657260609
281792,1,7,10,16.214474766408248
281794,1,7,8,13.574494734892378
281797,1,7,3,3.23452454121357
281802,1,7,5,0.3700090141005197
281844,1,7,6,17.990521000383726
281846,1,7,10,20.226377740959485
281850,1,7,8,26.36589648273421
281854,1,7,10,13.098731930996117
281865,1,7,9,25.633843028469027
281867,1,7,9,12.995786630536927
281870,1,7,9,28.98403689475588
281871,1,7,2,15.340405015599638
281883,1,7,8,32.10302605940269
281892,1,7,5,0.3700090141005197
281905,1,7,8,17.90982005562579
281906,0,7,0,0.0408512683708991
281914,1,7,9,32.81448189250621
281920,1,7,8,14.136761170541227
281934,1,7,1,24.573009167862402
281945,1,7,5,0.3700090141005197
281969,1,7,8,36.11698219523242
281973,1,7,7,5.649763257796782
281977,1,7,5,0.3700090141005197
281987,1,7,8,20.237490554515723
282014,1,7,8,2.534401138564122
282020,1,7,6,26.364700888224952
282026,1,7,5,0.3700090141005197
282037,0,7,0,0.03867860029990263
282039,1,7,8,30.435976834154534
282050,1,7,3,2.951120051411012
282053,1,7,1,16.150822674866735
282074,1,7,9,15.705894801297996
282091,1,7,5,0.3700090141005197
282099,1,7,9,31.27469457071916
282109,1,7,4,0.3700090657260609
282128,1,7,6,27.483215582744165
282131,1,7,5,0.3700090141005197
282147,1,7,6,27.98770053384562
282178,1,7,8,20.535144386877693
282188,1,7,10,14.574641194179245
282197,1,7,10,17.57748767419834
282208,1,7,5,0.3700090141005197
282217,1,7,4,0.3700090657260609
282224,1,7,8,26.56313902984515
282235,1,7,6,18.35038225374967
282251,1,7,5,0.3700090141005197
282254,1,7,8,27.647119403810557
282259,1,7,9,5.301807719043048
282260,1,7,10,21.053514122303763
282269,1,7,6,19.524986529639666
282277,1,7,3,2.7264255195308116
282283,1,7,5,0.3700090141005197
282291,1,7,6,22.213849391023587
282297,1,7,8,26.31729914307677
282298,1,7,2,7.354142490633217
282305,1,7,4,0.3700090657260609
282307,1,7,9,29.672291923654356
282313,1,7,8,34.88156462552889
282323,0,7,0,0.03253822574920619
282331,1,7,5,0.3700090141005197
282334,1,7,9,17.21643645744416
282341,1,7,3,2.637790802774349
282345,1,7,9,26.565842225299978
282349,1,7,7,3.2375061347390317
282350,1,7,10,24.99163452615639
282366,1,7,3,3.2190034121932607
282367,1,7,9,14.255538384640696
282369,1,7,8,23.162570436289187
282373,1,7,2,13.905885607329648
282377,1,7,9,32.710137583998225
282378,1,7,6,21.055885606087077
282382,1,7,2,7.827380729798261
282407,1,7,3,3.2027323695944387
282434,1,7,6,23.336879416863464
282435,1,7,5,0.3700090141005197
282436,1,7,4,0.3700090657260609
282458,1,7,5,0.3700090141005197
282479,1,7,8,13.61094396563747
282489,1,7,5,0.3700090141005197
282493,1,7,9,21.57691995633888
282495,1,7,4,0.3700090657260609
282498,1,7,5,0.3700090141005197
282503,1,7,2,14.661602638173731
282519,1,7,6,29.284231199389538
282538,1,7,9,16.161435665974537
282551,0,7,0,0.11361278403971778
282552,1,7,7,6.113887936794699
282576,1,7,9,32.05129910664516
282607,1,7,7,4.5147569319367395
282631,1,7,8,10.065477085811239
282632,1,7,6,12.840705877181334
282641,1,7,1,20.57170987691253
282650,1,7,7,3.8269716944052856
282667,1,7,7,5.998241921992349
282673,0,7,0,0.035862704078140406
282685,1,7,10,9.630134146860527
282687,1,7,2,9.221734506750169
282692,1,7,4,0.3700090657260609
282701,1,7,3,1.3897337439999222
282711,1,7,9,17.140870229665587
282727,1,7,8,34.62288676846481
282734,1,7,3,1.2232852572328659
282740,1,7,10,12.26099145973332
282741,1,7,1,13.67568569184611
282747,1,7,1,12.644193516003405
282749,1,7,5,0.3700090141005197
282754,1,7,1,21.637447048966393
282757,1,7,1,27.092203898424387
282774,1,7,4,0.3700090657260609
282793,1,7,5,0.3700090141005197
282798,1,7,9,18.63936323166392
282828,1,7,6,27.659644128777238
282843,1,7,4,0.3700090657260609
282848,1,7,8,30.77535203199921
282850,0,7,0,0.03832265876566245
282861,1,7,9,32.03980751629188
282862,1,7,6,29.228552698061563
282869,1,7,4,0.3700090657260609
282877,1,7,5,0.3700090141005197
282885,1,7,8,5.609682173827568
282892,0,7,0,0.03808707820058279
282898,1,7,4,0.3700090656202526
282901,1,7,9,33.60374232849475
282903,1,7,10,19.03942108139326
282913,1,7,9,19.291231705500497
282918,1,7,8,24.35248051964612
282919,1,7,10,13.19854080767864
282943,1,7,5,0.3700090141005197
282950,1,7,8,5.99383653558386
282955,1,7,5,0.3700090141005197
282956,1,7,3,2.38294028516128
282964,1,7,7,3.2761244237855407
282979,1,7,5,0.3700090141005197
282985,1,7,6,30.507554546829713
282995,1,7,7,2.839242643185668
283000,1,7,4,0.3700090657260609
283017,1,7,6,10.412401379148807
283022,1,7,2,3.7975375334567056
283023,1,7,6,20.741530013864693
283035,1,7,5,0.3700090141005197
283045,1,7,5,0.3700090141005197
283055,1,7,7,0.3455458587428467
283068,1,7,9,24.79594146196398
283082,1,7,10,16.12115690919446
283085,1,7,9,16.535001285511886
283090,1,7,4,0.3700090657260609
283091,1,7,9,23.943883002494708
283099,1,7,8,28.164247044643353
283106,0,7,0,0.027211651266334423
283110,1,7,6,12.813981524089188
283128,1,7,8,23.398660572453032
283134,1,7,8,5.689022740054913
283156,1,7,3,2.7323893847966865
283178,1,7,3,2.8093871656334253
283194,1,7,1,21.294832742761777
283203,1,7,9,33.09623065670049
283204,1,7,9,24.26043486573512
283216,1,7,9,11.092772633322127
283245,1,7,8,25.89372785297728
283264,1,7,5,0.3700090141005197
283275,1,7,5,0.3700090141005197
283288,1,7,6,19.092938981077115
283305,1,7,4,0.3700090657260609
283306,1,7,9,28.602002712672302
283337,1,7,5,0.3700090141005197
283341,1,7,6,26.98737962270277
283346,1,7,8,2.7907649363147753
283352,1,7,8,22.590403298102554
283356,1,7,8,30.473492565960683
283389,0,7,0,0.04125338126978928
283395,1,7,4,0.3700090657260609
283398,1,7,5,0.3700090141005197
283404,1,7,6,17.460326430229347
283409,1,7,1,22.643142246817888
283412,1,7,10,5.019217033963494
283417,1,7,9,31.022452558207448
283423,1,7,5,0.3700090141005197
283441,1,7,9,15.804233816722677
283454,1,7,2,11.005777850693724
283456,1,7,1,16.26757694404489
283475,1,7,9,21.981823029767263
283481,1,7,7,2.877198786398757
283483,1,7,9,33.61515456285253
283484,1,7,9,24.82655168098879
283489,1,7,5,0.37000902039789374
283504,1,7,5,0.37000902039789374
283516,1,7,10,18.20989470317329
283527,1,7,9,10.908958631606877
283530,1,7,8,23.131140843178315
283535,1,7,10,25.518224393961795
283537,1,7,4,0.3700090657260609
283549,0,7,0,0.046986213122357776
283550,1,7,5,0.3700090141005197
283552,1,7,9,30.707256450212842
283553,1,7,6,10.938359476876661
283597,1,7,9,1.9801918535298286
283620,1,7,8,13.864393153252417
283627,1,7,8,12.3573964522996
283628,0,7,0,0.15838165062923967
283637,1,7,10,13.268602397620278
283656,1,7,6,13.806561652304776
283658,1,7,7,2.7176686386121416
283684,0,7,0,0.03617389267914107
283697,1,7,8,4.991981828072683
283698,1,7,8,1.9608776273152055
283728,1,7,6,22.563470112967313
283745,1,7,10,6.999027034523004
283756,1,7,9,28.389134559899812
283764,0,7,0,0.04702648205638007
283769,1,7,8,34.92250368876717
283779,1,7,3,2.9417071113491478
283794,1,7,10,25.892442613804647
283811,1,7,4,0.3700090657260609
283825,1,7,8,7.749218502340406
283845,1,7,8,30.153272345146537
283846,1,7,4,0.3700090657260609
283853,1,7,9,14.848846481304694
283854,1,7,1,26.62607266999764
283856,1,7,10,13.323823096365281
283862,1,7,10,11.650030074425981
283867,1,7,5,0.3700090141005197
283869,0,7,0,0.0927877472298872
283879,1,7,1,22.923486256006807
283888,1,7,9,27.578228395373536
283893,1,7,6,25.550938895513074
283899,1,7,4,0.3700090657260609
283900,1,7,7,5.34134703685408
283911,1,7,6,23.705904515403645
283914,1,7,9,25.85447986361534
283920,1,7,9,32.97963338804807
283968,1,7,8,9.142257479681197
283980,1,7,5,0.3700090141005197
283985,1,7,8,9.081959132273836
283987,1,7,8,27.719422001130212
284001,1,7,10,19.392386980346135
284003,1,7,10,11.322309023587296
284014,1,7,8,14.601527545881009
284026,1,7,8,5.053516197964848
284036,1,7,1,22.74905960147346
284050,1,7,4,0.3700090657260609
284053,0,7,0,0.04706913084739172
284054,1,7,9,28.70462093787576
284060,1,7,7,4.707412400902185
284079,1,7,9,25.582917755992515
284104,1,7,10,22.230596185934257
284106,1,7,1,25.311914907304082
284112,1,7,8,36.12170437666799
284126,1,7,4,0.3700090657260609
284134,1,7,4,0.3700090656202526
284147,1,7,1,12.752078194458322
284154,0,7,0,0.034251943266321264
284174,1,7,9,33.656801710362835
284225,1,7,5,0.3700090141005197
284235,1,7,6,11.178222957070858
284241,1,7,8,18.820738031152292
284249,1,7,2,14.436740879434405
284250,1,7,4,0.3700090657260609
284251,1,7,9,30.496575311438637
284252,0,7,0,0.04361361171013667
284263,1,7,4,0.3700090657260609
284280,1,7,3,3.1275959925116243
284282,1,7,10,15.912686989925778
284284,1,7,9,28.5720417556191
284309,1,7,9,15.317161076981956
284313,1,7,4,0.3700090657260609
284316,1,7,8,29.21105700037576
284324,1,7,8,5.646608574735904
284331,1,7,6,22.28739419274862
284332,1,7,9,31.54203107183138
284335,1,7,4,0.3700090657260609
284347,1,7,7,3.2385978319516067
284363,1,7,10,5.070898186532308
284380,1,7,2,9.21837688647052
284381,1,7,10,7.287386568347278
284401,1,7,5,0.3700090141005197
284410,1,7,9,20.285559561744826
284438,1,7,6,18.832493114712197
284443,1,7,6,5.766919452156817
284447,1,7,7,6.258144867535872
284454,1,7,8,9.656580412011158
284468,1,7,9,28.187031226863798
284470,1,7,2,16.325520165954856
284477,1,7,7,2.083788908136431
284478,1,7,4,0.3700090657260609
284505,1,7,3,3.220181713063305
284552,1,7,8,14.488373313891708
284562,1,7,9,22.860664478247443
284577,1,7,6,12.074323192127574
284585,1,7,9,31.7663968943208
284593,1,7,10,10.382815432038637
284594,1,7,6,13.394000067533035
284604,1,7,2,16.216097356237096
284605,1,7,9,27.807657963018514
284640,1,7,2,16.466360623431196
284644,1,7,10,3.4820116021194374
284655,1,7,10,7.532763176639001
284657,1,7,7,4.577750612508997
284664,1,7,10,10.539418730940243
284677,0,7,0,0.03269751874749881
284697,1,7,5,0.3700090141005197
284749,1,7,4,0.3700090657260609
284750,1,7,4,0.3700090657260609
284762,1,7,5,0.3700090141005197
284765,0,7,0,0.039080622608837275
284767,1,7,9,23.788131392769042
284773,1,7,8,4.44584564186999
284787,1,7,9,24.72482858596359
284796,1,7,4,0.3700090657260609
284828,1,7,8,13.3914713492064
284833,1,7,6,27.10037606899086
284834,1,7,6,29.60213038798371
284841,1,7,5,0.3700090141005197
284850,1,7,8,12.226030486183703
284863,1,7,6,10.9864892526198
284865,1,7,8,19.285042572388488
284882,1,7,7,5.12951922498201
284883,1,7,4,0.3700090657260609
284912,1,7,6,12.19287459340523
284919,1,7,4,0.3700090657260609
284921,1,7,4,0.3700090657260609
284928,1,7,8,20.68865131817242
284938,1,7,4,0.3700090657260609
284945,1,7,9,30.609483669869515
284961,1,7,9,33.4698569833752
284967,1,7,9,19.880597035130016
284977,1,7,9,16.952083459630938
284990,1,7,9,9.093481667254842
285002,1,7,7,3.2951093221799854
285005,1,7,6,11.791511158580468
285007,1,7,1,13.905778852359653
285025,1,7,3,2.835355717188231
285046,1,7,3,2.2478025000193615
285056,1,7,2,15.649936179978967
285060,1,7,7,5.61877139262232
285077,1,7,5,0.3700090141005197
285079,1,7,8,26.79540944831508
285081,1,7,6,15.700332052470333
285089,1,7,3,1.7798580816959453
285091,1,7,9,30.303140802556563
285119,1,7,2,2.9318306736543773
285131,1,7,8,30.3667871041101
285133,1,7,9,11.453804400884218
285143,1,7,4,0.3700090657260609
285147,1,7,10,21.773104544140818
285161,0,7,0,0.03887406861701967
285163,1,7,10,16.654225530328937
285203,1,7,1,9.345265548421684
285206,1,7,8,2.9035107305736507
285212,1,7,6,24.577654823707785
285238,1,7,5,0.3700090141005197
285249,1,7,5,0.3700090141005197
285263,1,7,5,0.3700090141005197
285271,1,7,5,0.3700090141005197
285278,1,7,8,15.434127745817838
285279,0,7,0,0.04230424529508408
285286,1,7,1,23.50652213618691
285310,1,7,7,2.4722174148145566
285315,1,7,4,0.3700090657260609
285321,0,7,0,0.03913261752844083
285327,1,7,9,18.365690393126904
285332,1,7,6,21.930604467144864
285345,1,7,8,9.230743163350269
285357,1,7,10,18.05924864382048
285373,1,7,4,0.3700090657260609
285380,1,7,9,25.141180714214403
285392,1,7,7,1.5082934423577818
285432,1,7,8,25.234777526221915
285464,1,7,1,11.936129475634193
285466,1,7,6,29.363270966748082
285475,1,7,10,22.03478859477793
285480,1,7,8,26.3420031541249
285542,1,7,9,15.217653949258521
285543,1,7,7,1.0869964504946892
285550,1,7,9,25.241937333692
285551,1,7,7,2.7091225118113664
285589,1,7,5,0.3700090141005197
285598,1,7,8,13.511274750254325
285604,1,7,5,0.37000902039789374
285622,1,7,4,0.3700090657260609
285630,1,7,5,0.3700090141005197
285632,1,7,8,15.983403082840907
285639,1,7,6,22.698227735787217
285664,1,7,4,0.3700090657260609
285672,1,7,1,15.231366941290691
285699,1,7,6,22.63642347885711
285701,1,7,6,28.96982165785865
285704,1,7,9,24.83311343559109
285707,1,7,8,31.528529408160914
285728,1,7,7,3.276533719600404
285731,1,7,9,28.006105881794895
285742,1,7,10,22.34363202363735
285745,1,7,5,0.3700090141005197
285751,1,7,4,0.3700090657260609
285780,1,7,7,2.930295973017529
285806,1,7,6,26.993373802628035
285824,1,7,9,9.331560007836796
285831,1,7,10,12.403840162924258
285847,1,7,9,33.7903736887895
285854,1,7,1,17.8702840015251
285867,1,7,5,0.3700090141005197
285880,1,7,9,29.176016538565495
285914,1,7,6,29.90009286320122
285935,1,7,4,0.3700090657260609
285947,1,7,10,4.922576557351775
285952,1,7,5,0.3700090141005197
285954,1,7,10,18.403543100950063
285959,1,7,6,15.724044713215715
285962,1,7,1,22.41139961024694
285972,1,7,9,25.3081053178224
285982,1,7,7,5.407815438443473
285986,1,7,6,29.463016187836214
286012,1,7,6,20.218234321993698
286015,1,7,9,19.009228357028597
286016,1,7,6,30.635681178770326
286025,1,7,5,0.3700090141005197
286030,1,7,9,23.598837263032397
286035,0,7,0,0.04652091345759154
286051,1,7,2,13.937701611370054
286055,1,7,4,0.3700090657260609
286069,1,7,4,0.3700090657260609
286080,1,7,5,0.3700090141005197
286085,1,7,2,1.488337201453224
286086,1,7,4,0.3700090657260609
286087,1,7,4,0.3700090657260609
286109,1,7,7,3.561130901059694
286110,1,7,8,36.00598033559529
286122,1,7,5,0.3700090141005197
286138,1,7,8,2.6178547343974703
286145,1,7,8,19.456092452732335
286155,1,7,8,21.986212336801334
286164,1,7,2,8.133614941899477
286192,1,7,1,26.92991399164343
286206,1,7,6,6.036598778278361
286207,1,7,1,20.430520916947266
286209,1,7,10,10.621746951144614
286211,1,7,3,1.2010386792500936
286220,1,7,4,0.3700090657260609
286230,1,7,10,13.937051673281633
286234,1,7,3,3.1743540149144294
286239,1,7,9,32.34297099859965
286261,1,7,5,0.37000902039789374
286275,1,7,4,0.3700090656202526
286286,1,7,3,1.0548726456280317
286299,1,7,4,0.3700090657260609
286301,1,7,7,0.3458820700211
286311,1,7,4,0.3700090657260609
286315,0,7,0,0.023875824857872933
286319,1,7,9,29.61790757736266
286321,0,7,0,0.03275585984458397
286325,1,7,5,0.3700090141005197
286344,1,7,9,24.172400280525636
286349,1,7,1,13.188715194239329
286376,1,7,9,22.710506375473184
286396,1,7,9,32.63061649282725
286399,1,7,9,30.626608468704465
286410,1,7,1,14.171720572583293
286437,1,7,1,8.416440120769746
286443,1,7,10,24.54486535034629
286445,1,7,6,19.20921590458757
286446,1,7,9,15.785387045973556
286451,1,7,9,24.1600174745365
286465,1,7,6,29.770724249784262
286468,1,7,6,18.576892762841577
286472,1,7,10,18.387307809506375
286482,1,7,5,0.3700090141005197
286501,1,7,9,12.656829759673833
286519,1,7,4,0.3700090657260609
286520,1,7,6,16.502562003633216
286532,1,7,10,11.515325103831094
286545,1,7,6,13.802098081274092
286565,1,7,10,7.210207511656263
286567,0,7,0,0.03144563976637903
286580,1,7,4,0.3700090656202526
286584,1,7,10,7.454202997419376
286591,1,7,8,29.225530827119837
286595,1,7,1,24.255812791069648
286598,1,7,2,9.877800228494019
286604,1,7,6,16.121625101535727
286633,1,7,4,0.3700090657260609
286638,1,7,9,11.878311721852972
286641,0,7,0,0.03847151681490029
286647,1,7,6,18.098475714046828
286670,1,7,4,0.3700090657260609
286687,1,7,10,14.324677702780624
286699,1,7,9,30.28349731385496
286700,0,7,0,0.03577764371971398
286707,1,7,3,3.0353266559542806
286710,1,7,8,15.157828357215946
286730,1,7,6,30.134539808834315
286769,1,7,5,0.3700090141005197
286774,1,7,8,5.103167149608566
286780,1,7,10,20.56611151373973
286797,1,7,6,8.320112847639525
286798,1,7,1,17.42382436494784
286804,1,7,6,17.854787252016667
286810,1,7,9,20.561658332287887
286811,1,7,6,17.152224101956136
286821,1,7,8,34.41916403845527
286836,1,7,6,29.331826928469294
286838,1,7,9,3.6953172814735917
286843,0,7,0,0.0472894629212468
286845,1,7,8,21.761003831831715
286852,1,7,10,13.745997450071727
286859,1,7,9,24.711109660687228
286864,1,7,5,0.37000902039789374
286870,1,7,4,0.3700090656202526
286876,1,7,6,18.60405766643467
286879,0,7,0,0.041250340271746296
286880,1,7,10,12.139494176731661
286889,1,7,6,23.290310389151895
286890,1,7,5,0.3700090141005197
286892,1,7,9,6.446316705582458
286899,1,7,9,21.392824906948757
286902,1,7,6,12.48837311032515
286904,1,7,9,2.950024809648728
286908,1,7,10,16.19739057208529
286917,1,7,7,2.5876301738333636
286923,1,7,9,16.763433454373615
286929,1,7,1,14.39610946689935
286930,1,7,4,0.3700090657260609
286936,0,7,0,0.02834772675967481
286939,1,7,4,0.3700090657260609
286942,1,7,10,14.865082397601766
286943,0,7,0,0.046068782293320586
286945,1,7,5,0.3700090141005197
286951,1,7,9,22.056989167116207
286966,1,7,6,25.94376514358058
286974,1,7,8,22.50482018898058
286982,1,7,6,22.050538462632996
286985,1,7,3,2.984944143935704
286990,1,7,8,29.970613922087576
286993,1,7,5,0.3700090141005197
286998,1,7,7,3.213800044976319
287003,1,7,9,33.13748555481417
287022,1,7,8,5.910126592101964
287025,1,7,2,10.1172088997732
287043,1,7,5,0.37000902039789374
287044,1,7,9,24.721777516089134
287069,1,7,5,0.3700090141005197
287081,1,7,8,14.671187410653097
287085,1,7,5,0.3700090141005197
287086,1,7,5,0.3700090141005197
287089,1,7,5,0.3700090141005197
287097,1,7,3,3.1960323644650415
287101,1,7,5,0.3700090141005197
287132,1,7,8,28.883399735051796
287134,1,7,8,11.020312756918775
287150,1,7,7,2.847854594308838
287172,1,7,9,22.608806345107904
287177,1,7,4,0.3700090657260609
287187,1,7,9,17.220696588118592
287189,1,7,8,12.527266826545647
287211,1,7,8,19.873179195756453
287222,1,7,6,7.130428288709004
287240,1,7,8,16.737567572812722
287252,1,7,10,17.573618654208673
287258,1,7,6,25.20531866904173
287264,1,7,6,25.415943343884894
287276,1,7,8,3.5016054439134883
287283,1,7,1,19.828538015204042
287285,1,7,4,0.3700090657260609
287294,1,7,8,36.006461145951576
287305,1,7,10,16.514452290352914
287306,1,7,9,22.919826204893504
287310,1,7,4,0.3700090657260609
287311,1,7,7,6.50091101221848
287317,1,7,5,0.3700090141005197
287332,1,7,7,3.246743554290652
287333,1,7,7,5.8440668651002365
287335,1,7,9,32.46190879930904
287341,1,7,7,0.34340003818154397
287342,1,7,9,10.776757752359364
287345,1,7,10,16.876904957328655
287346,1,7,9,32.8229641155837
287351,1,7,8,33.009535888099855
287352,1,7,10,13.687248872093699
287361,1,7,6,26.191734910102745
287368,1,7,9,20.5144290805233
287385,1,7,7,4.745765979803731
287388,1,7,4,0.3700090657260609
287402,1,7,8,21.2239957751655
287410,1,7,2,15.307131772228626
287414,1,7,6,24.06589900245445
287420,1,7,6,18.101645169946014
287429,1,7,4,0.3700090657260609
287432,1,7,8,13.16320968057025
287452,1,7,10,16.919125888176477
287488,1,7,5,0.3700090141005197
287506,1,7,9,24.64085187535603
287513,1,7,9,29.721915732973493
287515,1,7,10,15.372791664246584
287522,1,7,9,30.286938954128928
287532,1,7,1,28.01419262078216
287547,1,7,5,0.3700090141005197
287561,1,7,2,12.013770793197319
287568,1,7,5,0.3700090141005197
287575,1,7,6,23.920460795737057
287584,1,7,1,12.679910997345537
287613,1,7,6,18.470378619893985
287691,1,7,4,0.3700090657260609
287692,1,7,1,19.877322414893488
287696,1,7,6,16.98466459246325
287707,1,7,3,3.0742704155718634
287719,1,7,8,23.412836304037192
287730,1,7,2,8.661644222668967
287749,1,7,8,17.418008278614497
287750,1,7,10,24.456014855293734
287758,1,7,9,11.9710497163483
287763,1,7,5,0.3700090141005197
287789,1,7,8,23.1608047266569
287839,1,7,6,10.897860727869569
287843,1,7,9,26.39700634935172
287845,1,7,8,23.06914961426649
287851,1,7,6,29.647141201196774
287855,1,7,7,4.425686916706618
287857,1,7,9,18.714659444672908
287863,1,7,4,0.3700090657260609
287865,1,7,4,0.3700090657260609
287887,1,7,10,21.89223130317093
287890,1,7,3,1.6840971675929963
287905,1,7,8,29.245783444288666
287910,1,7,9,29.053718333643484
287930,1,7,7,2.418029463625215
287934,1,7,5,0.3700090141005197
287936,0,7,0,0.031916906212305814
287940,1,7,6,6.145325428257555
287941,1,7,10,11.188500922111734
287944,1,7,8,21.689457763302467
287945,1,7,6,4.9028500628053955
287960,1,7,4,0.3700090657260609
287976,1,7,5,0.3700090141005197
287982,1,7,8,36.063321415289714
287987,1,7,6,24.9818014903738
287989,1,7,9,4.396750119547679
287991,1,7,5,0.3700090141005197
288001,1,7,9,2.5434583420375945
288004,1,7,6,22.300864016095385
288013,1,7,10,18.17228535884821
288061,1,7,8,34.98294112402613
288073,1,7,8,35.33340173203162
288125,0,7,0,0.029434798371933524
288146,1,7,10,6.508822893493968
288164,1,7,9,28.438617299530076
288183,1,7,5,0.3700090141005197
288190,1,7,5,0.3700090141005197
288205,1,7,6,22.26157513941979
288211,1,7,6,4.340716526760409
288216,0,7,0,0.1076177195544703
288219,1,7,8,18.390604015699864
288226,1,7,9,20.263924714680197
288234,1,7,9,23.253033191518334
288253,1,7,7,2.175689235749167
288254,1,7,9,33.0709998625374
288255,1,7,8,26.799074102449442
288264,1,7,1,11.803792474834427
288266,1,7,1,6.623353472185105
288276,1,7,7,1.1386287409144025
288285,1,7,8,30.635768697769546
288321,1,7,8,26.489478417390576
288337,1,7,8,14.282687385412853
288343,1,7,10,22.869430771279625
288350,1,7,8,1.9664811774632545
288359,1,7,8,3.4856151466627687
288376,1,7,8,14.913830745242374
288384,1,7,10,16.797120136081244
288402,1,7,10,21.77205979020816
288415,1,7,6,10.96456281389953
288420,1,7,1,11.136995174723127
288438,1,7,5,0.3700090141005197
288440,1,7,9,24.466880702597475
288443,1,7,3,3.173104502573965
288498,1,7,6,8.915764835996242
288531,1,7,6,18.405744229894058
288538,1,7,8,18.276775308720733
288541,1,7,3,3.026774521715542
288547,1,7,4,0.3700090657260609
288551,1,7,7,4.0044474326867245
288575,1,7,6,29.950441453938662
288591,1,7,7,4.316846338908134
288593,1,7,8,21.216702939175864
288619,1,7,4,0.3700090657260609
288621,1,7,7,2.324325394560861
288625,1,7,10,18.478714120566746
288629,1,7,9,26.5770936275272
288638,1,7,1,10.558065835579729
288644,1,7,9,33.66337290406391
288655,1,7,1,13.261196412473709
288682,1,7,10,18.403236475920117
288684,1,7,9,26.391163188901643
288691,1,7,4,0.3700090657260609
288693,1,7,9,32.766755536006016
288694,1,7,10,16.996722813030843
288706,1,7,9,30.042871543505832
288720,1,7,2,12.776804998740529
288728,1,7,5,0.3700090141005197
288729,1,7,5,0.3700090141005197
288732,1,7,4,0.3700090656202526
288733,0,7,0,0.029501266768844275
288743,1,7,8,35.57753472933879
288754,1,7,6,26.77287638911136
288785,1,7,3,3.128139170685704
288798,1,7,6,8.91450180031075
288801,1,7,6,22.428716110491393
288802,1,7,5,0.3700090141005197
288804,1,7,10,5.207489558216848
288820,1,7,5,0.3700090141005197
288837,1,7,9,31.860073145264213
288845,1,7,8,26.217366196659277
288860,1,7,5,0.3700090141005197
288891,0,7,0,0.030760838519567367
288896,1,7,1,4.33128976351035
288899,1,7,5,0.3700090141005197
288907,1,7,7,0.3441251358299829
288918,1,7,5,0.3700090141005197
288942,1,7,8,16.90113123713192
288952,0,7,0,0.03546591739681876
288955,1,7,9,19.36752856121554
288956,1,7,8,11.266914564014456
288958,1,7,10,24.530477649954673
288983,1,7,10,14.18082736161005
288984,1,7,9,16.923984096775918
288989,1,7,6,14.763857569246959
288992,1,7,1,22.17053299708177
289007,1,7,10,13.714749076196183
289010,1,7,10,15.895981215621761
289022,0,7,0,0.03193331660292182
289040,1,7,9,30.158418860623154
289054,1,7,10,16.64667680137516
289055,1,7,9,23.99831248857744
289063,1,7,5,0.37000902039789374
289075,1,7,1,9.055098352169653
289080,1,7,10,25.00873948693838
289081,1,7,6,30.08568208906616
289099,1,7,10,19.484880445331996
289105,1,7,7,6.164016347300784
289109,1,7,6,20.486487650519386
289125,1,7,6,22.84000333177139
289133,1,7,5,0.3700090141005197
289135,1,7,10,4.776272507570536
289142,1,7,6,29.629232029922285
289148,1,7,6,9.565075801134839
289150,1,7,1,27.918374983400874
289152,1,7,8,21.67815359001564
289166,1,7,8,7.867931761199139
289183,1,7,4,0.3700090657260609
289186,1,7,8,18.886180454243245
289187,1,7,9,32.33878291052228
289188,1,7,5,0.3700090141005197
289218,1,7,8,35.690277437973684
289231,1,7,3,3.1619664789143127
289238,1,7,4,0.3700090657260609
289256,1,7,8,21.412306956055456
289263,1,7,3,3.179479281903823
289266,1,7,5,0.3700090141005197
289275,1,7,9,23.231613304083858
289285,1,7,5,0.3700090141005197
289288,1,7,5,0.3700090141005197
289290,1,7,5,0.3700090141005197
289294,1,7,5,0.3700090141005197
289303,1,7,10,25.13623120712428
289318,1,7,9,15.702394738025223
289340,1,7,2,3.453356478129599
289357,1,7,8,31.374336870118402
289359,1,7,5,0.3700090141005197
289364,1,7,8,11.207902068760854
289373,1,7,4,0.3700090657260609
289374,1,7,9,25.320893286843184
289381,1,7,9,29.725113491538934
289389,1,7,5,0.3700090141005197
289391,1,7,1,16.050580200699176
289403,1,7,5,0.3700090141005197
289407,1,7,9,30.51668987799152
289429,1,7,8,35.483920436521544
289433,0,7,0,0.03592787881505236
289462,1,7,5,0.3700090141005197
289471,1,7,6,10.115388886219103
289491,1,7,3,2.918029064789747
289513,1,7,6,20.18925065962011
289528,1,7,8,18.93918718113408
289541,1,7,10,25.527994502540874
289545,1,7,2,15.560471023130997
289565,1,7,4,0.3700090657260609
289578,1,7,8,24.02268376574205
289580,1,7,3,3.2027165090995227
289602,1,7,4,0.3700090657260609
289618,1,7,7,2.4531461296471044
289633,1,7,8,20.23206544699622
289634,1,7,6,7.212760087936153
289652,1,7,10,21.03040216038704
289664,1,7,8,17.89164314132277
289669,1,7,7,0.8198861571577943
289671,1,7,9,33.0445185647571
289701,1,7,6,22.746032465979305
289728,1,7,5,0.37000902039789374
289732,1,7,4,0.3700090657260609
289734,1,7,8,36.06545298997172
289735,1,7,2,7.95301646998229
289742,1,7,7,1.944240884292884
289747,1,7,6,17.479154384748675
289755,1,7,4,0.3700090657260609
289764,1,7,3,3.1998687621735225
289781,1,7,8,29.226484026470526
289791,1,7,10,6.230736541569569
289792,1,7,4,0.3700090657260609
289793,1,7,10,22.34715087048552
289801,1,7,9,7.447846825392298
289831,1,7,9,31.57301347469035
289838,1,7,8,23.98288872604821
289849,1,7,4,0.3700090657260609
289853,1,7,6,27.935967905394744
289870,1,7,8,19.513121460427467
289873,1,7,8,28.11562742590855
289894,1,7,4,0.3700090657260609
289897,1,7,3,3.0010499750301203
289901,1,7,6,12.736874820669613
289905,1,7,1,20.13910018432378
289906,1,7,5,0.3700090141005197
289929,1,7,9,14.183866277652218
289939,1,7,4,0.3700090657260609
289942,1,7,9,29.125822913594412
289947,1,7,4,0.3700090657260609
289951,1,7,1,6.148471638983586
289953,1,7,6,21.79163124417471
289958,1,7,1,17.825732515631316
289975,1,7,10,23.920498610963737
289976,1,7,10,5.795187496980626
289995,1,7,9,11.063921320372405
290009,1,7,9,2.2277033596340186
290011,1,7,4,0.3700090657260609
290024,1,7,9,23.927055629537875
290048,1,7,3,3.0716882290932905
290082,1,7,8,15.140017149227399
290096,1,7,4,0.3700090657260609
290100,1,7,10,5.474428978774851
290104,1,7,5,0.3700090141005197
290116,1,7,9,30.459608626437756
290118,1,7,9,27.66904376504054
290124,1,7,8,36.09485762098298
290127,1,7,2,10.693987848690226
290129,1,7,9,28.917284659865587
290137,1,7,9,8.0550528946813
290147,1,7,10,16.141184681255258
290150,1,7,1,26.366273546729445
290160,1,7,10,13.269459627208182
290182,1,7,9,27.971326967252892
290194,1,7,5,0.3700090141005197
290198,1,7,5,0.3700090141005197
290233,1,7,1,18.523412536038357
290248,1,7,1,21.642472027378897
290255,1,7,6,23.45333935080868
290270,1,7,4,0.3700090657260609
290271,1,7,5,0.3700090141005197
290291,1,7,5,0.3700090141005197
290299,1,7,9,21.874113509883703
290302,1,7,10,24.9897198867154
290326,1,7,8,22.89388855405654
290330,1,7,10,23.031687313480894
290346,0,7,0,0.03108247973157618
290350,1,7,6,29.337771302199574
290355,1,7,5,0.3700090141005197
290359,1,7,6,28.977925762946178
290371,1,7,9,12.43598434296534
290380,1,7,1,21.883888422215314
290381,1,7,8,8.37038303389551
290389,1,7,5,0.3700090141005197
290396,1,7,7,0.38975640729793465
290401,1,7,8,31.494520451172463
290408,1,7,8,17.10312444714535
290418,1,7,5,0.3700090141005197
290419,1,7,10,17.057094712653644
290427,1,7,4,0.3700090657260609
290442,1,7,10,20.908281850649864
290444,1,7,1,6.950183422143885
290457,1,7,10,16.509400597383614
290458,1,7,8,6.841003532240322
290463,1,7,4,0.3700090657260609
290490,1,7,5,0.3700090141005197
290501,1,7,5,0.3700090141005197
290512,1,7,5,0.3700090141005197
290526,1,7,4,0.3700090657260609
290531,1,7,10,5.5121224394460215
290532,1,7,1,4.6900401262966085
290591,1,7,5,0.3700090141005197
290593,1,7,2,12.266022100185225
290604,1,7,7,4.211848613794847
290605,1,7,4,0.3700090657260609
290615,1,7,8,7.2050946529203115
290618,1,7,8,15.705823882046277
290623,0,7,0,0.03186564492509245
290624,1,7,10,18.52315632403822
290628,1,7,4,0.3700090657260609
290629,1,7,8,35.9879758567971
290631,1,7,5,0.3700090141005197
290640,1,7,5,0.3700090141005197
290641,1,7,1,6.989060634889905
290644,1,7,9,24.269962345935298
290677,1,7,3,2.420980870343737
290678,1,7,10,17.923813794381314
290687,1,7,10,17.981975557057247
290700,1,7,9,23.993051212465716
290705,1,7,9,24.863953211187216
290719,1,7,7,2.906534946482734
290733,1,7,1,15.29535753081491
290754,1,7,4,0.3700090657260609
290757,1,7,8,30.033400682973493
290764,0,7,0,0.039100425839870084
290795,1,7,6,22.557330690685326
290801,1,7,6,18.824122844942114
290806,1,7,6,28.988975305675083
290812,1,7,6,19.77104759679842
290832,1,7,9,25.193703118146928
290834,1,7,7,6.419772090906957
290845,1,7,6,28.783100646894574
290852,1,7,3,3.053802655910111
290862,1,7,7,4.644076918673517
290869,1,7,3,3.26743989986445
290876,1,7,1,27.870027425623885
290878,1,7,6,11.083785573930836
290892,0,7,0,0.10450976248512386
290904,1,7,5,0.3700090141005197
290907,1,7,8,21.752574756031272
290925,1,7,2,5.219402330746957
290933,1,7,5,0.3700090141005197
290945,1,7,8,35.32934068013811
290957,1,7,7,5.506188320819614
290967,1,7,7,4.02761944511298
290972,1,7,9,24.717699503308346
290991,1,7,9,30.357272730937
290998,1,7,7,1.2740500120325415
291008,1,7,6,28.460136201680893
291037,1,7,7,2.385310791112485
291047,1,7,10,22.580143438189847
291057,1,7,6,23.963056465660664
291077,1,7,1,5.996994348459737
291085,1,7,7,0.9055210311029966
291091,1,7,10,13.08853713701342
291119,1,7,3,2.7517438884790524
291132,1,7,2,16.20517237348813
291133,1,7,5,0.3700090141005197
291144,0,7,0,0.03892914002422635
291161,1,7,9,22.089955067648923
291185,1,7,1,17.912827378510947
291195,1,7,6,26.960475718862604
291197,1,7,8,24.75465142719958
291198,1,7,5,0.3700090141005197
291200,1,7,10,7.948889328248411
291208,0,7,0,0.03349416987173934
291213,1,7,6,7.535625955717975
291215,1,7,6,19.68894793445221
291237,1,7,8,31.623964006713326
291253,0,7,0,0.04302280244437764
291255,1,7,1,12.012519241021653
291256,1,7,5,0.37000902039789374
291266,0,7,0,0.028630201074737897
291275,1,7,8,20.43950179688647
291277,1,7,9,33.42538066136752
291279,1,7,4,0.3700090657260609
291280,1,7,5,0.3700090141005197
291315,1,7,5,0.3700090141005197
291321,1,7,4,0.3700090657260609
291339,1,7,3,3.023542150303249
291342,1,7,9,30.67158126844239
291346,1,7,1,9.047087070976168
291350,1,7,10,18.214979138841624
291364,1,7,1,15.352390018252546
291383,0,7,0,0.032830699532594876
291390,1,7,4,0.3700090657260609
291397,1,7,9,33.72845385510549
291401,1,7,6,22.112258772878025
291416,1,7,7,5.587717827457197
291418,1,7,9,20.179333255682238
291419,1,7,5,0.3700090141005197
291428,1,7,8,26.920095398860703
291437,1,7,9,33.6897988154279
291439,1,7,8,29.220417593053032
291446,1,7,8,28.699225952982292
291454,1,7,8,17.146321691839635
291458,1,7,6,27.023035685202466
291469,1,7,6,22.55317879187254
291474,1,7,9,23.852351240599283
291476,1,7,8,8.611161750930535
291479,1,7,9,23.402790194411438
291483,1,7,6,22.66596887184456
291504,1,7,3,3.1297388167434788
291507,1,7,6,12.061184662317476
291510,1,7,9,31.865978158248126
291513,1,7,9,6.061104819863143
291519,1,7,3,2.365703341622474
291548,1,7,8,23.99808474812691
291550,1,7,4,0.3700090657260609
291554,1,7,5,0.3700090141005197
291556,1,7,9,7.315459859217585
291570,1,7,4,0.3700090657260609
291580,1,7,10,7.442755095427169
291583,1,7,5,0.3700090141005197
291588,1,7,5,0.3700090141005197
291591,1,7,9,33.42539479576883
291611,1,7,10,23.357195492208998
291642,1,7,1,3.9179239915607758
291646,1,7,5,0.3700090141005197
291650,1,7,4,0.3700090657260609
291653,1,7,5,0.3700090141005197
291671,1,7,8,21.75531679297575
291687,1,7,3,1.9332137472347717
291694,0,7,0,0.0408111547487547
291703,1,7,6,7.65714756754611
291720,1,7,9,33.686679361464016
291722,1,7,10,21.555418890427816
291736,1,7,9,27.98055469326831
291738,1,7,8,5.450138014425308
291763,1,7,2,12.152866458654449
291770,1,7,9,23.89619090432772
291780,1,7,8,29.84091110934337
291781,1,7,10,13.741323335166248
291784,1,7,9,33.551709171284145
291791,1,7,9,33.76714464558267
291793,1,7,8,24.15502345499438
291800,1,7,10,17.89883260642772
291808,1,7,8,23.36144733180011
291809,1,7,8,5.189246952890581
291827,1,7,2,16.23138535650415
291837,1,7,8,20.982230478452095
291841,1,7,8,19.245758758010126
291842,1,7,9,3.6820103857381152
291845,1,7,7,0.6464381079070026
291853,1,7,5,0.3700090141005197
291870,1,7,8,7.8880443204676265
291876,1,7,10,17.72177445517204
291880,1,7,4,0.3700090657260609
291881,1,7,2,15.396795868255584
291888,1,7,8,6.595997495503372
291897,1,7,9,30.12362037755757
291903,1,7,8,22.214182555064028
291905,1,7,3,2.5061128039486382
291914,1,7,8,8.729442273121084
291918,1,7,9,17.387904397889685
291924,1,7,5,0.3700090141005197
291969,1,7,10,17.22703372240455
291990,1,7,8,29.38930990031418
292011,1,7,9,17.50174065095482
292025,1,7,7,5.223268417239321
292026,1,7,9,10.944442994480754
292029,1,7,8,27.303742355148763
292051,1,7,9,20.408177787703963
292054,1,7,9,24.356598696922763
292055,1,7,3,3.2252396627987663
292066,1,7,4,0.3700090657260609
292073,1,7,6,13.835782817104736
292080,1,7,9,16.777826722924793
292086,1,7,3,3.134873278673744
292092,1,7,4,0.3700090657260609
292101,1,7,8,29.710636631116092
292109,1,7,9,6.5193668600679
292111,1,7,3,1.629034949327436
292122,1,7,10,22.032195608062196
292123,1,7,8,5.984049235701106
292124,1,7,3,3.053759549366711
292133,1,7,5,0.3700090141005197
292157,1,7,4,0.3700090657260609
292162,1,7,5,0.3700090141005197
292164,1,7,9,15.866540263408677
292171,1,7,1,6.403836562358277
292173,1,7,6,27.39860146675287
292189,1,7,8,26.299049954848776
292201,1,7,6,14.293600835787057
292217,0,7,0,0.028429569684770818
292231,1,7,9,17.586413530900103
292251,1,7,6,26.731383901073112
292258,1,7,10,14.494295816373878
292261,1,7,6,11.106162237376537
292268,1,7,1,4.384225917087561
292272,1,7,1,7.74505798898644
292276,1,7,9,20.558492883345217
292293,1,7,4,0.3700090657260609
292303,1,7,1,14.69433781008143
292307,1,7,9,26.921973223544107
292310,1,7,10,23.732530352632796
292311,1,7,9,16.659398869426784
292335,1,7,4,0.3700090657260609
292337,1,7,6,16.26146281940895
292344,1,7,10,7.479987543917803
292361,1,7,4,0.3700090656202526
292380,1,7,4,0.3700090657260609
292385,1,7,10,22.332465532581654
292386,0,7,0,0.03474029142271486
292395,1,7,6,12.024325145566676
292397,1,7,3,1.8732972202059028
292408,1,7,10,12.989860083281535
292410,1,7,4,0.3700090657260609
292423,1,7,3,1.3174143238255713
292424,1,7,7,1.7815939910356227
292434,1,7,10,26.010221989967537
292436,1,7,4,0.3700090657260609
292437,1,7,6,16.963610644761445
292443,1,7,4,0.3700090657260609
292471,1,7,8,24.453008225015573
292472,1,7,6,29.61012771912391
292482,1,7,7,1.3572153050096019
292507,1,7,10,24.016099242547966
292521,1,7,9,33.226882688973554
292538,0,7,0,0.032067250190597286
292558,1,7,7,1.7201941046196685
292559,1,7,1,24.759519383930826
292571,1,7,4,0.3700090657260609
292580,1,7,8,35.78536756883469
292600,1,7,7,5.446543732551794
292638,1,7,9,26.589266310582154
292648,1,7,4,0.3700090657260609
292656,1,7,9,12.662023336851043
292677,1,7,10,16.90556242270532
292688,1,7,1,17.786692826147146
292704,1,7,8,24.75289979047567
292705,1,7,8,32.68311066533161
292713,1,7,4,0.3700090656202526
292730,1,7,6,18.13239238129752
292735,1,7,4,0.3700090657260609
292744,1,7,5,0.3700090141005197
292754,1,7,7,3.9880967784738797
292755,1,7,9,23.27283955168461
292762,1,7,9,21.486148266823044
292765,1,7,10,14.144466408188665
292768,1,7,5,0.3700090141005197
292777,1,7,7,2.112197083821756
292779,1,7,1,20.79738461430108
292786,1,7,3,0.7601242961468996
292798,1,7,7,5.189212969653662
292799,1,7,3,1.3894248716451685
292827,1,7,8,3.7198056236592745
292866,1,7,6,29.71090850179413
292869,1,7,8,15.784093504852981
292875,1,7,4,0.3700090657260609
292876,1,7,8,4.769707682382572
292877,1,7,5,0.3700090141005197
292883,1,7,9,12.696799621926647
292905,1,7,10,23.1150928631654
292923,1,7,6,24.93577709945661
292951,1,7,4,0.3700090657260609
292952,1,7,5,0.3700090141005197
292957,1,7,1,16.253945943165267
292964,1,7,4,0.3700090657260609
292971,1,7,8,30.646451249480563
292976,1,7,6,11.954324632415497
292977,1,7,8,30.365439481023277
292978,1,7,8,31.09714995128544
292988,1,7,8,24.94116630130257
292989,1,7,7,0.674840451462393
292999,1,7,10,23.096538618957766
293005,1,7,10,8.230475613510901
293032,1,7,6,10.954249252830628
293055,1,7,3,3.120015346463488
293056,1,7,10,21.20760462301372
293057,1,7,1,7.132547041241165
293065,1,7,7,6.312596573941515
293068,1,7,8,34.80282732763271
293069,1,7,6,23.25228347822751
293095,1,7,9,30.51882072047714
293098,1,7,8,34.8016869815943
293109,1,7,5,0.3700090141005197
293115,1,7,1,20.64220562120862
293125,1,7,9,29.97614387042222
293134,1,7,8,3.7139213723546174
293139,1,7,10,4.015209773303776
293141,1,7,8,21.120431542005697
293149,1,7,5,0.3700090141005197
293156,1,7,5,0.3700090141005197
293157,1,7,8,20.24664694962957
293174,1,7,8,21.646765371627545
293179,1,7,1,8.60208677130846
293183,1,7,6,12.046418540959145
293186,1,7,6,20.493197547903456
293189,1,7,5,0.3700090141005197
293202,1,7,6,26.67125137359057
293217,1,7,9,28.829569946390365
293250,1,7,6,20.13820202546899
293264,1,7,6,21.8208330782212
293265,1,7,3,3.24770959346559
293272,1,7,9,14.161802262274362
293279,1,7,10,24.05141550930696
293283,1,7,5,0.3700090141005197
293286,1,7,7,3.5252834852495623
293300,1,7,4,0.3700090657260609
293307,1,7,9,19.818933150436298
293318,1,7,9,30.682147279338857
293322,1,7,1,4.366044779972309
293324,1,7,5,0.3700090141005197
293340,1,7,9,14.704914617849788
293344,1,7,1,27.380676116840906
293368,1,7,2,2.010767384799624
293370,0,7,0,0.03131592473774341
293383,1,7,2,1.189177329190527
293388,1,7,1,9.876070564885083
293410,1,7,7,1.1913472645676135
293422,1,7,5,0.3700090141005197
293441,1,7,7,3.375288660931451
293460,1,7,2,15.247172151284632
293468,1,7,4,0.3700090657260609
293477,1,7,2,12.934208082420573
293491,1,7,4,0.3700090657260609
293501,1,7,4,0.3700090657260609
293512,1,7,3,2.615094387695723
293524,1,7,4,0.3700090657260609
293525,1,7,6,27.017747763022303
293528,1,7,6,9.045272219696738
293540,1,7,1,26.910883522025326
293552,1,7,6,5.955132880360015
293556,1,7,2,2.663208037371758
293561,0,7,0,0.033426317751075824
293564,1,7,9,17.208837771115167
293584,1,7,4,0.3700090656202526
293600,1,7,1,20.244346214563148
293603,1,7,6,29.398862237781383
293608,0,7,0,0.03986599757992178
293643,1,7,8,32.298634068746175
293653,1,7,10,25.99306484623627
293657,1,7,6,16.18649570408457
293667,1,7,1,25.878257480232175
293671,1,7,2,1.8014632449681351
293677,1,7,9,25.021788230790893
293682,1,7,1,21.587278867751817
293689,0,7,0,0.031785045774829386
293712,1,7,10,11.501952133242867
293720,1,7,4,0.3700090657260609
293752,1,7,6,14.622895594035262
293757,1,7,9,32.91929380929275
293765,1,7,5,0.3700090141005197
293778,1,7,9,12.339381717975607
293786,1,7,6,19.54311500575918
293788,1,7,4,0.3700090657260609
293795,0,7,0,0.03240463902900339
293800,1,7,6,20.364623175766308
293801,1,7,5,0.3700090141005197
293811,1,7,8,33.742488055795796
293827,1,7,10,12.103762134700267
293830,1,7,9,30.137986173771754
293842,1,7,3,1.6662096906280788
293844,1,7,2,8.721356134475682
293849,1,7,8,27.531530894059486
293851,1,7,6,25.201923461831544
293858,1,7,4,0.3700090657260609
293876,1,7,8,15.720389038626342
293884,1,7,9,28.687882994415883
293894,1,7,6,16.407050946884077
293896,1,7,3,2.9349215838669545
293923,1,7,4,0.3700090657260609
293957,1,7,10,25.819484010229374
293977,1,7,9,7.946447843164104
294000,1,7,9,29.77767412884992
294007,1,7,5,0.3700090141005197
294022,1,7,10,18.664388380856085
294046,1,7,9,24.726973600393464
294049,1,7,5,0.3700090141005197
294050,1,7,5,0.3700090141005197
294055,1,7,7,6.199241887130576
294058,1,7,5,0.3700090141005197
294082,1,7,9,33.43779872948987
294094,1,7,2,11.715284499282332
294095,1,7,6,4.624219758070526
294144,1,7,5,0.3700090141005197
294165,1,7,5,0.3700090141005197
294176,1,7,10,3.3840595479870377
294190,1,7,8,19.1057014618451
294196,1,7,3,3.196742831126209
294198,1,7,6,20.411162506999446
294204,1,7,8,10.104544051889546
294210,1,7,4,0.3700090657260609
294223,1,7,5,0.3700090141005197
294230,1,7,10,18.354864500341986
294258,1,7,7,5.617471008081688
294276,1,7,5,0.3700090141005197
294286,1,7,9,22.063775250831515
294293,1,7,5,0.3700090141005197
294302,1,7,9,22.410591284934352
294316,1,7,1,12.740427092034528
294323,1,7,9,10.986790058657046
294326,1,7,10,18.978779893264925
294338,1,7,3,0.7287579277467534
294346,1,7,10,22.81481958067029
294352,1,7,8,6.902744516082557
294358,1,7,7,1.9153707642923778
294368,1,7,9,32.62183851917046
294393,1,7,2,4.054577233313181
294427,1,7,5,0.3700090141005197
294441,1,7,1,27.417103665946996
294443,1,7,2,16.081429310641994
294476,1,7,7,1.346928198498965
294477,1,7,4,0.3700090657260609
294516,1,7,9,13.153016129624106
294550,1,7,9,13.6685676278712
294556,1,7,6,29.520997858963945
294559,1,7,10,18.46044375305151
294561,0,7,0,0.03405937629404372
294562,1,7,9,14.686145923332644
294574,1,7,1,16.136084344018162
294586,1,7,2,12.710974909612897
294592,1,7,4,0.3700090657260609
294594,1,7,9,24.663323345094806
294595,1,7,6,19.56031180251092
294599,1,7,6,25.523259244049797
294617,1,7,5,0.3700090141005197
294629,1,7,9,20.37924971531255
294630,1,7,5,0.3700090141005197
294632,1,7,8,21.223300307044337
294637,1,7,3,2.548265903551798
294642,1,7,5,0.3700090141005197
294645,1,7,7,4.009011701790243
294656,1,7,8,18.91228714599144
294660,1,7,8,25.885664731576462
294661,1,7,6,29.451680371137282
294682,1,7,5,0.3700090141005197
294695,1,7,6,14.990077762372827
294710,1,7,8,29.882560859648365
294712,1,7,8,26.140646172017988
294738,1,7,5,0.3700090141005197
294739,1,7,1,25.36919509420133
294742,1,7,6,20.668397124596726
294743,1,7,6,29.50228038871751
294746,1,7,9,24.78969838354002
294749,1,7,9,27.09090392403411
294755,1,7,6,29.69596685772299
294763,1,7,5,0.3700090141005197
294772,1,7,10,5.838973129709265
294789,1,7,9,19.652523470548235
294795,1,7,1,22.247294465465814
294798,1,7,10,9.359492252879804
294804,1,7,8,28.803143030755162
294814,1,7,6,29.511278605374468
294820,1,7,9,19.95968405964193
294833,1,7,4,0.3700090657260609
294845,1,7,10,7.456667757474748
294848,1,7,4,0.3700090657260609
294901,1,7,10,12.12821631345613
294909,1,7,6,17.804367331554435
294910,1,7,6,17.351258236376722
294912,1,7,8,11.153321682737849
294924,1,7,6,30.081998537806086
294945,1,7,10,15.595994839800987
294986,1,7,1,15.351700464681945
294987,1,7,5,0.37000902039789374
294992,1,7,3,0.8091746972982164
295006,1,7,9,11.7365118907123
295011,1,7,8,11.874257866904149
295026,0,7,0,0.04695980962830691
295032,1,7,8,5.132116103504686
295033,1,7,1,22.978890622401273
295039,1,7,9,16.598265781809566
295046,1,7,9,24.407195385450052
295055,1,7,5,0.3700090141005197
295089,0,7,0,0.03575269994079038
295094,1,7,2,15.468340989050006
295097,1,7,2,7.741911592388754
295105,1,7,3,2.734171901975863
295132,1,7,4,0.3700090657260609
295134,1,7,9,11.658209411214479
295138,1,7,7,6.425402379833699
295141,1,7,8,31.523946194324896
295148,1,7,5,0.3700090141005197
295149,1,7,3,3.1609469856595958
295157,1,7,9,23.109207406529958
295174,0,7,0,0.025297408863744365
295178,1,7,8,30.110407374155248
295179,1,7,6,22.924305638423867
295181,1,7,6,16.753839976099997
295184,1,7,8,28.181381679285764
295195,1,7,7,3.745630175296539
295199,1,7,5,0.3700090141005197
295200,1,7,8,4.458293887591797
295208,1,7,9,27.192372289290464
295213,1,7,9,29.981654472139354
295214,1,7,1,6.57009557398406
295230,1,7,4,0.3700090656202526
295274,1,7,1,18.201480277525807
295277,1,7,8,23.742970835770283
295281,1,7,9,6.7381886707978795
295282,1,7,5,0.3700090141005197
295304,1,7,6,17.15126202510065
295306,1,7,9,22.1378125954466
295313,0,7,0,0.045866117244796806
295328,1,7,5,0.3700090141005197
295331,1,7,7,0.9702892887071155
295332,1,7,8,34.828463529229
295340,1,7,8,15.782243844000421
295354,1,7,10,17.61864306881867
295355,1,7,1,19.189203576882207
295367,1,7,5,0.3700090141005197
295372,1,7,5,0.3700090141005197
295384,1,7,6,28.072736732201832
295410,1,7,7,4.569431055119199
295433,1,7,9,22.717838200261095
295436,1,7,1,21.985437917929296
295446,1,7,8,14.184066657830677
295450,1,7,8,30.826392991369318
295452,1,7,8,6.796389806369781
295454,1,7,8,30.413301584370412
295461,1,7,8,20.540810411461432
295476,1,7,1,19.114531811798948
295479,1,7,9,14.559194301794069
295484,1,7,8,7.7130816228648875
295487,1,7,6,29.261884118476818
295492,1,7,10,25.649610600763133
295513,1,7,2,9.317892206777652
295516,1,7,8,32.684987533892034
295541,1,7,1,21.729430703097027
295545,1,7,5,0.3700090141005197
295567,0,7,0,0.08303250588915795
295573,1,7,9,16.639271641499906
295582,1,7,5,0.3700090141005197
295596,1,7,5,0.3700090141005197
295606,1,7,6,6.169144519758731
295609,0,7,0,0.03213099720166155
295617,1,7,8,16.225714855301636
295620,1,7,4,0.3700090657260609
295621,1,7,7,2.4954951063673074
295626,1,7,4,0.3700090657260609
295638,1,7,3,2.6301134959654244
295639,1,7,5,0.3700090141005197
295640,1,7,5,0.3700090141005197
295647,1,7,9,24.147069698503945
295660,1,7,10,21.376322761354235
295674,1,7,5,0.3700090141005197
295700,1,7,10,12.327896780242208
295708,1,7,9,26.39928983298975
295720,1,7,10,18.315568259026797
295729,1,7,6,25.964056820273193
295735,1,7,10,21.13556066944517
295747,1,7,3,3.0410863073681735
295748,1,7,10,13.600764684561117
295764,1,7,5,0.3700090141005197
295772,1,7,1,27.30558493448641
295779,1,7,6,11.917755672586795
295786,1,7,9,28.9785957119503
295792,1,7,3,1.773165097798816
295794,1,7,8,6.791804297282144
295801,1,7,4,0.3700090656202526
295803,1,7,8,23.721258217221298
295822,1,7,5,0.3700090141005197
295828,1,7,9,19.739689523653343
295842,1,7,4,0.3700090657260609
295850,1,7,9,23.574600887303987
295855,1,7,6,29.88447287508322
295857,1,7,5,0.3700090141005197
295860,1,7,6,7.31892660327274
295874,1,7,5,0.3700090141005197
295915,1,7,7,3.1994646569496634
295921,1,7,4,0.3700090657260609
295923,1,7,2,3.784238727810015
295925,1,7,10,11.112156194988351
295928,1,7,8,27.267040847726214
295931,1,7,5,0.3700090141005197
295936,1,7,5,0.3700090141005197
295943,1,7,9,5.612982461163311
295951,1,7,10,12.649243460695594
295955,1,7,9,13.493199863415622
295985,1,7,5,0.3700090141005197
296004,1,7,5,0.3700090141005197
296043,1,7,4,0.3700090657260609
296045,1,7,5,0.3700090141005197
296051,1,7,3,3.1535775823771
296056,1,7,4,0.3700090657260609
296070,1,7,6,30.219290725816723
296093,1,7,9,3.243625489755482
296145,0,7,0,0.04539823333535674
296148,1,7,7,4.640203357976737
296163,1,7,8,32.582480026722415
296176,1,7,8,20.236231320480368
296177,1,7,2,9.334402808597197
296186,1,7,10,23.290912833953826
296188,1,7,5,0.3700090141005197
296191,1,7,9,14.796002635268923
296195,1,7,9,26.926759375255802
296202,1,7,5,0.3700090141005197
296206,1,7,9,22.361929666902274
296224,0,7,0,0.035935804741109315
296234,1,7,1,13.76095606059811
296237,1,7,8,35.568639048743194
296258,1,7,5,0.3700090141005197
296259,1,7,9,32.177356992421544
296267,1,7,9,27.640515398095
296271,1,7,10,16.25837393807636
296276,1,7,6,30.047080236271658
296283,1,7,9,32.31300445040073
296286,1,7,6,22.71465245615853
296303,1,7,5,0.3700090141005197
296343,1,7,8,25.036330522524732
296347,1,7,6,24.294361197895373
296355,1,7,1,9.538168008148984
296357,0,7,0,0.03400444811320569
296358,0,7,0,0.04368014791576214
296368,1,7,10,14.434511277007305
296376,1,7,8,25.808394762296388
296380,1,7,1,23.283098423273717
296398,1,7,8,32.69084210595057
296401,1,7,9,25.002944772655248
296417,1,7,4,0.3700090657260609
296438,1,7,4,0.3700090657260609
296455,1,7,9,27.956146707648255
296464,1,7,9,26.16523973122473
296493,1,7,9,17.582450611119068
296511,1,7,9,13.268786603976743
296522,1,7,4,0.3700090657260609
296526,1,7,5,0.3700090141005197
296551,1,7,5,0.3700090141005197
296557,0,7,0,0.03958202134787325
296558,1,7,6,6.557198480365099
296571,1,7,6,27.931479486658066
296580,1,7,4,0.3700090657260609
296582,1,7,7,1.2452120346149778
296594,1,7,6,17.931650518929427
296623,1,7,5,0.3700090141005197
296646,1,7,8,9.699298890912724
296651,1,7,5,0.3700090141005197
296662,1,7,4,0.3700090657260609
296667,1,7,2,10.168520644677193
296673,1,7,6,24.518645485587612
296676,1,7,6,18.631811882318715
296689,1,7,10,15.029170587305599
296707,1,7,7,4.08969076754362
296728,1,7,6,6.882789925781961
296741,1,7,10,22.467995216442304
296744,1,7,1,18.68654511440469
296747,1,7,6,30.043035483678825
296797,1,7,1,5.952516075848877
296807,1,7,9,23.27606383670437
296811,1,7,1,6.386002544027496
296812,1,7,4,0.3700090657260609
296815,1,7,5,0.3700090141005197
296816,1,7,7,2.5544963818863877
296826,1,7,8,25.00875947688846
296857,1,7,4,0.3700090657260609
296859,1,7,9,18.222417225655345
296863,1,7,5,0.37000902039789374
296867,1,7,9,20.48506815789167
296870,1,7,5,0.3700090141005197
296879,1,7,4,0.3700090657260609
296881,1,7,3,2.2257172962632823
296892,0,7,0,0.047288865110735975
296911,1,7,5,0.3700090141005197
296912,1,7,9,30.147426351662546
296913,1,7,8,11.0569588843818
296917,1,7,4,0.3700090657260609
296967,1,7,5,0.3700090141005197
296972,1,7,8,25.87154226106465
296978,1,7,8,28.029709360739275
297011,0,7,0,0.031924115181953386
297020,1,7,9,24.956582068785558
297032,1,7,9,25.107379187439165
297034,1,7,5,0.3700090141005197
297042,1,7,9,31.53857674381287
297043,1,7,9,30.80953226114894
297047,1,7,9,32.35542509829708
297049,1,7,1,25.44702111610212
297055,1,7,5,0.3700090141005197
297064,1,7,2,3.200915670325742
297086,1,7,1,21.917564111187097
297091,1,7,6,29.52755218639659
297095,1,7,6,6.435622561193413
297096,1,7,8,8.68482142450156
297110,1,7,1,23.849093815731283
297123,1,7,9,28.956649168596307
297126,1,7,6,11.239817554745562
297129,1,7,7,3.8811629777429384
297132,1,7,10,17.671550535827624
297150,1,7,4,0.3700090656202526
297153,1,7,5,0.3700090141005197
297156,0,7,0,0.03850800160441507
297171,1,7,8,36.006228401172606
297173,1,7,9,20.88142057860743
297174,1,7,6,25.991877318582418
297180,1,7,8,23.785377068944822
297183,1,7,2,3.946955172742805
297199,1,7,5,0.3700090141005197
297222,1,7,9,28.165319745692702
297224,1,7,8,14.718970906036079
297238,1,7,7,6.006142189570043
297253,1,7,8,20.801634963714474
297268,1,7,2,8.522268353913084
297270,1,7,5,0.3700090141005197
297273,1,7,10,21.705134242265252
297275,1,7,5,0.3700090141005197
297294,1,7,5,0.3700090141005197
297309,1,7,6,19.713169634129613
297342,1,7,8,2.602497324295724
297374,1,7,9,12.342363491741828
297386,1,7,7,0.9479632764262793
297403,1,7,1,19.404522908308213
297418,1,7,6,27.669044741067978
297425,1,7,6,19.53908449016552
297426,1,7,10,20.91995921722294
297433,1,7,5,0.3700090141005197
297445,1,7,6,19.96758418052336
297455,0,7,0,0.031983574072795375
297459,1,7,8,26.165299302858944
297462,1,7,6,22.22429494383836
297480,1,7,6,11.720113868779233
297488,1,7,6,22.302908362955105
297495,1,7,1,5.43913561253371
297499,1,7,5,0.3700090141005197
297504,1,7,7,0.7045957216672056
297513,1,7,4,0.3700090657260609
297518,1,7,7,6.412097098662797
297526,1,7,9,22.573484212555627
297563,1,7,8,9.663872218494875
297565,0,7,0,0.038990828599660556
297578,1,7,10,15.226429253573423
297583,1,7,7,2.5163622052700845
297591,1,7,9,14.184640737132977
297620,1,7,9,32.20492641992815
297626,1,7,2,2.8850176059287933
297644,1,7,9,25.50135246847819
297666,1,7,10,7.88153753282655
297674,1,7,5,0.3700090141005197
297726,1,7,5,0.3700090141005197
297746,1,7,9,33.48919290661498
297752,1,7,6,23.339997396061253
297770,1,7,8,31.541289389338157
297773,1,7,6,23.244432599532722
297805,1,7,10,23.767490269755886
297808,1,7,4,0.3700090657260609
297816,1,7,9,8.345583015899289
297821,1,7,9,18.02410182511908
297828,1,7,5,0.3700090141005197
297835,1,7,5,0.3700090141005197
297845,1,7,4,0.3700090657260609
297857,1,7,7,6.290607631080797
297880,1,7,9,33.087058419137335
297883,1,7,4,0.3700090656202526
297919,1,7,8,32.47812963846325
297928,1,7,2,15.605318613662734
297957,1,7,2,11.59681087458744
297974,1,7,4,0.3700090657260609
297977,1,7,4,0.3700090657260609
297978,1,7,4,0.3700090657260609
298003,1,7,9,13.38735216420075
298009,0,7,0,0.127758143429628
298017,1,7,9,14.16594199131372
298023,1,7,6,21.960817016818023
298033,1,7,1,10.95999039491215
298054,1,7,10,5.2115661302835115
298061,1,7,8,25.51629659814563
298076,1,7,8,16.897469826248045
298090,1,7,4,0.3700090657260609
298100,1,7,9,29.998493737072504
298118,1,7,10,11.181757400265981
298119,1,7,8,15.383630495987191
298145,1,7,7,5.950690312510682
298161,1,7,5,0.3700090141005197
298201,1,7,5,0.3700090141005197
298202,1,7,6,21.330891924215365
298210,1,7,9,12.20332272616174
298215,1,7,5,0.3700090141005197
298242,1,7,8,29.972523642867174
298243,1,7,6,24.027568716749936
298247,1,7,4,0.3700090657260609
298263,1,7,4,0.3700090657260609
298275,1,7,3,3.0177729279899115
298281,1,7,9,26.280534221042785
298282,1,7,6,27.864539004034295
298322,1,7,10,26.02731252552766
298323,1,7,5,0.37000902039789374
298324,1,7,8,36.0638545817222
298330,1,7,5,0.3700090141005197
298336,1,7,3,3.13490807015219
298337,1,7,3,3.251436408925204
298350,1,7,5,0.3700090141005197
298363,1,7,5,0.3700090141005197
298364,1,7,10,18.260778571273026
298366,1,7,9,33.1510434848622
298384,1,7,10,17.923650205027016
298397,1,7,6,29.66986959302369
298409,1,7,6,29.295573248984
298426,1,7,4,0.3700090657260609
298435,1,7,5,0.3700090141005197
298438,1,7,6,22.021342635827295
298449,1,7,4,0.3700090657260609
298452,1,7,1,23.207700450821115
298460,1,7,10,13.223982286779933
298462,1,7,10,11.745642722008904
298500,1,7,9,21.687443074038985
298508,1,7,6,24.530418822610123
298510,1,7,9,22.339798301872957
298514,1,7,7,1.7322054763265977
298520,1,7,10,13.86720526495788
298527,1,7,6,13.747298674717225
298539,1,7,5,0.3700090141005197
298553,1,7,2,15.775104557836334
298554,1,7,10,6.125532818581043
298564,1,7,4,0.3700090657260609
298565,1,7,8,26.774491357374412
298571,1,7,1,20.13339882937726
298572,1,7,9,30.20227636237499
298579,1,7,8,20.32973628660757
298586,1,7,9,30.335026007219426
298590,1,7,9,15.333943874019289
298596,1,7,8,24.352578601191453
298606,1,7,9,32.8370605149778
298661,1,7,7,1.3302831279256864
298670,1,7,9,32.9521515015983
298683,0,7,0,0.03050302617350736
298687,0,7,0,0.04669894081920898
298695,1,7,9,16.90348426927328
298709,1,7,8,28.142536264182933
298710,1,7,9,33.0668382382677
298717,1,7,4,0.3700090657260609
298725,1,7,9,30.65905456171367
298748,1,7,3,3.2086042587178225
298782,1,7,5,0.3700090141005197
298789,1,7,1,9.374575714049147
298806,1,7,6,12.882716788761938
298817,1,7,10,18.721289436809197
298818,1,7,5,0.3700090141005197
298825,1,7,9,28.644124976522896
298834,1,7,9,30.665179426182366
298861,0,7,0,0.03612848442945162
298862,1,7,9,11.067790535255076
298868,1,7,5,0.3700090141005197
298871,0,7,0,0.027322008896450978
298878,1,7,7,2.5782978651092914
298880,1,7,8,33.57948246153772
298884,1,7,5,0.3700090141005197
298893,0,7,0,0.027245713931891357
298895,1,7,6,7.080108055657182
298902,1,7,9,18.772195434707328
298915,1,7,6,20.375327020188113
298919,1,7,4,0.3700090657260609
298923,1,7,3,1.8929407969060053
298943,1,7,5,0.3700090141005197
298951,1,7,7,0.5056045205557553
298957,1,7,5,0.3700090141005197
298964,1,7,8,25.445174886858613
298993,1,7,5,0.3700090141005197
299007,1,7,10,9.38052043400793
299013,1,7,5,0.3700090141005197
299038,1,7,6,26.430181774365412
299040,1,7,6,28.555122472663076
299043,1,7,5,0.3700090141005197
299049,1,7,4,0.3700090657260609
299050,1,7,10,17.82770554983142
299052,1,7,5,0.3700090141005197
299057,1,7,9,18.044709481202908
299058,1,7,1,9.479827088550817
299061,1,7,5,0.3700090141005197
299066,1,7,10,15.556319268464662
299067,1,7,9,18.171331775384033
299074,1,7,10,8.918864606253361
299090,1,7,4,0.3700090657260609
299170,1,7,9,28.09789425213844
299189,1,7,5,0.3700090141005197
299193,1,7,10,18.470508685043335
299194,1,7,3,1.0408655502305706
299201,1,7,3,3.137269951103009
299203,1,7,9,25.382259464980404
299214,1,7,8,15.15792579838459
299235,1,7,5,0.3700090141005197
299240,1,7,9,32.748968499529845
299250,1,7,6,30.09041021743356
299255,1,7,8,20.965952715512742
299265,1,7,8,8.077145940738758
299306,0,7,0,0.036458635526055355
299317,1,7,4,0.3700090657260609
299322,1,7,9,24.593438821437086
299337,1,7,9,33.73235165104429
299341,1,7,4,0.3700090657260609
299353,1,7,9,27.027498516290006
299357,1,7,4,0.3700090657260609
299359,1,7,5,0.3700090141005197
299368,1,7,5,0.3700090141005197
299370,1,7,5,0.3700090141005197
299375,1,7,3,1.2886178422325498
299378,1,7,1,25.012184253892702
299379,1,7,8,33.462325116104935
299384,1,7,10,18.499893171570072
299390,1,7,9,4.6521816677618615
299397,1,7,6,20.49403277369243
299403,1,7,8,21.593013076776575
299431,1,7,9,27.58495752975982
299449,1,7,4,0.3700090657260609
299451,1,7,8,12.075876242156756
299453,1,7,8,5.12144508975544
299466,1,7,10,15.899130921743138
299467,1,7,10,22.364874602868305
299493,1,7,2,13.632431364254845
299498,1,7,10,25.40899927540348
299509,1,7,6,29.554187277424706
299511,1,7,8,33.73059237561782
299523,1,7,9,30.191629666561887
299524,1,7,10,14.434203919284593
299527,1,7,7,6.513120246765589
299536,1,7,9,24.904282928359923
299538,1,7,1,5.101536704974944
299557,1,7,6,7.083370871944511
299593,1,7,1,25.053046316038603
299596,1,7,4,0.3700090657260609
299598,1,7,6,23.143815718888362
299614,1,7,9,25.680189677464316
299619,1,7,2,6.846859307994107
299622,1,7,9,17.59308503656044
299627,1,7,5,0.3700090141005197
299646,1,7,1,16.31752822333952
299650,1,7,8,31.751087863951884
299657,1,7,1,9.415079671078672
299659,1,7,8,21.398738227236556
299672,0,7,0,0.03788236666939625
299681,0,7,0,0.02871679584660004
299687,1,7,7,2.6337239538086403
299693,1,7,1,14.428662882795917
299703,1,7,10,7.9496368379864055
299718,1,7,8,27.48118862663576
299729,1,7,10,22.47220369723531
299732,1,7,9,31.54351212827739
299744,1,7,4,0.3700090657260609
299746,1,7,9,31.548280209718445
299759,1,7,4,0.3700090657260609
299760,1,7,10,6.308668067545448
299762,0,7,0,0.03392011628875496
299767,1,7,9,15.642547973725513
299770,0,7,0,0.03509232067924263
299794,1,7,8,22.558500284438914
299799,1,7,7,6.259909911129783
299809,1,7,6,11.721888994470447
299821,1,7,9,28.106807838173328
299825,1,7,9,30.67449066435841
299835,0,7,0,0.045062726525981554
299838,1,7,8,8.246090578143374
299847,1,7,10,12.611801038497521
299859,1,7,8,5.768459563604582
299865,1,7,6,24.195645580443966
299866,1,7,8,8.687657815695697
299868,1,7,3,3.2597336648015354
299869,1,7,6,18.481604733030213
299872,1,7,8,18.35632918021148
299874,1,7,9,12.82909244431144
299898,1,7,5,0.3700090141005197
299923,1,7,9,20.90543556359349
299931,1,7,10,18.144344289044668
299933,1,7,9,20.717700538614096
299946,1,7,8,23.416386231062997
299949,1,7,8,26.198501769418364
299954,1,7,4,0.3700090657260609
299965,1,7,9,23.69151859570456
299976,1,7,6,25.67481425677975
300007,1,7,7,2.283165575189147
300012,1,7,9,10.819527558900248
300013,1,7,10,26.059296121973574
300020,1,7,1,18.605136889924346
300023,1,7,10,17.120941228930644
300044,1,7,8,30.342392381694278
300046,1,7,6,16.167437931871152
300070,0,7,0,0.0391124964800164
300073,1,7,10,9.525657537265252
300084,1,7,9,30.996585574425183
300094,1,7,8,21.039284286180155
300111,0,7,0,0.031098326513858264
300123,1,7,1,6.880565128276253
300137,1,7,4,0.3700090657260609
300142,1,7,1,26.87957340902365
300152,1,7,10,9.66366195222074
300157,1,7,8,20.820479637168578
300176,1,7,10,13.989237743050161
300184,1,7,4,0.3700090657260609
300191,1,7,3,1.8907745906246616
300196,1,7,10,22.328838300635116
300200,1,7,9,11.14843750867022
300201,1,7,9,30.618883621731968
300213,0,7,0,0.14857311419687602
300214,1,7,9,22.561429610980866
300217,1,7,5,0.3700090141005197
300218,1,7,8,8.824649409568263
300229,1,7,5,0.3700090141005197
300238,0,7,0,0.045487942980979204
300244,1,7,1,21.54699628816962
300245,1,7,6,20.850789063652005
300252,1,7,5,0.3700090141005197
300267,1,7,10,15.2136090645592
300282,1,7,1,4.349368390957922
300297,1,7,4,0.3700090657260609
300298,1,7,9,31.267581865193684
300301,1,7,9,23.97580437131809
300306,1,7,5,0.3700090141005197
300312,1,7,6,13.082073427556017
300319,1,7,6,25.72241825564739
300328,1,7,4,0.3700090657260609
300336,1,7,7,0.82559141686051
300342,1,7,5,0.37000902039789374
300355,1,7,9,28.07969441080179
300356,1,7,9,7.438613477271448
300370,1,7,9,27.065984688643685
300371,1,7,1,5.010788067873828
300378,1,7,6,6.197887132636974
300379,1,7,1,17.45581408991469
300390,1,7,8,24.223983939844263
300392,1,7,5,0.3700090141005197
300441,1,7,10,10.652791104809523
300443,1,7,8,15.002577019039915
300450,1,7,10,26.046984853045554
300452,1,7,6,30.31232758540018
300464,1,7,4,0.3700090657260609
300480,0,7,0,0.041934081968361646
300504,1,7,8,27.89072604441733
300509,1,7,8,16.02005422679023
300517,1,7,10,23.603265919669717
300534,1,7,6,18.84569818429712
300552,1,7,2,1.3723427016851995
300561,1,7,5,0.3700090141005197
300562,1,7,6,22.53565390324051
300564,1,7,1,7.261315204600477
300577,1,7,7,5.337628519498199
300583,1,7,6,20.109002511428574
300588,1,7,5,0.3700090141005197
300596,1,7,9,5.287092779453368
300607,1,7,8,22.420286446196876
300608,1,7,10,22.1731902872716
300614,1,7,9,20.273468771374585
300644,1,7,1,22.033726945111557
300674,1,7,4,0.3700090656202526
300677,1,7,4,0.3700090656202526
300693,1,7,4,0.3700090657260609
300729,1,7,3,3.28868623850281
300738,1,7,9,27.448614830966154
300740,1,7,9,25.240330722559726
300770,1,7,4,0.3700090657260609
300795,1,7,5,0.3700090141005197
300796,1,7,3,2.5974402828459833
300805,1,7,4,0.3700090657260609
300808,1,7,9,29.794172557739472
300810,1,7,9,26.38506388647003
300813,1,7,4,0.3700090657260609
300821,1,7,7,5.063012219347755
300849,1,7,9,31.609971203134744
300852,1,7,9,30.699142631788902
300873,1,7,5,0.3700090141005197
300896,1,7,6,27.97036691114726
300908,1,7,4,0.3700090657260609
300921,1,7,4,0.3700090657260609
300928,1,7,9,24.166407132845976
300933,1,7,6,24.19477979194464
300943,1,7,1,27.09618463245699
300944,1,7,6,29.49196666050212
300947,1,7,9,18.400674224355235
300972,1,7,4,0.3700090657260609
300977,1,7,5,0.3700090141005197
300986,1,7,9,16.66676584981611
301004,1,7,2,4.582114294854082
301012,1,7,3,3.2020428932446983
301017,1,7,3,1.652678622639405
301020,1,7,9,33.2620245132577
301035,1,7,9,21.10196866963774
301052,1,7,8,17.775795249263986
301058,1,7,8,22.50926848717712
301064,1,7,9,6.92912982004848
301072,1,7,5,0.3700090141005197
301095,0,7,0,0.03985676303076926
301108,1,7,9,17.624501012121332
301115,1,7,1,19.99341137479949
301119,1,7,1,27.007670236109977
301131,1,7,8,19.925855663578364
301135,1,7,1,10.745669670257346
301144,0,7,0,0.06839688334064793
301150,1,7,6,16.39079307601126
301167,1,7,7,2.5355855901020785
301179,1,7,9,30.602728291879522
301187,1,7,5,0.3700090141005197
301233,1,7,8,20.053028490989956
301238,1,7,7,5.739578764408174
301262,1,7,1,19.03850774121015
301279,1,7,4,0.3700090657260609
301292,1,7,9,29.752612799282
301300,1,7,1,7.557209219449733
301318,1,7,9,12.358811112708153
301327,1,7,4,0.3700090657260609
301330,1,7,6,22.404031404057154
301348,1,7,9,33.18889598551282
301359,1,7,7,6.045902450087538
301366,0,7,0,0.030270589703958642
301381,1,7,2,15.103662212044831
301382,1,7,7,1.384980237347718
301383,1,7,8,30.253252476385157
301399,1,7,9,15.991092436117787
301408,1,7,6,5.96358238799794
301421,1,7,9,17.89280488050111
301427,1,7,10,16.34240250181246
301430,1,7,8,19.06385679726843
301431,1,7,5,0.3700090141005197
301462,1,7,9,17.855455369393844
301475,1,7,4,0.3700090657260609
301476,1,7,5,0.3700090141005197
301485,1,7,9,29.89026473398652
301493,1,7,6,24.33970770879772
301499,1,7,2,12.820164329612668
301500,1,7,5,0.3700090141005197
301521,0,7,0,0.13006304464636126
301525,0,7,0,0.09248723370452254
301538,1,7,8,32.59256404171585
301543,1,7,5,0.3700090141005197
301545,1,7,8,24.603868102707924
301546,1,7,8,19.339948339524213
301549,1,7,4,0.3700090657260609
301550,1,7,6,30.124278066519185
301554,0,7,0,0.03257658608537034
301567,1,7,9,33.128414492143186
301573,1,7,9,21.665716133534158
301581,1,7,9,31.190952934794346
301604,1,7,6,27.386563361583764
301633,1,7,5,0.3700090141005197
301634,1,7,10,24.513650992143702
301650,1,7,9,24.375124489997425
301654,1,7,9,22.04169264143413
301657,1,7,8,35.5549621265146
301668,1,7,5,0.3700090141005197
301676,1,7,9,33.46309859279096
301677,1,7,10,23.834470553201744
301680,1,7,9,21.711763824901965
301685,1,7,1,9.300800193014997
301691,1,7,6,14.605593737013361
301696,1,7,4,0.3700090657260609
301704,1,7,5,0.3700090141005197
301712,1,7,6,18.601888749877602
301717,1,7,6,16.255117524037377
301722,1,7,2,4.131187954448515
301725,1,7,6,11.387189175494033
301759,1,7,4,0.3700090657260609
301763,1,7,9,18.88065529503992
301771,1,7,1,26.51955434359297
301794,1,7,1,20.204599782420793
301801,1,7,4,0.3700090657260609
301810,1,7,5,0.3700090141005197
301816,1,7,5,0.3700090141005197
301835,0,7,0,0.032625802561037705
301841,1,7,8,6.517977808100478
301856,1,7,9,15.221539352131778
301875,1,7,4,0.3700090657260609
301900,1,7,9,32.97222456221547
301903,1,7,7,4.1002506612576886
301926,1,7,4,0.3700090657260609
301972,1,7,6,24.89027350884748
301974,1,7,5,0.3700090141005197
301999,1,7,10,18.53334341922892
302008,1,7,8,18.642111473575223
302019,1,7,4,0.3700090657260609
302025,1,7,5,0.3700090141005197
302053,1,7,9,29.80550858328276
302065,1,7,10,6.318654516061891
302071,1,7,9,10.314377779290082
302072,1,7,2,9.273172561701394
302081,1,7,8,16.70104375164585
302084,1,7,9,19.192818031335424
302093,1,7,5,0.3700090141005197
302094,1,7,5,0.3700090141005197
302099,1,7,6,17.947619858397953
302102,1,7,7,4.619482483133001
302111,0,7,0,0.03903735447856713
302117,1,7,5,0.3700090141005197
302132,1,7,3,1.1230271219979282
302137,0,7,0,0.035160900920021
302162,1,7,3,3.102533777045187
302172,1,7,9,22.02343973605571
302174,1,7,5,0.17947704441077292
302182,1,7,5,0.3700090141005197
302188,1,7,9,23.550012128034034
302192,0,7,0,0.03134817415902739
302196,0,7,0,0.040009992848502506
302197,1,7,6,17.47250303136954
302203,1,7,6,30.17607942891352
302215,1,7,5,0.3700090141005197
302221,1,7,5,0.3700090141005197
302225,1,7,6,21.065156007053965
302226,1,7,10,11.866761427488832
302240,1,7,2,10.103103807579881
302247,1,7,4,0.3700090657260609
302257,1,7,9,19.01961432327072
302262,1,7,9,18.657790232460666
302289,1,7,5,0.3700090141005197
302302,1,7,9,18.242608845726004
302307,1,7,6,26.700678399614855
302315,1,7,6,26.34292189661502
302322,1,7,7,5.0282156949847145
302332,1,7,10,5.22376778114347
302334,1,7,10,9.573679109373584
302350,1,7,1,17.414711286980886
302401,1,7,4,0.3700090657260609
302423,1,7,7,3.531679545552908
302446,1,7,9,10.768362250554123
302462,1,7,4,0.3700090657260609
302465,1,7,4,0.3700090657260609
302479,1,7,10,26.05952322004123
302490,1,7,6,19.2047795597891
302503,1,7,5,0.3700090141005197
302505,1,7,9,2.855441804911603
302508,1,7,9,4.670485622772215
302537,0,7,0,0.03812568540343207
302538,1,7,6,21.660777389951914
302541,1,7,9,33.560601917383636
302542,1,7,5,0.3700090141005197
302545,1,7,9,11.092465488381
302561,1,7,8,23.80117483840744
302573,1,7,9,27.670888324670468
302596,1,7,9,10.924373382026205
302648,1,7,8,15.500356378733004
302654,1,7,8,18.09447861997893
302665,1,7,3,1.6640078916290169
302668,1,7,7,1.881709854243011
302678,1,7,4,0.3700090657260609
302706,1,7,1,26.535848938459857
302714,1,7,4,0.3700090657260609
302728,1,7,9,15.84092519385041
302738,1,7,7,1.5330323947938356
302750,1,7,6,8.806989445569224
302751,1,7,10,26.000182810529587
302766,1,7,5,0.3700090141005197
302767,1,7,5,0.3700090141005197
302773,1,7,6,18.86097598077839
302776,1,7,10,14.217116373553194
302781,1,7,1,15.447578644651369
302782,1,7,8,19.34490762883687
302786,1,7,6,7.3992888109289865
302811,1,7,1,8.52177530398606
302813,1,7,4,0.3700090657260609
302814,1,7,2,7.695405084040747
302816,1,7,1,14.74772389353796
302838,1,7,6,10.41426478325676
302847,1,7,7,1.8258054312302854
302859,1,7,9,28.25234612467118
302860,1,7,9,28.376162533103294
302861,1,7,6,28.644454850006873
302868,1,7,4,0.3700090657260609
302874,1,7,10,20.724484125856137
302883,1,7,10,24.425611298316987
302902,1,7,6,25.087597220067057
302906,1,7,7,6.105727740523991
302913,1,7,9,19.224275697697482
302958,1,7,9,11.97916414628098
302973,1,7,8,18.060611502659466
302979,1,7,10,8.655662085086748
303003,0,7,0,0.03571213719514926
303005,1,7,9,31.02744540468566
303034,1,7,10,11.524414055132102
303037,1,7,9,15.02504788528266
303056,1,7,6,22.037466457270977
303060,1,7,2,2.3680749927110996
303107,1,7,9,29.773224805387482
303116,1,7,2,9.696529749501968
303137,0,7,0,0.03917253571873078
303149,1,7,4,0.3700090657260609
303189,1,7,7,2.010190896689205
303190,1,7,1,26.573324334932835
303192,1,7,10,22.473139543914186
303199,1,7,6,21.06268077319561
303233,1,7,9,21.87421398884963
303236,1,7,9,23.445990782690455
303240,1,7,6,21.622262225353214
303242,1,7,9,3.7631429160173044
303250,1,7,6,29.683937336662048
303257,1,7,8,26.986386967015935
303263,1,7,8,24.940666326894323
303264,1,7,9,12.461522621495646
303272,1,7,4,0.3700090657260609
303277,1,7,1,10.143953106027174
303284,1,7,6,29.52574665933096
303287,1,7,1,12.07180632621596
303292,0,7,0,0.0336458653483161
303310,0,7,0,0.03372869583060992
303329,1,7,10,15.220465966620761
303340,1,7,8,13.92569522921739
303344,1,7,8,8.731932565105655
303374,1,7,7,4.11502564854373
303376,1,7,8,24.193258238708093
303377,1,7,9,31.036619363427338
303390,1,7,3,3.181552389676009
303391,0,7,0,0.04345424147828502
303404,1,7,6,15.255503983311744
303414,1,7,4,0.3700090656202526
303426,1,7,10,26.0191474234157
303432,1,7,8,27.45499466529856
303453,1,7,4,0.3700090657260609
303456,1,7,9,27.401964475648853
303476,1,7,8,12.489051927088813
303479,1,7,7,0.7637847344829972
303495,1,7,9,22.63108288290644
303514,1,7,8,29.227065790778084
303528,1,7,5,0.3700090141005197
303529,1,7,9,28.433015420501306
303545,1,7,4,0.3700090657260609
303554,1,7,9,8.90934163705895
303558,1,7,10,16.37524884219215
303568,1,7,5,0.3700090141005197
303586,1,7,8,13.798853396323135
303592,1,7,5,0.3700090141005197
303593,1,7,9,21.876753341087475
303602,1,7,5,0.3700090141005197
303623,1,7,8,35.639628261917494
303626,1,7,8,16.82059436746123
303629,1,7,4,0.3700090657260609
303655,1,7,1,23.953536828704067
303657,1,7,9,24.38517584077683
303662,1,7,7,3.690776964296542
303671,1,7,7,6.238389929745594
303675,1,7,10,18.659615812366354
303693,1,7,8,12.996530596695933
303695,1,7,6,11.139868268280308
303711,1,7,6,29.2692979222065
303725,1,7,8,34.93391573111131
303734,1,7,8,13.429658272831974
303739,1,7,6,15.658004799842011
303760,1,7,10,12.197919786941833
303766,1,7,7,4.737078216201699
303780,1,7,3,1.6464991508145699
303781,0,7,0,0.04423825250775451
303804,1,7,6,29.620279552391523
303823,1,7,9,21.904375455937274
303828,1,7,4,0.3700090657260609
303838,1,7,10,5.262965779475091
303844,1,7,6,7.972652031301012
303854,1,7,9,15.62748930742656
303875,1,7,9,33.00473598174157
303889,1,7,7,2.5798964162504383
303895,1,7,4,0.3700090657260609
303908,1,7,9,29.760509552123192
303920,1,7,4,0.3700090657260609
303926,1,7,6,18.71228654047279
303935,1,7,9,13.016931971439256
303941,1,7,4,0.3700090657260609
303949,1,7,9,21.53308570554823
303958,1,7,9,18.394163613863217
303959,1,7,1,27.92417153098174
303963,1,7,6,16.911203002728083
303969,0,7,0,0.03672033643221531
303973,1,7,7,0.7491810576163954
303986,1,7,1,21.119381385058954
303998,1,7,5,0.3700090141005197
304001,1,7,6,16.25077516694091
304032,1,7,8,35.63385584479601
304033,1,7,4,0.3700090657260609
304035,0,7,0,0.10607018660647553
304044,1,7,1,15.395300291779234
304058,1,7,8,17.892520798637946
304067,1,7,6,21.97770586734552
304077,1,7,8,13.901947215444999
304081,1,7,7,5.916160269878733
304094,1,7,4,0.3700090657260609
304095,1,7,9,18.82882830377689
304117,1,7,6,27.926149525918504
304119,1,7,6,16.779951897032294
304130,1,7,8,19.587229833741226
304145,1,7,10,23.326040149486516
304159,1,7,10,23.29008066978673
304161,1,7,9,22.140019761999618
304167,1,7,10,25.967769818609863
304194,1,7,2,12.7840814711527
304209,1,7,8,19.624474518359044
304215,1,7,2,15.580871572623956
304226,1,7,5,0.3700090141005197
304233,1,7,4,0.3700090657260609
304235,1,7,6,17.008527963632357
304266,1,7,4,0.3700090657260609
304295,1,7,8,26.066994732332912
304311,1,7,6,29.403066662197443
304312,1,7,10,10.596543505657454
304319,1,7,8,20.413733400915568
304334,1,7,5,0.3700090141005197
304358,1,7,7,5.237849852320818
304375,1,7,9,28.148841682946692
304379,0,7,0,0.044736826144143975
304384,1,7,3,3.2162397805568586
304406,1,7,8,20.448559009568466
304409,1,7,9,30.358030602100072
304411,0,7,0,0.030884357562282413
304437,1,7,6,15.697013394245692
304439,1,7,4,0.3700090656202526
304447,1,7,8,9.426148601452477
304457,1,7,6,21.39998146796563
304459,1,7,4,0.3700090657260609
304470,1,7,5,0.3700090141005197
304480,0,7,0,0.03286827947996206
304486,1,7,1,16.30028791409846
304511,1,7,6,15.027333134566405
304530,1,7,9,23.815297916443235
304551,1,7,5,0.3700090141005197
304561,1,7,8,33.78678118088931
304574,1,7,6,18.016122381465234
304584,1,7,6,17.139121258857728
304624,1,7,4,0.3700090657260609
304627,1,7,7,4.405991714221337
304638,1,7,7,1.6281169776259516
304639,1,7,7,6.479109274752363
304648,1,7,10,14.93503888121394
304651,1,7,9,15.525793015074152
304666,1,7,4,0.3700090657260609
304669,1,7,9,11.383633298690976
304701,1,7,4,0.3700090657260609
304707,1,7,9,24.16986195904393
304711,1,7,4,0.3700090657260609
304726,1,7,1,23.31905464357724
304740,1,7,9,6.665099707324929
304745,1,7,5,0.3700090141005197
304754,1,7,6,9.376913002950001
304759,1,7,9,26.05259241517018
304760,1,7,8,16.764178461504613
304775,1,7,5,0.3700090141005197
304790,1,7,9,12.84297079760818
304800,1,7,10,24.72718818417154
304817,1,7,9,23.324110665104147
304845,1,7,6,25.790157716908272
304860,1,7,3,3.2533230020355024
304879,1,7,4,0.3700090657260609
304881,0,7,0,0.12428977282207508
304886,1,7,9,18.82283246293839
304896,1,7,4,0.3700090657260609
304903,0,7,0,0.03852538492317114
304920,1,7,8,24.445171995528455
304943,1,7,9,24.673858422652533
304945,1,7,1,22.234973286969268
304949,1,7,10,20.656477755528396
304970,1,7,6,26.346928103765364
304977,1,7,5,0.3700090141005197
304980,1,7,7,1.2454555683331847
304995,1,7,5,0.3700090141005197
304997,1,7,6,29.74349594978758
305017,0,7,0,0.03896091895153374
305026,1,7,9,10.26029066530298
305040,1,7,10,9.709210314299868
305054,1,7,9,29.494403586770186
305071,1,7,4,0.3700090657260609
305096,1,7,7,1.1293029777110803
305106,1,7,6,21.468907609948744
305107,0,7,0,0.03151762090209382
305135,1,7,9,32.330449257088624
305136,1,7,4,0.3700090657260609
305152,1,7,6,13.589925116209011
305157,1,7,6,23.055887280661597
305167,1,7,3,3.0939163562821173
305206,0,7,0,0.035994011544035635
305248,1,7,5,0.37000902039789374
305267,1,7,9,16.373869672739758
305274,1,7,4,0.3700090657260609
305279,1,7,4,0.3700090657260609
305290,1,7,5,0.3700090141005197
305301,1,7,9,26.156715682586547
305303,1,7,5,0.3700090141005197
305313,1,7,9,30.653105062369683
305317,1,7,3,1.9198720960807216
305326,1,7,6,29.207570251408875
305328,1,7,6,29.80482641193523
305330,1,7,8,3.3523535378784524
305338,1,7,9,30.397609734721318
305350,1,7,8,22.520445179808164
305353,1,7,4,0.3700090657260609
305354,1,7,9,8.809399339202285
305372,1,7,6,28.07025368691081
305373,1,7,4,0.3700090657260609
305376,1,7,3,3.1341966039515436
305380,0,7,0,0.029377526306441987
305391,1,7,5,0.3700090141005197
305402,1,7,7,0.8497929591702379
305403,1,7,1,14.750230478311108
305407,1,7,8,8.489583361548961
305409,1,7,3,3.2193635306093515
305416,1,7,9,23.141968847996104
305417,1,7,4,0.3700090657260609
305429,1,7,10,9.25334593636719
305432,1,7,9,7.241554283887739
305433,1,7,8,26.191077841236837
305454,1,7,4,0.3700090657260609
305458,1,7,8,14.39896442885738
305463,1,7,6,7.053328292306067
305471,1,7,4,0.3700090657260609
305480,1,7,6,10.36967105913001
305495,0,7,0,0.06229926486787214
305526,1,7,5,0.3700090141005197
305529,1,7,6,12.11420173540087
305539,1,7,5,0.3700090141005197
305556,1,7,9,17.035434424607026
305558,1,7,8,31.821168428798245
305563,1,7,3,0.7170288369046408
305569,1,7,9,4.4292511941183665
305586,1,7,9,25.153578111835948
305599,1,7,3,2.283865621030651
305605,1,7,4,0.3700090657260609
305620,1,7,4,0.3700090657260609
305644,1,7,9,9.685835003937347
305649,1,7,9,5.055907346719018
305650,1,7,6,27.28614480994829
305654,1,7,10,6.374035845363303
305658,1,7,1,23.182040797704065
305667,1,7,9,25.766591857550743
305680,1,7,8,30.818045609178064
305689,1,7,4,0.3700090657260609
305690,1,7,9,31.37757522715151
305691,1,7,5,0.3700090141005197
305694,1,7,8,28.432497236440263
305709,1,7,5,0.3700090141005197
305724,1,7,8,28.35651563635833
305728,0,7,0,0.03793897482470481
305734,1,7,9,2.6824040322692153
305739,1,7,4,0.3700090657260609
305745,1,7,1,19.289790248375173
305746,1,7,10,12.88302134423496
305768,0,7,0,0.03822418223451024
305772,1,7,1,22.519191273708433
305784,1,7,5,0.3700090141005197
305795,1,7,5,0.3700090141005197
305816,1,7,10,15.907052662102696
305820,1,7,5,0.3700090141005197
305833,0,7,0,0.04573443083026774
305838,1,7,4,0.3700090657260609
305848,1,7,6,15.214336767574556
305860,1,7,10,22.253834507005823
305867,1,7,9,32.81194983902171
305868,1,7,9,27.008209978835442
305896,1,7,3,2.8778455829530922
305914,1,7,8,31.11440376894141
305947,1,7,9,18.567754719458815
305951,1,7,4,0.3700090657260609
305956,1,7,8,24.589037666108688
305982,1,7,8,15.763215378328793
305998,1,7,10,10.770897224407468
306000,1,7,2,2.489878373285932
306013,1,7,2,15.223287330461563
306028,1,7,8,9.151091655745638
306039,1,7,4,0.3700090657260609
306043,1,7,6,18.792128259341528
306057,1,7,5,0.3700090141005197
306058,1,7,5,0.3700090141005197
306088,1,7,10,9.685817808439001
306098,1,7,6,30.208766135118157
306132,1,7,9,30.812217602892318
306133,1,7,8,25.412589699390615
306142,1,7,10,4.790592481272329
306163,1,7,8,26.473812290441938
306165,1,7,8,4.462860158059136
306170,0,7,0,0.03915150341120045
306175,1,7,6,4.389052347453985
306201,1,7,6,13.747988889223809
306220,1,7,8,7.034475664140258
306222,1,7,4,0.3700090657260609
306243,1,7,9,23.58745599349434
306247,1,7,8,30.457041072479566
306254,1,7,1,15.764846947364571
306265,1,7,9,24.476308920825723
306300,1,7,7,0.3908856943436186
306312,0,7,0,0.039230815008728805
306316,1,7,4,0.3700090657260609
306334,1,7,8,13.48991338963723
306343,1,7,1,13.128698522736011
306347,1,7,1,24.76861589156498
306348,1,7,9,32.98106544199483
306355,1,7,6,26.224761043194693
306358,1,7,8,22.134556077844124
306367,1,7,6,10.942598409034007
306377,1,7,6,27.269543947745614
306379,1,7,9,19.504892852111006
306386,1,7,1,21.46730024272427
306392,1,7,8,17.92234859588302
306434,1,7,8,15.543397985197345
306443,1,7,5,0.3700090141005197
306444,1,7,6,15.105719892146373
306476,1,7,9,24.807614748066886
306479,1,7,5,0.3700090141005197
306480,1,7,9,31.149785792680778
306486,1,7,10,7.15549809908275
306489,1,7,3,1.7682520450363413
306495,1,7,8,11.795634913265392
306527,1,7,6,26.36419926321129
306528,1,7,3,1.3116422004287513
306535,1,7,5,0.3700090141005197
306540,1,7,7,0.16599036971949477
306561,1,7,1,21.64295221981398
306563,1,7,5,0.3700090141005197
306569,1,7,4,0.3700090657260609
306571,1,7,2,11.299290462190188
306578,1,7,6,29.93894362424561
306589,1,7,1,10.422880169680301
306605,1,7,8,11.796173276700431
306612,1,7,4,0.3700090657260609
306616,1,7,8,2.08339793518487
306621,1,7,8,12.27012718973363
306637,1,7,10,4.639042808043674
306640,1,7,5,0.3700090141005197
306646,1,7,6,20.0631658804098
306653,1,7,10,21.786137361071088
306669,1,7,8,7.317690548887171
306692,0,7,0,0.12389988534862774
306698,1,7,7,4.314020959700968
306714,1,7,3,2.7076856678177075
306724,1,7,5,0.3700090141005197
306726,1,7,10,24.519995352335123
306729,1,7,3,2.91461014570654
306737,1,7,7,5.298807330535619
306759,1,7,5,0.3700090141005197
306770,1,7,6,16.887143587533547
306772,1,7,8,18.073593176900108
306777,1,7,4,0.3700090656202526
306783,1,7,8,10.058515668131303
306788,1,7,9,9.138369099973456
306792,1,7,5,0.3700090141005197
306807,1,7,4,0.3700090657260609
306809,1,7,5,0.3700090141005197
306810,1,7,6,10.950229957918593
306835,1,7,4,0.3700090657260609
306837,1,7,7,2.9328255251366104
306842,1,7,10,6.816103274190757
306843,1,7,3,1.5581369597678565
306844,1,7,6,28.7399756552433
306855,1,7,9,13.144888959556946
306887,1,7,4,0.3700090657260609
306888,1,7,1,23.455412455523078
306909,1,7,8,20.64112194116429
306917,1,7,8,11.03444827181289
306927,1,7,5,0.3700090141005197
306962,1,7,8,30.412881623796554
306965,1,7,2,16.37353201683043
306970,1,7,3,3.239242847695786
306971,1,7,4,0.3700090657260609
306980,1,7,7,4.883764429754387
306993,1,7,6,18.068364889197177
306999,1,7,8,25.428004179159878
307004,1,7,10,9.299639487636412
307015,1,7,5,0.3700090141005197
307016,1,7,8,22.250200519348045
307033,1,7,9,26.995560554139242
307044,1,7,4,0.3700090657260609
307053,0,7,0,0.030544655573297295
307057,1,7,8,24.62666334657415
307061,1,7,5,0.37000902039789374
307063,1,7,9,26.195358505450244
307064,1,7,9,25.368728411686227
307074,1,7,8,26.60356568092228
307078,1,7,8,32.7051550618854
307087,1,7,10,18.66151949186878
307116,1,7,8,20.858196726296622
307135,1,7,2,11.313791829035408
307140,1,7,8,22.6024362409572
307142,1,7,10,19.72757819262288
307151,1,7,5,0.3700090141005197
307164,1,7,3,1.3729707635626085
307172,1,7,6,23.809648680125925
307175,1,7,1,8.774158260142494
307177,1,7,4,0.3700090657260609
307201,1,7,9,5.678432770627055
307205,1,7,9,30.621876252105583
307210,1,7,9,5.505221993870897
307217,1,7,1,5.10471654952181
307225,1,7,9,25.232576832557218
307226,1,7,6,12.985368375122661
307227,1,7,1,22.899692382197173
307236,1,7,4,0.3700090657260609
307242,1,7,10,16.005082577698772
307255,1,7,8,12.787432000246246
307256,1,7,8,22.566689478202008
307267,1,7,2,10.38841442387092
307268,1,7,4,0.3700090657260609
307271,1,7,4,0.3700090657260609
307273,1,7,5,0.3700090141005197
307278,0,7,0,0.03390974164242894
307280,1,7,5,0.3700090141005197
307304,1,7,1,27.945549564691063
307307,1,7,1,25.789459047563867
307313,1,7,5,0.3700090141005197
307316,1,7,9,22.008677399295642
307329,1,7,8,14.589295311579768
307331,1,7,9,17.682026579169932
307332,1,7,10,16.14932920032654
307342,1,7,4,0.3700090657260609
307346,1,7,9,33.09058675449284
307362,1,7,10,5.420350561571235
307375,1,7,3,1.5606976314196108
307381,1,7,7,4.163593219950944
307383,1,7,8,13.975398745184485
307408,1,7,4,0.3700090657260609
307411,1,7,3,2.829082893111665
307412,1,7,8,17.642538722565178
307422,1,7,2,12.71258401361955
307430,1,7,9,17.873424635226954
307434,1,7,6,22.89690520544616
307436,1,7,6,23.968617157248914
307455,1,7,4,0.3700090657260609
307463,0,7,0,0.09160586768480575
307473,1,7,7,6.232708219810868
307475,1,7,5,0.3700090141005197
307477,1,7,2,8.481521135718143
307479,1,7,5,0.3700090141005197
307488,1,7,10,22.817875010271774
307489,1,7,4,0.3700090657260609
307503,0,7,0,0.17247467531653976
307507,1,7,8,20.980759466178196
307515,0,7,0,0.03435151424548465
307518,1,7,5,0.3700090141005197
307520,1,7,9,24.695694731944755
307545,1,7,5,0.37000902039789374
307546,1,7,4,0.3700090657260609
307547,1,7,9,19.414836042399163
307562,1,7,7,3.0109786516161
307600,1,7,8,16.900467540935928
307606,1,7,7,0.3445165474985501
307627,1,7,2,11.76128873916949
307635,1,7,8,24.526921688298
307643,1,7,8,20.80871070480629
307667,1,7,9,20.828735129535307
307682,1,7,7,3.7470388448428262
307698,1,7,6,21.387342572266828
307703,1,7,4,0.3700090657260609
307731,1,7,6,12.630210425991681
307739,1,7,8,3.7448245025934606
307741,1,7,8,34.619632701941015
307744,1,7,10,9.695945242624473
307753,1,7,10,23.288864749949322
307772,1,7,7,3.2043636986306274
307776,1,7,8,16.672955023955218
307777,1,7,8,10.245527068433553
307784,1,7,8,25.025461022836907
307787,1,7,8,12.635304843541869
307798,1,7,9,22.712182675568936
307804,1,7,9,19.93204922487164
307820,1,7,4,0.3700090657260609
307829,0,7,0,0.08692676031596662
307836,1,7,1,26.545104561753423
307866,1,7,6,22.98621258192639
307869,1,7,4,0.3700090657260609
307879,1,7,10,21.005745889911502
307886,1,7,10,9.065314590990532
307909,0,7,0,0.0364344191379468
307910,1,7,5,0.3700090141005197
307918,1,7,9,22.41169070447998
307936,1,7,9,24.88123666994624
307938,1,7,1,20.209046512381875
307939,1,7,8,19.421783092912356
307963,1,7,8,29.241276027806688
307972,1,7,6,10.524545716788758
308001,1,7,10,21.386614441422065
308006,1,7,5,0.3700090141005197
308007,1,7,9,33.54909068926009
308012,1,7,6,25.696461469972817
308017,1,7,8,25.125105878947316
308022,1,7,10,11.540196918148558
308024,1,7,10,23.887333369673765
308025,1,7,10,8.424918504450748
308029,1,7,6,20.799770414485323
308030,1,7,7,0.8100944547658341
308049,1,7,7,0.3666802972655808
308080,1,7,6,27.378145961356477
308098,1,7,6,23.24324084520745
308101,1,7,6,21.27503429694331
308112,1,7,5,0.3700090141005197
308114,1,7,1,18.97672152107668
308117,1,7,6,28.99262850968367
308127,1,7,10,12.780763150983043
308150,1,7,10,19.35852781687086
308154,1,7,4,0.3700090657260609
308166,1,7,8,5.328953756901232
308167,1,7,10,8.616529045352106
308169,1,7,8,34.12756216453073
308189,1,7,6,28.15380991438654
308192,1,7,9,30.464065225734082
308194,1,7,1,21.723814071545554
308210,1,7,4,0.3700090657260609
308214,1,7,6,28.543191888304296
308219,1,7,1,13.867691366815217
308221,1,7,9,29.842168758096804
308250,1,7,6,16.79621316184526
308253,1,7,3,3.139355372645174
308259,1,7,10,22.345133984163336
308266,1,7,4,0.3700090657260609
308302,1,7,6,8.308135262604573
308313,1,7,6,26.39215215370027
308314,1,7,8,16.936008456483417
308328,1,7,1,18.9758641139036
308331,1,7,3,3.176846252451728
308333,1,7,5,0.3700090141005197
308348,1,7,7,4.640469051519178
308356,1,7,8,33.277806519290955
308378,1,7,5,0.3700090141005197
308382,1,7,9,32.44353129035247
308407,1,7,6,26.11143081469471
308417,1,7,10,13.074446082976854
308422,1,7,8,34.4008906770115
308431,1,7,9,33.243948677817215
308439,1,7,1,16.975082832096167
308468,1,7,6,25.081436376918223
308482,1,7,4,0.3700090657260609
308510,1,7,10,24.052945356856284
308521,1,7,5,0.3700090141005197
308530,1,7,9,32.48136246163683
308543,1,7,9,32.51836098253199
308555,1,7,9,30.482961180152543
308565,1,7,10,18.96688143901307
308576,1,7,10,7.669393489413444
308594,1,7,9,19.33025615637911
308595,1,7,4,0.3700090657260609
308608,1,7,5,0.3700090141005197
308617,1,7,5,0.3700090141005197
308631,1,7,8,26.898438666204655
308641,1,7,4,0.3700090657260609
308652,1,7,9,3.4083499077520547
308671,1,7,4,0.3700090657260609
308678,1,7,8,27.360210943053325
308681,1,7,5,0.3700090141005197
308690,1,7,10,12.136620756487643
308705,1,7,9,23.61211107310409
308728,1,7,8,14.416625543670625
308744,1,7,5,0.3700090141005197
308746,1,7,9,30.480060898398943
308750,0,7,0,0.029338137892934983
308764,1,7,7,5.9282733596845505
308765,1,7,10,14.08277117684284
308770,1,7,8,17.22997712684239
308777,1,7,5,0.3700090141005197
308787,1,7,4,0.3700090657260609
308803,1,7,8,26.282126654722884
308805,1,7,7,4.261570185775774
308811,1,7,9,23.257360741516464
308812,1,7,4,0.3700090657260609
308821,1,7,7,3.5432375448404345
308839,1,7,7,3.012827020493827
308856,1,7,9,11.728323938891075
308857,1,7,8,6.615188532359374
308861,1,7,9,22.997709563100877
308865,1,7,5,0.37000902039789374
308871,0,7,0,0.027355613427027622
308872,1,7,8,6.310912968974372
308873,1,7,10,14.817054476772416
308897,1,7,3,3.063578028643636
308904,1,7,7,2.526492461831275
308912,1,7,10,16.613494974397167
308914,1,7,6,19.535194042071655
308924,1,7,5,0.3700090141005197
308957,1,7,4,0.3700090657260609
308959,1,7,6,28.761956667393047
308968,1,7,8,8.8885547454473
308969,1,7,8,26.847544930006787
308980,1,7,3,2.4338482757131383
308993,1,7,9,12.550278794046745
308996,1,7,10,19.025257667509447
308998,1,7,9,7.723194096703485
309028,1,7,6,14.59116247968182
309032,1,7,9,23.629988735619882
309034,1,7,4,0.3700090657260609
309036,1,7,6,25.47766878406866
309045,1,7,9,22.147790716036457
309066,1,7,2,2.422198740796155
309114,1,7,9,26.60954610817756
309132,1,7,5,0.3700090141005197
309143,1,7,7,2.074388507449013
309150,1,7,10,9.009644986691534
309162,1,7,9,14.934281279027386
309190,1,7,9,2.424966880943192
309196,1,7,9,4.574533352830858
309199,1,7,8,29.670936486727097
309203,1,7,8,18.205724432743978
309209,1,7,8,14.231718742252164
309220,1,7,8,6.843146424284116
309226,1,7,5,0.3700090141005197
309254,1,7,6,20.195374404171243
309277,0,7,0,0.04150958531280615
309283,0,7,0,0.10465074727147025
309286,1,7,7,2.7514989215217756
309301,1,7,9,22.71206032399384
309302,0,7,0,0.047008680617363116
309304,1,7,5,0.3700090141005197
309317,1,7,8,22.456524704355804
309320,1,7,5,0.3700090141005197
309324,1,7,4,0.3700090657260609
309339,1,7,9,10.042641668064457
309352,1,7,1,27.967352728823922
309355,1,7,8,9.042987292785966
309369,1,7,9,33.23311181755308
309370,1,7,9,4.0480450778995785
309376,1,7,8,21.483364011368547
309388,1,7,8,23.757464183659188
309392,0,7,0,0.03582749999859252
309399,1,7,9,21.51655473869324
309405,1,7,2,9.97278581522437
309408,1,7,8,28.414909640724428
309410,1,7,10,19.55513439999158
309426,1,7,8,26.21586216019444
309433,1,7,1,24.169967269433656
309459,1,7,10,13.125835849075372
309467,1,7,4,0.3700090657260609
309470,1,7,6,21.37535456759256
309483,1,7,10,25.540154442648603
309484,1,7,10,12.645868820047253
309490,1,7,1,14.374508109044493
309520,1,7,5,0.3700090141005197
309526,0,7,0,0.03913974025814419
309530,1,7,9,12.545688092211149
309532,1,7,1,16.941497205521745
309552,1,7,1,16.895599285216477
309559,1,7,6,12.494469012331932
309560,1,7,1,21.23140360919066
309568,1,7,10,18.1988904736096
309570,1,7,4,0.3700090657260609
309581,1,7,10,9.701794143025843
309582,1,7,9,33.065375498575165
309600,1,7,9,25.205533341818906
309611,1,7,2,9.9787803813344
309638,1,7,9,20.482749648083725
309649,1,7,5,0.3700090141005197
309671,1,7,7,3.8399255797248975
309680,1,7,8,20.47473274222696
309690,1,7,4,0.3700090657260609
309704,1,7,6,30.226568444728045
309711,0,7,0,0.0339900934157513
309713,1,7,7,3.729748895784465
309715,1,7,9,29.855748981645412
309719,1,7,5,0.3700090141005197
309728,1,7,4,0.3700090657260609
309730,1,7,10,22.801109166751026
309744,1,7,5,0.3700090141005197
309770,1,7,6,15.152606304523422
309777,1,7,10,5.034342154513415
309781,1,7,6,18.73287951793738
309801,1,7,8,10.115384165184814
309804,1,7,4,0.3700090656202526
309810,1,7,8,22.73009765623635
309819,1,7,6,22.352650936593147
309820,1,7,8,7.264276001325035
309845,1,7,9,15.017880796658076
309851,1,7,8,15.234223114814103
309856,1,7,8,27.267779533758084
309860,1,7,8,12.129443123549715
309863,1,7,6,27.410693282597663
309873,1,7,9,5.475447842860457
309885,1,7,8,3.799460681583439
309890,1,7,5,0.3700090141005197
309908,1,7,6,29.718369307256
309919,1,7,5,0.3700090141005197
309924,1,7,9,27.40200099967685
309935,0,7,0,0.02542181663334836
309942,1,7,6,20.73586066540121
309943,1,7,9,11.339841965368432
309946,1,7,8,22.51141845432786
309953,1,7,10,23.284056225676323
309964,1,7,2,3.922488098688822
309965,1,7,4,0.3700090657260609
309978,1,7,8,32.59064454859961
309998,1,7,8,12.277317608549009
310004,1,7,9,15.00280094530499
310012,1,7,9,30.657315402136852
310042,1,7,9,29.34549809367716
310049,1,7,6,22.464376883218964
310059,1,7,9,19.45650900356745
310063,1,7,10,20.430538223502467
310069,1,7,4,0.3700090657260609
310072,1,7,9,11.588955514720523
310074,1,7,2,12.566355294308776
310078,1,7,4,0.3700090656202526
310092,1,7,6,27.400198529562896
310103,1,7,8,6.7529157017975106
310117,1,7,8,20.968427047900725
310123,1,7,9,32.94531341258035
310126,1,7,5,0.3700090141005197
310141,1,7,8,16.861365990164884
310143,1,7,8,2.9648874783900125
310166,1,7,9,15.431782564571622
310178,1,7,10,9.912654544895222
310181,1,7,4,0.3700090657260609
310198,1,7,9,28.526410796563784
310230,1,7,1,26.106124124938248
310234,1,7,4,0.3700090657260609
310245,1,7,5,0.3700090141005197
310262,1,7,5,0.3700090141005197
310263,1,7,3,2.1923052257244953
310265,0,7,0,0.03037324964719644
310266,1,7,3,3.1977809819916048
310267,1,7,9,16.053186564859942
310269,1,7,5,0.3700090141005197
310302,1,7,8,31.990662967654085
310319,1,7,8,8.677407803042756
310337,1,7,2,15.289602988845942
310354,1,7,9,31.613419255630916
310356,1,7,8,27.77710845287706
310375,1,7,6,21.596121512872703
310376,1,7,5,0.3700090141005197
310383,1,7,7,6.305256944970148
310410,1,7,5,0.3700090141005197
310415,1,7,4,0.3700090657260609
310430,1,7,6,23.983779130510268
310436,1,7,1,6.485354745815972
310438,1,7,8,30.854676059069277
310445,1,7,3,2.6195342108201887
310451,0,7,0,0.038791568441758725
310454,1,7,8,35.89470830855718
310465,1,7,4,0.3700090657260609
310477,1,7,4,0.3700090657260609
310480,1,7,10,18.43984399400892
310485,1,7,8,23.674248020414172
310502,1,7,6,22.390649204180963
310505,1,7,9,29.773448640724716
310518,1,7,7,4.632058704282241
310526,1,7,6,11.907361711450353
310541,1,7,8,5.703773735414225
310552,1,7,5,0.3700090141005197
310571,1,7,5,0.3700090141005197
310573,1,7,10,16.99670152605367
310574,1,7,5,0.3700090141005197
310583,1,7,5,0.3700090141005197
310584,1,7,7,1.4173711226122017
310595,1,7,7,2.380441211781871
310605,1,7,6,19.53330766285893
310615,1,7,4,0.3700090657260609
310617,1,7,9,13.720982581439591
310624,1,7,9,31.353261831105815
310626,1,7,8,14.026553039743176
310628,1,7,10,18.842354264489025
310638,1,7,9,31.951026446921045
310644,1,7,9,32.7064072018044
310647,1,7,8,9.907203275999585
310667,1,7,8,6.77947670030324
310687,1,7,6,19.37354240481375
310688,1,7,7,6.454865637150088
310696,1,7,10,9.676706645416182
310704,1,7,9,29.169872270884245
310705,1,7,8,19.98636799387594
310708,1,7,5,0.3700090141005197
310718,1,7,9,5.710956922043547
310725,1,7,9,16.70389672156819
310729,1,7,9,11.052544739606304
310733,1,7,9,33.025549927301284
310735,1,7,8,25.641979009913804
310739,1,7,6,20.187462720840145
310754,1,7,4,0.3700090657260609
310765,1,7,7,2.144182634289625
310766,1,7,6,19.90416202451966
310768,1,7,8,33.21820837634043
310781,1,7,9,31.322806588947287
310793,1,7,5,0.3700090141005197
310800,1,7,1,16.713275841626494
310805,0,7,0,0.032877059846392005
310806,0,7,0,0.03231117145577177
310810,1,7,1,25.64196567142797
310814,1,7,9,27.176792664787552
310827,1,7,6,23.427314990855063
310849,1,7,8,22.50733920837753
310852,1,7,9,23.22754662820535
310871,1,7,6,29.078305028846607
310896,1,7,4,0.3700090657260609
310898,1,7,3,2.998301945738392
310902,1,7,2,13.064243307055005
310911,1,7,9,29.64148679094051
310915,1,7,4,0.3700090657260609
310932,0,7,0,0.03616357109909466
310934,1,7,3,3.040847868150082
310943,1,7,5,0.3700090141005197
310949,1,7,5,0.3700090141005197
310956,1,7,9,17.86840367716002
310959,1,7,9,15.828534367625966
310962,1,7,8,33.30680745469017
310970,1,7,4,0.3700090657260609
310976,1,7,8,20.154528704005227
310979,1,7,9,17.390348808294686
310987,1,7,9,5.657268684149986
310991,1,7,10,18.52148762815309
310996,1,7,6,28.2335227462791
311013,1,7,4,0.3700090657260609
311017,1,7,7,2.421682902169076
311021,1,7,10,16.914380969862943
311022,1,7,1,19.15083717549823
311023,1,7,7,5.3760083631066475
311024,1,7,5,0.3700090141005197
311036,1,7,5,0.3700090141005197
311038,1,7,6,10.697036016648775
311055,1,7,5,0.3700090141005197
311081,1,7,9,24.615139939803758
311090,1,7,8,31.370466103194552
311096,1,7,1,26.979654750060007
311099,1,7,6,30.43723628779881
311128,1,7,8,30.91940332881137
311147,1,7,2,13.080007904485269
311153,1,7,1,18.681364897486123
311168,1,7,9,33.39836084548395
311171,1,7,6,21.807232863589196
311174,1,7,7,0.3471977248790485
311179,1,7,4,0.3700090656202526
311197,1,7,9,33.00537144622721
311205,1,7,8,21.742565236834018
311209,0,7,0,0.04555806470202231
311216,1,7,8,5.684553580387261
311233,1,7,10,15.616976538493212
311234,1,7,4,0.3700090657260609
311235,1,7,9,2.3469800531557734
311252,1,7,10,17.968820045864256
311261,1,7,10,24.933418793090823
311264,1,7,10,15.456794964450317
311272,1,7,6,22.89657972500232
311277,1,7,6,14.635737649135304
311291,0,7,0,0.060800172337707535
311320,1,7,7,2.098140877244947
311344,1,7,4,0.3700090657260609
311345,1,7,8,19.257339378875425
311362,0,7,0,0.046406032734752294
311402,1,7,9,14.108132071888805
311410,1,7,1,19.702509496735978
311425,1,7,8,2.0290229005025835
311426,1,7,5,0.3700090141005197
311434,1,7,9,18.152838678438492
311460,1,7,8,9.065310991757228
311464,1,7,6,13.497440374853445
311466,1,7,9,4.148420663016973
311467,1,7,3,1.9063262878906957
311482,1,7,6,29.484096266417602
311493,1,7,8,26.137212068941476
311496,1,7,8,18.516612166120964
311500,1,7,1,23.254738620702003
311530,1,7,4,0.3700090657260609
311535,1,7,4,0.3700090656202526
311541,1,7,9,22.944721470739513
311552,1,7,10,7.525174336449655
311557,1,7,6,24.180788033771712
311559,1,7,2,16.346973141794585
311569,1,7,9,6.661262076069361
311604,1,7,6,30.444414096751483
311606,1,7,5,0.3700090141005197
311607,1,7,9,19.211273663276774
311609,1,7,8,20.814732238516566
311618,0,7,0,0.03596400386600172
311660,1,7,1,25.78803227723336
311661,1,7,10,18.594351598836607
311668,1,7,9,30.686639151288762
311670,1,7,6,22.993893410215946
311678,1,7,6,20.668910026444244
311679,1,7,8,25.528305472728874
311681,1,7,5,0.3700090141005197
311685,1,7,9,16.8164604550478
311693,1,7,10,15.001768424106661
311700,1,7,9,26.11263746833091
311701,1,7,9,22.496466517830818
311705,1,7,9,9.659798875055376
311713,1,7,1,24.627056944977102
311714,1,7,4,0.3700090657260609
311717,1,7,7,1.3699880303123253
311728,1,7,6,25.152778628339917
311731,1,7,8,25.582128520204087
311742,1,7,6,30.06796757624338
311749,1,7,8,29.71141547740693
311757,1,7,7,6.252169601296024
311763,1,7,6,27.284882989624744
311766,1,7,4,0.3700090656202526
311784,1,7,9,32.178240003985096
311785,1,7,6,16.773843178653934
311796,1,7,8,23.051027104694505
311798,1,7,6,25.617184037943208
311800,1,7,8,4.127161101911529
311811,1,7,9,27.289230961453203
311815,0,7,0,0.03148420835820686
311826,1,7,5,0.3700090141005197
311832,1,7,4,0.3700090657260609
311834,1,7,5,0.3700090141005197
311848,1,7,7,5.338004293480028
311854,1,7,5,0.3700090141005197
311858,1,7,4,0.3700090657260609
311868,1,7,6,15.801715033641827
311873,1,7,6,14.800911400547866
311880,1,7,10,8.096687147477994
311884,1,7,9,16.39261226336546
311901,1,7,4,0.3700090657260609
311907,1,7,9,22.128835476191266
311909,1,7,9,33.0458078350122
311914,0,7,0,0.4043778673615475
311939,1,7,10,16.207686558211453
311942,1,7,4,0.3700090657260609
311945,1,7,8,8.157427166416126
311949,1,7,7,1.9648434027752728
311951,1,7,8,21.43101899967366
311984,0,7,0,0.04010903784190292
311985,1,7,8,25.63515110327131
312008,1,7,6,22.540075287509953
312010,1,7,5,0.3700090141005197
312016,1,7,9,25.160599667613596
312029,1,7,8,24.834136255046264
312037,1,7,5,0.37000902039789374
312050,1,7,6,17.467863435116808
312060,1,7,5,0.3700090141005197
312061,1,7,9,30.958344306342404
312067,1,7,8,33.34114942496732
312076,1,7,6,16.92036996941864
312088,1,7,9,26.109507309835774
312089,1,7,2,5.199421618307939
312100,1,7,8,13.141005156277139
312104,1,7,6,18.462092169954754
312109,0,7,0,0.039279746295041454
312111,1,7,4,0.3700090657260609
312123,1,7,7,0.7038210908920517
312127,1,7,4,0.3700090657260609
312135,1,7,9,33.00675005532937
312138,1,7,9,24.818703046170484
312155,1,7,10,6.539815087941434
312165,0,7,0,0.034650443206429835
312168,1,7,3,2.683127158982907
312170,1,7,3,1.8567069950420907
312203,1,7,5,0.3700090141005197
312207,1,7,5,0.3700090141005197
312217,1,7,1,11.028311528640293
312227,1,7,10,18.924808959690623
312230,1,7,8,27.450487709642864
312235,1,7,10,24.51471565565235
312238,1,7,9,23.56237669827006
312249,1,7,6,28.553227218739877
312276,1,7,9,15.23157362435783
312280,1,7,6,15.184870014559692
312281,0,7,0,0.023971535146683935
312287,1,7,1,21.56558216103442
312303,1,7,8,9.720882186837638
312318,1,7,9,30.790600479466598
312322,1,7,3,0.5884928938634023
312329,1,7,9,6.3095613614132935
312351,1,7,9,26.056348309965923
312353,1,7,3,0.8822211640079892
312385,1,7,9,11.63715383490693
312395,1,7,4,0.3700090657260609
312397,1,7,9,33.22515902593063
312400,1,7,5,0.3700090141005197
312420,1,7,7,6.1201794067613555
312433,0,7,0,0.2536859640998814
312464,1,7,5,0.3700090141005197
312478,1,7,10,5.596853490714021
312497,1,7,4,0.3700090657260609
312504,1,7,9,20.487702655089624
312507,1,7,7,6.0238208032034635
312519,1,7,10,7.057135402695965
312521,1,7,8,30.394021042892767
312534,1,7,2,1.528734588064385
312535,1,7,9,20.384186537175708
312540,1,7,8,15.794099674603926
312546,1,7,10,14.241161779646891
312559,1,7,6,21.732660356262244
312581,1,7,8,24.836125020134187
312595,1,7,6,9.62663742069808
312614,1,7,1,7.705495554175921
312616,1,7,5,0.3700090141005197
312623,1,7,2,15.058527152919355
312627,1,7,10,12.535984005732805
312630,1,7,3,2.419980324717446
312643,1,7,2,12.64840630924368
312650,1,7,10,13.138193312141274
312654,1,7,10,18.47052055827115
312662,1,7,6,26.242302647058676
312668,1,7,9,13.558847419238933
312671,1,7,7,1.9743776346723778
312699,1,7,4,0.3700090657260609
312718,1,7,6,20.668114759267773
312735,1,7,6,27.268768922564337
312736,1,7,4,0.3700090657260609
312741,1,7,6,13.767631718074263
312744,1,7,9,8.088356973826036
312755,1,7,7,2.571396881542737
312762,1,7,9,18.179080920971543
312764,1,7,4,0.3700090657260609
312779,1,7,4,0.3700090657260609
312815,1,7,10,18.312847461434693
312832,1,7,2,12.9911942445928
312842,1,7,9,31.09731864155747
312843,1,7,10,20.89919062932477
312849,1,7,10,24.838741680392143
312862,0,7,0,0.04660841482124476
312863,1,7,9,19.80086541941063
312876,0,7,0,0.0392403921886518
312878,0,7,0,0.03694197431234956
312880,1,7,8,21.351877606344853
312887,1,7,9,5.849138078480926
312907,1,7,5,0.3700090141005197
312942,1,7,9,16.114453173087536
312982,1,7,4,0.3700090657260609
312988,1,7,4,0.3700090657260609
312989,1,7,9,28.25947486437631
312991,1,7,1,17.510541317025908
312999,1,7,1,11.395963007387675
313036,1,7,10,18.59444076355449
313042,1,7,4,0.3700090657260609
313070,1,7,5,0.3700090141005197
313073,1,7,5,0.3700090141005197
313078,1,7,9,18.410218207033758
313097,0,7,0,0.03189123690164083
313114,1,7,1,16.24955486026059
313115,1,7,5,0.3700090141005197
313125,1,7,9,28.561297739153574
313126,1,7,4,0.3700090657260609
313135,1,7,2,2.2545836236700048
313162,1,7,1,24.29531033779593
313188,1,7,8,14.35549577689189
313189,1,7,4,0.3700090657260609
313190,1,7,9,27.593217290908512
313200,1,7,9,15.872326098771461
313203,1,7,5,0.3700090141005197
313219,1,7,1,18.171855654120357
313257,1,7,7,1.1290411938941851
313281,1,7,8,33.319796031598216
313293,1,7,8,29.242069014164144
313318,1,7,9,26.705758147967323
313323,1,7,8,31.151445272246697
313329,1,7,6,29.794942647811098
313373,1,7,1,26.64404397888277
313376,1,7,6,23.342200254541968
313378,1,7,9,33.185437012454976
313380,1,7,8,15.428610975339478
313393,0,7,0,0.03821936006141394
313396,1,7,3,3.2029406446348534
313408,1,7,10,22.622562564479438
313417,1,7,5,0.37000902039789374
313426,1,7,4,0.3700090657260609
313427,1,7,3,3.2287583259246153
313449,1,7,7,1.3044087190276403
313454,1,7,6,24.181087611879477
313477,1,7,5,0.3700090141005197
313504,1,7,1,18.39052039175624
313525,1,7,1,21.584192531138736
313551,1,7,1,24.24569489962466
313570,1,7,4,0.3700090657260609
313579,0,7,0,0.036588602422241594
313582,1,7,9,32.664955218922536
313598,1,7,8,29.197873948966865
313604,1,7,5,0.3700090141005197
313625,1,7,9,32.71649918718306
313692,1,7,9,24.013024250675738
313697,1,7,2,9.41774719179804
313703,1,7,1,25.165374488242445
313729,1,7,8,28.16848530285178
313737,1,7,9,18.53137383012131
313771,1,7,10,23.27353787515255
313775,1,7,4,0.3700090657260609
313784,1,7,9,30.31427654414857
313811,1,7,10,9.802731402098905
313816,0,7,0,0.03581698969369643
313825,1,7,6,5.97412419392682
313828,1,7,6,17.918362848019534
313829,1,7,8,25.876648203591746
313832,1,7,10,13.297968855753068
313842,1,7,1,16.099127100136638
313846,1,7,9,26.153413837859112
313857,1,7,8,28.50115345750467
313889,1,7,8,25.75880034424961
313894,1,7,4,0.3700090657260609
313897,1,7,3,0.9090315067833087
313900,1,7,8,17.5335554996638
313926,1,7,1,5.476300046362214
313932,1,7,1,17.646932236554356
313944,1,7,8,26.326543464850886
313948,1,7,5,0.3700090141005197
313949,1,7,3,3.200099526941094
313950,1,7,9,15.440114068885174
313980,1,7,9,14.42107981446372
313981,1,7,8,2.358778996345536
313983,1,7,9,30.14805386124358
313986,1,7,9,23.469682623713663
313996,1,7,5,0.3700090141005197
314008,1,7,6,24.58044793099052
314010,1,7,8,21.681342121545317
314053,1,7,9,29.21802580357706
314054,1,7,1,23.458991439540057
314058,1,7,2,15.359012051474084
314069,1,7,6,30.346222192104154
314070,1,7,3,3.1916103652787613
314073,1,7,1,25.765614240469635
314080,1,7,6,21.066392988784255
314093,1,7,5,0.3700090141005197
314094,1,7,9,32.46931443049295
314105,1,7,4,0.3700090657260609
314110,1,7,6,17.892034170053133
314146,1,7,4,0.3700090657260609
314159,1,7,6,18.29034902136869
314168,1,7,8,11.725444587825562
314189,1,7,8,18.091604877589234
314206,1,7,5,0.37000902039789374
314212,0,7,0,0.040448820914033616
314220,1,7,9,19.157879387613743
314237,1,7,4,0.3700090657260609
314242,1,7,10,9.803772884614988
314255,1,7,9,33.51614681807496
314258,1,7,4,0.3700090657260609
314261,1,7,5,0.3700090141005197
314271,1,7,6,23.253855728722478
314284,1,7,6,12.730489345509737
314293,1,7,10,22.179371867425385
314304,1,7,6,5.716446569213824
314329,1,7,5,0.3700090141005197
314336,0,7,0,0.03938387908342413
314337,1,7,4,0.3700090657260609
314347,1,7,3,3.1922229523408294
314348,1,7,1,20.00440506756946
314351,1,7,5,0.3700090141005197
314374,1,7,9,32.322590631287
314388,1,7,4,0.3700090657260609
314407,1,7,6,25.710144832338806
314421,1,7,5,0.3700090141005197
314429,1,7,7,4.005246894588301
314440,1,7,5,0.3700090141005197
314444,1,7,5,0.3700090141005197
314452,1,7,6,20.914095526843614
314461,1,7,10,15.208186297506305
314463,1,7,5,0.3700090141005197
314466,0,7,0,0.03313166706259468
314485,1,7,9,2.681298434056022
314510,1,7,7,2.8891969142510954
314525,1,7,6,29.605284930478966
314539,1,7,4,0.3700090656202526
314545,1,7,5,0.3700090141005197
314546,1,7,9,27.911981762504354
314586,1,7,4,0.3700090657260609
314591,1,7,5,0.3700090141005197
314592,1,7,5,0.3700090141005197
314594,1,7,1,11.599687844601723
314597,1,7,3,3.0349549474187816
314611,1,7,9,24.485158441167947
314618,1,7,4,0.3700090657260609
314620,1,7,10,5.8864478121495685
314626,1,7,4,0.3700090657260609
314632,1,7,9,3.741609687959338
314636,1,7,5,0.3700090141005197
314640,1,7,5,0.3700090141005197
314652,1,7,9,20.054331247171607
314696,1,7,3,3.2941302770296956
314702,1,7,10,9.887647608181323
314724,1,7,3,3.1920541225372214
314730,1,7,8,30.940065265306444
314731,1,7,6,26.667766308632928
314735,1,7,6,21.705392831285465
314769,1,7,6,29.93906617555222
314793,1,7,6,21.81400287471435
314795,1,7,9,33.744295586438525
314797,1,7,9,22.270143431260006
314820,1,7,9,32.4684161891413
314838,1,7,7,3.3902026968205323
314854,1,7,5,0.3700090141005197
314862,1,7,6,22.581173510188364
314864,1,7,8,8.015451064091133
314889,1,7,8,34.687614659520264
314892,1,7,6,8.623352468521274
314895,1,7,10,9.051330877871678
314898,1,7,8,26.76150920927072
314904,1,7,4,0.3700090657260609
314925,1,7,6,18.42456950179278
314932,1,7,8,25.797807790397815
314941,0,7,0,0.038939403819722114
314944,1,7,5,0.3700090141005197
314951,1,7,5,0.3700090141005197
314959,1,7,7,4.448751330197261
314965,1,7,7,0.34530766533480634
314970,1,7,5,0.3700090141005197
315004,1,7,8,14.053626248586868
315025,1,7,9,11.878637969957756
315050,1,7,8,25.896670065711017
315056,1,7,3,1.8691731432384704
315078,1,7,6,7.616976154652968
315095,1,7,1,24.890030426156617
315111,1,7,1,19.78139523660164
315116,1,7,8,24.85280091464315
315118,1,7,5,0.3700090141005197
315120,1,7,8,21.57397750155718
315126,1,7,1,9.385666837705193
315128,1,7,6,29.222592357250456
315130,1,7,6,30.249678524751374
315134,1,7,8,36.13577575383761
315140,1,7,8,14.282914976623037
315150,1,7,4,0.3700090657260609
315157,1,7,1,14.659048257293497
315160,1,7,9,33.17409377135826
315168,1,7,8,12.50027746147303
315214,1,7,8,7.336552847533865
315244,1,7,9,33.4219034037018
315245,1,7,2,7.262911308676286
315258,1,7,6,12.169390667644972
315259,1,7,7,5.300540051658368
315267,1,7,9,26.812157050844892
315288,1,7,9,19.842142572695607
315299,1,7,9,16.047932969912473
315303,1,7,6,28.44652173260218
315308,1,7,5,0.3700090141005197
315315,1,7,9,7.78202552490131
315319,1,7,8,9.158510761799295
315320,1,7,2,13.15616677418974
315321,1,7,1,25.794145209104865
315332,1,7,9,23.965065156145744
315352,1,7,6,12.188186505041177
315386,1,7,8,18.86389298027042
315387,0,7,0,0.029234294210815023
315397,1,7,2,16.490762434038974
315398,1,7,9,15.089463999423558
315403,1,7,5,0.3700090141005197
315414,1,7,6,28.737373569250845
315427,1,7,8,30.797700983703574
315428,1,7,6,26.351506842583472
315435,1,7,5,0.3700090141005197
315436,1,7,1,21.688930711876587
315442,0,7,0,0.14939213367983972
315469,1,7,5,0.3700090141005197
315509,1,7,9,31.85162695574257
315518,1,7,2,7.446895916479678
315536,1,7,6,21.097160233904845
315538,1,7,10,18.809101301239387
315539,1,7,10,12.700254302899456
315559,1,7,9,28.964403828970074
315572,1,7,6,29.679739140312225
315582,1,7,3,1.5700937371275936
315609,1,7,10,17.11289664932298
315622,1,7,1,22.46143456261976
315633,1,7,7,6.202417353800817
315637,1,7,8,12.219659571442717
315638,1,7,1,9.595214421067798
315640,1,7,7,6.217833710533656
315647,1,7,10,13.979123209210654
315654,1,7,8,12.7765601314922
315675,1,7,7,6.301876888965513
315712,1,7,6,7.85783480735246
315718,1,7,2,3.3596931183747047
315723,1,7,10,7.05979823314274
315734,0,7,0,0.046868421889351655
315742,1,7,3,2.4271912742301964
315789,1,7,9,31.51260443992177
315799,1,7,9,31.26769290867778
315808,1,7,7,6.182280045119368
315824,1,7,2,13.212383644758562
315831,1,7,7,2.7055254188335836
315841,1,7,8,30.395705766819958
315845,1,7,9,26.943179105370554
315847,1,7,5,0.3700090141005197
315858,1,7,8,26.57210504630591
315864,1,7,6,24.57744440835176
315897,0,7,0,0.030658113695657706
315900,1,7,9,21.54460751175629
315903,1,7,1,16.947796889344346
315939,1,7,7,4.261162289292399
315957,1,7,8,32.95104969814394
315975,1,7,3,2.3954839250708138
315985,1,7,7,0.4282459496450439
315987,1,7,9,22.15284735048419
315995,1,7,7,3.3464842572554176
315998,1,7,10,22.308604842370183
315999,1,7,9,31.796727290450285
316035,1,7,9,23.27553184706344
316037,1,7,9,14.836771021840754
316061,1,7,6,30.39305608205405
316064,0,7,0,0.04677754874872922
316086,1,7,4,0.3700090657260609
316107,1,7,10,26.022781151713737
316108,1,7,8,30.4132588902298
316121,1,7,8,32.73528695442018
316129,1,7,7,5.6766028522664955
316131,1,7,9,23.483419648882766
316135,1,7,5,0.3700090141005197
316140,1,7,4,0.3700090657260609
316145,1,7,8,23.996671285789265
316149,1,7,4,0.3700090657260609
316160,1,7,1,27.85794661044939
316161,1,7,6,10.148904584731085
316173,1,7,2,5.498110446677496
316174,1,7,8,24.54287386228789
316193,1,7,8,27.798229224916337
316198,1,7,10,16.81002659608835
316208,0,7,0,0.03317373992002548
316219,1,7,6,20.94436702201234
316231,1,7,1,11.136211528118642
316234,1,7,3,2.5336795276812483
316247,1,7,9,9.290712638263118
316262,1,7,8,11.25592764822915
316265,1,7,9,22.06817942598722
316277,1,7,4,0.3700090657260609
316284,1,7,8,29.30215499810905
316294,1,7,5,0.3700090141005197
316312,1,7,10,24.3778339236824
316320,1,7,8,24.616573612833296
316323,1,7,9,5.9955948741753025
316324,1,7,8,20.62759314918756
316327,1,7,6,29.377771332989262
316335,1,7,3,3.2314698257961205
316340,1,7,3,3.1963378321101916
316343,1,7,3,3.2179035507756546
316357,1,7,3,0.9110047124192331
316366,1,7,5,0.3700090141005197
316367,1,7,8,26.977708269607234
316379,0,7,0,0.027845870207682664
316380,1,7,3,2.8008808684927096
316393,1,7,8,32.641160711971864
316408,1,7,6,23.143827311051446
316414,1,7,5,0.3700090141005197
316416,1,7,8,31.103146003328153
316422,1,7,10,23.297331999497796
316430,1,7,6,19.38566448116949
316441,0,7,0,0.039281562337603715
316447,1,7,5,0.3700090141005197
316449,1,7,1,9.968816475603683
316452,1,7,7,2.798293829652056
316466,1,7,9,33.36942260498752
316479,1,7,6,29.97669877972847
316481,1,7,9,5.06445169040474
316485,1,7,8,2.5669951367126567
316495,1,7,5,0.37000902039789374
316506,1,7,6,30.63815067783307
316521,1,7,10,16.00722497273197
316527,1,7,1,27.663799539192553
316545,1,7,7,3.34071105983129
316584,1,7,8,8.11539806746088
316594,1,7,3,1.0459555598170933
316595,1,7,1,27.28929290176853
316622,1,7,1,27.493158291267726
316628,1,7,7,3.4631563109109256
316630,1,7,5,0.3700090141005197
316636,1,7,2,16.4239276198176
316642,1,7,1,26.277205659264602
316665,1,7,7,4.940994344890372
316667,1,7,9,23.878863147472526
316672,1,7,2,13.393807408447039
316680,1,7,9,33.44200593020232
316685,1,7,5,0.3700090141005197
316703,1,7,5,0.3700090141005197
316708,1,7,1,4.09902336929783
316718,1,7,6,19.547847081900017
316727,1,7,5,0.3700090141005197
316728,1,7,1,18.033431865199898
316747,1,7,9,22.37668209347882
316750,1,7,5,0.3700090141005197
316771,1,7,10,12.639184851726073
316795,1,7,4,0.3700090657260609
316804,1,7,10,25.619352797065876
316815,1,7,9,9.314202104668762
316829,1,7,5,0.3700090141005197
316833,1,7,7,2.502386950234023
316839,1,7,2,9.966113070200265
316840,1,7,10,16.351134818478027
316865,1,7,8,34.366533117381074
316866,1,7,8,28.158790734440213
316867,1,7,8,35.45958868248695
316878,1,7,10,17.769276059770746
316893,1,7,5,0.3700090141005197
316903,1,7,8,15.757907148855706
316908,1,7,2,14.347529046434197
316921,1,7,4,0.3700090657260609
316936,1,7,4,0.3700090657260609
316937,1,7,5,0.3700090141005197
316943,1,7,9,2.3867551045327766
316954,1,7,9,16.015104005739396
316964,1,7,4,0.3700090657260609
316974,1,7,8,36.119034961635684
316978,1,7,9,29.88336874458319
317014,1,7,10,13.583006520073722
317020,1,7,8,18.514727560319113
317022,1,7,9,28.79426009638601
317031,1,7,9,20.311543651680992
317039,1,7,9,32.54043069260783
317067,1,7,4,0.3700090657260609
317068,1,7,1,20.637269258691312
317072,1,7,9,25.479069643028723
317079,1,7,5,0.3700090141005197
317087,1,7,4,0.3700090657260609
317092,1,7,6,18.80041072432776
317102,1,7,8,11.114059882561193
317104,1,7,10,23.43536352989258
317109,1,7,3,1.983083075470322
317111,1,7,6,28.799352853215964
317144,1,7,3,2.9629449801593593
317161,1,7,5,0.37000902039789374
317163,1,7,7,5.450808949831514
317173,1,7,10,5.266853352229146
317176,1,7,6,29.765934131553283
317194,1,7,1,25.471717079636434
317198,1,7,9,28.443744174038066
317221,1,7,10,14.920162779387587
317243,1,7,2,13.413789675835782
317251,1,7,3,2.714420010472755
317261,1,7,10,18.38633679133778
317266,1,7,8,8.394025377983452
317267,1,7,8,21.422691568149993
317278,1,7,10,11.193537013804296
317299,1,7,10,22.8139755005889
317304,1,7,6,27.9010469422099
317313,1,7,1,14.20216582640017
317317,1,7,8,24.60397555824989
317319,1,7,3,3.130850357354329
317335,1,7,9,13.194470359533788
317337,1,7,7,6.069797176984965
317343,1,7,2,3.741990606294391
317353,1,7,9,22.408516412720886
317369,1,7,1,6.688141911430087
317384,1,7,6,27.727922768704186
317397,1,7,9,8.208939911750507
317398,1,7,5,0.3700090141005197
317416,1,7,8,26.005766326749875
317422,1,7,8,24.668224649755363
317423,1,7,2,11.038726768853097
317494,1,7,1,25.04054579347515
317501,1,7,2,7.349775916924947
317517,1,7,4,0.3700090657260609
317530,1,7,9,33.355007816420326
317546,1,7,10,7.886367430920022
317606,1,7,5,0.3700090141005197
317617,1,7,6,28.364562544482553
317626,1,7,7,5.206752516725019
317628,1,7,1,15.335771228170765
317630,1,7,1,24.94495201255941
317666,1,7,8,24.522714485511333
317670,1,7,4,0.3700090657260609
317696,1,7,4,0.3700090657260609
317701,1,7,9,20.031764672008947
317713,1,7,9,32.68707897603905
317716,1,7,8,16.932691208330656
317721,1,7,9,31.618273791189193
317724,1,7,10,14.656279338669146
317728,1,7,6,16.037692769772985
317729,0,7,0,0.09572754414841587
317734,1,7,9,28.447869391223207
317750,1,7,8,33.35577166139584
317760,0,7,0,0.038256967898998843
317789,1,7,6,26.228037815313655
317818,1,7,9,33.61623173651948
317835,1,7,3,2.2994146592108535
317846,1,7,1,27.335121278978193
317861,1,7,1,20.667790050447508
317878,1,7,5,0.3700090141005197
317896,1,7,10,22.3170711589322
317942,1,7,5,0.3700090141005197
317946,1,7,7,6.222830024941418
317951,1,7,8,8.152449287321998
317960,1,7,8,18.204661066841787
317961,1,7,9,11.2576004146366
317964,1,7,9,10.735735157641612
317981,1,7,7,6.203073044631827
317990,1,7,8,14.290567800148377
317991,1,7,10,14.00420934234448
317995,0,7,0,0.029905357825057325
317997,1,7,5,0.3700090141005197
318005,1,7,8,32.964649217523785
318026,1,7,8,28.951851549318206
318060,1,7,5,0.3700090141005197
318061,1,7,7,3.165685680481824
318062,1,7,9,13.533295688473514
318065,1,7,8,20.52190781343105
318096,1,7,10,7.40371842407449
318112,1,7,9,6.440856991572653
318119,1,7,9,12.038505026205733
318122,1,7,2,9.20638111420988
318130,1,7,6,24.429238264616952
318133,1,7,9,24.295680720187807
318135,1,7,5,0.3700090141005197
318137,1,7,5,0.3700090141005197
318150,1,7,6,8.07534424357802
318157,0,7,0,0.04486578859281259
318159,1,7,10,19.917649320374586
318162,1,7,5,0.3700090141005197
318190,0,7,0,0.040082817352701305
318196,1,7,1,25.621012259638157
318215,1,7,9,25.929848421978583
318256,1,7,3,1.8060973037671961
318264,1,7,9,31.86201277673168
318266,1,7,7,4.580083337129281
318271,1,7,6,26.97685979446123
318275,1,7,8,22.451375240203607
318279,1,7,6,17.460590732478753
318282,1,7,5,0.37000902039789374
318302,1,7,7,1.7211865425253572
318310,1,7,9,32.23975489527463
318317,1,7,9,11.378606848555926
318391,1,7,4,0.3700090657260609
318392,1,7,9,22.299358180936853
318423,1,7,8,15.741234850590361
318437,1,7,9,29.919557273504488
318440,1,7,8,35.631420658694005
318445,1,7,6,12.868820583395548
318456,1,7,5,0.3700090141005197
318469,1,7,7,2.4831244966913713
318482,1,7,4,0.3700090657260609
318497,1,7,7,0.6128149314071281
318506,1,7,10,6.9684877662344915
318508,1,7,3,3.021902032557157
318517,1,7,8,16.03476423409571
318527,1,7,9,15.057413345112941
318529,1,7,4,0.3700090657260609
318557,1,7,3,3.214795738018982
318558,1,7,3,3.1974146554257663
318562,1,7,10,11.3989414895468
318581,1,7,8,25.63997068250669
318589,1,7,5,0.3700090141005197
318592,1,7,3,3.1785629033847407
318602,1,7,5,0.3700090141005197
318616,1,7,4,0.3700090657260609
318628,1,7,10,10.13224481052562
318639,1,7,5,0.3700090141005197
318651,1,7,8,14.157071605299542
318653,1,7,9,30.464117106083776
318659,1,7,8,29.032178840487973
318677,1,7,8,23.53137348086388
318689,1,7,6,19.060839182233032
318705,1,7,4,0.3700090657260609
318718,1,7,9,28.238238758202254
318730,0,7,0,0.03303524498485809
318745,1,7,7,4.154479136777441
318750,1,7,7,0.7424158213778326
318752,1,7,8,16.847619972023377
318767,1,7,3,3.2121912739889416
318772,1,7,6,9.2335276758001
318773,1,7,7,3.6946157623351397
318777,1,7,4,0.3700090657260609
318779,1,7,10,17.3561262648505
318780,1,7,6,26.977344140980804
318800,1,7,5,0.3700090141005197
318818,1,7,8,21.99183554392361
318820,1,7,6,12.041657988359546
318821,1,7,9,24.777177469563103
318824,1,7,9,28.23152327949264
318826,1,7,4,0.3700090657260609
318836,1,7,8,4.42197126343962
318862,1,7,8,28.785557204135458
318871,1,7,10,12.821117464748433
318873,1,7,5,0.3700090141005197
318892,1,7,5,0.3700090141005197
318894,1,7,6,27.712341570234518
318898,1,7,9,20.981390340391226
318941,1,7,8,14.441013979690268
318968,1,7,8,34.27160432668187
318993,1,7,7,4.850279458303113
319036,1,7,4,0.3700090657260609
319048,1,7,5,0.37000902039789374
319060,1,7,6,19.149427269194547
319065,1,7,9,13.020754491541824
319069,1,7,5,0.3700090141005197
319070,1,7,8,15.770990451353423
319081,1,7,5,0.3700090141005197
319086,1,7,5,0.3700090141005197
319093,1,7,9,27.95255696400505
319095,1,7,3,3.2029144788091637
319111,0,7,0,0.040473762744353416
319114,1,7,8,18.44746857996176
319135,1,7,8,26.335622163963805
319150,1,7,8,17.93049533573091
319151,1,7,8,13.21750564535358
319161,1,7,3,3.199017776980977
319168,1,7,8,36.12189110427599
319177,1,7,9,27.699906648136988
319179,1,7,9,12.689473378667206
319181,1,7,5,0.3700090141005197
319207,1,7,6,16.380559840321745
319208,1,7,2,15.389186894191052
319217,1,7,9,22.15607426492585
319238,1,7,5,0.3700090141005197
319239,1,7,1,17.68160154516078
319254,1,7,9,13.313998737169365
319275,1,7,9,21.841298205180053
319282,1,7,8,32.67022436512574
319286,1,7,5,0.3700090141005197
319292,1,7,9,23.01971596078483
319318,1,7,10,18.219852659524463
319322,1,7,7,1.3708107817329485
319358,1,7,6,16.275323312913955
319360,1,7,8,33.433944185523494
319371,1,7,9,6.447692075469152
319377,1,7,10,12.288343678548305
319380,1,7,10,16.556628679993313
319392,1,7,4,0.3700090657260609
319396,1,7,9,33.307608775484724
319404,1,7,5,0.3700090141005197
319412,1,7,5,0.3700090141005197
319421,1,7,6,29.76780518389465
319422,1,7,8,29.236944777034818
319440,1,7,1,11.173570297081339
319452,1,7,10,23.99828832054374
319453,1,7,9,27.596400740963144
319469,1,7,10,14.963979343598778
319479,1,7,6,14.333918022331792
319484,1,7,10,16.24992185527815
319499,1,7,6,11.874662206526487
319507,1,7,10,20.998985489175826
319509,1,7,10,14.799770086573629
319512,1,7,7,6.535312860532185
319555,1,7,1,10.281238390142684
319556,0,7,0,0.038993854324496965
319558,1,7,5,0.3700090141005197
319561,1,7,1,18.03071777464168
319574,1,7,5,0.3700090141005197
319580,1,7,8,29.08234465966087
319581,1,7,6,22.899511982752593
319583,1,7,7,5.7987690113104176
319591,1,7,8,24.27999660766922
319597,1,7,4,0.3700090657260609
319600,1,7,5,0.3700090141005197
319605,1,7,9,17.95809333752519
319609,1,7,8,27.586434691790092
319622,1,7,9,30.981723231836533
319630,1,7,8,29.20321985090226
319632,0,7,0,0.0331114188513455
319673,1,7,8,20.094592034979122
319688,1,7,10,18.11393234195506
319701,1,7,5,0.3700090141005197
319727,1,7,8,5.1466497340240664
319729,1,7,2,6.074063391766476
319732,1,7,5,0.3700090141005197
319738,1,7,10,22.49915852903556
319740,1,7,7,3.837737331238594
319746,1,7,5,0.3700090141005197
319761,1,7,10,20.66775550890325
319779,1,7,5,0.3700090141005197
319801,1,7,8,8.447011670491275
319823,1,7,5,0.3700090141005197
319831,1,7,10,11.49750107976135
319832,1,7,5,0.3700090141005197
319856,1,7,6,27.751701946413306
319860,1,7,8,16.348261081971305
319893,1,7,6,14.317904288281067
319914,1,7,6,29.536690344703857
319931,1,7,7,6.1996560024654075
319949,1,7,6,25.885809364836255
319961,1,7,4,0.3700090657260609
319978,1,7,1,23.77982064894227
319998,1,7,4,0.3700090657260609
320007,1,7,1,20.02420557486991
320010,1,7,9,33.482371777188455
320031,1,7,8,5.055658300683438
320041,1,7,9,23.79811337236667
320050,1,7,8,24.488746414607085
320061,1,7,10,9.441752510579585
320063,1,7,5,0.3700090141005197
320086,1,7,7,4.240366474448785
320095,1,7,7,0.36024915290188825
320096,1,7,4,0.3700090657260609
320097,1,7,6,10.184410609201818
320115,1,7,8,35.6730275977568
320141,1,7,4,0.3700090657260609
320153,1,7,9,13.554083411752249
320161,1,7,4,0.3700090657260609
320164,1,7,8,4.928586616811496
320169,1,7,5,0.3700090141005197
320179,1,7,8,25.036621086530552
320183,1,7,9,20.940218902966997
320186,1,7,10,18.447180815426776
320187,1,7,9,26.97395419518882
320198,0,7,0,0.031208512818965677
320209,1,7,8,36.08193958290046
320210,1,7,8,31.45391064565986
320230,1,7,9,32.71991997918246
320242,1,7,5,0.3700090141005197
320255,1,7,5,0.3700090141005197
320270,1,7,7,1.8699714093031643
320281,1,7,8,34.36200975823743
320287,1,7,6,5.888488982602232
320306,1,7,6,17.141263055896747
320312,1,7,10,11.752122822080356
320314,1,7,8,18.40033989261654
320318,0,7,0,0.03893216631074339
320329,1,7,8,24.058411566315804
320337,1,7,4,0.3700090657260609
320358,1,7,1,21.56857644981704
320363,1,7,5,0.37000902039789374
320368,1,7,6,24.867043568835324
320382,1,7,6,25.4137243533043
320385,1,7,1,6.0060967173495765
320387,1,7,5,0.3700090141005197
320392,0,7,0,0.035271718233848476
320402,1,7,8,20.89000221444211
320415,1,7,1,10.542894194992225
320429,0,7,0,0.04537635907299571
320454,0,7,0,0.03852692633438735
320457,1,7,4,0.3700090657260609
320458,1,7,6,21.005145407135696
320460,1,7,3,1.8795565559719127
320486,1,7,8,21.266951301177677
320489,1,7,4,0.3700090657260609
320534,1,7,8,14.017819015514881
320536,1,7,3,2.2302757147930254
320542,1,7,9,32.03683404067002
320556,1,7,6,28.81726248142894
320572,1,7,9,21.89292533825171
320577,1,7,10,25.915562020420385
320579,1,7,6,6.106720560906817
320584,1,7,4,0.3700090657260609
320589,1,7,5,0.3700090141005197
320601,1,7,5,0.3700090141005197
320604,1,7,2,12.961721631418044
320608,1,7,10,14.874418648198976
320638,0,7,0,0.03151744335043691
320659,1,7,6,6.737673736493127
320662,1,7,9,29.607961672979986
320677,1,7,5,0.3700090141005197
320686,1,7,4,0.3700090656202526
320691,1,7,4,0.3700090656202526
320693,1,7,7,2.7274116022629666
320699,1,7,2,10.090491408142837
320705,1,7,4,0.3700090657260609
320706,1,7,8,26.908255330661248
320716,1,7,1,17.185571980608415
320732,1,7,4,0.3700090657260609
320734,1,7,9,11.294219507066302
320746,1,7,8,30.44888005106663
320760,1,7,4,0.3700090657260609
320767,1,7,10,21.37792736098149
320781,1,7,9,10.38717762550355
320787,1,7,10,4.059683505070474
320793,1,7,9,30.644702916329297
320797,1,7,7,4.961669842196799
320808,1,7,5,0.3700090141005197
320810,1,7,4,0.3700090657260609
320816,1,7,1,21.42723012006589
320843,1,7,5,0.3700090141005197
320868,1,7,7,3.94457122098363
320874,1,7,8,34.955293834877786
320893,1,7,2,8.88591767872673
320903,1,7,9,20.073635735663853
320920,1,7,10,10.547069341966886
320922,1,7,8,14.835627627803014
320924,1,7,9,18.08735612732022
320932,1,7,9,30.14655906621064
320933,1,7,8,16.318037472705385
320968,1,7,8,14.54827225145067
320973,1,7,6,30.356474357647294
320976,1,7,3,2.788651657925255
320983,1,7,5,0.37000902039789374
321004,1,7,10,24.94939853525724
321007,1,7,10,4.762041507712239
321009,1,7,8,24.73799308477814
321017,1,7,3,1.4657684639029582
321021,1,7,9,31.143417355108078
321031,1,7,9,13.144520137295737
321040,1,7,10,24.347352197772246
321043,1,7,4,0.3700090657260609
321048,1,7,1,25.652527176596355
321060,1,7,5,0.3700090141005197
321066,1,7,9,2.262847042850558
321092,1,7,1,18.986025245246225
321104,1,7,8,35.76508223664391
321115,1,7,8,26.927623249688487
321119,1,7,8,16.229778799721647
321124,0,7,0,0.04682079909989465
321141,1,7,8,24.339110261584928
321153,1,7,8,18.55248867781646
321176,1,7,3,2.6149611086585303
321184,1,7,10,22.471486201445483
321197,1,7,8,7.763154583143886
321206,1,7,9,20.037610457267512
321211,1,7,9,10.765972510548217
321213,1,7,1,8.685394454425158
321224,1,7,1,4.386293447125178
321239,1,7,2,15.871841052290828
321245,1,7,6,22.047324730251596
321246,1,7,9,21.657857059946462
321251,1,7,6,7.896333448608817
321256,1,7,5,0.3700090141005197
321277,1,7,1,12.429810146211
321287,1,7,2,14.17382600077516
321298,1,7,10,5.673565865005322
321311,1,7,6,8.712545282330705
321324,1,7,5,0.3700090141005197
321325,1,7,5,0.3700090141005197
321335,1,7,9,21.249704992362943
321344,1,7,9,33.192961025667145
321349,1,7,9,25.094545054928446
321351,0,7,0,0.03316753340269015
321363,1,7,3,2.5390136485863137
321405,1,7,6,9.367001861384495
321415,1,7,9,16.624680336749798
321422,1,7,5,0.3700090141005197
321430,1,7,5,0.3700090141005197
321461,1,7,8,11.050395666188619
321464,1,7,6,21.051234070205822
321482,1,7,7,3.832974189869497
321488,1,7,3,3.196680059304015
321489,1,7,8,12.991469764775472
321497,1,7,5,0.3700090141005197
321554,1,7,5,0.3700090141005197
321562,1,7,5,0.3700090141005197
321566,1,7,9,25.074449429179033
321577,1,7,9,25.076133525512127
321586,1,7,6,29.653226376158056
321643,1,7,4,0.3700090657260609
321646,1,7,6,26.990186856616614
321648,1,7,7,5.38112543848221
321657,1,7,5,0.3700090141005197
321661,1,7,1,25.461854433333084
321677,1,7,5,0.3700090141005197
321686,1,7,4,0.3700090657260609
321698,1,7,4,0.3700090656202526
321711,1,7,8,21.527458588012195
321720,1,7,2,16.359179138499755
321725,1,7,5,0.3700090141005197
321728,1,7,4,0.3700090657260609
321741,1,7,9,25.20004474931386
321744,1,7,5,0.3700090141005197
321745,1,7,10,7.286153314970129
321803,1,7,9,27.14645962204911
321808,1,7,2,7.456575921769142
321818,1,7,9,17.66941222989701
321821,1,7,6,10.309957021582708
321850,1,7,4,0.3700090657260609
321857,0,7,0,0.03823603751444956
321866,1,7,1,6.917616272506979
321876,1,7,9,33.19492873539945
321877,1,7,9,12.764684437821446
321879,1,7,6,15.977370699595605
321903,1,7,4,0.3700090657260609
321907,1,7,8,26.4187132982489
321909,1,7,1,14.887829838687804
321916,1,7,7,2.5710062702250798
321917,1,7,10,18.480704157388026
321920,1,7,9,24.465476539330748
321921,1,7,8,24.835978784179446
321924,1,7,6,30.106093015925204
321928,1,7,2,3.466903364207746
321935,1,7,10,22.958206864395937
321936,1,7,5,0.3700090141005197
321948,1,7,3,2.9940115042959006
321951,1,7,6,29.563117906519675
321975,1,7,10,8.945084831358779
321987,1,7,9,18.677505654017292
322001,1,7,9,9.687518349963081
322013,1,7,5,0.3700090141005197
322028,1,7,8,29.23825611970631
322039,1,7,1,4.077575409330785
322044,1,7,8,13.155063416887648
322051,1,7,1,15.471560822487636
322052,1,7,5,0.3700090141005197
322053,1,7,5,0.3700090141005197
322056,1,7,8,31.459352513196567
322058,1,7,9,3.163328941298901
322059,1,7,1,22.50121356793656
322068,1,7,8,33.42367758339126
322090,0,7,0,0.15767198663147222
322103,1,7,9,24.10548472470369
322109,1,7,4,0.3700090657260609
322115,1,7,4,0.3700090657260609
322121,1,7,10,24.527984904467235
322134,1,7,4,0.3700090657260609
322138,1,7,8,26.471953940456373
322148,1,7,1,22.784922360558376
322171,1,7,10,16.30241786574525
322174,1,7,8,24.584012152290036
322177,1,7,9,28.105189915172307
322179,1,7,1,22.76732552175314
322199,1,7,9,21.519689737599307
322203,1,7,2,11.728027789855856
322206,1,7,1,6.3732820323189605
322237,1,7,5,0.3700090141005197
322250,0,7,0,0.08544733017320594
322267,1,7,1,23.959848507486985
322273,1,7,6,27.980410732620737
322288,1,7,6,29.89100024856981
322297,1,7,1,18.077700482094574
322299,1,7,2,11.766868995060644
322300,0,7,0,0.03263694726300921
322308,0,7,0,0.04140837095696456
322333,1,7,10,13.201309777054474
322341,0,7,0,0.04576508065115718
322359,1,7,9,26.52456204070438
322364,1,7,1,6.980756016233429
322377,1,7,4,0.3700090657260609
322380,1,7,2,8.622827562277749
322385,1,7,6,28.415489938808978
322401,1,7,6,17.06278954955963
322404,1,7,9,24.983386273209245
322410,1,7,6,18.52907370192333
322433,1,7,2,12.586111461478229
322449,1,7,7,2.9415512975807876
322473,1,7,9,22.341579025556427
322477,1,7,6,22.98176128683442
322494,1,7,10,26.016197842962793
322508,1,7,3,1.4195773573728403
322521,1,7,4,0.3700090657260609
322528,1,7,2,16.257351014070977
322541,1,7,6,9.520982237216632
322567,1,7,4,0.3700090657260609
322569,1,7,8,32.23251151884994
322598,0,7,0,0.04255820501399146
322601,1,7,6,21.420771561237533
322639,1,7,1,8.974046638613197
322647,1,7,9,20.396421777804974
322660,1,7,7,5.582679739639596
322664,1,7,9,23.336267525528797
322682,1,7,1,14.384720965128539
322683,1,7,6,25.19167321780941
322687,1,7,8,10.728602261103461
322693,1,7,5,0.3700090141005197
322697,1,7,9,23.74469527321165
322712,1,7,6,27.656131661923418
322733,1,7,8,23.528788596043626
322741,1,7,1,25.77285587148365
322750,1,7,6,29.34712022724661
322751,1,7,7,2.5604319045840924
322784,1,7,8,14.1718038926361
322795,1,7,9,29.624100846777864
322804,1,7,3,0.894205749742041
322831,1,7,1,24.00032964521737
322836,1,7,6,22.288077974254126
322866,1,7,5,0.3700090141005197
322878,1,7,5,0.3700090141005197
322888,1,7,8,16.731876794817506
322895,1,7,9,30.135241166873563
322896,1,7,1,17.30304540566899
322904,1,7,6,22.17657804313312
322906,1,7,9,29.836802686776675
322909,1,7,8,15.213891744807011
322911,1,7,4,0.3700090657260609
322915,1,7,7,5.389944824736203
322926,1,7,4,0.3700090657260609
322938,1,7,6,30.16193254234159
322940,1,7,4,0.3700090657260609
322957,1,7,9,24.693519816393223
322958,1,7,5,0.3700090141005197
322960,1,7,5,0.3700090141005197
322964,1,7,4,0.3700090657260609
322966,1,7,6,9.223084173540173
322974,1,7,10,24.88557512588925
322997,1,7,9,14.70359553885929
323027,1,7,2,16.08598201431106
323045,1,7,9,5.928305448384977
323074,1,7,10,18.51468017505428
323077,1,7,8,26.22260337420381
323085,1,7,7,0.3911054780921345
323091,1,7,3,3.148475753525125
323096,1,7,8,4.346964232133305
323098,1,7,7,4.5798497270027045
323108,1,7,7,3.77761990150075
323113,1,7,6,30.081277537048113
323160,1,7,6,9.745210223333528
323176,1,7,8,32.29550767331693
323177,0,7,0,0.028335062383254287
323182,1,7,8,32.723841633345124
323186,1,7,5,0.3700090141005197
323195,1,7,9,5.631988368412243
323201,1,7,6,11.108246038417166
323205,1,7,6,17.494299871127012
323215,1,7,10,23.508945501217838
323241,1,7,7,4.849177318551653
323252,1,7,5,0.3700090141005197
323292,1,7,4,0.3700090657260609
323299,1,7,4,0.3700090657260609
323302,1,7,10,7.477128575252899
323304,1,7,4,0.3700090657260609
323305,1,7,9,29.939964429405677
323318,1,7,9,3.5013083683290893
323320,1,7,5,0.3700090141005197
323323,1,7,4,0.3700090657260609
323326,1,7,9,17.72865990646764
323340,1,7,9,5.2346043152911745
323342,1,7,10,12.583701028008075
323344,1,7,4,0.3700090657260609
323345,1,7,8,29.99080883351476
323346,1,7,5,0.3700090141005197
323357,1,7,5,0.3700090141005197
323368,1,7,7,0.6761230700472839
323370,1,7,2,16.207002666781374
323379,1,7,4,0.3700090657260609
323401,1,7,4,0.3700090657260609
323407,1,7,10,12.411392774178838
323439,0,7,0,0.032911367234218426
323447,1,7,5,0.3700090141005197
323448,1,7,10,24.72740272027899
323476,1,7,1,4.129349852496184
323500,1,7,4,0.3700090657260609
323501,1,7,9,30.653900946199293
323510,1,7,7,4.000885095094434
323511,1,7,9,33.481485418170344
323524,1,7,8,6.41379438198189
323541,1,7,8,11.59766897005467
323542,1,7,6,27.545762897343447
323555,1,7,1,13.739423213987322
323567,1,7,9,14.22888416814956
323568,1,7,3,3.097337220312464
323586,1,7,9,21.978814877256653
323595,1,7,1,25.644239592343517
323600,1,7,5,0.3700090141005197
323631,1,7,10,17.588661901768408
323650,1,7,6,23.058590169358162
323658,1,7,10,11.956828689402704
323664,1,7,9,29.088187659255542
323670,1,7,6,30.046889725212175
323673,1,7,10,4.494846696267058
323674,0,7,0,0.04715243867703073
323692,1,7,7,5.435904995900678
323694,1,7,5,0.3700090141005197
323701,1,7,9,14.50170521163662
323703,1,7,1,24.565416314778563
323705,1,7,8,10.732456427711384
323711,1,7,10,5.81056139837473
323743,1,7,7,5.890641871184045
323744,1,7,2,2.838786938188389
323745,1,7,10,18.94518423782594
323774,1,7,2,14.05505408498711
323804,1,7,4,0.3700090657260609
323815,1,7,5,0.3700090141005197
323817,1,7,8,23.9461925577479
323819,1,7,10,22.72444471878858
323821,1,7,4,0.3700090657260609
323823,1,7,8,3.8883638830802805
323833,1,7,9,23.2405386972807
323861,1,7,6,13.987300993914886
323873,1,7,5,0.3700090141005197
323881,1,7,9,18.72290987419351
323886,1,7,9,31.241286384425713
323896,1,7,6,26.97289817137044
323909,1,7,8,23.937681682095743
323912,1,7,10,7.26123568938781
323925,1,7,7,5.871203074521058
323926,1,7,10,15.910307782984964
323937,1,7,6,28.305306540253486
323954,1,7,6,9.991661929824572
323971,1,7,4,0.3700090656202526
323994,1,7,8,16.77946393633993
324010,1,7,6,18.76366464928377
324054,1,7,1,26.02570413480097
324061,1,7,5,0.3700090141005197
324072,1,7,10,17.000952425485277
324074,1,7,7,5.749506699844912
324092,1,7,4,0.3700090657260609
324111,1,7,2,16.425136462595134
324115,1,7,5,0.3700090141005197
324142,1,7,9,31.778100216018643
324145,1,7,10,12.60099401969406
324169,1,7,3,2.8127650600712477
324187,1,7,10,23.66951713168036
324199,1,7,1,4.352933255313351
324207,1,7,8,18.718977133952492
324232,1,7,5,0.3700090141005197
324234,1,7,6,23.717814013056348
324241,0,7,0,0.03874037760618483
324245,1,7,5,0.3700090141005197
324250,1,7,1,23.897492997677862
324254,1,7,4,0.3700090657260609
324265,1,7,9,17.598080468328156
324267,0,7,0,0.06121358663193851
324269,1,7,6,14.218019944199709
324272,1,7,6,21.840991277236355
324283,1,7,8,30.86081053625861
324303,1,7,9,30.89317978175668
324309,1,7,9,29.903183178723307
324316,0,7,0,0.035093598779344225
324317,1,7,5,0.3700090141005197
324321,1,7,9,29.232659404563147
324335,1,7,3,1.0729399855326143
324345,1,7,9,31.104457572810222
324396,1,7,9,7.385461216417137
324407,1,7,5,0.3700090141005197
324413,1,7,8,32.70314426337288
324428,1,7,4,0.3700090657260609
324435,1,7,8,9.047761038531208
324474,1,7,8,20.32574785383721
324475,0,7,0,0.03908432716161471
324494,1,7,6,8.283730419628611
324497,1,7,8,32.59480040421742
324501,1,7,9,32.44700261333945
324507,1,7,8,25.96288912981555
324524,1,7,6,29.36512391444629
324559,1,7,4,0.3700090657260609
324569,1,7,10,23.53916075544828
324586,1,7,5,0.3700090141005197
324589,1,7,3,3.1819387920011337
324609,1,7,10,26.002543773621476
324611,1,7,8,32.15098309878546
324623,1,7,4,0.3700090657260609
324648,1,7,4,0.3700090657260609
324664,1,7,9,16.530126106429147
324676,1,7,8,15.347778200939613
324687,1,7,8,21.718756366375153
324688,1,7,5,0.3700090141005197
324699,1,7,4,0.3700090657260609
324732,1,7,4,0.3700090657260609
324733,1,7,9,32.23797200941797
324738,1,7,4,0.3700090657260609
324749,1,7,5,0.3700090141005197
324768,1,7,6,18.075463743069605
324799,1,7,5,0.37000902039789374
324802,1,7,4,0.3700090656202526
324804,1,7,10,24.954193096812038
324824,1,7,2,8.276756664351225
324835,1,7,8,30.623999311837718
324860,1,7,9,9.612230144785789
324862,1,7,7,5.707671325925786
324885,0,7,0,0.03601921448829405
324893,1,7,10,19.80168732207465
324897,1,7,1,25.09295147041318
324908,1,7,5,0.3700090141005197
324911,1,7,5,0.3700090141005197
324912,1,7,6,17.968825156982668
324914,1,7,6,14.179201201510661
324922,1,7,3,2.9475979828511614
324941,1,7,5,0.3700090141005197
324947,1,7,6,16.10877816718381
324954,1,7,4,0.3700090657260609
324958,1,7,5,0.3700090141005197
324964,1,7,9,10.534721962337908
324969,1,7,5,0.3700090141005197
324971,1,7,5,0.3700090141005197
324981,1,7,10,11.797883636654976
324986,0,7,0,0.03292674310621099
324992,1,7,8,17.923511128871265
324994,1,7,8,28.55748387489693
325009,1,7,4,0.3700090657260609
325013,1,7,9,16.350987146693466
325032,1,7,1,18.752486265960233
325050,1,7,10,8.414020801341998
325057,1,7,8,7.283886407771534
325074,1,7,8,6.968743939627434
325076,1,7,4,0.3700090656202526
325078,1,7,3,2.673837363528361
325092,1,7,7,2.7454032210986496
325111,1,7,5,0.3700090141005197
325122,1,7,4,0.3700090657260609
325132,1,7,8,25.889048657241755
325135,1,7,8,22.41118945604569
325143,1,7,2,11.652815224750485
325161,1,7,6,29.364810088275245
325168,1,7,5,0.3700090141005197
325171,0,7,0,0.03411088953850385
325175,1,7,5,0.3700090141005197
325176,1,7,6,28.881054252007637
325190,1,7,9,21.365458494144086
325195,1,7,7,2.7184293665060952
325198,0,7,0,0.0369209148475873
325199,1,7,9,28.437886659103828
325201,1,7,5,0.3700090141005197
325209,1,7,3,3.009506622814958
325237,1,7,7,0.345593052005391
325240,1,7,5,0.3700090141005197
325269,1,7,3,2.9026121555654543
325273,1,7,10,8.707306670314159
325286,1,7,9,25.2176830493943
325292,1,7,4,0.3700090657260609
325295,1,7,8,26.32609737390588
325296,1,7,9,29.071821697554338
325306,1,7,1,4.401512535564997
325311,1,7,4,0.3700090657260609
325328,1,7,9,30.677632084381415
325338,1,7,8,35.400700591804714
325341,1,7,9,20.559405198657306
325348,1,7,4,0.3700090656202526
325349,1,7,5,0.37000902039789374
325358,1,7,8,16.446013180355692
325360,1,7,7,5.9514581562745805
325364,1,7,8,6.712532075290824
325367,1,7,4,0.3700090657260609
325382,1,7,8,27.211837626050205
325394,1,7,6,27.73395614802141
325454,1,7,9,20.552590985314193
325464,1,7,4,0.3700090657260609
325465,1,7,4,0.3700090657260609
325469,1,7,5,0.3700090141005197
325489,1,7,9,30.664058807640178
325498,1,7,7,5.510169796076437
325508,1,7,9,31.52501154541504
325518,1,7,10,20.54095780093207
325535,1,7,8,26.036196807495234
325553,1,7,10,20.991281804683634
325558,1,7,9,13.712661584514613
325573,1,7,8,33.40560692867441
325574,1,7,8,21.842149523052388
325590,1,7,5,0.3700090141005197
325616,1,7,10,14.403747620562639
325624,1,7,4,0.3700090657260609
325661,1,7,10,13.063533263812783
325675,1,7,9,12.923644113686729
325685,1,7,5,0.3700090141005197
325699,1,7,9,15.814815669971265
325715,1,7,6,6.1739426245798805
325737,1,7,8,26.314985808395075
325745,1,7,5,0.3700090141005197
325760,1,7,6,17.44045214803548
325763,1,7,10,8.26355154734635
325799,0,7,0,0.03246727135521238
325801,0,7,0,0.03557779848862825
325804,1,7,7,3.0315601549687594
325810,1,7,9,30.98010278219437
325813,1,7,1,4.9777939854565965
325842,1,7,9,24.989932103870395
325850,1,7,3,2.7030826725658943
325875,1,7,9,26.762908256887172
325889,0,7,0,0.03893948758672198
325902,1,7,9,16.345596151724653
325904,1,7,3,2.3919118256570453
325906,1,7,9,12.875160135581876
325910,1,7,8,23.87493426810309
325911,1,7,6,24.424252103389477
325917,1,7,2,13.033612688910841
325928,1,7,8,23.761434274344943
325931,1,7,6,14.653150133981999
325936,1,7,9,33.69938034761723
325947,0,7,0,0.03562998787086361
325948,1,7,5,0.3700090141005197
325964,1,7,10,25.63439832284251
325976,1,7,2,13.180223668380828
326012,1,7,8,27.318049677234423
326017,0,7,0,0.038931613499636544
326037,1,7,9,17.370413163897318
326042,1,7,4,0.8539390082573428
326051,1,7,9,18.23904854262954
326090,1,7,4,0.3700090657260609
326092,1,7,9,33.86912171137447
326095,1,7,5,0.3700090141005197
326100,1,7,6,29.652025624399126
326113,1,7,4,0.3700090656202526
326119,1,7,5,0.37000902039789374
326125,1,7,8,29.084698331991298
326133,1,7,8,19.974952223458995
326137,1,7,10,25.861215235385234
326156,1,7,10,16.18312248632327
326158,1,7,1,15.233278950453064
326160,1,7,10,4.602757052235896
326161,1,7,6,9.924340979565162
326164,1,7,3,3.1754746884581544
326183,1,7,8,23.18969905865036
326186,1,7,9,12.466667712191368
326188,1,7,6,5.789465608096246
326197,1,7,9,22.315614302341665
326200,1,7,8,23.214275319497514
326241,1,7,1,10.949767359477121
326253,1,7,5,0.3700090141005197
326270,1,7,8,7.54496566501576
326281,1,7,9,27.990208623148966
326285,1,7,8,21.88100234174075
326291,1,7,8,15.560602451384554
326329,1,7,4,0.3700090657260609
326332,1,7,8,31.685923362668145
326333,1,7,4,0.3700090657260609
326342,1,7,5,0.3700090141005197
326348,1,7,1,10.226913506739677
326354,1,7,3,3.216248858256348
326377,1,7,6,18.10804475914234
326385,1,7,7,5.546035891926598
326401,1,7,8,11.22248313840013
326408,1,7,5,0.3700090141005197
326414,1,7,6,24.775185204874127
326417,1,7,5,0.37000902039789374
326430,1,7,10,22.359367874874387
326442,1,7,3,3.124740499265247
326457,1,7,5,0.3700090141005197
326459,1,7,1,21.654460366089594
326461,1,7,6,21.887134860581515
326489,1,7,8,26.933498804604497
326510,1,7,7,3.0395142773008477
326521,1,7,6,21.028691295205622
326529,1,7,3,3.1200656806374742
326533,1,7,7,5.195823619935838
326535,1,7,4,0.3700090657260609
326544,1,7,9,18.077573890101867
326547,1,7,5,0.3700090141005197
326554,1,7,9,28.4605409841089
326563,1,7,10,13.931941958921554
326576,1,7,5,0.3700090141005197
326578,1,7,9,7.314037488121431
326581,1,7,9,32.622873502504454
326591,1,7,9,24.646740022349345
326607,1,7,4,0.3700090657260609
326616,1,7,4,0.3700090657260609
326619,1,7,8,24.361251212102353
326651,1,7,9,29.379237526800946
326656,1,7,9,24.015675885456478
326660,1,7,6,12.553989184261777
326661,1,7,10,25.376639180644343
326739,1,7,9,33.69436198569021
326751,1,7,5,0.3700090141005197
326764,1,7,8,9.238490523446549
326774,1,7,7,2.4737125463108036
326777,1,7,10,18.843700051689297
326779,1,7,9,22.827621114373297
326802,1,7,8,11.761737570136622
326809,1,7,6,23.123614962762744
326819,1,7,8,35.35717284243132
326824,1,7,5,0.3700090141005197
326827,1,7,10,23.672725816955236
326835,1,7,5,0.3700090141005197
326836,1,7,8,29.95023251139735
326855,1,7,4,0.3700090657260609
326872,1,7,8,20.113505636764824
326880,1,7,6,25.196215846990047
326911,1,7,7,6.431332973365244
326912,1,7,10,12.446765886166922
326930,1,7,7,1.9204207448363397
326940,1,7,2,9.800670082445151
326944,1,7,8,26.65333496998302
326995,1,7,6,7.772724957235689
326996,1,7,6,22.791337105838377
326997,1,7,8,30.727328632734153
327000,1,7,5,0.3700090141005197
327006,1,7,2,12.385538191114067
327018,1,7,6,19.290645893547723
327031,1,7,10,25.14153998921707
327045,1,7,4,0.3700090657260609
327046,1,7,9,6.961872962927061
327066,1,7,10,25.840244910175816
327067,1,7,10,17.318820298994137
327086,1,7,9,10.169478366896207
327092,1,7,8,17.620037975964035
327093,1,7,4,0.3700090657260609
327096,1,7,6,20.924128156738497
327124,1,7,10,12.56857040042865
327129,1,7,6,8.056592940045949
327134,1,7,9,5.996804635844223
327137,1,7,4,0.3700090657260609
327143,1,7,9,5.456590989247072
327145,1,7,10,9.165531390006453
327148,1,7,6,29.28860065587136
327162,1,7,5,0.3700090141005197
327171,1,7,5,0.3700090141005197
327179,1,7,3,3.159408820216501
327193,1,7,4,0.3700090657260609
327202,1,7,3,3.012787830400853
327232,1,7,10,16.227953811846614
327238,1,7,1,20.781044551604765
327254,1,7,9,21.652590082077126
327268,1,7,2,10.609605205772821
327276,1,7,4,0.3700090657260609
327282,1,7,10,3.8997691838190898
327290,1,7,5,0.3700090141005197
327294,1,7,10,21.750213086199604
327300,1,7,6,21.61622187883398
327324,1,7,9,11.075586385870725
327330,1,7,1,9.174697109555522
327337,1,7,4,0.3700090657260609
327338,1,7,6,21.66422985214151
327349,1,7,3,3.150657872711105
327354,1,7,10,20.534330851180446
327368,1,7,6,27.932601261930483
327393,1,7,2,11.928105860112852
327396,1,7,10,24.734968445108912
327397,1,7,10,23.649218564760332
327413,1,7,8,8.902970603059334
327439,1,7,4,0.3700090657260609
327447,1,7,7,2.54913239052947
327454,1,7,8,13.62474843356163
327485,1,7,6,17.85332555081201
327533,1,7,1,23.436924944455523
327547,1,7,4,0.3700090657260609
327564,1,7,3,1.8728657355257026
327566,1,7,1,22.343320659701874
327590,1,7,4,0.3700090657260609
327605,1,7,8,29.114586129841612
327615,0,7,0,0.0381084201205674
327617,1,7,6,30.508180716584334
327627,1,7,5,0.3700090141005197
327631,1,7,3,2.349227813975157
327639,1,7,9,22.96918873410314
327655,1,7,4,0.3700090657260609
327679,1,7,5,0.3700090141005197
327711,1,7,10,22.05680004449577
327744,1,7,6,18.09677695622361
327755,1,7,4,0.3700090657260609
327768,1,7,2,7.785496190144893
327807,1,7,8,26.517612486588696
327811,1,7,1,23.786052646443867
327812,1,7,8,29.639194288461695
327832,1,7,9,22.158694634692353
327841,1,7,4,0.3700090657260609
327842,1,7,5,0.3700090141005197
327867,1,7,8,32.004204586474785
327873,1,7,5,0.3700090141005197
327882,1,7,4,0.3700090657260609
327899,1,7,7,4.178598777289206
327913,1,7,6,26.961764140098957
327955,1,7,10,17.310985313479147
327959,1,7,3,2.0973103458383564
327964,1,7,9,27.300026525884697
327967,1,7,5,0.3700090141005197
327986,0,7,0,0.044188677207786284
327987,1,7,8,12.544433747368803
327990,1,7,7,0.9166726795559846
327993,1,7,4,0.3700090657260609
328026,1,7,6,28.01368032059571
328034,1,7,10,24.732799583135034
328042,1,7,8,22.46866531844114
328057,1,7,4,0.3700090657260609
328058,1,7,8,14.80404008249956
328060,1,7,8,6.22010389960542
328076,1,7,6,13.454787624734612
328087,1,7,8,28.88163625000855
328089,1,7,6,18.407685173987883
328090,1,7,3,2.6820277188579422
328091,1,7,10,25.795217352179755
328094,0,7,0,0.04532562281506803
328101,1,7,10,14.853160487248141
328103,1,7,6,18.965719370799007
328123,1,7,6,17.30422552631184
328125,1,7,1,7.003495475976978
328129,1,7,9,23.75601948521125
328135,1,7,9,9.482181815905674
328140,1,7,3,3.129227190300092
328148,1,7,10,24.054669902637528
328151,1,7,1,23.573022801101892
328169,1,7,4,0.3700090657260609
328182,1,7,2,1.1577530813278691
328196,1,7,6,24.606483578893293
328207,1,7,9,3.6397923410157658
328213,1,7,1,18.322735984236136
328217,1,7,6,7.2516764961604645
328224,1,7,5,0.3700090141005197
328231,1,7,1,8.125401052967044
328234,1,7,1,26.74319129670635
328236,1,7,10,5.166692339599692
328239,1,7,5,0.3700090141005197
328251,1,7,6,17.953853782775443
328257,1,7,7,2.8367273014263064
328262,1,7,6,15.167408381199616
328263,1,7,10,22.110760177534154
328275,1,7,7,5.704704768981597
328276,1,7,4,0.3700090657260609
328277,1,7,3,2.714956215454404
328292,1,7,4,0.3700090657260609
328311,1,7,9,15.967092131440502
328314,0,7,0,0.03935246071324419
328320,1,7,9,33.59594200132618
328337,1,7,9,22.286707989474
328356,1,7,1,24.61815028326034
328358,1,7,6,26.991444424181722
328359,1,7,5,0.3700090141005197
328362,1,7,10,4.314832078010277
328369,1,7,9,17.247059694691647
328374,1,7,5,0.3700090141005197
328386,1,7,8,18.028434204421835
328400,1,7,1,16.710645519493614
328406,1,7,5,0.3700090141005197
328416,1,7,8,33.518379503118304
328431,1,7,6,8.50492737210718
328444,1,7,5,0.3700090141005197
328453,1,7,3,1.6651016181133562
328464,1,7,4,0.3700090656202526
328485,1,7,8,28.449552878662377
328490,1,7,5,0.3700090141005197
328494,1,7,9,21.9332608899274
328515,1,7,4,0.3700090657260609
328531,1,7,4,0.3700090657260609
328563,1,7,5,0.3700090141005197
328570,1,7,2,12.162861769427977
328571,1,7,1,10.688766315689636
328581,1,7,8,5.571111081558507
328584,1,7,10,22.095708626966566
328585,1,7,9,24.556820127028587
328598,1,7,9,31.004919921142616
328609,1,7,6,27.007904509272027
328611,0,7,0,0.036085273049869616
328615,1,7,8,35.71644628460476
328622,1,7,7,2.2916797082166243
328633,1,7,1,24.47203510230983
328667,1,7,8,18.042248880180967
328670,1,7,4,0.3700090657260609
328698,1,7,7,2.198969954206777
328700,1,7,8,4.966428144897001
328706,1,7,8,17.883452496682455
328716,1,7,9,27.44459720221858
328725,1,7,8,13.160644844208742
328729,1,7,6,16.393881642253437
328739,1,7,10,7.915102585740184
328745,1,7,10,15.245499401232077
328767,1,7,6,30.367654907408433
328773,1,7,9,32.50731564885951
328780,1,7,6,26.261001082355023
328785,1,7,9,6.2974707122880815
328786,1,7,6,21.79018640332848
328788,1,7,4,0.3700090656202526
328791,0,7,0,0.03158568734908074
328796,1,7,3,2.5125575745398474
328803,1,7,3,2.4266134533505137
328815,1,7,8,15.771667178511043
328816,1,7,1,22.764490991108747
328855,1,7,4,0.3700090657260609
328857,1,7,6,18.548515240007507
328873,1,7,5,0.3700090141005197
328875,1,7,8,20.865135863140594
328883,1,7,3,3.065670615919798
328885,1,7,5,0.3700090141005197
328897,1,7,6,19.211342197113026
328905,1,7,6,28.19306782871128
328913,1,7,9,20.034150666546747
328929,1,7,1,22.55945684689852
328936,1,7,6,27.490865997374954
328952,1,7,8,20.972554827071207
328957,1,7,10,18.716223003810292
328959,1,7,9,31.25055096658972
328981,1,7,6,13.653411295313722
328991,1,7,4,0.3700090657260609
328998,1,7,3,1.2346286085950562
329002,1,7,4,0.3700090657260609
329008,1,7,8,10.001464554942006
329013,1,7,7,2.7213761027741343
329017,1,7,5,0.3700090141005197
329051,1,7,10,19.403969220837485
329078,1,7,9,24.737325788041368
329081,1,7,6,18.87752666114308
329094,1,7,4,0.3700090657260609
329106,1,7,6,26.590111958885277
329131,1,7,9,25.34786586109518
329143,1,7,9,27.03326644272973
329172,0,7,0,0.0365131853283828
329181,1,7,4,0.3700090657260609
329184,1,7,6,22.699153303213965
329198,1,7,6,8.490437208703533
329213,0,7,0,0.026862359599362156
329214,1,7,6,15.387022526164332
329220,1,7,1,8.506019764851079
329223,1,7,4,0.3700090657260609
329224,1,7,5,0.3700090141005197
329227,1,7,10,23.114981561224564
329233,1,7,6,5.551511242350963
329252,1,7,9,30.88391415501404
329264,1,7,9,33.47751656005619
329272,1,7,8,23.240655268239486
329288,1,7,4,0.3700090657260609
329290,1,7,7,4.3090007397920935
329298,1,7,5,0.3700090141005197
329304,1,7,9,17.757901554060876
329310,1,7,8,35.0223642859536
329320,1,7,4,0.3700090657260609
329321,1,7,2,13.78764721615614
329323,1,7,7,6.146240373107179
329325,1,7,4,0.3700090657260609
329327,1,7,5,0.3700090141005197
329334,1,7,9,30.40451625038585
329336,1,7,8,35.81649508207823
329343,1,7,8,2.924860392815574
329350,1,7,5,0.3700090141005197
329370,1,7,6,23.496142004874752
329389,1,7,5,0.37000902039789374
329390,1,7,2,8.434736794361662
329397,1,7,9,32.76472212526238
329403,1,7,9,26.41388306973798
329410,1,7,10,17.986641780494722
329416,1,7,9,10.741622710492031
329420,1,7,8,13.2192909857525
329428,1,7,9,29.683751151028485
329433,1,7,7,1.0031493903945916
329446,1,7,4,0.3700090657260609
329464,1,7,3,3.1555966666438815
329474,1,7,4,0.3700090657260609
329480,1,7,8,33.4592000212872
329484,1,7,4,0.3700090657260609
329504,1,7,8,31.092318363336563
329505,1,7,3,2.7805574490134113
329510,1,7,6,22.890306590995298
329516,1,7,8,13.294524354779737
329521,1,7,8,15.67626505079134
329529,1,7,9,27.30537761494694
329554,1,7,8,13.909693286807428
329562,1,7,9,31.545839854788127
329573,1,7,8,33.39534017681986
329574,1,7,6,18.14711181481591
329589,1,7,10,19.784746001619368
329611,1,7,9,19.241306590172954
329612,1,7,9,16.524823071348447
329624,1,7,9,14.171249144510359
329634,1,7,5,0.3700090141005197
329646,1,7,4,0.3700090657260609
329665,1,7,5,0.3700090141005197
329697,1,7,8,2.0277409087474068
329699,1,7,3,3.2501094185907746
329706,1,7,10,25.822080400125973
329708,0,7,0,0.04708601946895535
329715,1,7,7,5.664110864507144
329743,1,7,10,26.016175180338752
329749,1,7,9,24.246831812937657
329754,1,7,9,24.34986260718157
329768,1,7,8,24.059879648647453
329770,1,7,6,7.210591303774513
329775,1,7,9,18.919450966529595
329797,1,7,6,10.530108126976787
329813,1,7,8,27.148804305719683
329814,1,7,6,14.932128544129851
329815,1,7,9,20.815008426684248
329824,1,7,7,6.1513788589033265
329825,1,7,6,8.151826014803332
329830,1,7,1,13.606885663339886
329841,1,7,9,20.71935532715871
329847,1,7,1,23.3859760923753
329850,1,7,2,12.102281000041238
329853,1,7,6,8.62051672200934
329863,0,7,0,0.03193502072717685
329864,1,7,6,22.90088811824588
329867,1,7,9,30.703350201389384
329876,1,7,9,23.474148898082742
329911,1,7,10,19.131634821688863
329913,1,7,2,5.544791235461381
329928,1,7,4,0.3700090657260609
329961,1,7,5,0.3700090141005197
329962,1,7,9,16.46833298657779
329970,1,7,6,7.269758537261119
329976,1,7,7,6.057826270874986
329980,1,7,3,2.8693479821747716
329981,1,7,9,25.559476689438203
329995,1,7,9,4.452926217662195
329998,1,7,5,0.3700090141005197
330013,1,7,9,18.32605114106634
330043,0,7,0,0.03127057869787102
330048,1,7,7,6.509045896939005
330062,1,7,5,0.3700090141005197
330088,1,7,9,9.83189663156333
330100,1,7,7,5.875218683301919
330106,1,7,6,29.51722461868585
330113,1,7,4,0.3700090657260609
330139,1,7,8,32.684922646838416
330147,1,7,10,26.050026871470504
330150,1,7,5,0.3700090141005197
330152,1,7,3,3.1577438771941853
330153,1,7,9,25.05505312356282
330161,1,7,1,12.09221028075037
330174,1,7,9,5.590319276029034
330177,0,7,0,0.03603808873541576
330180,1,7,10,22.966314670320582
330181,1,7,5,0.3700090141005197
330184,1,7,9,25.0254166739724
330204,1,7,5,0.3700090141005197
330218,1,7,8,8.741921606680137
330231,1,7,2,11.866064184031766
330240,1,7,6,17.039265496544807
330272,1,7,9,2.994135749977528
330290,1,7,9,21.25503561758229
330296,1,7,6,16.0231844618319
330314,1,7,8,18.604536344317268
330331,1,7,9,14.232877432478762
330336,1,7,9,25.203376353670237
330343,1,7,5,0.37000902039789374
330347,1,7,8,16.145413384553567
330351,1,7,10,17.06974655958552
330353,1,7,5,0.3700090141005197
330375,1,7,9,15.362064432175206
330377,1,7,8,14.572296278911374
330384,1,7,9,16.103344860854126
330386,1,7,9,24.528022690031843
330389,1,7,1,17.558652332471066
330390,1,7,8,29.205954272991047
330404,1,7,3,2.2440631241248883
330408,1,7,10,17.428595726383445
330415,1,7,3,3.2209103641027723
330430,1,7,10,14.975278783719855
330437,1,7,9,16.194101786286375
330448,1,7,4,0.3700090657260609
330453,1,7,5,0.3700090141005197
330462,1,7,1,25.392322998634747
330464,1,7,2,5.032989909493053
330468,1,7,4,0.3700090657260609
330469,1,7,9,29.131211177980205
330474,1,7,5,0.3700090141005197
330498,1,7,6,27.484718561531345
330516,1,7,6,19.710529053802368
330523,1,7,5,0.3700090141005197
330528,1,7,8,4.714795015857708
330536,1,7,9,31.528457636719075
330544,1,7,9,27.975300883098274
330548,1,7,9,26.53657375644012
330549,1,7,7,5.932753207994086
330552,1,7,9,25.238567705433873
330553,1,7,8,20.893925015832394
330554,1,7,6,21.72621920323798
330566,1,7,5,0.3700090141005197
330570,1,7,9,30.894194207812173
330573,1,7,4,0.3700090657260609
330587,1,7,4,0.3700090657260609
330628,1,7,3,1.3725152059670693
330633,1,7,1,21.374273814300874
330634,0,7,0,0.1605552744032959
330645,1,7,7,5.4665500004244
330652,1,7,4,0.3700090657260609
330653,1,7,9,13.993586467293069
330698,1,7,5,0.3700090141005197
330708,1,7,6,20.3709541977302
330709,1,7,8,10.493373285815565
330721,1,7,10,16.620147597846152
330727,0,7,0,0.04725665623990701
330750,1,7,1,14.86774507885328
330755,1,7,3,2.5650776291228623
330765,1,7,6,19.670933835761485
330791,1,7,8,14.055782783942302
330794,1,7,5,0.3700090141005197
330797,1,7,9,13.087713375585714
330800,1,7,9,21.325648743696114
330802,1,7,1,9.752453687788021
330809,1,7,5,0.3700090141005197
330822,1,7,9,32.48634605299063
330843,0,7,0,0.03296135352083441
330845,1,7,8,32.30686977093098
330861,1,7,10,8.620794474434723
330865,1,7,5,0.3700090141005197
330892,1,7,9,29.65303332382678
330906,1,7,9,5.4770635623621695
330934,1,7,4,0.3700090656202526
330939,1,7,9,22.7743616936589
330956,1,7,9,16.41450387442815
330963,1,7,8,15.815978738844404
330973,1,7,9,24.76903530428917
330974,1,7,8,30.63373260310282
330983,1,7,1,10.827204047947971
330993,1,7,4,0.3700090657260609
330996,1,7,9,33.66864002207179
330998,1,7,5,0.3700090141005197
331002,1,7,9,33.45305514881245
331012,1,7,6,29.64477638329753
331027,1,7,5,0.3700090141005197
331074,1,7,9,15.433647294806098
331076,1,7,5,0.3700090141005197
331092,1,7,6,16.841426164932205
331093,1,7,7,1.4679961387548706
331098,1,7,2,5.89987831027357
331099,1,7,6,29.198349252537092
331105,1,7,6,27.975155941464756
331123,1,7,10,13.991877805893028
331129,1,7,9,22.029575234273
331133,1,7,8,10.204091709784285
331140,1,7,5,0.3700090141005197
331142,1,7,8,30.399986054984993
331158,1,7,3,3.233545675810611
331183,1,7,2,9.684861394091842
331191,1,7,10,7.4400913454897974
331200,1,7,3,2.664633363658654
331221,1,7,9,29.57086078336956
331226,1,7,5,0.3700090141005197
331243,1,7,10,17.712828828450558
331274,1,7,8,12.881635714801572
331284,1,7,8,15.320079825253138
331332,1,7,7,0.765131394393487
331338,1,7,6,29.696208766498202
331340,1,7,6,7.591245495696283
331347,1,7,9,19.616476865445154
331353,1,7,4,0.3700090657260609
331364,1,7,1,15.0154384972912
331368,1,7,4,0.3700090657260609
331369,1,7,6,12.681272236637978
331380,1,7,8,12.699641739158753
331396,1,7,8,29.993809692135482
331401,1,7,8,4.626595866140142
331404,1,7,1,25.041394100453118
331409,1,7,10,10.439523647022574
331416,1,7,9,23.15519950304831
331417,1,7,6,4.389842068859051
331432,1,7,8,24.418511441029793
331443,1,7,9,28.36492425113179
331455,1,7,3,3.252493563944792
331457,1,7,9,33.20744645002027
331458,1,7,4,0.3700090657260609
331489,1,7,9,10.863639982144043
331492,1,7,1,18.819765529624075
331495,1,7,9,13.386168641463817
331500,1,7,10,15.225086838498578
331511,1,7,9,14.908133347265435
331538,1,7,1,22.390989969046576
331548,1,7,9,23.069585953966165
331549,1,7,4,0.3700090657260609
331564,1,7,1,27.044085441569823
331569,1,7,4,0.3700090656202526
331574,0,7,0,0.03620386007326051
331575,0,7,0,0.03311994067564774
331582,1,7,8,22.64514031922799
331602,1,7,6,15.04824308775493
331610,1,7,6,28.881983637210702
331617,1,7,9,23.018877488131178
331644,1,7,6,27.00538111197619
331648,1,7,5,0.3700090141005197
331652,1,7,8,25.457439918416203
331669,0,7,0,0.035094520332490456
331678,1,7,5,0.3700090141005197
331688,1,7,1,23.80906616462573
331696,1,7,4,0.3700090657260609
331703,1,7,9,31.77973367427727
331716,1,7,8,13.393058019252503
331719,1,7,4,0.3700090657260609
331721,1,7,5,0.3700090141005197
331724,1,7,4,0.3700090657260609
331726,1,7,4,0.3700090657260609
331733,1,7,8,6.896963259504844
331738,1,7,8,4.759341820990435
331753,1,7,8,26.140421213316205
331761,1,7,2,14.186777219346933
331769,1,7,10,15.616020195454885
331771,1,7,6,29.66731653251921
331773,1,7,5,0.3700090141005197
331780,1,7,9,29.232070354038814
331783,1,7,8,6.99643104455066
331784,1,7,9,11.184443807593684
331802,1,7,1,12.007159669363222
331822,1,7,8,14.05147776106815
331848,1,7,5,0.37000902039789374
331864,1,7,4,0.3700090656202526
331870,1,7,5,0.3700090141005197
331876,0,7,0,0.04040607998615174
331878,1,7,6,8.315019097084958
331886,1,7,3,3.232009683396661
331903,1,7,10,14.576372540136097
331920,0,7,0,0.03459528619696772
331921,1,7,9,5.533287735562084
331927,1,7,8,24.024512916482756
331940,1,7,5,0.3700090141005197
331954,1,7,8,12.221834565547352
331975,1,7,3,3.241745940552487
331999,1,7,6,15.365849003358806
332016,1,7,5,0.3700090141005197
332021,0,7,0,0.03565830818041668
332052,1,7,5,0.3700090141005197
332054,1,7,10,14.964808116567493
332069,1,7,3,3.128015406289239
332070,1,7,4,0.3700090657260609
332079,1,7,5,0.3700090141005197
332083,1,7,8,22.50804524615665
332089,1,7,9,10.650367084629401
332103,1,7,5,0.3700090141005197
332104,1,7,1,12.222001866831523
332126,0,7,0,0.03679246904250809
332127,1,7,7,5.485577869092997
332141,1,7,7,3.119446339494879
332160,1,7,5,0.3700090141005197
332165,0,7,0,0.03290359493600255
332184,1,7,9,18.425120595857994
332188,1,7,2,0.9338105230722482
332197,1,7,2,3.278084139263091
332204,1,7,9,12.62677818354894
332205,1,7,3,3.140189030213185
332206,1,7,5,0.3700090141005197
332213,1,7,4,0.3700090657260609
332221,1,7,9,17.919898952315478
332235,0,7,0,0.03387287899395806
332253,1,7,9,20.67042108701186
332264,1,7,7,4.595120478995463
332266,1,7,8,26.5438689483457
332268,1,7,9,24.07328880487275
332284,1,7,5,0.3700090141005197
332288,1,7,6,29.714638882738996
332289,1,7,1,27.59886137025802
332296,1,7,9,15.564196555799297
332319,0,7,0,0.05733737086346293
332324,1,7,6,22.84449025704429
332337,1,7,5,0.3700090141005197
332349,1,7,8,29.915197604925876
332351,1,7,4,0.3700090657260609
332356,1,7,1,22.408570875824136
332358,1,7,1,18.837473950686658
332392,1,7,6,30.126426734335986
332396,1,7,4,0.3700090657260609
332401,1,7,10,15.059519542186877
332402,1,7,8,35.3486710210735
332409,1,7,6,26.19235704603237
332424,1,7,2,16.481975351156425
332441,1,7,1,20.80510955729138
332475,1,7,9,26.068959097410293
332485,1,7,2,3.186231150656535
332489,1,7,7,3.044768456716574
332493,1,7,8,24.85505210759728
332507,1,7,8,35.557137716127315
332513,1,7,9,25.568218530950105
332537,1,7,6,20.555728021124846
332551,1,7,9,31.308721472723544
332555,1,7,9,30.4512977652994
332565,1,7,9,26.038973748592312
332566,1,7,5,0.3700090141005197
332576,1,7,3,2.207765524498702
332592,1,7,1,15.118873542838333
332615,1,7,6,29.754143093616097
332616,1,7,5,0.3700090141005197
332619,1,7,9,7.876781314323398
332620,1,7,1,26.20835659482224
332646,1,7,10,25.6442222857197
332658,1,7,8,8.21019828902518
332671,1,7,3,2.8335581916865022
332680,0,7,0,0.03916672988892067
332686,1,7,9,27.84821220878041
332715,1,7,8,18.890340400883478
332725,1,7,5,0.3700090141005197
332731,1,7,8,25.558771246641452
332749,0,7,0,0.037871553431181405
332752,0,7,0,0.04302696374199191
332763,1,7,5,0.3700090141005197
332765,1,7,6,23.730618907045425
332770,1,7,4,0.3700090657260609
332790,1,7,9,7.2655011691554
332792,1,7,4,0.3700090657260609
332797,1,7,10,13.464922736742464
332798,1,7,10,4.39838733085161
332799,1,7,4,0.3700090657260609
332823,1,7,7,3.3251976764766256
332828,1,7,7,3.6419884328468943
332848,1,7,4,0.3700090657260609
332862,1,7,6,18.460598137592033
332867,1,7,5,0.3700090141005197
332870,1,7,4,0.3700090657260609
332878,1,7,5,0.3700090141005197
332910,1,7,1,19.51854842260878
332921,1,7,1,11.079312789964037
332926,1,7,10,14.142199390978709
332932,1,7,6,22.316826671822792
332934,1,7,1,27.511839612097702
332938,1,7,6,29.36892601209464
332945,1,7,3,1.8925546721348285
332946,1,7,6,10.745149259313372
332948,1,7,7,3.623942035801274
332951,1,7,5,0.3700090141005197
332952,1,7,6,20.76120631107129
332956,1,7,7,4.712065050011078
332986,1,7,9,32.83418635230942
332993,1,7,9,13.556332337822115
332995,1,7,4,0.3700090657260609
333020,1,7,8,27.19596328066953
333021,1,7,5,0.3700090141005197
333029,1,7,1,17.176759561766115
333037,0,7,0,0.04475008760013469
333042,1,7,10,4.4384165757467136
333058,1,7,5,0.3700090141005197
333086,1,7,4,0.3700090657260609
333090,1,7,9,33.01061586013765
333101,1,7,9,28.10603687164908
333117,1,7,7,0.7289751487652869
333119,1,7,10,5.572198623663921
333140,1,7,9,9.96781233784987
333159,1,7,6,20.837818435782452
333167,0,7,0,0.030194422396049497
333186,0,7,0,0.04086939926163502
333195,1,7,3,0.7093945979277124
333196,1,7,6,27.773120740530658
333230,1,7,10,9.823620799704683
333231,1,7,8,30.353381854745464
333233,1,7,8,35.48145973023654
333238,1,7,9,13.550637771733022
333239,1,7,4,0.3700090657260609
333242,1,7,5,0.3700090141005197
333254,1,7,1,3.7288870007895287
333258,1,7,1,17.39227024365753
333259,1,7,9,22.967881601762382
333273,1,7,4,0.3700090657260609
333282,1,7,6,5.775206532881639
333284,1,7,3,3.2395583236314023
333302,1,7,8,33.611176690137405
333308,1,7,9,28.04722576025235
333318,1,7,5,0.3700090141005197
333329,1,7,4,0.3700090657260609
333330,1,7,6,11.435116524058557
333356,1,7,4,0.3700090657260609
333357,1,7,10,26.008992538949602
333384,1,7,8,32.043533868029066
333398,1,7,1,20.550082411049207
333400,1,7,1,10.763787163828553
333419,1,7,8,18.71892695971399
333431,1,7,8,16.66506409076587
333437,1,7,6,21.127047961359803
333458,1,7,9,18.861198610077825
333465,1,7,7,5.000888215813774
333474,0,7,0,0.03621399293451582
333488,1,7,5,0.3700090141005197
333507,0,7,0,0.03582489070493213
333513,1,7,10,22.76354707422764
333549,1,7,10,26.024012803197
333551,1,7,9,32.68675726719086
333563,1,7,5,0.3700090141005197
333577,1,7,1,24.500586017340435
333584,1,7,4,0.3700090657260609
333593,1,7,4,0.3700090657260609
333607,1,7,5,0.3700090141005197
333609,1,7,3,2.994925718258421
333616,1,7,4,0.3700090657260609
333624,1,7,9,3.647106587890576
333637,1,7,9,3.3824399320198912
333651,1,7,9,32.318043221454346
333678,1,7,5,0.3700090141005197
333693,1,7,4,0.3700090657260609
333695,1,7,9,22.627245383796314
333735,1,7,8,22.27124721660504
333742,1,7,7,5.136594337491763
333746,1,7,4,0.3700090657260609
333769,1,7,8,32.7040400482156
333786,1,7,1,11.888781920126814
333788,1,7,9,15.90589650052793
333789,1,7,10,21.003532913103825
333794,1,7,9,8.391482035633839
333802,1,7,8,32.0930043719183
333813,1,7,10,8.61080688815955
333828,1,7,8,18.953983470890147
333834,1,7,8,36.08420739770896
333847,1,7,9,22.95656729669997
333901,1,7,4,0.3700090657260609
333914,1,7,9,31.35032298749906
333915,1,7,8,34.86147164915671
333922,1,7,4,0.3700090657260609
333923,1,7,5,0.3700090141005197
333953,1,7,8,35.43308131879034
333960,1,7,5,0.3700090141005197
333962,1,7,5,0.3700090141005197
333978,1,7,7,4.358221106017928
333981,1,7,1,6.756214626886449
333984,1,7,6,25.081459538457445
333985,1,7,4,0.3700090657260609
333997,1,7,4,0.3700090657260609
334001,0,7,0,0.09779045684360785
334011,1,7,6,14.521968513106007
334018,1,7,1,8.269800428028365
334030,1,7,9,30.682601587698944
334050,1,7,5,0.3700090141005197
334053,1,7,7,5.047063965420387
334058,1,7,4,0.3700090657260609
334085,1,7,7,5.60982168844476
334094,1,7,5,0.3700090141005197
334096,1,7,9,19.16160664465174
334098,1,7,1,13.302612108198478
334132,1,7,9,24.96267219701684
334149,1,7,6,14.687890153341957
334162,1,7,8,22.505346777797346
334169,1,7,1,13.356545140042876
334170,1,7,9,22.83893932640803
334171,1,7,10,26.051993916742536
334174,1,7,7,2.0946190555272897
334177,1,7,6,20.62473710271838
334182,1,7,5,0.3700090141005197
334184,0,7,0,0.03261551142188678
334191,1,7,7,3.2347943361411704
334204,1,7,9,3.231278174297475
334234,1,7,8,33.30346259090144
334255,1,7,6,13.691036120398042
334261,1,7,5,0.3700090141005197
334280,1,7,9,13.357513336825797
334289,1,7,9,31.52213919515324
334300,1,7,4,0.3700090657260609
334303,1,7,8,24.58190415684459
334331,1,7,2,4.826808553341795
334333,1,7,8,35.0055147446062
334340,1,7,9,29.075277650648218
334355,1,7,4,0.3700090657260609
334376,1,7,10,6.785500594340898
334393,1,7,1,27.151535650172967
334403,1,7,5,0.3700090141005197
334406,1,7,4,0.3700090657260609
334409,1,7,9,23.510548174777373
334416,1,7,6,22.849374639774023
334423,1,7,5,0.3700090141005197
334466,0,7,0,0.03703953901648472
334472,1,7,4,0.3700090657260609
334473,1,7,9,33.436338860057376
334477,1,7,7,1.5399648363824323
334483,1,7,5,0.3700090141005197
334487,1,7,6,8.434934841864768
334497,1,7,9,33.05706648765336
334498,1,7,10,12.093223785625158
334509,1,7,5,0.37000902039789374
334529,1,7,1,7.1099494309441535
334552,1,7,6,26.90871331502689
334565,1,7,5,0.3700090141005197
334569,1,7,5,0.3700090141005197
334576,1,7,10,26.064273553922007
334578,0,7,0,0.05674409775120517
334585,1,7,8,30.15801967868812
334596,1,7,8,18.697842451382126
334601,1,7,6,24.60740295091052
334616,1,7,9,12.262585871993698
334631,1,7,9,4.003859623111967
334637,1,7,10,24.965093744777118
334656,1,7,8,27.883320807081038
334658,1,7,6,5.747758598457759
334660,0,7,0,0.03226099888104305
334663,1,7,3,3.087896283837715
334698,1,7,9,26.39055283402449
334702,1,7,9,33.658795369227555
334704,0,7,0,0.04507666948710244
334706,1,7,9,19.92508181506098
334716,1,7,6,6.1865768301753565
334719,1,7,8,23.699304528473675
334727,1,7,5,0.3700090141005197
334747,1,7,2,9.053064461299863
334749,1,7,9,14.57718434699879
334779,1,7,10,24.342883452605147
334806,1,7,9,26.99099284239691
334809,0,7,0,0.03982588110241563
334842,1,7,6,30.6338657848987
334848,1,7,9,12.875151092764856
334865,1,7,9,32.06387658242903
334868,1,7,9,30.188042181683837
334882,1,7,10,15.138734824438364
334893,1,7,8,31.98265396898138
334896,1,7,2,15.710571243135927
334912,1,7,6,6.784713276111775
334916,0,7,0,0.039881410611914206
334933,1,7,1,24.149178084061287
334942,1,7,9,29.199521953527142
334946,1,7,9,11.307165896083621
334970,1,7,10,21.544104186461063
334996,1,7,4,0.3700090657260609
335003,1,7,4,0.3700090657260609
335017,1,7,4,0.3700090657260609
335026,1,7,9,27.275797177739335
335039,1,7,1,26.878264623907892
335043,1,7,4,0.3700090657260609
335046,1,7,2,6.088993178765614
335065,1,7,2,15.120106748611924
335073,1,7,4,0.3700090657260609
335075,1,7,10,15.197127900497652
335078,1,7,9,30.496506177384862
335079,1,7,5,0.3700090141005197
335083,1,7,10,13.011222738016292
335089,1,7,6,5.461603915632855
335105,1,7,9,5.543323526712661
335109,1,7,9,23.464445789467106
335116,1,7,8,18.646960453933946
335131,1,7,5,0.3700090141005197
335150,1,7,9,2.671031773817184
335161,1,7,8,23.866627490286135
335165,1,7,10,22.335138129107715
335167,1,7,1,24.322341491619696
335191,1,7,1,21.96200270426125
335226,1,7,1,19.895069967106572
335245,1,7,8,32.4183922448986
335256,1,7,8,18.43117822074422
335261,1,7,6,22.797160865257858
335263,1,7,2,15.446985138620226
335270,0,7,0,0.04047764848465755
335278,1,7,10,12.880363992663833
335284,1,7,9,14.40456771068875
335304,1,7,4,0.3700090657260609
335310,1,7,9,24.06548691469419
335323,1,7,6,21.097412194667466
335336,1,7,8,29.58123200030923
335345,1,7,8,33.318590731967944
335362,1,7,1,21.55207617874914
335369,1,7,10,8.275229708565604
335376,1,7,5,0.3700090141005197
335381,1,7,7,5.6625854215253035
335391,0,7,0,0.04236675767487007
335400,1,7,10,12.76025877586941
335419,1,7,8,35.57584390919027
335433,1,7,9,28.836411830746695
335436,1,7,6,18.347104436467713
335445,1,7,7,3.837453117454374
335449,1,7,4,0.3700090657260609
335462,1,7,9,14.166134465989616
335469,1,7,4,0.3700090657260609
335475,1,7,5,0.3700090141005197
335489,1,7,9,32.3376820875941
335494,1,7,9,26.938990802878948
335500,1,7,9,27.98357672628952
335510,1,7,2,12.612187274963112
335512,1,7,8,29.95019290742952
335513,1,7,2,10.554727543812282
335527,1,7,4,0.3700090657260609
335529,1,7,8,29.427125130769095
335558,1,7,9,16.090829645568903
335565,1,7,7,0.7117796541888224
335566,1,7,8,8.65234828712768
335572,1,7,2,10.43477450692735
335576,1,7,3,3.2015106650753453
335598,1,7,3,2.5747785270362535
335618,1,7,10,6.347422245270029
335621,1,7,9,18.709478685826358
335646,1,7,1,17.575027310292246
335651,1,7,6,10.941905637326538
335658,1,7,1,7.275969207034862
335666,1,7,9,21.32769528446011
335691,1,7,8,4.9174800910745615
335695,1,7,9,32.54704153565887
335705,1,7,3,1.0870096711425128
335714,1,7,7,2.5523539588752535
335715,1,7,5,0.3700090141005197
335717,1,7,4,0.3700090657260609
335731,1,7,10,20.202066789756636
335732,1,7,6,17.9464744234963
335749,1,7,8,10.995516460069005
335756,1,7,5,0.3700090141005197
335757,1,7,10,12.155923479082368
335764,1,7,1,9.43445580887286
335775,1,7,5,0.3700090141005197
335786,1,7,5,0.3700090141005197
335791,1,7,1,18.590149833449466
335792,1,7,6,20.15843763835956
335796,1,7,1,15.095594532234966
335823,1,7,4,0.3700090656202526
335832,1,7,5,0.3700090141005197
335846,0,7,0,0.09279338098388734
335859,0,7,0,0.03983528326211048
335860,1,7,9,20.24831496214248
335872,1,7,7,2.0645398676351534
335898,1,7,8,25.971960394790155
335900,1,7,9,23.681891651800733
335907,1,7,10,14.654386208320439
335911,1,7,9,28.325540024843747
335915,1,7,9,17.497641371972744
335919,0,7,0,0.047267128341720706
335924,1,7,5,0.3700090141005197
335928,1,7,5,0.3700090141005197
335934,1,7,7,6.320635074280792
335938,1,7,8,17.624363316243127
335940,1,7,8,26.06180011520776
335950,1,7,8,28.60032114006078
335955,1,7,9,24.451741473511692
335958,0,7,0,0.04594580883225517
335966,1,7,7,1.3271857173293922
335968,1,7,3,2.658338285836603
335970,1,7,2,14.08238184185906
335977,1,7,9,23.76228121550541
335984,1,7,9,12.806770384640467
336009,1,7,10,20.558704888460163
336014,0,7,0,0.04414162262527683
336017,0,7,0,0.03684544810931039
336025,1,7,10,10.26896363768957
336026,1,7,8,5.460371094474119
336033,1,7,8,19.698943162958717
336038,1,7,10,24.226216748448568
336048,1,7,9,24.59635703104848
336057,1,7,7,2.3024688715359187
336069,1,7,7,5.880730623939479
336080,1,7,8,20.678935782844032
336084,1,7,3,1.893096575430062
336101,1,7,6,30.293782576695968
336116,1,7,9,28.022624397069478
336135,1,7,6,29.09520878476194
336165,1,7,9,21.73866851773643
336168,1,7,8,23.128250781057414
336169,1,7,6,6.898922889196852
336187,1,7,9,13.165439446664351
336204,1,7,1,22.84779056876508
336231,1,7,7,2.325496515403892
336241,1,7,10,19.505058430226242
336250,1,7,9,7.348274677469155
336258,1,7,5,0.3700090141005197
336278,1,7,2,7.127839992232361
336289,1,7,5,0.3700090141005197
336290,1,7,9,22.01608751303086
336291,1,7,10,11.434296944828642
336297,1,7,9,32.70257764298964
336299,1,7,4,0.3700090657260609
336318,1,7,7,5.387689044044505
336326,1,7,3,3.134593648979785
336329,1,7,6,6.117646972812932
336332,1,7,1,19.66124232413916
336367,1,7,4,0.3700090657260609
336375,1,7,2,9.481171840215813
336419,1,7,1,26.013543974798047
336439,1,7,1,4.075496857372883
336440,1,7,5,0.37000902039789374
336443,1,7,7,6.338176169273162
336458,1,7,1,4.6635228025589655
336470,1,7,6,18.976378297000746
336485,1,7,9,22.937001605064207
336488,1,7,9,28.826519873253844
336535,1,7,6,29.507953400145777
336558,1,7,1,22.661953761583394
336569,1,7,9,14.749406843987822
336575,1,7,9,33.691706751264995
336584,1,7,10,13.449848859921842
336611,1,7,6,12.88154298825196
336614,1,7,1,23.23746271377349
336622,1,7,6,30.120993139279022
336630,1,7,4,0.3700090657260609
336632,1,7,5,0.3700090141005197
336639,1,7,8,35.311311884682695
336654,1,7,6,9.621217883546047
336676,1,7,4,0.3700090657260609
336695,1,7,2,10.59267065193918
336706,1,7,4,0.3700090657260609
336707,1,7,5,0.3700090141005197
336708,1,7,6,27.37204093624786
336712,1,7,6,19.06651756339639
336716,1,7,10,25.6625153071983
336730,1,7,5,0.3700090141005197
336736,1,7,6,21.377915230698687
336738,1,7,3,2.6597609858224818
336745,1,7,8,19.00720394802942
336746,0,7,0,0.042711304394316744
336784,0,7,0,0.03370216803728702
336788,1,7,5,0.3700090141005197
336795,1,7,10,20.22063396383179
336797,1,7,8,32.01762637777821
336803,1,7,9,31.473938742353344
336811,1,7,8,22.450182186484803
336826,1,7,4,0.3700090657260609
336828,1,7,5,0.3700090141005197
336842,1,7,5,0.3700090141005197
336863,1,7,9,24.61254451912573
336874,1,7,4,0.3700090657260609
336900,1,7,5,0.3700090141005197
336915,1,7,4,0.3700090657260609
336919,1,7,9,25.649283076103448
336922,1,7,9,33.62834709379105
336924,1,7,8,12.573790751144516
336951,1,7,10,13.854829431321011
336967,1,7,6,18.268718138279993
336986,1,7,1,25.4962795520098
336994,1,7,4,0.3700090657260609
337015,0,7,0,0.03268032454378447
337038,1,7,5,0.3700090141005197
337047,1,7,10,16.738745082332194
337056,0,7,0,0.028979523632094148
337081,1,7,5,0.3700090141005197
337092,1,7,6,22.746713695149925
337093,1,7,2,15.270320372257595
337105,1,7,2,7.3537058509004725
337122,1,7,9,8.76262511550419
337131,1,7,9,33.610637795923566
337145,1,7,4,0.3700090657260609
337158,0,7,0,0.04694843900238021
337162,1,7,10,26.011031178763478
337209,1,7,5,0.3700090141005197
337215,1,7,9,22.77070524760358
337231,1,7,8,26.924893565432704
337239,1,7,1,16.87778308150656
337269,1,7,10,17.90039056943717
337271,1,7,6,18.40730889050185
337274,1,7,6,17.544818869568818
337275,1,7,8,22.170113214081198
337277,1,7,6,10.7684987169327
337280,1,7,6,16.421676827449268
337282,1,7,1,16.63238952060742
337289,1,7,6,15.308859936751945
337297,1,7,8,15.161678342384441
337321,0,7,0,0.04093542596844094
337327,1,7,2,3.5927525248785783
337344,1,7,9,30.683561905622245
337346,1,7,9,25.27018068835886
337360,1,7,5,0.3700090141005197
337366,1,7,7,3.007242210386777
337370,1,7,4,0.3700090657260609
337372,1,7,5,0.3700090141005197
337381,1,7,9,24.133343762150304
337386,1,7,9,31.497164829907238
337391,1,7,8,15.196760616409147
337392,1,7,9,14.1488803852918
337396,1,7,9,21.84551608938943
337408,1,7,9,7.009475529889469
337412,1,7,8,23.528204262017926
337423,1,7,1,8.564375382846535
337425,1,7,7,0.3426732962665621
337436,1,7,5,0.3700090141005197
337458,1,7,4,0.3700090657260609
337489,1,7,6,27.003795888821447
337517,1,7,6,23.33757832768544
337519,1,7,6,8.867134842849428
337526,1,7,5,0.3700090141005197
337546,1,7,7,2.713448763946857
337551,1,7,4,0.3700090657260609
337563,1,7,7,5.052124935291961
337579,1,7,4,0.3700090657260609
337581,1,7,6,13.546463094563025
337588,1,7,8,33.9621883910551
337603,1,7,8,29.852069549043637
337608,1,7,4,0.3700090657260609
337616,0,7,0,0.17467329379896976
337622,1,7,5,0.3700090141005197
337629,1,7,10,15.227792167959912
337648,1,7,10,8.273373869567685
337679,1,7,1,10.522290081234537
337681,1,7,10,15.930880056764325
337691,1,7,4,0.3700090657260609
337710,0,7,0,0.03564281076873222
337719,1,7,9,32.70220775168491
337722,1,7,6,12.299909212763584
337730,1,7,9,4.654408698504994
337742,0,7,0,0.03915864832768631
337751,1,7,4,0.3700090657260609
337758,1,7,7,0.9942495249503025
337762,0,7,0,0.03692541120973812
337801,1,7,8,6.209332818529357
337803,1,7,8,5.254944634994222
337804,1,7,9,24.88468307517509
337806,1,7,1,9.48858644078524
337809,1,7,5,0.3700090141005197
337831,1,7,9,3.023790088169691
337835,1,7,5,0.37000902039789374
337849,1,7,8,22.277687651334134
337860,1,7,9,15.266768358749854
337863,1,7,5,0.3700090141005197
337869,1,7,9,16.1693539742728
337877,1,7,9,2.581740583271154
337878,1,7,10,14.829105752954325
337915,1,7,1,6.327915883487276
337932,1,7,6,27.027239847098993
337933,1,7,9,27.53283566555534
337950,1,7,1,14.2020026233026
337965,0,7,0,0.04005882825514411
337979,1,7,6,23.82735521307906
337988,1,7,4,0.3700090657260609
337991,1,7,10,20.82446618662082
337992,1,7,6,21.081203070059107
337994,0,7,0,0.040139390572758206
338005,1,7,10,16.946547404435556
338013,1,7,3,2.537565861235828
338017,1,7,9,8.283570239752756
338019,1,7,3,2.70523661568042
338028,1,7,8,16.55057685593548
338037,1,7,4,0.3700090657260609
338069,1,7,4,0.3700090657260609
338074,1,7,4,0.3700090657260609
338093,1,7,4,0.3700090657260609
338096,1,7,9,18.234544906006246
338105,1,7,7,5.491710375370989
338109,1,7,6,4.904301190334755
338119,1,7,9,30.198528477874245
338150,1,7,10,12.452930693498198
338156,1,7,5,0.3700090141005197
338163,1,7,4,0.3700090656202526
338166,0,7,0,0.028448204154042988
338183,1,7,9,8.600051066789177
338207,1,7,7,4.237011613419165
338236,1,7,2,6.998990423912456
338244,1,7,5,0.3700090141005197
338246,1,7,5,0.3700090141005197
338288,1,7,5,0.3700090141005197
338299,1,7,9,32.417007230866375
338315,1,7,8,26.469474286795826
338332,1,7,3,2.5520387525220207
338339,1,7,9,29.124177271941825
338355,1,7,9,33.25243748876981
338364,1,7,5,0.3700090141005197
338375,1,7,7,6.328624384002618
338382,0,7,0,0.029768965128875023
338384,1,7,7,3.803096221500503
338406,1,7,4,0.3700090657260609
338410,1,7,8,23.765647231766824
338420,1,7,8,22.12734096491477
338422,1,7,3,3.0603025250193774
338435,0,7,0,0.11588039639894024
338437,1,7,10,15.424394551947563
338445,1,7,4,0.3700090657260609
338453,1,7,9,33.48796863332917
338483,1,7,8,21.411831334570362
338509,1,7,8,35.29870926933539
338527,1,7,3,0.8954306911893056
338537,1,7,6,20.150582690749182
338541,1,7,10,15.005423105925129
338564,1,7,9,6.3110512468217825
338565,1,7,5,0.3700090141005197
338576,1,7,7,6.445061932251704
338594,0,7,0,0.0995462775342284
338597,1,7,8,13.224315525673116
338605,1,7,4,0.3700090657260609
338606,1,7,1,17.582748831697728
338620,1,7,6,20.570414419440223
338644,1,7,5,0.3700090141005197
338648,1,7,5,0.3700090141005197
338655,1,7,1,27.59323878655894
338657,1,7,8,10.48523007327726
338661,0,7,0,0.03746190699779582
338663,1,7,9,19.328027428498455
338669,1,7,6,29.338060269401662
338677,1,7,10,18.517479166321316
338681,1,7,6,29.367594188825688
338683,1,7,10,13.580168863144774
338692,1,7,7,2.150004944640623
338695,1,7,1,17.887791758393227
338698,1,7,2,5.8336229273638045
338705,1,7,10,23.660024677008266
338708,1,7,5,0.3700090141005197
338718,1,7,10,24.150504807368918
338741,1,7,8,15.38027563626766
338763,1,7,4,0.3700090657260609
338777,1,7,8,34.70555665750655
338779,1,7,10,11.342063785133927
338785,1,7,5,0.3700090141005197
338795,1,7,8,29.413420977069453
338796,1,7,4,0.3700090657260609
338801,1,7,8,18.19366441772987
338811,1,7,10,23.812885706713065
338847,1,7,5,0.3700090141005197
338860,1,7,9,25.005772914680936
338872,1,7,9,30.069096045979975
338917,1,7,8,27.87689278146243
338935,1,7,1,21.72070394435605
338943,1,7,3,2.4830700799584977
338944,1,7,9,4.688393395580389
338945,1,7,1,24.10029046146391
338955,1,7,9,19.75436896249509
338961,1,7,4,0.3700090657260609
338964,1,7,5,0.3700090141005197
338988,1,7,4,0.3700090657260609
338999,0,7,0,0.03001796187706607
339004,1,7,8,26.06336106448878
339023,1,7,2,9.820810463885557
339043,1,7,8,22.21642470102652
339060,1,7,8,20.13660085039678
339065,1,7,2,11.892241561855728
339073,1,7,4,0.3700090657260609
339075,1,7,6,28.654836780249774
339077,1,7,6,12.529981293713256
339097,1,7,4,0.3700090657260609
339116,1,7,5,0.3700090141005197
339121,1,7,9,9.092742387396083
339127,1,7,5,0.3700090141005197
339128,1,7,8,27.55149214808516
339129,1,7,7,4.581583232849655
339132,1,7,3,1.4160036239139226
339142,0,7,0,0.059993723976312266
339148,1,7,5,0.3700090141005197
339149,1,7,10,26.021134779798395
339156,1,7,6,20.383458477754704
339158,1,7,2,1.9056034227743732
339163,1,7,1,20.203308906615362
339164,1,7,9,30.125089976904984
339171,1,7,5,0.3700090141005197
339181,1,7,4,0.3700090657260609
339188,1,7,9,6.2825612993827
339198,1,7,9,18.241925200641198
339199,1,7,6,21.880141193496357
339210,1,7,5,0.3700090141005197
339233,1,7,8,31.645823062200705
339234,1,7,4,0.3700090657260609
339239,1,7,8,28.651620313574817
339253,1,7,9,2.008225530610024
339255,1,7,7,1.555840746658121
339261,1,7,8,12.76397753267371
339288,1,7,5,0.3700090141005197
339300,1,7,8,32.71030137996112
339307,1,7,9,19.41011063348627
339308,1,7,8,20.798129097202196
339315,0,7,0,0.042644818351246706
339327,1,7,1,11.834336415112835
339348,1,7,1,15.56408389543426
339352,1,7,6,22.441411942726194
339373,1,7,5,0.3700090141005197
339377,1,7,8,21.045846704704417
339381,1,7,4,0.3700090657260609
339385,1,7,1,25.79685880931225
339407,1,7,10,11.608594171108264
339413,1,7,9,19.314743531476662
339422,1,7,9,21.402376598484306
339444,1,7,10,18.3136351323576
339457,1,7,5,0.3700090141005197
339466,0,7,0,0.03442746657646552
339474,1,7,8,8.362876930554398
339475,1,7,8,17.687407141681927
339477,1,7,2,13.740652832740967
339488,1,7,6,21.659157818411273
339492,1,7,9,25.709354237343735
339497,1,7,3,3.1635165340555926
339506,1,7,5,0.3700090141005197
339507,1,7,6,29.423579453557572
339519,1,7,9,29.258672967891773
339537,0,7,0,0.1012501030028094
339538,1,7,10,19.46605715303819
339549,1,7,8,5.188448012274441
339580,1,7,4,0.3700090657260609
339619,1,7,9,24.371679776756455
339622,1,7,6,15.907655805051707
339637,1,7,9,16.75904712349477
339638,1,7,6,12.059534540584433
339641,1,7,2,13.121145944930658
339668,1,7,2,4.265626828207256
339669,1,7,5,0.3700090141005197
339677,1,7,5,0.3700090141005197
339680,1,7,8,11.548032186985482
339681,1,7,9,9.880137239144117
339692,1,7,5,0.3700090141005197
339698,1,7,5,0.3700090141005197
339716,1,7,8,28.445594882123324
339717,1,7,1,13.303438646314195
339721,1,7,9,17.827345949726656
339737,1,7,5,0.3700090141005197
339740,1,7,4,0.3700090657260609
339741,1,7,9,33.782178507392025
339751,1,7,4,0.3700090657260609
339752,1,7,10,19.696887165953644
339766,1,7,6,19.39428733848736
339778,1,7,9,26.160053779924628
339783,1,7,1,16.185553273391463
339789,1,7,5,0.3700090141005197
339790,1,7,1,18.962073515232294
339817,1,7,9,30.976464575042417
339819,1,7,5,0.3700090141005197
339836,1,7,2,0.8559777120467034
339837,1,7,4,0.3700090657260609
339838,1,7,1,12.556624122496077
339854,1,7,6,18.636421123783304
339858,1,7,6,25.635241326592606
339859,1,7,3,2.998028269346439
339861,1,7,6,24.061312610796858
339863,1,7,6,22.170979839344735
339870,1,7,4,0.3700090657260609
339872,1,7,10,10.365468010581298
339887,1,7,3,3.059251403216296
339888,1,7,9,23.957635654524665
339901,1,7,3,3.1823819458072644
339902,1,7,4,0.3700090657260609
339949,1,7,4,0.3700090657260609
339950,1,7,6,29.842728575297247
339954,1,7,4,0.3700090657260609
339963,1,7,7,4.871113787063285
339969,1,7,4,0.3700090657260609
339971,1,7,4,0.3700090657260609
339986,1,7,10,20.235137562001004
339987,1,7,4,0.3700090657260609
339999,1,7,9,20.037039933267465
340003,1,7,6,15.781711712035815
340006,1,7,4,0.3700090656202526
340009,1,7,7,1.459706163560222
340023,1,7,9,20.723092008120744
340030,1,7,8,32.66499069305731
340032,1,7,9,28.09946422772992
340041,1,7,7,0.5693795697010822
340046,1,7,8,28.449836586303196
340050,1,7,2,13.511794610986142
340051,1,7,4,0.3700090657260609
340065,1,7,10,25.89248980940184
340090,1,7,8,18.65127725073378
340091,1,7,8,16.13866394459462
340093,1,7,4,0.3700090657260609
340108,1,7,8,14.918223828419075
340117,1,7,5,0.3700090141005197
340118,1,7,9,29.05996703133824
340119,1,7,4,0.3700090657260609
340125,0,7,0,0.04478259493461492
340136,1,7,10,18.72378265933057
340140,1,7,9,31.522390106146684
340143,1,7,10,10.753935982678327
340153,1,7,10,25.616522423541642
340163,1,7,6,12.626302867531727
340166,1,7,9,6.762217812066461
340168,1,7,3,2.911115971418635
340186,1,7,5,0.3700090141005197
340187,1,7,4,0.3700090657260609
340198,1,7,5,0.3700090141005197
340204,1,7,4,0.3700090657260609
340219,1,7,8,13.952028354378287
340227,1,7,10,16.012185506035337
340230,1,7,7,2.046648807896639
340231,1,7,5,0.37000902039789374
340237,1,7,8,20.815539133631727
340243,0,7,0,0.029929740834686344
340251,1,7,4,0.3700090657260609
340263,1,7,9,22.311713427419296
340267,1,7,5,0.3700090141005197
340292,1,7,9,10.78744582825348
340303,1,7,8,24.425984289961608
340307,1,7,9,32.69880319167686
340326,1,7,10,7.28529392824676
340343,1,7,1,16.007101858933595
340345,1,7,5,0.3700090141005197
340371,1,7,5,0.3700090141005197
340377,1,7,1,17.148479961766103
340380,1,7,4,0.3700090657260609
340386,1,7,2,4.965166441515163
340389,1,7,7,0.42883187255965904
340391,1,7,4,0.3700090657260609
340398,0,7,0,0.04138687510534168
340402,0,7,0,0.03422348765084304
340403,1,7,10,11.05241904966717
340408,1,7,5,0.3700090141005197
340412,1,7,10,4.5670050992087985
340417,1,7,6,21.983784015992775
340424,1,7,8,32.36931305021622
340428,1,7,8,29.208597266033564
340429,0,7,0,0.03627831488035247
340445,1,7,4,0.3700090657260609
340454,1,7,6,24.026816347864248
340464,1,7,4,0.3700090657260609
340465,1,7,8,36.04041760714109
340469,1,7,4,0.3700090657260609
340486,1,7,10,23.855606014053038
340506,1,7,8,26.060222541958336
340511,1,7,9,9.714640374637128
340520,1,7,10,23.499662785662704
340544,1,7,5,0.3700090141005197
340582,1,7,6,11.835210457363809
340587,1,7,8,19.271414813063092
340589,1,7,9,23.50010522098642
340607,1,7,9,24.906395294223643
340614,1,7,9,26.04535586888974
340616,1,7,6,26.968752303538086
340626,1,7,2,7.728402185847951
340632,1,7,6,7.470080783444558
340633,1,7,4,0.3700090657260609
340638,1,7,9,30.876965241753414
340639,1,7,9,31.87590764203157
340645,1,7,5,0.3700090141005197
340648,1,7,3,2.6984885327877666
340665,1,7,4,0.3700090657260609
340673,1,7,9,19.537501550294436
340683,1,7,4,0.3700090657260609
340684,1,7,9,6.832294652093469
340687,1,7,10,17.66542925060413
340699,1,7,8,19.808869181948726
340700,1,7,8,28.15405098122446
340703,1,7,9,16.549007371525004
340713,1,7,4,0.3700090657260609
340750,1,7,8,28.024223484363684
340765,0,7,0,0.15632854688961936
340776,1,7,9,9.347285297540736
340777,1,7,5,0.3700090141005197
340790,1,7,8,23.296732742604345
340793,1,7,2,16.03083287507852
340802,1,7,1,21.94886369140727
340806,1,7,9,11.596392218522626
340807,1,7,4,0.3700090657260609
340810,1,7,6,27.430476163675877
340814,1,7,9,18.964218830372054
340817,1,7,9,33.11339763541731
340819,1,7,6,8.095681530626628
340832,1,7,8,33.59422598043462
340837,1,7,9,7.349641879488477
340840,1,7,8,25.228882592166396
340842,1,7,4,0.3700090657260609
340855,1,7,7,5.982411506630332
340873,0,7,0,0.033975534200674576
340879,1,7,5,0.3700090141005197
340881,1,7,4,0.3700090657260609
340885,1,7,6,28.8950118475358
340902,1,7,7,5.8124386666369645
340904,1,7,2,12.72833678270488
340907,1,7,4,0.3700090657260609
340914,1,7,9,19.503601870183743
340915,1,7,9,23.52503728846772
340923,1,7,1,4.327514164604679
340926,1,7,8,5.77041110782534
340929,1,7,9,3.6333732820425246
340934,1,7,8,18.084642186030113
340936,1,7,5,0.3700090141005197
340944,1,7,8,16.687523161436346
340968,1,7,5,0.3700090141005197
340969,1,7,9,23.50735441424433
340980,1,7,9,24.26723255707014
340982,1,7,8,35.407896652417776
340986,1,7,2,4.424656599394215
340988,1,7,9,24.81613435571362
341006,1,7,8,9.129761899176941
341007,1,7,4,0.3700090657260609
341014,1,7,9,22.77180426169109
341057,1,7,1,14.329844515162664
341058,0,7,0,0.037918297206693506
341059,0,7,0,0.039205958940828525
341061,1,7,3,3.0948361708260275
341070,1,7,9,31.544128793173023
341089,1,7,5,0.3700090141005197
341116,1,7,4,0.3700090657260609
341121,1,7,6,19.411095696776005
341122,1,7,7,0.641911181600847
341147,1,7,5,0.3700090141005197
341151,1,7,1,13.881945025623516
341152,1,7,6,23.457073698954062
341154,1,7,10,6.271845705070994
341158,1,7,1,19.308224637932934
341170,1,7,8,35.73910574204647
341171,1,7,8,6.235325515548439
341195,1,7,4,0.3700090657260609
341202,1,7,10,19.42225537591227
341206,0,7,0,0.06543882671266064
341210,1,7,10,19.851233235592044
341216,1,7,1,24.382191375044712
341233,1,7,5,0.3700090141005197
341255,1,7,9,25.14803885539639
341271,1,7,6,19.266129999475705
341279,1,7,8,28.946902545349197
341281,1,7,6,7.207638650904657
341284,1,7,4,0.3700090657260609
341299,1,7,5,0.37000902039789374
341300,1,7,8,16.591247220415564
341302,1,7,5,0.3700090141005197
341306,1,7,10,12.23360474559052
341322,1,7,5,0.3700090141005197
341326,1,7,10,22.339041823511614
341333,1,7,5,0.3700090141005197
341375,1,7,10,23.640808532673056
341402,1,7,10,26.030852039038702
341407,1,7,1,14.074732852837945
341409,1,7,5,0.3700090141005197
341412,1,7,9,29.88640972830132
341417,1,7,8,23.517997002598037
341422,1,7,10,18.198107469876696
341431,1,7,5,0.3700090141005197
341438,1,7,7,1.0041202443189725
341459,1,7,8,23.013784892346155
341474,1,7,8,20.97951901249302
341484,1,7,2,15.06499572243837
341487,1,7,7,5.497498935727355
341492,1,7,9,17.74783716854277
341497,1,7,9,23.58545963056199
341500,0,7,0,0.02960247039012463
341523,1,7,7,5.58812708744596
341526,1,7,3,2.749676412878705
341528,1,7,10,6.257871424378001
341537,1,7,9,30.409900550082273
341541,1,7,6,22.659794723594665
341554,1,7,5,0.3700090141005197
341557,1,7,5,0.3700090141005197
341561,1,7,8,35.28722319617179
341591,1,7,1,5.397573262582713
341629,1,7,9,2.1490719004801844
341669,1,7,5,0.37000902039789374
341689,0,7,0,0.1295053500449313
341693,1,7,6,28.847707464387707
341694,1,7,8,15.214531202165016
341696,1,7,9,29.901084665464946
341722,1,7,4,0.3700090657260609
341726,1,7,9,24.030076960722923
341727,1,7,6,11.345647560990537
341735,1,7,2,14.588486861139176
341743,1,7,4,0.3700090657260609
341755,1,7,8,12.213219735944401
341766,1,7,9,24.791022020357033
341786,1,7,6,20.480679535769884
341816,1,7,9,33.040967785334715
341821,1,7,8,20.97778827206242
341872,1,7,9,25.18288937109768
341880,1,7,9,25.302763640074183
341888,1,7,10,20.47530403206004
341905,1,7,5,0.3700090141005197
341906,1,7,4,0.3700090657260609
341920,1,7,10,5.42325635826642
341925,1,7,9,30.66266056972407
341931,1,7,6,10.148896541707156
341936,1,7,2,11.239616296727727
341944,1,7,10,14.690428008563865
341951,0,7,0,0.031315618281285304
341956,1,7,9,31.529474075057163
341962,1,7,8,10.414433485667393
341978,0,7,0,0.039024210635165126
341992,1,7,1,15.366481411228508
341994,1,7,2,12.374794879240223
341996,1,7,3,3.1512780640026308
342014,1,7,10,17.7185903688584
342018,1,7,6,28.045327782224565
342044,1,7,6,27.22327944334497
342046,1,7,9,14.844833814841238
342060,1,7,9,31.612224475460227
342063,1,7,8,32.59109666450863
342088,1,7,6,15.124840909898197
342104,1,7,9,33.37986099430184
342138,1,7,8,25.622470480699594
342140,0,7,0,0.03741611945054457
342155,1,7,8,8.726561806428958
342160,1,7,1,24.787115438243774
342163,1,7,9,31.786298866002074
342173,1,7,3,3.2176238547132296
342187,1,7,9,32.88424094633535
342189,1,7,5,0.3700090141005197
342191,1,7,7,3.2856050785417477
342197,1,7,9,22.491996115658466
342202,1,7,9,4.655225957802007
342209,1,7,9,26.433560348025708
342220,1,7,10,13.23107109155191
342225,1,7,1,21.228357670944746
342239,1,7,5,0.3700090141005197
342248,1,7,2,16.326250187865266
342251,1,7,2,4.7586013182029285
342252,1,7,8,8.350469115751615
342255,1,7,2,5.966642517932163
342273,1,7,4,0.3700090657260609
342276,1,7,5,0.3700090141005197
342289,1,7,10,21.160857072276325
342302,1,7,9,7.458590680955414
342306,1,7,8,24.976733610220727
342314,1,7,3,2.7537587178376097
342321,1,7,6,13.15943119873968
342328,1,7,10,13.807623973941421
342329,1,7,6,29.938524226602077
342330,1,7,6,18.882960388447206
342337,1,7,9,32.72377666123928
342341,1,7,9,27.873854697315654
342348,1,7,8,30.208585334209168
342351,1,7,10,24.961782462430637
342353,1,7,5,0.3700090141005197
342372,1,7,8,2.6821671952961865
342382,1,7,7,2.3444199256244045
342383,1,7,9,27.332876641353206
342392,1,7,5,0.3700090141005197
342395,1,7,5,0.3700090141005197
342396,1,7,5,0.3700090141005197
342417,1,7,5,0.3700090141005197
342443,1,7,9,33.415752649053516
342472,0,7,0,0.035880220365152746
342474,1,7,4,0.3700090657260609
342476,1,7,2,16.094422401334956
342517,1,7,7,3.0321645542640137
342521,1,7,6,13.251022531526566
342529,1,7,8,27.582911868841617
342531,1,7,9,20.27862149124016
342540,1,7,9,29.5085619460223
342541,1,7,1,4.3639819708273455
342549,1,7,8,28.28470317244927
342564,1,7,5,0.3700090141005197
342595,1,7,5,0.3700090141005197
342599,1,7,6,21.68263598860573
342610,1,7,4,0.3700090656202526
342624,1,7,6,24.823432586169083
342627,1,7,4,0.3700090657260609
342634,1,7,4,0.3700090657260609
342635,1,7,5,0.3700090141005197
342653,1,7,9,31.5810317507674
342654,0,7,0,0.03470576646453502
342655,1,7,5,0.3700090141005197
342670,1,7,9,30.46138641696414
342671,1,7,5,0.3700090141005197
342677,1,7,9,31.56187037451568
342681,1,7,2,11.324461140193677
342701,1,7,3,2.802738516275117
342721,0,7,0,0.037118564503360665
342727,1,7,8,24.560369674162487
342739,1,7,6,22.18218911340527
342750,1,7,7,6.241612213693286
342762,1,7,6,6.350685889091923
342763,1,7,9,13.089451561251844
342765,1,7,10,23.043774138353193
342767,1,7,9,23.552537781917557
342782,1,7,6,11.248773205776503
342784,1,7,1,24.268892212482218
342802,1,7,8,4.4401937737438475
342805,1,7,6,12.987749372079854
342842,1,7,6,27.74763456248835
342861,1,7,5,0.3700090141005197
342894,1,7,3,3.129886012510201
342902,1,7,9,17.311881873551553
342920,1,7,5,0.3700090141005197
342922,1,7,9,23.5916474061114
342946,1,7,7,3.5807138580387807
342955,1,7,6,29.69552986540961
342976,1,7,6,22.83204034269881
342977,1,7,5,0.3700090141005197
342981,1,7,8,14.914482860505943
343041,0,7,0,0.037299405334756834
343056,1,7,5,0.3700090141005197
343099,1,7,6,5.980442371470168
343134,1,7,9,24.79279549400805
343151,1,7,4,0.3700090657260609
343153,1,7,4,0.3700090657260609
343163,1,7,9,28.146307984414044
343194,1,7,6,21.707032729092965
343196,1,7,8,25.066147739405608
343205,0,7,0,0.034083918264730076
343214,1,7,7,0.9120897134869457
343215,1,7,10,9.174325914297047
343227,0,7,0,0.03278677030545872
343232,1,7,8,18.205193308663752
343237,1,7,1,14.04361458797845
343241,1,7,3,2.8063189980717094
343254,0,7,0,0.16149901883933312
343271,1,7,6,13.950671340210672
343275,1,7,9,17.204345983095482
343279,1,7,8,33.80969610631693
343302,1,7,5,0.3700090141005197
343308,1,7,10,15.115656402531663
343314,1,7,4,0.3700090657260609
343320,1,7,3,1.7685965711835598
343323,1,7,1,22.69600001002216
343334,1,7,1,21.100502188504908
343335,1,7,4,0.3700090657260609
343337,1,7,4,0.3700090657260609
343340,1,7,1,19.115640124044663
343342,1,7,9,23.543738293408637
343346,1,7,10,18.064628032114452
343347,0,7,0,0.036251904974999596
343348,1,7,4,0.3700090657260609
343352,1,7,10,8.653867130114559
343379,1,7,1,28.019673304079287
343382,1,7,8,31.079896666417305
343396,1,7,2,11.939513320291766
343398,1,7,6,8.053044727997614
343409,1,7,4,0.3700090657260609
343413,1,7,10,4.4398681451923805
343419,0,7,0,0.02854354843936699
343423,1,7,4,0.3700090657260609
343424,1,7,8,18.429171659990324
343425,1,7,1,27.56071146510942
343445,1,7,4,0.3700090657260609
343456,1,7,7,5.2638866924668894
343466,1,7,8,35.35220911642483
343495,1,7,1,27.27711874700341
343505,1,7,8,11.589669512787633
343525,1,7,6,15.542127191517768
343528,1,7,7,3.9218881103029317
343529,1,7,2,7.405130175954532
343535,1,7,9,32.73629708051006
343543,1,7,5,0.3700090141005197
343544,1,7,6,29.759387824785044
343557,1,7,9,32.633348987665265
343563,1,7,6,22.913486922837528
343568,1,7,6,25.97774960365261
343575,1,7,8,28.93765138474337
343599,1,7,8,31.3233018214553
343604,1,7,9,31.361188191919506
343623,1,7,10,19.965635585671073
343648,1,7,6,25.445124437418286
343679,1,7,9,10.925908989147766
343687,1,7,8,18.103347587180266
343694,1,7,5,0.3700090141005197
343706,1,7,9,24.996965368449878
343710,1,7,9,22.26983760186422
343722,1,7,9,22.60605780105679
343723,1,7,5,0.3700090141005197
343728,1,7,9,29.612707328055485
343742,1,7,8,22.14060590217353
343763,1,7,7,4.516745435815886
343764,1,7,6,13.051629185926839
343765,1,7,5,0.3700090141005197
343775,1,7,10,17.000869793348393
343781,1,7,10,24.054877916006223
343785,1,7,9,15.37830323901173
343811,1,7,8,32.90606647521353
343814,1,7,3,3.2216716221329094
343821,1,7,9,27.760121222760954
343832,0,7,0,0.06372200308664269
343840,1,7,5,0.3700090141005197
343848,1,7,4,0.3700090657260609
343883,1,7,4,0.3700090657260609
343907,1,7,8,16.00311166753808
343911,1,7,4,0.3700090657260609
343912,1,7,6,18.77684006624724
343913,1,7,8,20.357995993022424
343917,1,7,8,30.74843271417728
343921,1,7,1,18.7899829068392
343925,1,7,9,23.11092363087371
343933,1,7,9,33.72534920383597
343939,1,7,5,0.37000902039789374
343945,1,7,9,9.838139077747554
343967,1,7,6,16.230916423484672
343974,1,7,6,29.3514501334731
343991,0,7,0,0.03350354063112801
343992,1,7,7,6.163977325661413
344002,1,7,3,3.2578552067493427
344003,1,7,4,0.3700090657260609
344004,1,7,10,24.009895834277096
344019,1,7,4,0.3700090657260609
344020,1,7,8,19.805302376391953
344028,1,7,8,7.990537894862909
344041,1,7,1,6.724570455343989
344060,1,7,6,11.239623886440448
344069,1,7,1,4.110896744692341
344070,1,7,10,22.651257669915854
344093,1,7,10,18.443453415662866
344119,1,7,4,0.3700090657260609
344124,1,7,10,12.048026325428975
344134,1,7,10,17.31011627963668
344138,1,7,5,0.3700090141005197
344142,1,7,6,22.411728387137547
344155,1,7,9,20.919172982186463
344177,1,7,8,9.944035151272441
344180,1,7,6,27.37083358611021
344201,1,7,9,3.382763459744947
344202,1,7,7,5.706400396020778
344216,1,7,6,18.254443392409943
344249,0,7,0,0.028049488994203488
344252,1,7,6,27.26330134899181
344266,1,7,5,0.3700090141005197
344277,1,7,6,21.565744543128986
344280,1,7,4,0.3700090656202526
344283,0,7,0,0.04127489089147207
344305,1,7,4,0.3700090657260609
344338,0,7,0,0.02675897438101855
344340,1,7,5,0.3700090141005197
344343,1,7,1,13.985213094632995
344354,1,7,1,18.30210401040032
344363,1,7,5,0.3700090141005197
344373,1,7,4,0.3700090657260609
344375,1,7,9,33.77602848593926
344389,1,7,4,0.3700090657260609
344395,1,7,9,17.66639691783212
344411,1,7,10,10.953224743378978
344446,1,7,6,27.284379609906562
344462,1,7,6,8.437229227653603
344485,1,7,5,0.3700090141005197
344498,0,7,0,0.09840960373251591
344506,1,7,5,0.3700090141005197
344509,1,7,8,26.501193428393616
344510,1,7,1,27.936692917681164
344511,1,7,4,0.3700090657260609
344523,1,7,8,13.023632701100077
344524,1,7,5,0.3700090141005197
344528,1,7,7,6.504562769803324
344531,1,7,5,0.3700090141005197
344554,1,7,8,7.250864440705759
344574,1,7,5,0.3700090141005197
344576,1,7,6,29.225793737240192
344592,1,7,7,3.6642354088540166
344595,1,7,6,20.733090732848915
344596,1,7,9,30.546411260494466
344601,0,7,0,0.04651801178119365
344604,1,7,10,12.000874297250613
344608,1,7,10,14.12268626841
344614,1,7,5,0.3700090141005197
344617,1,7,2,0.8168112934713897
344627,1,7,9,23.284596251352344
344630,1,7,7,4.551429424171978
344644,1,7,10,25.36754716805821
344649,1,7,3,1.7635427708933202
344656,0,7,0,0.026178276014411448
344664,1,7,8,24.07135675988653
344672,1,7,6,21.78898826131591
344680,1,7,5,0.3700090141005197
344694,1,7,5,0.3700090141005197
344702,1,7,6,13.924520566393209
344724,1,7,1,11.307284531160258
344727,1,7,5,0.3700090141005197
344743,1,7,9,13.555718396854322
344754,0,7,0,0.046586279701174606
344755,1,7,5,0.3700090141005197
344760,1,7,4,0.3700090657260609
344777,1,7,6,15.019934625287307
344791,1,7,1,20.55883414207833
344792,1,7,4,0.3700090657260609
344800,1,7,8,32.72105590191144
344801,1,7,5,0.3700090141005197
344827,1,7,9,30.611574930204405
344830,1,7,6,26.869336148352183
344835,1,7,7,2.171212366513279
344863,0,7,0,0.03844607548092975
344870,1,7,9,28.910562882868657
344882,1,7,7,5.926767808714702
344885,1,7,8,29.034665854010033
344908,1,7,9,32.44647291082383
344910,1,7,8,19.695728782141323
344922,1,7,8,29.956424279840707
344938,1,7,7,1.7029573417881427
344955,1,7,9,23.400910627141332
344984,1,7,10,12.127160417659994
344997,1,7,6,14.672990556534739
345000,0,7,0,0.03612379286343072
345002,1,7,3,3.2284377983275165
345007,1,7,9,28.691516319064778
345010,1,7,8,24.628788434896133
345014,1,7,6,26.95948023713445
345018,1,7,6,17.850883350041197
345026,1,7,10,7.836725489425369
345029,1,7,9,28.18576729099595
345058,1,7,9,22.715911796537437
345066,1,7,10,9.85064693380743
345071,1,7,8,10.71109838736592
345074,1,7,1,8.360522942853471
345097,1,7,10,7.045481509020044
345102,1,7,9,33.290898488908624
345125,1,7,3,2.92289273588137
345138,1,7,3,2.5255666064539875
345141,1,7,8,33.99115288024968
345144,1,7,5,0.3700090141005197
345153,1,7,7,2.58685190350999
345154,1,7,9,12.361668010833517
345178,1,7,3,3.2221160820940455
345190,1,7,7,5.503461608810766
345193,1,7,2,4.507260766387095
345194,1,7,4,0.3700090657260609
345198,1,7,2,5.444065952322623
345212,1,7,5,0.37000902039789374
345228,1,7,6,29.456874551264615
345240,1,7,9,33.665149226221885
345244,1,7,5,0.3700090141005197
345247,1,7,5,0.3700090141005197
345249,1,7,3,1.3895515535439342
345251,1,7,9,24.51803814330193
345278,1,7,5,0.3700090141005197
345290,1,7,9,22.980539465523623
345302,1,7,4,0.3700090657260609
345304,1,7,5,0.3700090141005197
345311,1,7,10,15.180100389599001
345318,1,7,6,10.396619014214581
345321,1,7,9,17.776460155651517
345323,1,7,10,20.328964546912673
345324,1,7,9,30.54812392065221
345332,1,7,4,0.3700090657260609
345336,1,7,8,24.88745709217097
345349,1,7,8,25.45032939021966
345364,1,7,5,0.3700090141005197
345388,1,7,9,30.742505430788956
345396,1,7,10,18.591295947672826
345398,1,7,9,29.089012657582295
345399,1,7,8,13.843828059734959
345402,1,7,10,11.080067607465311
345410,1,7,7,1.9645460549696085
345416,1,7,5,0.3700090141005197
345437,1,7,4,0.3700090657260609
345445,1,7,5,0.3700090141005197
345462,1,7,4,0.3700090657260609
345481,1,7,9,12.363514350640529
345483,1,7,9,20.705932925202852
345484,1,7,4,0.3700090656202526
345496,0,7,0,0.035833274037844726
345509,1,7,7,1.932714635225151
345516,1,7,5,0.3700090141005197
345532,1,7,10,26.008533548840028
345547,1,7,5,0.3700090141005197
345548,1,7,4,0.3700090657260609
345556,1,7,6,13.575748045493787
345570,1,7,6,23.557361543653922
345584,1,7,8,35.47591553518911
345586,1,7,6,18.269015106950505
345587,1,7,5,0.3700090141005197
345590,1,7,10,3.98269671844994
345595,1,7,9,17.42608545145065
345600,1,7,6,22.830921219659075
345602,1,7,5,0.3700090141005197
345603,1,7,3,1.4823805227385052
345605,1,7,4,0.3700090657260609
345617,1,7,5,0.3700090141005197
345618,1,7,9,9.666324827305239
345624,1,7,1,20.935117038790146
345645,1,7,10,11.952215866620747
345651,1,7,2,5.934395430489922
345679,1,7,9,14.256939888077609
345685,0,7,0,0.18124071159989388
345687,1,7,9,33.67154387540323
345709,1,7,9,20.495589625855892
345710,1,7,9,30.133108978816896
345726,1,7,9,14.177594293902475
345737,1,7,9,14.90312128130623
345738,1,7,9,15.251903074018744
345756,1,7,9,28.86358422480836
345769,1,7,9,12.455115164037556
345770,1,7,8,28.647643276246693
345771,1,7,9,23.202139510074776
345785,1,7,9,32.68307956447184
345808,1,7,8,6.1759860989080675
345819,1,7,9,28.549660670272477
345839,1,7,10,10.145116530438518
345844,1,7,10,20.991969119969703
345856,1,7,6,28.65384043435722
345860,1,7,4,0.3700090657260609
345869,1,7,6,12.395802122078631
345874,1,7,9,5.060773078183444
345881,1,7,9,29.335820882229086
345892,1,7,8,28.847309306980655
345900,1,7,2,6.051319728244486
345902,1,7,10,17.314944942378293
345916,1,7,8,33.352956950124565
345926,1,7,6,13.720969340921291
345931,1,7,9,14.180873241042205
345940,1,7,1,25.017176658904127
345973,1,7,3,3.217060407119471
345983,0,7,0,0.03968987930414601
345987,1,7,7,3.979306362670994
346013,1,7,9,12.394998463087942
346025,1,7,5,0.3700090141005197
346028,1,7,3,2.629126662990845
346042,1,7,5,0.3700090141005197
346045,1,7,6,13.835031559133208
346062,1,7,9,26.945646155308715
346088,1,7,1,17.99827559216424
346098,1,7,1,25.644134556916445
346124,1,7,5,0.37000902039789374
346128,1,7,4,0.3700090656202526
346136,1,7,10,16.062733274276653
346139,1,7,10,25.908916344788434
346147,1,7,9,32.81886137141484
346150,1,7,1,19.856424362930372
346160,1,7,1,6.2668346776402215
346161,1,7,4,0.3700090657260609
346183,1,7,8,26.932838396316807
346189,1,7,9,26.099292238016616
346203,1,7,7,1.7182161204714386
346219,1,7,6,22.693194668240775
346236,1,7,9,14.750055946255339
346246,1,7,5,0.3700090141005197
346267,1,7,6,30.25182882663435
346279,1,7,10,18.5354628996168
346287,1,7,9,17.308112135971992
346297,1,7,4,0.3700090657260609
346302,1,7,6,28.76065740324925
346308,1,7,9,11.256361055921456
346326,1,7,9,23.140890333608713
346337,1,7,9,29.95457085016026
346338,1,7,8,20.30160794123137
346341,1,7,8,7.59005146755225
346345,1,7,10,20.407788522969383
346355,1,7,10,25.631003221240547
346357,1,7,5,0.3700090141005197
346360,1,7,2,14.815472902447347
346365,1,7,9,15.082583238265443
346372,1,7,1,6.376638925758253
346383,1,7,9,21.203046241769858
346390,1,7,9,9.25680145056243
346399,1,7,1,15.76173541036847
346401,1,7,9,31.240967966245066
346403,0,7,0,0.03889300447190686
346404,1,7,1,6.401064555201713
346406,1,7,10,8.926580982583378
346415,1,7,10,7.326006771210148
346432,1,7,8,18.849186197146597
346447,1,7,9,31.861401154110048
346467,1,7,9,33.32810935000885
346479,1,7,1,18.234226669336117
346482,1,7,2,5.3910884059273085
346495,1,7,9,13.63914059400104
346516,1,7,9,30.883924157736022
346518,0,7,0,0.03483568987671034
346521,1,7,5,0.3700090141005197
346529,1,7,9,10.322313481587933
346531,1,7,6,29.393006522797414
346545,1,7,6,10.575457358580861
346546,1,7,8,16.836133946593577
346554,1,7,8,21.31508845619049
346591,1,7,9,31.304432101155914
346592,1,7,7,3.396611896658378
346643,1,7,5,0.3700090141005197
346648,1,7,2,10.73749806845901
346652,1,7,8,22.699219541710754
346654,1,7,6,21.418422515644775
346663,1,7,1,27.368582558194788
346696,1,7,4,0.3700090657260609
346701,1,7,2,1.8898430746115258
346702,1,7,6,27.383535449943462
346703,1,7,8,31.112441337470916
346716,1,7,4,0.3700090657260609
346723,1,7,9,20.550052392474214
346724,1,7,5,0.37000902039789374
346742,1,7,5,0.3700090141005197
346763,1,7,4,0.3700090657260609
346765,1,7,1,18.967308122799896
346771,1,7,5,0.3700090141005197
346774,1,7,10,6.027642430485406
346775,1,7,8,20.36460551407464
346776,1,7,6,7.55494453397132
346778,1,7,2,16.070670729843822
346779,1,7,6,9.964807299879672
346781,1,7,5,0.3700090141005197
346789,1,7,8,7.2947399529521455
346796,0,7,0,0.03271310874792631
346798,1,7,6,28.633377092751406
346803,1,7,1,17.090942229553537
346805,1,7,9,33.32566999115775
346815,1,7,9,21.095717791207367
346822,1,7,1,23.938741226756346
346823,1,7,6,28.33131689801397
346888,1,7,5,0.3700090141005197
346898,1,7,10,7.390113245519811
346917,1,7,9,25.04885185426874
346927,1,7,7,2.2957797458138627
346930,0,7,0,0.03149878300634528
346943,1,7,2,7.968336375160386
346946,1,7,4,0.3700090657260609
346968,1,7,7,2.79583512523242
346978,1,7,10,8.263530643511928
347013,1,7,9,31.61921310554397
347020,1,7,9,23.952052611167986
347047,1,7,6,17.474729069555064
347056,1,7,9,8.136374753315032
347057,1,7,7,5.850215655407555
347065,1,7,1,26.621886803559242
347066,1,7,6,21.20988986161363
347084,1,7,4,0.3700090657260609
347093,1,7,4,0.3700090657260609
347097,1,7,6,6.3429453719333955
347099,1,7,6,16.423464946108123
347108,1,7,4,0.3700090657260609
347117,1,7,9,24.242895537667895
347125,0,7,0,0.1067797330379099
347127,1,7,9,13.736203208366767
347140,1,7,9,10.020407522895454
347147,1,7,8,19.27454687098975
347151,1,7,4,0.3700090657260609
347156,1,7,1,15.355609317894295
347180,1,7,5,0.3700090141005197
347211,1,7,10,26.040733609188088
347227,1,7,4,0.3700090657260609
347229,1,7,7,2.8814098442464817
347253,1,7,5,0.3700090141005197
347271,1,7,5,0.3700090141005197
347297,1,7,5,0.3700090141005197
347317,1,7,3,3.116676132755442
347321,1,7,8,24.34297980834084
347324,1,7,8,34.0534173409334
347325,1,7,2,2.27550698721368
347351,1,7,7,6.413228911453193
347352,0,7,0,0.03900498472116296
347358,1,7,6,17.974872783405182
347365,1,7,5,0.3700090141005197
347366,1,7,10,13.141719700899927
347374,0,7,0,0.0766263054983095
347388,1,7,4,0.3700090656202526
347392,1,7,7,2.6309787354872904
347397,0,7,0,0.037778569752544865
347402,1,7,2,9.625309927554602
347420,1,7,10,8.08163583433753
347428,1,7,3,3.0868021945126123
347458,1,7,2,12.764539838965916
347470,1,7,4,0.3700090657260609
347520,1,7,5,0.3700090141005197
347535,1,7,10,24.391094255236847
347538,1,7,4,0.3700090657260609
347551,1,7,7,4.381976224922537
347594,1,7,9,18.87455173284507
347596,1,7,8,22.50875583760501
347598,1,7,9,20.02323352823695
347608,1,7,8,7.3172811197528524
347628,1,7,10,23.965303572806206
347634,1,7,10,16.49378907068963
347640,1,7,10,25.98064524654896
347653,1,7,10,26.031549319738126
347658,1,7,6,20.64708477219359
347674,1,7,5,0.3700090141005197
347675,1,7,9,15.722104043858623
347687,1,7,4,0.3700090657260609
347690,1,7,7,6.26044082678458
347692,1,7,9,10.135048087527593
347699,1,7,8,7.047992884184895
347706,1,7,10,3.444168397318207
347716,1,7,8,20.110470283452315
347734,1,7,6,22.242729017133048
347738,0,7,0,0.03854806274966775
347745,1,7,5,0.37000902039789374
347752,1,7,8,28.30140037793098
347758,1,7,4,0.3700090657260609
347773,1,7,8,16.049348560076663
347804,1,7,7,5.867260137820719
347809,1,7,5,0.3700090141005197
347815,1,7,5,0.3700090141005197
347818,1,7,6,19.501116322723895
347831,1,7,5,0.3700090141005197
347833,0,7,0,0.03148203357023693
347840,1,7,6,18.28644821443234
347845,1,7,8,18.54898394443108
347853,1,7,10,17.18852833801143
347869,1,7,4,0.3700090657260609
347870,1,7,9,21.68190434273699
347883,1,7,3,3.211065421028441
347893,1,7,9,32.70833378902448
347929,1,7,9,32.03652550144906
347936,1,7,6,29.64409866008357
347945,1,7,6,22.8383804045581
347948,1,7,9,17.953001334693827
347964,1,7,1,7.2868736692715865
347966,1,7,10,9.410759096819907
347987,1,7,4,0.3700090657260609
348003,1,7,6,29.238920253577184
348008,1,7,9,33.85705769493213
348012,1,7,10,15.808146795535446
348014,1,7,4,0.3700090657260609
348041,1,7,9,5.759912680110048
348042,1,7,4,0.3700090657260609
348046,1,7,8,21.588246486482056
348053,1,7,8,28.16628907047061
348075,1,7,7,2.1943946565455232
348076,1,7,8,17.865093251766762
348077,1,7,8,18.428102469728458
348092,1,7,5,0.3700090141005197
348097,1,7,5,0.3700090141005197
348101,1,7,6,21.220135159131946
348104,1,7,10,3.896457659317651
348127,1,7,9,24.946369567377722
348142,1,7,6,22.782185684891274
348156,1,7,5,0.3700090141005197
348161,1,7,6,22.83357157549564
348168,1,7,9,14.529842392202623
348215,1,7,8,24.023629934341514
348235,1,7,5,0.3700090141005197
348251,1,7,1,21.657189214878393
348254,1,7,7,5.550582674134418
348275,1,7,9,33.27854924403453
348281,1,7,10,10.681072695742944
348285,1,7,10,23.66160610842421
348290,1,7,1,21.223093864441122
348301,1,7,7,2.4365074169715326
348321,1,7,10,12.172309889645023
348323,1,7,7,1.6256764271859747
348349,1,7,7,1.039891645898633
348370,1,7,2,13.019363616613829
348376,1,7,5,0.3700090141005197
348378,1,7,4,0.3700090657260609
348380,1,7,7,3.6388355844280458
348384,1,7,9,19.820461080385275
348395,1,7,6,22.1792232220298
348404,1,7,9,27.487457269533664
348405,1,7,8,14.940515104099438
348429,1,7,9,33.685836172589575
348441,1,7,9,10.740645823297978
348450,1,7,4,0.3700090657260609
348459,1,7,6,12.509079529565952
348482,1,7,8,26.52336288216146
348503,1,7,9,19.210172970738697
348516,1,7,8,35.19800309239341
348520,1,7,6,16.76230872753795
348528,1,7,8,26.68360983867256
348556,1,7,8,19.452307414686135
348590,1,7,6,26.836183978474548
348600,1,7,6,13.236915342732289
348605,1,7,9,24.078011950534954
348609,1,7,4,0.3700090657260609
348632,1,7,8,15.403193368598043
348679,1,7,5,0.3700090141005197
348683,1,7,4,0.3700090657260609
348687,1,7,4,0.3700090657260609
348691,1,7,6,30.319981735720788
348694,1,7,8,9.765863057888492
348719,1,7,6,19.531472894979842
348744,1,7,4,0.3700090657260609
348753,1,7,1,3.753310658335865
348774,1,7,7,3.735290399123941
348775,1,7,6,17.18290280665502
348797,1,7,9,23.019543934830757
348800,1,7,1,17.330668400497245
348833,1,7,2,5.308116036756744
348836,1,7,6,16.682950669347974
348842,1,7,8,29.676360517244913
348853,0,7,0,0.11931346676937375
348856,1,7,9,29.41524517475916
348866,1,7,7,3.2298136442862546
348877,1,7,4,0.3700090656202526
348899,1,7,8,2.9187521026276513
348903,1,7,8,26.072397732872183
348918,1,7,8,31.515428114097645
348937,1,7,10,25.030025798407323
348953,1,7,5,0.3700090141005197
348956,1,7,6,13.57494042612147
348980,0,7,0,0.03290602260819321
348984,1,7,6,30.641408549247267
348987,1,7,8,33.29079023901037
349001,1,7,3,1.398684713062146
349011,1,7,10,12.6840394896023
349013,1,7,7,3.1299323562876498
349014,1,7,9,8.503670329434952
349031,1,7,8,33.29050745134921
349040,1,7,4,0.3700090657260609
349058,0,7,0,0.039457421667117056
349059,1,7,10,20.581060892667107
349064,1,7,1,15.495274963728903
349068,1,7,9,20.93519267265768
349069,1,7,7,6.5377219768943275
349074,1,7,9,29.38327407320008
349075,1,7,6,21.080114809380923
349083,0,7,0,0.03331279026182754
349087,1,7,9,32.67242151032875
349117,0,7,0,0.04532742544608474
349118,1,7,9,12.65124656706262
349122,1,7,9,21.853549059649
349165,1,7,8,25.932883833688958
349193,0,7,0,0.03907236553786104
349208,0,7,0,0.03279960028173199
349230,1,7,6,30.246529157064327
349232,1,7,4,0.3700090656202526
349233,1,7,8,31.16907284716764
349257,1,7,6,7.856235969679422
349262,1,7,10,24.423132107609653
349285,1,7,4,0.3700090657260609
349286,1,7,3,1.8882652557429855
349320,1,7,6,17.717624854530953
349321,1,7,5,0.3700090141005197
349325,1,7,9,26.409510388402076
349336,1,7,9,23.409968391767862
349339,1,7,9,12.459887014240177
349345,1,7,4,0.3700090657260609
349349,1,7,6,14.213139364942668
349368,1,7,9,14.438591840923179
349377,1,7,9,18.562001483855276
349388,1,7,10,16.495937189961914
349405,1,7,7,1.800683052407101
349440,1,7,8,23.98850133928215
349443,1,7,8,4.652014290035441
349446,1,7,7,1.4947929202641508
349451,1,7,10,15.587759922984715
349454,1,7,6,29.338484290596263
349464,1,7,8,18.577573381040626
349465,1,7,8,28.223381998967618
349469,1,7,8,14.645837556851571
349475,1,7,8,19.715798858785668
349496,1,7,9,28.838775206771047
349497,0,7,0,0.047167370316835
349499,1,7,7,6.319115019144247
349506,1,7,10,6.303754757278728
349507,1,7,2,2.700369434918525
349508,1,7,9,33.04381524530047
349563,1,7,5,0.37000902039789374
349572,1,7,10,22.84996299858825
349573,1,7,9,19.65869386556007
349586,1,7,1,15.449483186531387
349601,1,7,5,0.3700090141005197
349619,1,7,6,18.25997491623175
349621,1,7,8,26.86971808101998
349624,1,7,4,0.3700090657260609
349635,1,7,4,0.3700090657260609
349643,1,7,6,30.255977657853357
349658,1,7,10,12.984266971798704
349659,1,7,8,18.976317974929525
349685,1,7,6,28.30184190284781
349693,1,7,6,17.495942505503457
349697,1,7,8,36.11618586913402
349698,1,7,3,3.23056263098671
349707,1,7,5,0.3700090141005197
349709,1,7,1,5.021949842974487
349711,1,7,8,12.287355482199027
349722,1,7,5,0.3700090141005197
349728,1,7,10,9.811978187073805
349731,1,7,8,23.833859100825606
349735,1,7,10,18.464230815860272
349747,1,7,10,23.842175006502465
349758,1,7,10,12.83406509863345
349784,1,7,9,29.3534304860421
349822,1,7,7,0.8097860959808195
349833,1,7,6,26.588668897429457
349838,1,7,5,0.3700090141005197
349850,1,7,5,0.3700090141005197
349851,0,7,0,0.03287005839140072
349857,1,7,10,21.03208900356091
349869,1,7,9,19.14587642654311
349871,1,7,5,0.3700090141005197
349879,1,7,8,21.559842790324737
349884,1,7,8,35.33150180830823
349886,1,7,1,5.483391324472398
349889,1,7,5,0.3700090141005197
349902,1,7,8,24.566204256448227
349904,1,7,6,22.921912546658977
349915,1,7,8,35.64306909435832
349923,1,7,1,26.524651175089154
349937,1,7,6,30.378748673765827
349940,1,7,10,5.833545815853299
349943,1,7,2,1.383957845440773
349953,1,7,6,16.391882037733172
349966,1,7,2,9.112716611653328
349976,1,7,9,24.522249492537885
349979,1,7,6,26.02208315209367
349993,1,7,1,24.71220448182778
350006,1,7,8,14.422995570399246
350007,0,7,0,0.03931185970389846
350009,1,7,1,9.546330751790128
350012,1,7,8,32.174817847805926
350020,1,7,5,0.3700090141005197
350037,1,7,8,9.724374246216868
350051,1,7,9,11.631656589416705
350053,1,7,5,0.3700090141005197
350058,1,7,6,20.75119055866613
350068,1,7,5,0.3700090141005197
350107,1,7,5,0.3700090141005197
350127,0,7,0,0.13540351390679978
350140,0,7,0,0.04337257175060209
350150,0,7,0,0.03877569237837091
350158,1,7,9,10.941650767432987
350184,1,7,6,20.95869036841571
350206,1,7,5,0.3700090141005197
350215,1,7,9,32.5321776375195
350231,1,7,10,19.44091641498984
350238,0,7,0,0.0319880702830073
350248,1,7,6,23.896500233158537
350250,1,7,6,25.96211508735778
350252,1,7,8,31.10657732642829
350258,0,7,0,0.040222762835207086
350261,1,7,9,23.673972300286795
350270,1,7,10,6.559088451297996
350282,1,7,8,16.001248067228214
350289,1,7,6,24.42211780683444
350290,1,7,10,22.491029107143163
350308,0,7,0,0.046385776280406715
350331,1,7,10,13.076709715190624
350348,1,7,9,21.304692530076018
350349,1,7,8,29.090498574324958
350353,0,7,0,0.03769768293863304
350364,1,7,4,0.3700090657260609
350374,1,7,9,24.695841371089944
350379,1,7,1,9.728378378228813
350410,1,7,9,24.378727830294807
350414,1,7,8,32.457169727905935
350416,1,7,8,23.7136763422441
350426,1,7,6,20.92491984839102
350440,1,7,9,22.031162011009382
350451,1,7,9,33.740302672912826
350459,1,7,8,9.304530151496195
350467,1,7,7,0.613539425988022
350484,1,7,9,5.236419151246173
350500,1,7,4,0.3700090656202526
350509,1,7,7,5.610724732075957
350512,1,7,6,21.787594830095678
350518,1,7,5,0.3700090141005197
350533,1,7,9,26.587794773485566
350543,1,7,9,4.48423637196147
350550,0,7,0,0.03642948445013089
350557,1,7,5,0.3700090141005197
350565,1,7,10,9.159601395948973
350578,1,7,6,10.960783907020623
350588,1,7,10,16.57591288659344
350599,1,7,5,0.3700090141005197
350601,1,7,4,0.3700090657260609
350609,1,7,9,27.872113614990766
350610,0,7,0,0.04717603165277708
350616,1,7,5,0.3700090141005197
350623,1,7,10,10.59031266649831
350641,1,7,5,0.3700090141005197
350653,1,7,6,21.511842351362287
350668,0,7,0,0.04653535857245711
350669,1,7,4,0.3700090657260609
350679,1,7,5,0.3700090141005197
350684,1,7,9,29.810396330103266
350685,1,7,9,20.32421641623824
350686,1,7,5,0.3700090141005197
350687,1,7,5,0.3700090141005197
350696,1,7,10,25.633962248098932
350698,1,7,9,32.78390893901925
350706,1,7,4,0.3700090657260609
350719,1,7,5,0.3700090141005197
350723,0,7,0,0.03906799343478405
350785,1,7,10,7.467498989445467
350804,1,7,6,23.183862830900498
350816,1,7,6,21.311155702189264
350830,1,7,7,4.365487559682949
350836,0,7,0,0.03565768243078757
350838,1,7,8,11.249672150352213
350841,1,7,6,29.533715464121194
350843,1,7,6,21.25320678495507
350853,1,7,6,15.336219046312928
350863,1,7,6,22.52228729548671
350880,1,7,5,0.3700090141005197
350899,1,7,8,30.732701968320644
350912,1,7,9,24.72980661618043
350918,0,7,0,0.13104977428131293
350934,1,7,8,31.10482628082007
350946,1,7,5,0.3700090141005197
350955,1,7,10,16.892683906813094
350970,1,7,6,24.90404784277248
350993,1,7,6,7.177355630268483
351022,1,7,9,25.366027890412944
351032,1,7,4,0.3700090657260609
351037,1,7,6,25.667793538145645
351046,1,7,10,9.67002998676798
351056,1,7,4,0.3700090657260609
351077,1,7,9,24.5279014996403
351107,1,7,4,0.3700090657260609
351149,1,7,9,25.9890020340781
351154,1,7,10,13.140343418864736
351157,1,7,7,6.1641457054371624
351164,1,7,6,30.111007139590264
351181,1,7,9,7.506328606783564
351182,1,7,7,6.272883033915317
351183,0,7,0,0.039866617953133836
351194,1,7,9,32.63603866332074
351202,1,7,8,27.507739156226826
351213,1,7,8,16.875711666136294
351235,1,7,6,29.55360768358025
351250,1,7,3,3.0970160910247393
351258,1,7,9,31.546849213019303
351259,1,7,6,7.4708769909545305
351260,1,7,6,26.314560548007023
351261,1,7,6,22.78676923505762
351270,1,7,4,0.3700090657260609
351277,1,7,7,6.082380571933634
351287,1,7,6,28.5681915848446
351288,1,7,7,2.8432552803083633
351300,1,7,8,26.49674029922084
351308,1,7,10,18.52715853706312
351309,1,7,6,25.521460674837883
351319,1,7,9,11.65615370212062
351340,1,7,8,23.114581566783762
351344,0,7,0,0.028224378286477766
351352,1,7,9,28.622627004651576
351358,1,7,8,32.340629432268116
351370,1,7,4,0.3700090657260609
351392,1,7,8,19.303012161278694
351411,1,7,8,19.27204675411609
351413,1,7,6,13.719769356802122
351414,1,7,1,25.828187654378723
351431,0,7,0,0.032744465396195
351441,1,7,5,0.3700090141005197
351445,1,7,9,32.71890511035381
351459,1,7,9,25.257115675606844
351462,1,7,8,3.514595382574974
351465,1,7,2,13.313820649771479
351482,1,7,10,22.851602008113883
351484,1,7,8,22.508011127934395
351495,1,7,8,33.3685068458267
351504,1,7,1,21.69508012083888
351515,1,7,1,27.53149125670262
351532,1,7,6,29.59041212968182
351540,1,7,5,0.3700090141005197
351545,1,7,1,20.94277956570456
351550,1,7,7,6.234231212140144
351556,1,7,2,14.697520107407367
351567,1,7,3,0.9673033221712544
351572,1,7,4,0.3700090657260609
351573,1,7,9,31.01595925714998
351580,1,7,9,23.520672110459596
351610,1,7,5,0.3700090141005197
351620,1,7,2,16.32386359164542
351626,1,7,9,18.851990571952918
351633,1,7,6,29.264696104914567
351634,1,7,8,15.238992434544924
351647,1,7,9,5.49065079949388
351668,1,7,10,6.878157891509523
351714,1,7,4,0.3700090657260609
351719,1,7,6,27.245879429944356
351721,1,7,9,33.63482573993106
351725,1,7,9,4.850983946300291
351736,1,7,4,0.3700090657260609
351750,1,7,4,0.3700090657260609
351755,1,7,4,0.3700090657260609
351756,1,7,4,0.3700090657260609
351757,1,7,6,29.71184114598242
351767,1,7,7,3.1863563913486774
351771,1,7,9,9.243486467344205
351773,1,7,7,2.0918247894792397
351782,1,7,6,27.655091965579725
351785,1,7,5,0.3700090141005197
351790,1,7,8,18.851421417566392
351791,1,7,8,26.21235949966918
351793,1,7,2,6.403095149540656
351802,1,7,6,15.584512843949181
351804,1,7,6,16.93906562509562
351809,1,7,10,18.414947464526588
351811,1,7,8,30.361965789954507
351820,1,7,2,11.382913657183057
351827,1,7,10,18.008804624294783
351836,1,7,10,10.018536148582069
351849,1,7,10,24.618125118387002
351853,1,7,9,25.07706960081087
351861,1,7,8,27.722624494953696
351876,1,7,8,20.664210949072913
351880,1,7,10,14.934017914902414
351883,1,7,9,32.281302323880944
351903,1,7,5,0.3700090141005197
351910,1,7,6,21.488373256013052
351924,1,7,2,7.067461204309612
351933,1,7,5,0.3700090141005197
351937,1,7,8,19.65746380241298
351948,1,7,8,17.4522076151962
351955,0,7,0,0.045240144675195604
351964,1,7,5,0.3700090141005197
351967,1,7,7,3.535815324103339
351971,1,7,4,0.3700090657260609
351977,1,7,1,23.9978383642747
351979,1,7,8,20.062125816895254
351993,1,7,10,25.825022773993094
351994,1,7,10,13.759528573106907
352031,1,7,8,15.075094084952633
352039,1,7,5,0.3700090141005197
352059,1,7,8,26.553553494138786
352069,1,7,7,4.697408676520017
352075,1,7,6,27.469946904888857
352080,1,7,6,23.340581831501517
352112,1,7,7,4.213140708175219
352137,1,7,6,18.99684781824974
352141,1,7,6,20.617969908946375
352147,1,7,7,6.437841827063245
352157,0,7,0,0.17486485145974764
352172,1,7,5,0.3700090141005197
352211,1,7,6,26.40338720090179
352217,1,7,8,19.224559275034643
352220,1,7,5,0.3700090141005197
352222,1,7,8,24.729515016773888
352225,1,7,6,27.390390598492345
352226,1,7,8,26.219401362245506
352231,1,7,6,11.513800358494226
352234,1,7,9,21.662214728921303
352238,1,7,6,17.483604327991145
352246,1,7,9,13.89863150926712
352247,1,7,6,28.418768228157067
352250,1,7,5,0.3700090141005197
352253,1,7,4,0.3700090657260609
352261,1,7,9,25.29766927571781
352272,1,7,5,0.3700090141005197
352274,1,7,1,20.76443976296991
352281,1,7,4,0.3700090657260609
352287,1,7,10,25.993379788620725
352302,1,7,1,27.330622634940106
352313,1,7,8,25.546892525453753
352315,1,7,6,19.426645759072944
352322,1,7,4,0.3700090657260609
352327,1,7,6,29.529564270354825
352342,1,7,2,13.961500455002458
352368,1,7,2,6.406033502807064
352395,0,7,0,0.030071473460748423
352402,1,7,4,0.3700090657260609
352410,1,7,10,10.677537988989434
352411,1,7,7,1.4885018047411018
352413,1,7,9,22.016226382802085
352420,1,7,8,13.797810174020485
352423,1,7,7,5.23443072759476
352435,1,7,9,9.93160640302894
352445,1,7,8,26.907476533928108
352459,1,7,8,13.908048046617804
352468,1,7,9,18.05323758286718
352476,1,7,4,0.3700090657260609
352483,1,7,9,19.668172391395274
352485,1,7,8,11.827006733345197
352487,1,7,6,13.072325250476634
352502,1,7,10,24.780110595334374
352508,1,7,6,22.307724376609272
352527,1,7,6,22.348274655137853
352534,1,7,6,29.88318777397745
352541,1,7,9,30.69553423098226
352544,1,7,8,13.540625260642466
352550,1,7,4,0.3700090657260609
352558,0,7,0,0.03567163494503938
352563,1,7,6,5.99159969089799
352564,1,7,6,28.648007345252772
352575,0,7,0,0.029171201317763528
352578,1,7,2,5.597562312320557
352597,1,7,8,36.09705891022514
352606,1,7,3,1.6429023711433188
352617,1,7,8,17.903355676604257
352628,1,7,8,18.473624032307626
352641,1,7,10,23.718459829382173
352670,1,7,9,18.575470042791583
352671,1,7,8,25.93573618690238
352674,1,7,10,22.956340816551904
352684,1,7,6,22.849128054035674
352703,1,7,4,0.3700090657260609
352722,0,7,0,0.08918451122184698
352732,1,7,6,29.266024528572874
352736,1,7,8,15.54300366595643
352739,1,7,7,4.583585331404819
352754,1,7,5,0.3700090141005197
352763,1,7,2,5.374016361581163
352779,1,7,10,21.32308399815429
352786,1,7,9,29.529844467404452
352788,1,7,6,29.20395138661252
352798,1,7,1,15.543860815272916
352803,1,7,8,9.552573160269052
352841,1,7,10,20.569683130765352
352876,1,7,5,0.3700090141005197
352878,1,7,6,17.917154583696096
352915,1,7,6,22.781989432698605
352928,1,7,8,15.631282516288907
352930,1,7,9,33.808102361200994
352941,1,7,6,26.599416056019994
352957,1,7,9,22.821290979553932
352963,1,7,4,0.3700090657260609
352969,1,7,8,21.6265185305009
352970,1,7,7,6.503835587572765
352987,1,7,2,12.041407287193493
353007,1,7,8,3.516590990282393
353013,1,7,4,0.3700090657260609
353019,1,7,5,0.3700090141005197
353024,1,7,8,25.692437298981282
353027,1,7,10,12.117900540419598
353032,1,7,6,29.304267645510723
353034,0,7,0,0.034969174268388366
353038,1,7,9,25.048497236779713
353063,1,7,5,0.3700090141005197
353078,1,7,4,0.3700090657260609
353080,0,7,0,0.028546716643579908
353111,1,7,8,15.422963847572227
353112,1,7,4,0.3700090657260609
353113,1,7,6,13.181610734751711
353114,1,7,9,24.795149127643974
353120,1,7,5,0.3700090141005197
353125,0,7,0,0.03919434114172636
353127,1,7,3,3.15125253359748
353154,1,7,9,21.042116933265046
353160,0,7,0,0.04735153685740751
353161,1,7,9,31.047190047245593
353169,1,7,9,12.847345273755948
353173,1,7,10,23.384714909540065
353175,1,7,8,28.66810338686054
353210,1,7,5,0.3700090141005197
353222,1,7,9,33.73317921864764
353238,1,7,9,21.50354415205254
353240,1,7,5,0.3700090141005197
353242,1,7,4,0.3700090657260609
353245,1,7,6,11.408551966606346
353248,1,7,1,27.589255533773045
353257,1,7,6,27.483630242695803
353263,1,7,3,1.019776250861173
353267,1,7,4,0.3700090657260609
353279,1,7,8,13.640651974102653
353280,1,7,7,4.442871116143321
353292,1,7,6,27.47411481584033
353293,1,7,4,0.3700090657260609
353295,1,7,6,29.416992189853474
353297,1,7,3,0.7370398512266169
353303,1,7,1,27.306985668630574
353314,1,7,1,4.179966658083036
353329,1,7,1,19.401972820475535
353339,1,7,4,0.3700090657260609
353347,1,7,4,0.3700090657260609
353349,1,7,5,0.3700090141005197
353358,1,7,4,0.3700090657260609
353359,1,7,3,2.0821599836800813
353361,1,7,6,5.97504835496525
353364,1,7,5,0.3700090141005197
353375,1,7,4,0.3700090657260609
353377,1,7,3,0.6035445951278047
353378,1,7,6,22.462269445695675
353388,1,7,2,16.21932686213235
353401,1,7,6,8.887165723232934
353406,1,7,8,19.454699674237727
353409,1,7,5,0.3700090141005197
353416,0,7,0,0.0394370914891618
353455,1,7,8,12.357047040892787
353484,1,7,9,25.46646491311279
353488,1,7,1,15.405714595966476
353492,1,7,2,13.262812679430814
353493,1,7,7,6.143574444135206
353497,1,7,9,19.651060618018604
353501,1,7,7,4.033081602629976
353502,1,7,9,22.306480328934907
353506,1,7,5,0.3700090141005197
353531,1,7,8,18.84856317147618
353533,1,7,5,0.3700090141005197
353536,1,7,4,0.3700090657260609
353547,1,7,9,31.415357233984462
353566,1,7,8,27.306455886073564
353568,1,7,9,19.587987098725325
353583,1,7,8,19.465837073916838
353588,1,7,9,22.298550455190586
353594,1,7,6,29.704073837375716
353601,1,7,2,3.849990861712331
353605,1,7,9,30.50477696019074
353619,1,7,2,7.071439450211586
353624,1,7,1,6.700706655911699
353626,1,7,8,23.34062711323188
353639,1,7,9,7.709428481299353
353641,0,7,0,0.033577303840687474
353648,1,7,9,13.704181358331454
353658,1,7,6,8.98929464958357
353681,1,7,10,13.096434871388798
353699,1,7,10,4.70480402639529
353701,1,7,6,14.565686101610016
353702,1,7,9,29.51765239102108
353704,1,7,8,27.262937890522373
353711,1,7,1,22.290724287220634
353750,1,7,4,0.3700090657260609
353769,1,7,5,0.3700090141005197
353777,1,7,8,13.35696193309679
353784,1,7,8,24.1164038029501
353796,1,7,4,0.3700090657260609
353813,1,7,8,31.674747846171723
353821,1,7,10,21.055700296850603
353834,1,7,2,13.661742926892806
353847,0,7,0,0.07243565976258627
353883,1,7,1,17.373137472981323
353887,1,7,5,0.3700090141005197
353892,1,7,6,28.57328664753836
353895,1,7,4,0.3700090657260609
353904,1,7,5,0.3700090141005197
353936,1,7,5,0.3700090141005197
353939,1,7,9,32.65881912608375
353944,1,7,8,6.202425999356759
353965,1,7,6,24.71587613899184
353967,1,7,4,0.3700090657260609
353977,1,7,3,2.6620175574094973
353988,1,7,5,0.3700090141005197
354002,1,7,4,0.3700090657260609
354006,1,7,7,4.973103755647179
354011,1,7,4,0.3700090657260609
354012,1,7,10,8.951058191747084
354019,1,7,8,33.21935222753913
354027,1,7,5,0.3700090141005197
354028,1,7,2,15.127269330725795
354041,1,7,1,7.402108305997575
354043,1,7,1,20.52868401285523
354048,1,7,9,27.980235960285267
354073,1,7,1,13.150686827001048
354078,1,7,9,33.322631763357144
354112,1,7,10,18.52123859666165
354116,1,7,8,33.90117456489626
354128,1,7,4,0.3700090656202526
354132,1,7,4,0.3700090657260609
354163,1,7,1,19.583074516433058
354164,1,7,8,26.31414120283337
354176,1,7,9,11.208755738212222
354200,1,7,1,25.176525999312833
354233,1,7,8,34.89594592882302
354236,1,7,8,35.867062374681346
354237,1,7,9,15.14737516894037
354256,1,7,4,0.3700090657260609
354259,1,7,4,0.3700090657260609
354266,1,7,4,0.3700090657260609
354267,1,7,9,9.088322057595109
354282,1,7,1,24.936878153552165
354287,1,7,9,33.59151333639785
354299,1,7,5,0.3700090141005197
354327,1,7,5,0.3700090141005197
354331,1,7,6,15.122460602695153
354341,1,7,4,0.3700090657260609
354383,1,7,4,0.3700090657260609
354384,1,7,10,13.009232539724481
354391,1,7,5,0.3700090141005197
354419,1,7,8,27.596634973209135
354423,1,7,9,10.248207311826619
354442,1,7,8,25.638703693243095
354451,1,7,9,23.56242372642345
354452,1,7,9,15.880828395042851
354453,1,7,9,8.62482422915727
354457,1,7,1,27.675773965786657
354462,1,7,4,0.3700090657260609
354476,1,7,8,24.636875536907215
354488,1,7,8,34.0519335848979
354523,0,7,0,0.046314466898780944
354535,1,7,5,0.3700090141005197
354536,1,7,6,21.094789635397316
354557,1,7,1,6.819381031096308
354577,1,7,10,13.685017174360295
354581,1,7,1,10.30377884498997
354584,1,7,8,23.850634953293568
354597,1,7,9,32.07895900117643
354601,1,7,8,18.97473594829939
354614,1,7,1,23.001747605268328
354615,1,7,8,24.9412232053201
354627,1,7,8,29.945812142093743
354629,1,7,8,34.830636393311465
354667,1,7,1,17.56928587857932
354671,1,7,9,18.147381279081568
354685,1,7,9,12.453960327297837
354703,1,7,6,18.843008065819834
354752,1,7,10,24.06973412891038
354767,1,7,3,3.1242748790365207
354770,1,7,4,0.3700090657260609
354778,1,7,10,26.01372630887876
354830,1,7,10,10.081415907578823
354848,1,7,9,22.132971427260816
354878,1,7,6,17.81237977224957
354888,1,7,9,24.502419008916483
354894,1,7,8,26.283372053050222
354897,1,7,5,0.3700090141005197
354898,1,7,9,19.499266619736787
354908,1,7,9,22.649472042742826
354917,1,7,6,29.400115591302704
354920,1,7,8,21.681122028965476
354924,1,7,8,20.05452033182012
354944,1,7,1,8.69957184064057
354948,1,7,7,1.8187663502634215
354949,1,7,9,17.654759367502834
354969,1,7,6,20.071013653308327
354970,1,7,7,6.117308471205791
354978,1,7,3,3.1201851345173663
354997,1,7,9,32.55491301562647
355005,1,7,10,14.32669090388503
355006,1,7,9,14.110109301996301
355022,1,7,5,0.3700090141005197
355027,1,7,4,0.3700090657260609
355038,1,7,2,9.958820734214601
355040,1,7,1,16.26287302673723
355045,1,7,8,27.107385039368122
355057,1,7,9,16.872776008153245
355058,1,7,1,8.96402439421487
355063,1,7,9,33.15202787517231
355085,1,7,10,23.422059266554275
355094,1,7,2,12.681370174688741
355100,1,7,2,4.966462358707986
355110,1,7,6,16.508739978341623
355113,1,7,4,0.3700090657260609
355161,1,7,5,0.3700090141005197
355163,1,7,5,0.3700090141005197
355176,1,7,8,25.914647431940267
355183,1,7,7,1.2177233550540667
355202,1,7,1,23.603455738352967
355231,1,7,4,0.3700090657260609
355239,1,7,5,0.3700090141005197
355253,1,7,6,27.621845147354414
355261,1,7,9,33.255267193674825
355269,1,7,4,0.3700090656202526
355303,1,7,8,19.79805002716076
355320,1,7,6,22.71932227188766
355331,1,7,8,23.746736643098803
355350,1,7,5,0.3700090141005197
355376,1,7,6,29.529388737768183
355403,1,7,10,12.675583287945962
355404,1,7,6,17.38948818121149
355425,1,7,1,5.106158524731109
355431,1,7,5,0.3700090141005197
355441,1,7,4,0.3700090657260609
355455,1,7,6,26.431192837041497
355461,0,7,0,0.03248627254353386
355490,1,7,1,16.567218071374207
355495,1,7,2,10.582478052283648
355499,1,7,9,32.823030382251794
355505,1,7,10,9.837604450062063
355510,1,7,1,9.718110738144544
355537,1,7,10,26.024844132008052
355553,1,7,9,25.478115008660176
355568,1,7,8,22.933844338095998
355569,1,7,5,0.3700090141005197
355580,1,7,1,16.08283688281361
355597,1,7,6,20.35765304670879
355609,1,7,5,0.3700090141005197
355611,1,7,8,33.8773501459631
355624,1,7,8,18.534097516760937
355637,1,7,5,0.3700090141005197
355654,1,7,6,26.168453110024146
355657,1,7,6,10.325328473127335
355663,1,7,5,0.3700090141005197
355686,1,7,5,0.3700090141005197
355687,1,7,5,0.37000902039789374
355703,1,7,7,2.408837465794441
355705,1,7,9,32.7341252560664
355711,1,7,6,18.551370362409166
355725,1,7,9,20.100720481672077
355731,1,7,9,30.978504059070445
355732,1,7,5,0.3700090141005197
355734,1,7,10,14.309223495889203
355735,1,7,6,11.581801581556599
355766,1,7,1,5.455618830945554
355788,1,7,9,30.542088077190453
355799,1,7,9,22.93723961809493
355802,1,7,6,24.50827114559164
355807,1,7,9,24.32191446690674
355811,1,7,9,3.4987998212841003
355840,1,7,8,16.681044417505785
355857,1,7,9,33.04606568317571
355860,1,7,8,30.410209891771824
355878,1,7,9,19.50123029550555
355880,1,7,5,0.3700090141005197
355911,1,7,6,29.526578148087594
355924,1,7,8,26.063677494000363
355993,1,7,10,17.114704460309497
355994,1,7,8,23.421987743914052
356042,1,7,4,0.3700090657260609
356053,1,7,6,20.341257647810686
356069,1,7,5,0.3700090141005197
356077,1,7,8,25.500531201379154
356086,1,7,6,18.47799323732692
356088,1,7,5,0.3700090141005197
356089,1,7,5,0.3700090141005197
356105,1,7,5,0.3700090141005197
356107,1,7,9,13.488823014715436
356115,1,7,7,3.5583391499949775
356116,1,7,10,23.752082758251213
356125,1,7,5,0.3700090141005197
356145,1,7,9,2.153424767264262
356158,0,7,0,0.038961167511258436
356165,1,7,4,0.3700090657260609
356176,1,7,5,0.3700090141005197
356179,1,7,9,30.109703315880562
356214,0,7,0,0.04674942607423071
356234,1,7,1,25.648047339176873
356241,1,7,9,23.601023779136565
356244,1,7,6,29.45955922478341
356277,1,7,8,23.21405203883773
356285,1,7,8,22.454393035501592
356300,1,7,1,21.82512789710735
356301,1,7,9,28.972961808444026
356309,1,7,1,23.65567817921266
356333,1,7,8,22.4586668302518
356350,1,7,5,0.3700090141005197
356355,1,7,1,9.92128508492876
356362,1,7,9,23.506292546130975
356375,1,7,8,27.591365836366872
356380,1,7,8,21.653646145684643
356383,1,7,6,21.242682671428287
356385,1,7,9,27.612084802499986
356388,1,7,4,0.3700090657260609
356394,1,7,6,21.83386680994024
356397,1,7,6,17.425401443489214
356413,1,7,5,0.3700090141005197
356414,1,7,5,0.3700090141005197
356416,1,7,5,0.3700090141005197
356425,1,7,5,0.37000902039789374
356436,1,7,8,7.76693776062402
356442,1,7,10,10.067631451173058
356451,1,7,8,28.743263618333376
356454,1,7,6,21.978336407304617
356468,1,7,8,31.52836350306624
356477,1,7,7,6.402941069314805
356497,1,7,9,28.070616173552892
356506,0,7,0,0.046994294733676216
356508,1,7,8,25.29210079950593
356521,1,7,7,6.380417442568288
356528,1,7,9,30.599526952311393
356533,1,7,1,18.997403845818546
356545,1,7,8,16.845144907675593
356551,1,7,6,23.18841483836659
356552,1,7,8,5.111399929848844
356582,1,7,6,19.39347551219268
356635,1,7,9,29.595718446822993
356664,1,7,5,0.3700090141005197
356678,1,7,4,0.3700090657260609
356685,1,7,6,4.6274419560241
356699,1,7,9,20.625786105085226
356703,1,7,4,0.3700090657260609
356731,0,7,0,0.03443992375870337
356739,1,7,7,0.34781008687759074
356741,1,7,1,11.959579906157819
356757,1,7,8,23.30336420857864
356765,1,7,5,0.3700090141005197
356793,1,7,5,0.3700090141005197
356796,1,7,10,15.15916894656745
356798,1,7,8,12.97101920321011
356804,1,7,10,23.41039027439744
356806,1,7,7,6.337046607823114
356810,0,7,0,0.03530489523688872
356817,1,7,8,26.642310761792068
356843,1,7,5,0.3700090141005197
356847,1,7,8,32.65512466291334
356860,1,7,6,11.921522977098906
356874,1,7,5,0.3700090141005197
356880,1,7,4,0.3700090657260609
356895,1,7,8,22.517807618024076
356896,1,7,5,0.3700090141005197
356908,1,7,6,23.247486348847847
356925,1,7,9,31.08544756811094
356930,0,7,0,0.029058016713323177
356938,1,7,4,0.3700090657260609
356942,1,7,9,33.661860751908236
356945,1,7,5,0.3700090141005197
356947,1,7,5,0.3700090141005197
356955,1,7,9,25.78629439105983
356958,1,7,5,0.3700090141005197
356961,1,7,8,16.002863715339274
356966,1,7,9,19.62536516033419
356971,1,7,6,27.131402026536442
356978,1,7,3,1.1859003752992252
356986,0,7,0,0.11134635159290171
357001,1,7,9,25.216874104048028
357005,1,7,10,12.776059952251325
357006,1,7,9,13.229432127181344
357010,1,7,1,27.417831305639282
357014,0,7,0,0.038831911205976934
357029,1,7,8,26.497399795292804
357031,1,7,7,2.6166332459855637
357055,1,7,9,30.370984195872854
357063,1,7,4,0.3700090656202526
357064,1,7,10,25.973356529733035
357066,1,7,6,22.342393550153464
357084,1,7,8,19.945212552104497
357108,1,7,4,0.3700090657260609
357122,1,7,10,10.25776804841235
357128,1,7,10,18.294663280634595
357131,1,7,9,31.277016392792284
357132,1,7,8,7.218017957535938
357141,1,7,9,20.122198772171206
357152,1,7,5,0.3700090141005197
357157,1,7,9,28.10158749951369
357170,0,7,0,0.03437393594354975
357171,1,7,4,0.3700090657260609
357183,1,7,9,11.127466062088066
357187,1,7,9,33.00047528540209
357189,1,7,10,23.097864128011246
357194,1,7,1,5.538980586708048
357227,1,7,1,21.48539419528745
357236,1,7,5,0.3700090141005197
357237,1,7,9,15.965969239538966
357239,1,7,9,19.50725458937974
357241,1,7,10,18.513946186870186
357246,1,7,5,0.3700090141005197
357257,1,7,9,21.575086122781922
357268,1,7,4,0.3700090657260609
357288,1,7,4,0.3700090657260609
357295,1,7,9,3.5873555126800185
357303,1,7,9,9.74468228638298
357305,1,7,6,27.357462588324122
357335,1,7,10,17.875451425645974
357341,1,7,10,20.183646900666517
357350,1,7,8,19.065277437676954
357354,1,7,5,0.37000902039789374
357361,1,7,5,0.3700090141005197
357367,1,7,2,10.689689470288942
357393,1,7,6,17.181347753069787
357420,0,7,0,0.020997048485126034
357422,1,7,2,16.510745744748604
357431,1,7,7,0.3640850721552457
357436,1,7,1,19.13064934667922
357442,1,7,9,21.481741606696605
357443,1,7,10,21.409477229694367
357446,1,7,1,5.324712021516405
357447,1,7,9,22.455228680782955
357450,1,7,4,0.3700090657260609
357467,1,7,9,31.28846278487595
357484,1,7,5,0.3700090141005197
357485,1,7,4,0.3700090657260609
357490,1,7,4,0.3700090657260609
357494,1,7,3,1.2722620139690406
357525,1,7,6,28.97106563295902
357536,1,7,9,7.679817444708928
357547,1,7,9,8.11170580523206
357566,1,7,9,9.804220624183465
357616,1,7,6,21.228069171177072
357618,1,7,10,16.13744372114806
357624,1,7,1,10.471494014394448
357633,1,7,9,15.795131450227961
357636,1,7,1,18.934027587186304
357639,1,7,5,0.3700090141005197
357646,1,7,9,32.30290076184947
357648,1,7,9,33.484888261424764
357660,1,7,7,0.39022628518249897
357665,0,7,0,0.03849129084992003
357666,1,7,9,2.682058597601205
357671,1,7,3,2.306424714926673
357673,1,7,6,29.723184581075582
357675,0,7,0,0.04713721252222946
357692,0,7,0,0.0398432098236905
357693,1,7,9,24.825531077731757
357713,1,7,5,0.3700090141005197
357748,1,7,9,30.985632981636556
357773,1,7,4,0.3700090657260609
357810,1,7,8,25.859712075712928
357815,1,7,10,11.176714350784506
357821,1,7,7,3.49564164397155
357827,0,7,0,0.031819303919789245
357855,1,7,5,0.3700090141005197
357859,1,7,8,28.23201398380179
357863,1,7,5,0.3700090141005197
357867,1,7,5,0.3700090141005197
357884,1,7,4,0.3700090657260609
357890,1,7,7,2.510946672213769
357900,1,7,5,0.3700090141005197
357908,1,7,3,3.1971101351317324
357916,1,7,10,16.606163247498152
357918,1,7,5,0.3700090141005197
357940,1,7,1,19.46710110281477
357947,0,7,0,0.11217685832982038
357966,0,7,0,0.04723547315730933
357972,1,7,8,21.892297558206174
357974,1,7,5,0.3700090141005197
357998,1,7,9,27.33818336734477
358007,1,7,4,0.3700090657260609
358008,1,7,8,31.7044292586343
358011,1,7,8,28.86734986589625
358034,1,7,9,33.07736414174873
358037,1,7,1,25.23440772647574
358048,1,7,5,0.3700090141005197
358057,1,7,4,0.3700090657260609
358061,1,7,6,14.805263304865072
358062,1,7,6,13.498342351399309
358066,1,7,5,0.3700090141005197
358069,1,7,6,29.25388286228639
358090,1,7,6,13.001262018004045
358093,0,7,0,0.03865646275869647
358097,1,7,4,0.3700090657260609
358103,1,7,8,30.82995476498861
358111,1,7,9,27.91922373793552
358128,1,7,10,16.468506294371952
358147,1,7,4,0.3700090657260609
358162,1,7,4,0.3700090657260609
358198,1,7,1,26.037215209554237
358200,1,7,5,0.3700090141005197
358204,1,7,6,7.36243534014481
358209,1,7,10,7.5451722658929485
358216,1,7,7,6.103191721038793
358231,1,7,4,0.3700090657260609
358233,1,7,5,0.3700090141005197
358236,1,7,8,33.427039354604595
358243,1,7,1,10.758633625121744
358244,1,7,6,15.38610092451614
358245,1,7,8,28.30356036712204
358251,1,7,10,18.095032593442365
358260,1,7,9,30.495964869752836
358264,1,7,5,0.3700090141005197
358271,1,7,4,0.3700090657260609
358277,1,7,8,25.05538024474504
358294,1,7,4,0.3700090656202526
358350,1,7,9,14.099804883083209
358353,1,7,3,2.583857446817575
358362,1,7,9,30.194087086696964
358375,1,7,2,12.596409577364536
358383,1,7,8,24.40285994943017
358402,1,7,8,29.229803002085415
358404,1,7,6,21.004543384775303
358407,1,7,7,1.3426631299161513
358424,1,7,10,17.559735398387772
358428,1,7,1,24.43403434622067
358429,1,7,5,0.3700090141005197
358452,1,7,9,20.939827058926717
358468,1,7,9,29.628327294148086
358474,1,7,8,19.864448037059013
358489,1,7,8,3.077406169012275
358508,1,7,9,27.108465902012387
358517,1,7,5,0.3700090141005197
358531,1,7,10,16.845658572196424
358532,1,7,6,13.644937391727199
358547,1,7,1,13.215243830989047
358559,1,7,6,10.100060071650518
358581,1,7,8,17.656175706694
358594,1,7,6,29.805345331181233
358596,1,7,9,30.69501274003448
358605,1,7,8,7.17270419857946
358607,1,7,9,26.408366639486108
358624,1,7,2,6.162682333489235
358627,1,7,4,0.3700090657260609
358628,1,7,9,18.614060637309215
358648,1,7,9,19.382042272640547
358682,1,7,6,22.52216015990085
358699,1,7,4,0.3700090656202526
358702,1,7,6,9.946165920920322
358732,1,7,5,0.3700090141005197
358737,1,7,4,0.3700090657260609
358742,1,7,5,0.3700090141005197
358747,1,7,4,0.3700090657260609
358751,1,7,6,24.7347992885166
358774,1,7,8,35.63032047013027
358783,1,7,8,35.31236216957466
358797,1,7,3,2.158555502793697
358798,1,7,4,0.3700090657260609
358808,1,7,5,0.3700090141005197
358812,1,7,10,23.744849508116456
358821,1,7,8,22.64264191299909
358824,1,7,8,28.015880343425355
358828,1,7,2,12.153863241077579
358853,1,7,5,0.3700090141005197
358880,1,7,8,29.52287532179434
358882,0,7,0,0.03883082042446653
358887,1,7,1,11.014858562180239
358895,1,7,7,5.742031336487298
358898,1,7,4,0.3700090657260609
358905,0,7,0,0.03826484202696196
358907,1,7,8,9.105354059467485
358930,1,7,7,1.6952200024327462
358937,1,7,7,6.178891267869076
358950,1,7,10,15.581005872306461
358957,0,7,0,0.09873608269521174
358963,1,7,7,5.983350137524111
358968,1,7,9,33.426709734826375
358969,1,7,6,29.55931190649826
358985,1,7,6,17.040279828706513
358998,1,7,10,18.437074797408297
359001,1,7,4,0.3700090657260609
359019,1,7,10,16.40383005232374
359041,1,7,6,28.312962802342547
359057,1,7,4,0.3700090657260609
359059,1,7,10,7.092545723316741
359062,1,7,1,10.173172943628055
359079,1,7,9,19.81067798450989
359085,1,7,5,0.3700090141005197
359092,1,7,6,8.981946021388667
359133,1,7,6,9.868234964260543
359135,1,7,10,26.014618444701185
359136,1,7,10,16.88626350795278
359158,1,7,9,24.61434534031978
359165,1,7,9,33.78346425991127
359180,1,7,6,13.120921893353877
359181,1,7,8,15.509824221638306
359182,1,7,9,7.77258054667967
359183,1,7,2,16.42626199389663
359197,1,7,7,0.8285400447429385
359230,1,7,9,29.826233552457513
359244,1,7,9,30.676270226661003
359246,1,7,1,17.058506498923446
359257,1,7,5,0.3700090141005197
359265,1,7,8,25.22054805517092
359266,1,7,8,31.64424613122266
359272,1,7,4,0.3700090657260609
359277,1,7,1,18.262939759614678
359302,1,7,9,13.435491714413489
359321,1,7,6,8.257397704996437
359325,1,7,4,0.3700090657260609
359348,1,7,9,24.81265413098966
359350,1,7,8,19.805117817706165
359363,1,7,7,2.2900879920209958
359371,1,7,9,17.922173041809664
359380,1,7,8,31.843708733245183
359381,1,7,9,10.656254131433073
359386,1,7,5,0.3700090141005197
359388,1,7,5,0.3700090141005197
359396,1,7,4,0.3700090657260609
359398,1,7,7,4.6356425721929915
359409,1,7,3,3.090594647834843
359425,1,7,6,26.44625739038722
359432,1,7,4,0.3700090657260609
359463,1,7,8,27.163252210854306
359486,1,7,8,6.276995551352923
359494,1,7,6,20.551248830880986
359512,1,7,5,0.3700090141005197
359514,1,7,9,6.310762044391391
359520,1,7,3,2.2577207919645508
359523,1,7,1,27.482104981536853
359557,1,7,6,27.98403488073056
359562,1,7,9,11.06075363381187
359564,1,7,8,10.063446135036656
359568,1,7,10,18.171973158460222
359577,1,7,9,22.59400360060242
359580,1,7,2,13.384061653279252
359587,1,7,8,29.0715086727174
359596,1,7,8,14.162991585101883
359602,1,7,6,17.178839792906597
359618,1,7,4,0.3700090657260609
359644,0,7,0,0.07578151598424311
359645,1,7,1,6.437639439766517
359648,1,7,9,24.887407879390967
359650,1,7,5,0.37000902039789374
359664,1,7,6,8.325171286619476
359668,1,7,9,19.628086536759962
359676,1,7,1,28.0131675211959
359679,1,7,10,12.106222663460317
359687,1,7,7,4.893815227156269
359703,1,7,6,22.112971243641443
359711,1,7,4,0.3700090657260609
359717,1,7,8,35.20566950743444
359722,1,7,5,0.3700090141005197
359729,1,7,6,18.76205404012431
359737,0,7,0,0.12833412350865478
359755,1,7,5,0.3700090141005197
359785,1,7,9,28.94636735474965
359788,1,7,9,20.66762285170678
359789,1,7,5,0.3700090141005197
359791,1,7,2,6.765901731962262
359794,1,7,8,20.23803947793851
359797,1,7,9,25.565514010647277
359798,1,7,8,10.442711882161818
359807,1,7,6,14.380823831303832
359820,1,7,1,19.30978976573301
359822,1,7,8,16.92076659540334
359832,1,7,2,13.610643304859309
359840,1,7,4,0.3700090657260609
359848,1,7,1,14.02953126826322
359852,1,7,6,13.205114649634357
359857,1,7,6,20.127702554058775
359860,1,7,6,24.749701316328743
359867,1,7,4,0.3700090657260609
359884,1,7,6,22.212637776517493
359885,1,7,6,10.911036080023926
359910,1,7,2,13.853833847415512
359922,1,7,4,0.3700090657260609
359940,1,7,8,4.901437098535462
359943,0,7,0,0.033847349088377596
359947,1,7,4,0.3700090657260609
359960,1,7,8,19.856925733830604
359973,1,7,9,25.008999024526503
359976,1,7,4,0.3700090657260609
359979,1,7,7,0.6571858703820946
359982,1,7,6,26.138203861451874
359987,1,7,10,15.61672250380595
359989,1,7,3,0.9158153038800546
359999,1,7,4,0.3700090657260609
360000,1,7,9,12.796159558858752
360010,1,7,10,6.558658570494294
360027,1,7,3,3.21483456026834
360030,1,7,3,3.082775282401829
360041,1,7,5,0.3700090141005197
360053,1,7,8,25.949369373187224
360069,1,7,5,0.3700090141005197
360083,1,7,7,4.633405821321453
360089,1,7,6,20.86849150875803
360090,1,7,6,30.578500038605924
360097,1,7,8,27.11584270888476
360110,1,7,8,31.082603638304075
360119,1,7,8,22.528788392878244
360120,0,7,0,0.037626726650308785
360123,1,7,6,30.02688767795347
360135,1,7,8,21.33160742228384
360136,1,7,10,18.292083371284832
360141,1,7,1,16.189310634669734
360157,1,7,2,11.171070170372904
360164,1,7,3,1.8836176593157121
360167,1,7,9,29.430676995755995
360169,1,7,8,22.386773009668044
360244,1,7,5,0.3700090141005197
360251,0,7,0,0.1620884069939366
360256,1,7,8,31.12056608665588
360259,1,7,6,9.69281640826005
360261,1,7,9,33.14565539481302
360267,1,7,9,30.233620415804918
360289,1,7,10,16.001716922668244
360310,1,7,8,28.32924308813732
360318,1,7,7,2.173064923814459
360321,1,7,1,27.39808853869877
360348,1,7,5,0.3700090141005197
360358,0,7,0,0.032903184419495385
360382,1,7,10,12.40722909310307
360385,1,7,4,0.3700090657260609
360408,1,7,4,0.3700090657260609
360410,1,7,8,31.172680165488675
360420,1,7,8,4.6898101602053215
360430,1,7,5,0.3700090141005197
360434,1,7,10,7.797614298634677
360440,1,7,6,26.093728896404347
360444,1,7,9,33.02293871147811
360452,1,7,4,0.3700090657260609
360457,1,7,6,25.6691548528481
360458,1,7,5,0.3700090141005197
360473,0,7,0,0.034638857637543825
360487,1,7,8,21.82478041758385
360496,1,7,2,12.301586888153277
360499,1,7,9,3.056108945719088
360500,1,7,10,10.290301185052954
360505,1,7,6,17.179735717495397
360515,1,7,9,5.815391165342681
360548,1,7,5,0.3700090141005197
360558,1,7,5,0.3700090141005197
360567,1,7,9,9.481072155204505
360569,1,7,10,18.50511343903003
360585,1,7,9,10.06531745209587
360590,1,7,8,15.745380849377185
360593,1,7,6,30.641515277219053
360596,1,7,5,0.3700090141005197
360615,1,7,10,5.118946342308919
360623,1,7,7,4.00430433630878
360626,1,7,8,29.159666251417946
360636,1,7,5,0.3700090141005197
360638,1,7,9,32.18205130285727
360648,1,7,1,20.90192036320471
360651,1,7,5,0.3700090141005197
360689,1,7,6,23.29210112644546
360694,1,7,5,0.3700090141005197
360707,1,7,4,0.3700090657260609
360724,1,7,9,22.46696870169054
360743,1,7,6,28.25575133252308
360760,1,7,8,31.51395216367081
360774,1,7,8,25.501972419170833
360777,1,7,6,29.855981127010203
360784,1,7,9,26.37040536157
360785,1,7,10,19.958942078967944
360787,1,7,10,16.531014496447575
360809,1,7,4,0.3700090657260609
360815,1,7,10,11.557107053594388
360825,1,7,8,8.89782620958088
360827,1,7,4,0.3700090656202526
360832,1,7,8,25.093579815791564
360843,1,7,9,10.482317490937056
360852,1,7,8,30.35804204787225
360860,0,7,0,0.17249452036027096
360877,1,7,1,23.06603725307282
360879,1,7,8,21.07831996862325
360888,1,7,9,16.053444045602546
360899,1,7,5,0.3700090141005197
360900,1,7,4,0.3700090657260609
360916,1,7,1,16.09154781827744
360918,1,7,4,0.3700090657260609
360941,1,7,10,12.27089764174906
360942,1,7,8,21.962646263124906
360963,1,7,4,0.3700090657260609
360968,1,7,4,0.3700090657260609
360976,1,7,5,0.3700090141005197
360990,1,7,5,0.3700090141005197
361004,1,7,6,20.40885110343782
361005,1,7,8,15.39389771335649
361009,1,7,8,11.846121776584992
361015,1,7,6,12.263949084635035
361023,1,7,5,0.3700090141005197
361043,1,7,4,0.3700090657260609
361050,1,7,5,0.3700090141005197
361057,1,7,10,8.949477043854804
361059,1,7,10,25.45347091433026
361063,1,7,6,11.974688746696467
361079,1,7,6,25.840473125039516
361090,1,7,7,3.207508340304183
361095,1,7,6,29.311245174463576
361105,1,7,6,14.33297250009797
361142,1,7,9,23.726159811752392
361158,1,7,1,26.19862950282317
361186,1,7,9,17.037228275905168
361220,1,7,6,18.164334551371535
361228,1,7,6,6.882083640344628
361257,1,7,8,5.63332410123356
361268,1,7,10,10.65710496986851
361271,1,7,6,9.804580701776677
361278,1,7,1,24.833512705650204
361286,1,7,8,27.246969020827464
361294,1,7,5,0.3700090141005197
361309,1,7,4,0.3700090657260609
361312,1,7,8,10.406506051447725
361318,1,7,4,0.3700090657260609
361325,1,7,9,32.49410895551384
361326,1,7,8,31.292771734825962
361342,1,7,9,33.60963880372938
361343,1,7,4,0.3700090657260609
361347,1,7,9,32.70436892577402
361348,1,7,9,5.1246378683022416
361354,1,7,9,29.733491590333532
361412,1,7,1,26.442126448539277
361421,1,7,5,0.3700090141005197
361424,1,7,8,26.305060520484677
361437,1,7,8,30.39696089036816
361438,1,7,8,33.46042146047229
361440,1,7,6,21.93007467587395
361453,1,7,10,11.676629975010657
361476,1,7,9,25.050336832965858
361480,1,7,6,21.631700568912986
361497,1,7,6,19.060493268061922
361507,1,7,6,27.331187796077785
361521,1,7,4,0.3700090656202526
361530,1,7,10,24.22114600768529
361542,1,7,2,7.628986345770055
361544,1,7,8,34.21972777330079
361575,1,7,9,32.25768502230747
361576,1,7,1,15.967027108480492
361588,1,7,9,28.100232548115127
361602,1,7,5,0.3700090141005197
361606,1,7,10,12.2678778947281
361613,1,7,8,30.025982332270868
361615,1,7,4,0.3700090657260609
361634,1,7,5,0.3700090141005197
361642,1,7,10,8.557452765816732
361647,1,7,4,0.3700090657260609
361652,1,7,8,2.658445649585672
361674,1,7,8,33.448904656858545
361689,1,7,10,6.391615780565191
361690,1,7,9,31.10100888044481
361694,1,7,10,22.000546617433095
361711,1,7,7,5.39601896483407
361717,1,7,4,0.3700090657260609
361718,1,7,8,21.449743914342733
361724,1,7,4,0.3700090657260609
361735,1,7,8,9.38205502044627
361739,1,7,8,17.81707144897166
361748,1,7,8,34.8359900070316
361750,1,7,8,23.209823475278018
361751,1,7,1,10.855319776348441
361754,1,7,7,1.5258450762710631
361757,1,7,5,0.3700090141005197
361768,1,7,4,0.3700090657260609
361773,1,7,5,0.3700090141005197
361776,1,7,10,6.944710382634813
361777,1,7,9,31.545600180938155
361795,1,7,9,29.93377678384326
361796,1,7,5,0.3700090141005197
361810,1,7,5,0.3700090141005197
361814,1,7,1,11.750012911273572
361815,1,7,2,0.9067498564459611
361816,1,7,8,16.66989780536522
361818,1,7,6,28.794507246602297
361822,0,7,0,0.04705803229258854
361860,1,7,8,24.591118306397142
361883,1,7,2,7.725056645517186
361888,1,7,5,0.3700090141005197
361890,1,7,9,17.131671281500576
361891,1,7,6,29.656714973055536
361898,0,7,0,0.03834844055044514
361904,1,7,9,24.897233639517015
361905,1,7,8,35.672367927355864
361908,1,7,4,0.3700090657260609
361920,1,7,6,17.95654183489792
361946,1,7,8,23.152435640824432
361947,1,7,6,25.188002409787014
361956,1,7,10,20.68013766100768
361985,1,7,5,0.3700090141005197
362009,1,7,9,32.214176610308485
362019,0,7,0,0.03542913779898024
362027,1,7,10,22.85886896284538
362033,1,7,4,0.3700090657260609
362038,1,7,8,28.29997560987505
362058,1,7,5,0.3700090141005197
362066,1,7,8,16.588249386508753
362078,1,7,9,20.528323707414067
362093,1,7,10,20.536572911637098
362095,1,7,8,27.271208723649853
362097,1,7,6,25.461907507715296
362107,1,7,8,34.156683935187424
362113,1,7,5,0.3700090141005197
362117,1,7,9,28.605034981556727
362130,1,7,4,0.3700090657260609
362138,1,7,2,15.884145209629715
362148,1,7,1,13.538198771738937
362151,1,7,6,6.172294330445685
362172,1,7,7,5.87655883585707
362177,1,7,4,0.3700090657260609
362186,1,7,9,23.6227303100669
362194,1,7,6,24.26256000780487
362205,1,7,5,0.3700090141005197
362212,1,7,4,0.3700090657260609
362219,1,7,6,23.353716503530507
362237,1,7,2,10.068165408985973
362239,1,7,5,0.3700090141005197
362250,1,7,6,19.81724722782032
362286,1,7,8,25.447165903958485
362292,1,7,1,18.98526499328173
362303,1,7,8,26.239109677589703
362306,1,7,4,0.3700090657260609
362318,1,7,5,0.3700090141005197
362319,1,7,9,29.04843775963496
362333,1,7,3,3.2062215124759774
362334,1,7,9,10.832036028101653
362337,1,7,10,18.305297830835595
362340,1,7,9,31.327849365261585
362346,1,7,4,0.3700090657260609
362350,1,7,9,25.215627267464384
362373,0,7,0,0.03893682420169836
362376,1,7,5,0.37000902039789374
362380,1,7,2,11.285303289947214
362425,1,7,7,3.0482385743549387
362429,1,7,4,0.6120849901863957
362433,1,7,4,0.3700090657260609
362434,1,7,9,27.781136372828257
362441,1,7,10,23.420353782116948
362449,1,7,10,13.852805493933626
362452,1,7,4,0.3700090657260609
362467,1,7,7,5.300479713873073
362474,1,7,5,0.3700090141005197
362475,1,7,8,7.231087047775283
362481,1,7,9,11.6748353260157
362482,1,7,4,0.3700090657260609
362483,1,7,4,0.3700090657260609
362501,1,7,9,25.874474350168654
362521,1,7,5,0.3700090141005197
362526,1,7,8,28.678556255374883
362530,1,7,8,16.832419294276335
362542,1,7,4,0.3700090657260609
362573,1,7,6,6.555032646936399
362577,1,7,9,31.09819714319208
362624,0,7,0,0.0450310569331283
362628,1,7,6,17.790698353039563
362632,1,7,10,16.288037180934136
362662,1,7,6,22.02995030843776
362668,1,7,6,6.779017475289738
362672,1,7,8,18.84156923011375
362682,1,7,4,0.3700090657260609
362691,1,7,9,32.039366827709415
362697,1,7,8,36.10596480072031
362706,1,7,10,18.488551134618394
362710,1,7,10,5.236012836234133
362727,1,7,5,0.3700090141005197
362763,1,7,4,0.3700090657260609
362768,1,7,10,15.622471555008557
362772,1,7,6,12.870663223882893
362774,1,7,6,27.47074936607477
362780,1,7,9,30.09716185023173
362782,1,7,9,29.792753808158658
362808,1,7,7,3.0906126025247307
362812,1,7,9,18.392780943672033
362822,1,7,8,19.36560176134475
362827,1,7,9,33.35975782533182
362828,1,7,8,34.08689232083153
362830,1,7,5,0.3700090141005197
362835,1,7,1,26.379168924776767
362877,0,7,0,0.41308507600447125
362894,1,7,10,10.393405253270965
362905,1,7,9,25.48537288581871
362913,1,7,10,7.0202754620349985
362914,1,7,10,15.163755177989975
362929,1,7,2,3.025000285999862
362937,0,7,0,0.035594209855357536
362959,1,7,4,0.3700090657260609
362960,1,7,9,3.0701862195825376
362972,0,7,0,0.029241831648818276
362976,1,7,9,9.107889093873128
362994,1,7,7,4.885979146942158
362997,1,7,5,0.3700090141005197
363009,1,7,4,0.3700090657260609
363016,1,7,1,26.729993869313773
363028,1,7,8,24.523806064860413
363055,1,7,4,0.3700090656202526
363080,1,7,10,10.163871150593957
363099,0,7,0,0.03387742834139107
363143,1,7,4,0.3700090657260609
363149,1,7,10,8.314786727437962
363152,1,7,9,17.684806695493336
363182,1,7,7,1.9432982586559489
363187,0,7,0,0.05931919152706221
363199,0,7,0,0.03254170882109521
363257,1,7,9,24.006640928015443
363277,1,7,9,8.008730535331038
363308,1,7,4,0.3700090657260609
363329,1,7,4,0.3700090657260609
363340,1,7,6,26.669548973384842
363351,1,7,4,0.3700090657260609
363358,1,7,3,1.7842152031327623
363363,0,7,0,0.025302352262920238
363365,1,7,10,18.507791132059854
363370,1,7,8,3.269617842183386
363386,1,7,6,20.16114631273374
363401,1,7,10,18.528179329124182
363419,1,7,9,16.694819264106048
363437,1,7,9,11.655703436789132
363452,1,7,4,0.3700090657260609
363453,1,7,9,32.990693059801444
363462,1,7,4,0.3700090657260609
363474,1,7,7,5.445609604449264
363478,1,7,5,0.3700090141005197
363495,1,7,7,2.580278434711251
363503,1,7,9,25.006763330782732
363540,1,7,10,7.871338124921923
363543,1,7,1,21.780645678650767
363544,1,7,6,29.691279173827834
363558,1,7,10,24.01379156733444
363571,1,7,6,27.389890821050155
363574,1,7,7,1.354749557998773
363581,1,7,4,0.3700090657260609
363585,1,7,6,15.202319400285862
363591,1,7,3,3.2312289838708255
363594,1,7,6,17.05515361112379
363595,1,7,5,0.3700090141005197
363598,1,7,8,19.098678912386646
363603,1,7,4,0.3700090657260609
363605,1,7,8,27.355657041478413
363621,1,7,4,0.3700090657260609
363623,1,7,6,17.551767097458846
363624,1,7,5,0.3700090141005197
363625,1,7,6,23.12276621630008
363628,1,7,8,14.187793388098424
363630,1,7,1,13.534338883646742
363638,1,7,8,3.295254363651049
363646,1,7,10,8.623986508425256
363660,1,7,9,30.235348369889767
363667,1,7,10,6.424407406504468
363674,1,7,4,0.3700090657260609
363676,1,7,10,17.307603225952175
363685,1,7,5,0.3700090141005197
363690,1,7,4,0.3700090657260609
363703,1,7,8,25.67745160566541
363706,1,7,10,13.142779019795169
363711,1,7,10,4.834194636445485
363714,1,7,10,14.570998642695411
363715,1,7,4,0.3700090657260609
363717,1,7,4,0.3700090657260609
363747,1,7,4,0.3700090656202526
363751,1,7,9,32.35278557838731
363757,1,7,8,34.650001147931434
363771,1,7,6,13.573426673473145
363777,1,7,1,26.31217841621886
363779,1,7,6,22.66437498272555
363798,1,7,5,0.3700090141005197
363803,1,7,9,14.868042253955442
363806,1,7,4,0.3700090657260609
363816,1,7,3,2.6222268685929992
363828,1,7,7,4.082534635014189
363830,1,7,5,0.3700090141005197
363832,1,7,8,15.316247248822947
363836,1,7,5,0.3700090141005197
363837,1,7,8,15.631694240571145
363841,1,7,6,19.949922596474266
363844,1,7,5,0.3700090141005197
363865,1,7,8,20.009701196277284
363867,1,7,9,31.581533207456758
363884,1,7,9,18.05948684356308
363887,1,7,10,24.54531938581401
363897,1,7,1,23.820610029512295
363917,1,7,5,0.3700090141005197
363927,1,7,8,34.28514462125952
363928,1,7,9,19.94940749287535
363937,1,7,9,25.31716352130358
363945,1,7,9,19.70096615525398
363958,1,7,9,8.667236276833174
363965,1,7,9,9.891166768582202
363969,1,7,10,15.401275322014722
363971,1,7,10,19.045351637732505
363983,1,7,9,14.01581956571723
364005,1,7,1,18.192645237993762
364041,1,7,9,20.112287866156223
364044,1,7,5,0.3700090141005197
364055,1,7,3,2.469057645050922
364069,1,7,9,25.3849672644547
364094,1,7,9,18.698179432489713
364130,1,7,5,0.3700090141005197
364131,1,7,6,27.55125635502301
364146,1,7,9,30.49813255139902
364160,1,7,9,30.668419054223154
364162,1,7,7,5.740386829434665
364163,1,7,8,4.197638900957609
364168,1,7,4,0.3700090657260609
364178,1,7,10,22.701845550555525
364179,1,7,3,2.1397195424612008
364212,1,7,6,27.564214258302353
364215,1,7,10,12.825634599108652
364234,1,7,6,21.990328423252166
364235,1,7,9,25.65892148034808
364236,1,7,1,19.794514206411378
364238,1,7,6,24.583789683696082
364239,1,7,8,35.09179203647176
364249,1,7,8,4.467154327394033
364274,1,7,4,0.3700090657260609
364293,1,7,8,26.43414628698691
364295,1,7,8,24.784707356154346
364296,1,7,9,9.76094405720712
364300,0,7,0,0.04227455558221148
364306,1,7,4,0.3700090657260609
364309,1,7,5,0.3700090141005197
364325,1,7,10,5.908922669157702
364331,1,7,10,19.538102977651825
364332,1,7,1,22.472196239790975
364362,1,7,9,28.483766396662862
364372,1,7,10,22.77489870507931
364391,1,7,8,34.62967735344391
364393,1,7,9,29.74435427097305
364400,1,7,9,17.510484578432326
364429,1,7,10,23.424521351794056
364438,1,7,5,0.3700090141005197
364447,1,7,5,0.3700090141005197
364449,0,7,0,0.0361864617796815
364452,1,7,9,18.14228462948479
364464,1,7,4,0.3700090657260609
364465,1,7,8,28.728714358025403
364466,1,7,5,0.3700090141005197
364467,1,7,1,12.879161568042852
364471,1,7,8,22.818221655339286
364489,1,7,5,0.3700090141005197
364500,1,7,6,21.930458331935668
364505,1,7,8,21.451048965564375
364511,1,7,9,24.097866278182817
364523,1,7,9,32.99843591728714
364551,1,7,9,21.83681314316556
364552,1,7,10,12.09945899109363
364554,1,7,7,2.1166461714727944
364565,0,7,0,0.03263646914766156
364568,1,7,1,15.203734115418742
364581,1,7,5,0.3700090141005197
364588,1,7,5,0.3700090141005197
364596,1,7,4,0.3700090657260609
364602,1,7,9,11.065930495522784
364620,1,7,6,25.443927291196818
364637,1,7,9,30.816085462594177
364645,1,7,9,14.419921163042664
364646,1,7,9,30.23646083681483
364655,1,7,10,18.31926894950139
364661,1,7,4,0.3700090657260609
364665,1,7,10,24.954165909458098
364670,1,7,9,15.939174983552604
364697,1,7,9,33.56683016166623
364705,1,7,4,0.3700090657260609
364716,1,7,1,9.820963152527268
364720,1,7,6,29.42753757292733
364723,1,7,1,6.188934815525203
364726,1,7,8,25.41449959710593
364740,1,7,7,2.404037563178083
364743,1,7,6,8.669222399221246
364745,1,7,6,11.241648112566919
364754,1,7,4,0.3700090657260609
364782,1,7,5,0.3700090141005197
364786,1,7,9,7.509730014686546
364789,1,7,5,0.3700090141005197
364812,1,7,8,30.431930181433433
364835,1,7,7,0.3459691239726979
364838,1,7,2,9.004326326247073
364846,1,7,5,0.3700090141005197
364850,1,7,2,9.49631103116971
364854,1,7,9,12.256251325479617
364859,1,7,6,9.972606377198522
364868,1,7,4,0.3700090657260609
364880,1,7,4,0.3700090657260609
364883,1,7,8,24.355718762550275
364890,1,7,9,22.019888830659347
364895,1,7,5,0.3700090141005197
364901,1,7,10,19.164448374553128
364914,1,7,8,16.03823701497964
364920,1,7,5,0.37000902039789374
364949,1,7,10,17.813440121011176
364981,1,7,5,0.3700090141005197
364988,1,7,8,24.415707944811953
364994,1,7,10,7.09695528885696
365003,1,7,8,27.80480471427617
365005,1,7,10,18.460019704118324
365010,1,7,6,20.18796405389806
365011,1,7,8,24.811528858174228
365025,1,7,8,2.336734193845328
365026,1,7,9,31.314003213206924
365031,1,7,7,1.01322241607362
365049,1,7,8,19.174611518273828
365057,1,7,9,31.90918949893574
365064,1,7,6,25.708777067784865
365067,1,7,10,21.814020173295013
365068,1,7,9,28.922263247451102
365070,1,7,8,26.290722932910644
365080,1,7,3,3.2030131680640537
365085,0,7,0,0.03588569981781775
365090,0,7,0,0.024939648748799427
365093,1,7,1,15.946930655456974
365101,1,7,7,0.9881764560633752
365112,1,7,5,0.3700090141005197
365118,1,7,8,26.326813697075305
365121,1,7,8,18.091998888962223
365123,1,7,5,0.3700090141005197
365145,0,7,0,0.052779724648743864
365200,1,7,10,24.81434942869015
365209,0,7,0,0.03288705281875033
365226,1,7,9,5.639196341988567
365227,1,7,4,0.3700090656202526
365236,1,7,6,16.31401890562676
365245,1,7,4,0.3700090657260609
365258,1,7,5,0.3700090141005197
365278,1,7,8,10.378281707780816
365282,1,7,4,0.3700090657260609
365290,1,7,5,0.3700090141005197
365300,1,7,4,0.3700090657260609
365329,1,7,6,27.080363706876785
365352,1,7,5,0.3700090141005197
365368,1,7,1,26.761592643817973
365370,1,7,5,0.3700090141005197
365378,1,7,4,0.3700090657260609
365404,1,7,6,5.9320257060275505
365406,1,7,10,4.5643928190688845
365411,1,7,4,0.3700090657260609
365413,1,7,5,0.3700090141005197
365417,1,7,5,0.3700090141005197
365425,1,7,2,10.272622792556966
365435,1,7,5,0.3700090141005197
365443,1,7,6,29.8888775016392
365488,1,7,7,4.3489716007513035
365495,1,7,10,8.269876514747445
365500,1,7,9,10.705840213377343
365524,1,7,8,34.0164942518453
365544,1,7,3,2.9755764418026205
365548,1,7,9,30.735742914566487
365550,0,7,0,0.02965350001375046
365555,1,7,8,19.33532551378831
365565,1,7,10,0.191904943477158
365579,1,7,5,0.3700090141005197
365592,1,7,8,30.436393914808626
365607,1,7,5,0.37000902039789374
365612,1,7,4,0.3700090656202526
365631,0,7,0,0.039691890831247446
365645,1,7,8,10.858924365211228
365649,1,7,8,15.077234334306848
365666,1,7,9,21.54532726386231
365695,1,7,7,6.275926616026859
365704,1,7,6,10.698402863344585
365705,1,7,6,17.83635520216692
365718,1,7,6,25.76827013413601
365729,1,7,8,10.801688882194613
365734,1,7,9,13.649217419341287
365736,1,7,8,32.57033427367375
365752,1,7,8,23.218226849805454
365771,1,7,5,0.3700090141005197
365783,1,7,10,7.719735268532284
365798,1,7,8,24.960941070260333
365819,1,7,4,0.3700090657260609
365832,1,7,9,18.870409174004568
365844,1,7,8,28.060373591934884
365861,1,7,5,0.3700090141005197
365884,1,7,10,23.721679388070573
365888,1,7,3,3.2105068696630337
365890,1,7,5,0.3700090141005197
365892,1,7,8,30.771212054671857
365895,1,7,1,8.048577666568786
365898,1,7,6,23.377980168011327
365901,1,7,8,17.953356372333747
365911,1,7,1,4.970477942879475
365915,1,7,7,4.858127059508112
365918,1,7,9,33.17834760207739
365921,1,7,6,29.53126053609459
365942,1,7,8,36.01870435158917
365950,1,7,10,26.014291108845434
365953,0,7,0,0.032128199819759555
365976,1,7,5,0.3700090141005197
365979,1,7,1,26.72870237291104
365981,1,7,9,27.683953997721392
365983,1,7,8,8.883235712166663
366001,1,7,9,9.491886253387886
366005,1,7,4,0.3700090657260609
366015,1,7,10,22.13407183281276
366023,1,7,6,25.455771926987524
366024,1,7,8,29.323166846708318
366045,1,7,3,2.2442077432202963
366071,0,7,0,0.034886984822851526
366082,1,7,8,23.531901740180423
366094,1,7,2,11.223239539560778
366096,0,7,0,0.12235351109219929
366101,1,7,5,0.3700090141005197
366118,1,7,6,16.265293095915055
366125,1,7,9,8.239608791056142
366126,1,7,9,30.102368459502394
366129,1,7,4,0.3700090657260609
366137,1,7,10,14.677641372957051
366143,1,7,9,11.293277742753316
366163,0,7,0,0.03973775255318459
366166,1,7,7,3.703071664553498
366185,1,7,2,9.982873725806133
366196,1,7,8,4.163065319685407
366197,0,7,0,0.039302665084836
366212,1,7,9,5.239354443261674
366227,1,7,9,25.02760586141363
366240,1,7,5,0.3700090141005197
366241,1,7,7,1.0725631821538237
366249,1,7,7,4.453933757771498
366273,1,7,10,25.415301891199476
366281,1,7,4,0.3700090657260609
366285,1,7,1,23.54133775380067
366289,1,7,10,25.941108676219063
366315,0,7,0,0.040030233063649445
366321,1,7,6,17.18137387114471
366328,1,7,8,26.90682236891295
366360,1,7,1,27.79502930126819
366364,1,7,5,0.3700090141005197
366377,1,7,8,5.769434824814769
366384,1,7,9,30.670109102749336
366401,1,7,8,28.491433428909758
366403,1,7,5,0.3700090141005197
366405,1,7,8,18.87756158255957
366417,1,7,10,7.83201633367261
366430,1,7,5,0.3700090141005197
366432,1,7,5,0.3700090141005197
366440,1,7,9,2.9262010469146635
366453,1,7,9,33.34669673035985
366464,1,7,4,0.3700090657260609
366497,1,7,10,25.639083529870828
366515,1,7,6,16.290101494977975
366526,1,7,8,24.176475068750236
366529,1,7,8,33.72653496170199
366541,1,7,8,23.00574151660283
366547,1,7,2,14.900760948511069
366548,1,7,6,30.378310458261247
366553,1,7,2,2.7911380491746414
366555,1,7,10,17.926098579434253
366561,1,7,6,13.540963091211736
366563,1,7,2,4.353245040425024
366567,1,7,5,0.37000902039789374
366568,1,7,10,18.31733604329945
366569,1,7,10,16.651288977745963
366571,1,7,9,18.424564869366797
366579,0,7,0,0.027783711403711175
366586,1,7,1,16.960044116290945
366590,1,7,9,29.870513399626056
366600,1,7,7,3.465444573431043
366610,1,7,1,25.597774657276698
366621,1,7,5,0.3700090141005197
366624,1,7,8,11.953421002161498
366630,1,7,5,0.3700090141005197
366631,1,7,9,33.05260121869136
366641,1,7,6,29.843466098298794
366645,1,7,4,0.3700090657260609
366649,1,7,8,10.678113391774849
366698,1,7,8,30.1485834751003
366702,1,7,6,20.483322242164554
366724,1,7,5,0.3700090141005197
366732,1,7,8,30.713256358256036
366751,1,7,6,29.230176515797236
366758,1,7,10,11.721068536604898
366764,1,7,9,18.196646679729955
366765,1,7,6,27.902238673285446
366787,1,7,6,25.07363829096097
366801,1,7,5,0.3700090141005197
366814,1,7,4,0.3700090657260609
366839,1,7,5,0.3700090141005197
366844,1,7,8,23.208864478828083
366858,1,7,3,1.0484683575472291
366859,1,7,6,29.848998510902877
366865,1,7,9,15.202846163089896
366878,1,7,4,0.3700090656202526
366880,1,7,4,0.3700090657260609
366896,1,7,9,31.587121382881172
366901,1,7,6,16.185034372298908
366913,1,7,8,31.54574265369464
366922,1,7,6,28.19646798314233
366925,1,7,5,0.3700090141005197
366931,1,7,8,25.69651092134442
366937,1,7,8,18.24192913818628
366946,1,7,9,25.012048092200256
366950,1,7,5,0.3700090141005197
366974,1,7,10,18.47026864854135
366976,1,7,10,12.450776449652901
366992,1,7,4,0.3700090657260609
366999,1,7,1,4.863995730186866
367000,1,7,2,12.80820861582898
367041,1,7,4,0.3700090657260609
367045,1,7,5,0.3700090141005197
367049,1,7,5,0.3700090141005197
367052,1,7,6,27.876706275987498
367079,1,7,10,12.674513081315645
367089,1,7,7,5.630810063397659
367096,1,7,9,25.215759842123205
367104,1,7,9,29.099842934056685
367105,1,7,1,9.345749286557144
367157,1,7,1,23.66477040127247
367159,1,7,9,6.858493126088657
367160,1,7,9,13.295300396536566
367167,1,7,9,32.69986352636253
367174,1,7,5,0.3700090141005197
367175,0,7,0,0.038780413955748105
367179,1,7,9,25.037811566644628
367190,1,7,4,0.3700090656202526
367191,1,7,4,0.3700090657260609
367193,1,7,7,6.246114097022919
367224,0,7,0,0.05885312459397818
367229,1,7,8,29.181728621538717
367236,1,7,9,22.59528793588755
367239,1,7,9,32.00315389719242
367248,1,7,9,24.759215586258758
367255,1,7,1,21.519948480843752
367275,1,7,9,29.842827959731093
367285,1,7,6,30.378151392476056
367288,1,7,1,14.445254347266465
367289,1,7,5,0.3700090141005197
367363,1,7,9,28.442821321468603
367365,1,7,8,20.959354294938255
367376,1,7,4,0.3700090657260609
367379,1,7,8,32.708113709646916
367385,1,7,4,0.3700090657260609
367394,1,7,9,11.248199566534929
367400,0,7,0,0.035311569885486324
367413,1,7,8,12.071673919911985
367419,1,7,10,19.36226990269846
367445,1,7,6,26.97482966731993
367453,1,7,4,0.3700090657260609
367456,1,7,4,0.3700090657260609
367458,1,7,6,22.11408340943282
367490,1,7,8,8.00895914564733
367494,1,7,10,23.319451222080154
367522,1,7,9,26.647618494858563
367523,1,7,3,2.994918420391662
367531,1,7,4,0.3700090657260609
367557,0,7,0,0.03861210185356413
367561,1,7,2,4.06427930116299
367569,1,7,10,25.5597585167335
367570,1,7,8,8.181115750691594
367571,1,7,9,22.39717809996777
367573,1,7,8,14.501824406795414
367574,1,7,9,21.496839164900468
367578,1,7,4,0.3700090657260609
367582,1,7,10,25.971382293840907
367585,1,7,6,15.702583899793078
367615,1,7,1,12.16800930332384
367617,1,7,5,0.3700090141005197
367636,1,7,1,14.34105602537291
367643,1,7,9,28.00001856902431
367663,1,7,9,33.050264223594844
367668,1,7,8,25.441599322596165
367671,1,7,8,31.966824985620008
367672,1,7,4,0.3700090657260609
367673,1,7,5,0.3700090141005197
367682,1,7,1,17.979954474904822
367686,1,7,5,0.3700090141005197
367732,1,7,5,0.3700090141005197
367733,1,7,6,21.620326075441852
367745,1,7,8,26.85775256999218
367751,1,7,7,6.513916155823043
367752,1,7,8,20.220773384784014
367755,1,7,4,0.3700090657260609
367756,1,7,8,19.774040806885655
367760,1,7,5,0.3700090141005197
367764,1,7,6,22.897334854379118
367786,1,7,4,0.3700090657260609
367790,1,7,9,3.6790942809211185
367805,1,7,6,22.995812064236564
367807,1,7,5,0.37000902039789374
367812,1,7,6,22.82899076899091
367823,1,7,4,0.3700090657260609
367827,1,7,1,4.559238112188391
367846,1,7,4,0.3700090657260609
367855,1,7,5,0.3700090141005197
367858,1,7,5,0.3700090141005197
367876,1,7,2,12.862262652322537
367879,1,7,6,29.296527128789972
367883,1,7,8,23.64804799024134
367884,1,7,5,0.3700090141005197
367885,1,7,10,14.666960369577355
367887,1,7,10,16.55332140441738
367889,1,7,4,0.3700090657260609
367912,0,7,0,0.0757449603724761
367915,1,7,5,0.3700090141005197
367922,1,7,10,3.6256277748956194
367937,1,7,4,0.3700090657260609
367939,1,7,9,23.640922898471523
367960,1,7,9,27.489277461552952
367961,1,7,6,11.181850269421034
367963,1,7,4,0.3700090657260609
367982,1,7,8,24.7576402059195
367996,1,7,6,10.435078641817146
368001,1,7,9,29.76722957188576
368009,1,7,5,0.3700090141005197
368025,1,7,8,23.251752743985197
368038,1,7,8,7.284351557391848
368046,1,7,3,2.331120584884755
368062,1,7,10,18.285061410847796
368074,1,7,6,28.59328243366322
368113,1,7,9,15.319814542331912
368128,1,7,5,0.37000902039789374
368140,1,7,8,33.9199337158646
368148,1,7,4,0.3700090657260609
368161,1,7,5,0.3700090141005197
368166,1,7,6,14.327732722521533
368170,1,7,4,0.3700090657260609
368180,1,7,7,5.285288551702628
368194,0,7,0,0.034721496072555064
368199,1,7,9,22.71796180608982
368204,1,7,10,14.079660168453294
368207,1,7,8,7.413610261856778
368208,1,7,6,29.7496501665973
368215,1,7,5,0.3700090141005197
368254,1,7,8,28.873593182129397
368266,1,7,10,22.485376849275145
368270,1,7,2,13.217879296130201
368301,1,7,6,27.133397072191503
368312,1,7,9,31.41173861476792
368323,1,7,6,25.720294568072532
368328,1,7,3,3.216632368228186
368330,1,7,1,6.690093480873289
368331,1,7,9,5.052618802945114
368333,1,7,7,2.452368128970451
368335,1,7,3,2.959475384127507
368339,1,7,8,34.34704036008475
368341,1,7,8,10.850737895097263
368383,1,7,2,5.267551089559758
368389,1,7,3,1.3176290911159474
368446,1,7,5,0.3700090141005197
368449,0,7,0,0.14766505084655396
368453,1,7,6,27.506789981396494
368454,1,7,9,6.849560579705742
368458,1,7,9,11.12439351198026
368470,0,7,0,0.029844617331228302
368486,1,7,1,8.263790076423863
368502,1,7,5,0.3700090141005197
368515,1,7,9,17.766831800324404
368517,1,7,9,32.99775058087812
368533,1,7,8,34.73465420025204
368561,1,7,6,26.113426266806115
368571,1,7,4,0.3700090657260609
368591,1,7,8,13.934041953061218
368593,1,7,4,0.3700090657260609
368598,1,7,6,22.85089385123924
368603,1,7,8,15.423816605801314
368619,1,7,6,10.211348985974668
368621,1,7,5,0.3700090141005197
368632,1,7,6,28.653562120765745
368634,1,7,5,0.3700090141005197
368638,1,7,9,7.8791534818585145
368656,1,7,5,0.3700090141005197
368659,1,7,9,33.783763917306665
368674,1,7,3,1.8717217134581874
368678,1,7,4,0.3700090657260609
368684,1,7,9,27.841801305186145
368689,1,7,9,33.47485038253543
368693,1,7,9,31.567616443121935
368706,1,7,4,0.3700090657260609
368707,1,7,8,26.638608383025456
368712,1,7,9,24.90195112207179
368722,1,7,9,10.60521170879849
368748,1,7,7,0.34065178884252545
368763,1,7,6,29.744570168856427
368764,1,7,10,9.621562016285832
368778,1,7,8,2.675040264934115
368794,1,7,10,17.335210449937
368799,1,7,10,11.689688395061433
368805,1,7,4,0.3700090657260609
368816,1,7,5,0.3700090141005197
368828,1,7,9,25.475586581925114
368840,1,7,10,16.49280604992342
368841,1,7,4,0.3700090657260609
368853,1,7,3,3.2147467099366924
368862,1,7,7,2.088314827075321
368866,1,7,9,31.27257086351261
368867,0,7,0,0.028858123804399078
368871,1,7,7,6.010217484169574
368878,1,7,9,18.634528674936
368919,1,7,8,23.820874089702805
368941,1,7,8,20.38154515447634
368942,1,7,8,2.6158817859332424
368978,1,7,9,18.826264145817106
368982,1,7,9,14.653325156301102
368988,1,7,10,17.92075263007118
368999,1,7,10,13.275855058840826
369004,1,7,4,0.3700090657260609
369021,1,7,1,24.72380381981643
369022,1,7,9,22.968119665603286
369024,1,7,9,30.10449673483905
369026,1,7,10,14.970722184435173
369045,1,7,6,9.319658203696656
369055,1,7,6,27.1233308909457
369070,1,7,4,0.3700090657260609
369079,1,7,1,16.18837027390347
369082,1,7,4,0.3700090657260609
369083,1,7,7,1.9410889147924837
369100,1,7,4,0.3700090656202526
369124,1,7,5,0.3700090141005197
369144,1,7,7,1.8843747982656114
369156,0,7,0,0.035584742839194224
369161,1,7,4,0.3700090657260609
369165,1,7,6,29.935769812646733
369176,1,7,7,1.64335151701022
369200,1,7,5,0.3700090141005197
369217,1,7,5,0.3700090141005197
369218,1,7,8,23.897695382512264
369226,1,7,9,33.010253224992645
369228,1,7,5,0.3700090141005197
369247,0,7,0,0.037893946922616974
369277,1,7,9,21.815235719190714
369280,1,7,9,31.880152285768585
369284,1,7,5,0.3700090141005197
369288,1,7,1,24.571305333527274
369300,1,7,4,0.3700090657260609
369342,0,7,0,0.038813144587058666
369354,1,7,1,9.873326275302418
369371,1,7,4,0.3700090657260609
369385,0,7,0,0.06088285062457186
369387,1,7,8,31.15114625726487
369393,1,7,7,2.7406421489292137
369412,1,7,8,24.938935565938408
369427,1,7,3,3.264436673510042
369433,1,7,5,0.3700090141005197
369439,1,7,5,0.3700090141005197
369441,1,7,1,15.656782944485125
369509,1,7,5,0.3700090141005197
369520,1,7,6,4.891456700271557
369534,1,7,5,0.37000902039789374
369539,1,7,1,14.889408453237648
369542,1,7,9,6.011309448532272
369544,1,7,8,4.446458348890421
369563,1,7,10,24.039453554794694
369581,1,7,8,12.219705214708725
369596,1,7,9,32.322838681292545
369598,1,7,9,17.232123210442296
369600,1,7,8,26.535091621079008
369602,1,7,8,23.376871475991276
369608,1,7,8,20.20382386748499
369624,1,7,8,5.97147972856352
369635,1,7,9,33.49750648485155
369647,1,7,5,0.3700090141005197
369658,1,7,1,21.60340621443386
369661,1,7,8,32.8523697824995
369718,1,7,10,22.93410358545092
369719,1,7,9,23.24577208880561
369726,1,7,3,2.8398924693414327
369735,1,7,10,5.943082107531982
369749,1,7,5,0.3700090141005197
369753,1,7,7,5.718511443419885
369767,1,7,2,2.161168000734633
369769,1,7,10,26.04327010097446
369798,1,7,8,10.439033447719032
369799,1,7,5,0.3700090141005197
369811,1,7,8,36.12126025371075
369830,1,7,1,27.123701489387326
369835,1,7,5,0.3700090141005197
369836,1,7,6,19.56355134553263
369839,1,7,4,0.3700090657260609
369845,1,7,1,12.969171600195986
369849,1,7,10,24.40802535461423
369850,0,7,0,0.04626806228668278
369888,1,7,5,0.3700090141005197
369893,1,7,9,33.50658141155393
369899,1,7,2,12.887560447108063
369924,1,7,9,31.895576959983114
369939,1,7,6,10.757085583812692
369943,1,7,6,23.065201462934773
369946,0,7,0,0.032149290584793315
369952,1,7,8,32.70361077666052
369957,1,7,2,14.006215816081571
369963,1,7,8,11.359940240850497
369965,1,7,5,0.3700090141005197
369966,1,7,5,0.3700090141005197
369973,1,7,4,0.3700090657260609
370006,1,7,4,0.3700090657260609
370009,1,7,10,6.14543940940919
370014,1,7,9,28.227087021275885
370021,1,7,8,23.219718345199926
370031,1,7,2,2.8048112655525994
370040,1,7,8,20.666009499025083
370057,1,7,9,29.255239062597134
370063,1,7,9,27.025986998300745
370069,1,7,10,18.4734206330975
370078,1,7,5,0.3700090141005197
370086,1,7,5,0.3700090141005197
370091,0,7,0,0.035195362124980346
370100,1,7,9,26.92904838367643
370116,1,7,4,0.3700090657260609
370126,1,7,2,9.032512833359755
370127,1,7,8,24.15826307051764
370137,1,7,9,19.67067795933386
370141,1,7,8,24.6626340695925
370145,1,7,8,10.938808395476222
370152,1,7,9,24.94180700193689
370166,1,7,5,0.3700090141005197
370177,1,7,4,0.3700090657260609
370181,1,7,8,35.53937693282864
370190,1,7,1,23.130425966268906
370191,1,7,9,31.548087448735714
370198,1,7,2,4.205648428730741
370200,1,7,5,0.3700090141005197
370243,1,7,10,14.573590958208108
370246,1,7,6,18.432047759731542
370251,1,7,4,0.3700090657260609
370259,1,7,10,17.638792467523945
370272,1,7,5,0.3700090141005197
370273,1,7,8,35.33396682894739
370278,1,7,5,0.3700090141005197
370279,1,7,8,18.711352071685326
370289,1,7,4,0.3700090657260609
370296,1,7,9,22.150968982279096
370300,1,7,8,31.66849828275229
370302,1,7,1,20.47093538723876
370303,1,7,9,15.19915046599742
370307,1,7,7,0.3488623359715478
370311,1,7,5,0.3700090141005197
370319,1,7,5,0.3700090141005197
370330,1,7,9,26.42469285520557
370394,1,7,10,22.480844151401538
370431,1,7,9,33.79945518003433
370439,1,7,8,25.383589306739687
370440,1,7,9,12.712708310796435
370442,1,7,3,1.3416297602482836
370451,1,7,9,24.084429046029594
370483,1,7,4,0.3700090656202526
370487,1,7,1,6.896039557542342
370504,1,7,10,20.711384858512886
370509,1,7,1,23.22229603285347
370512,1,7,10,17.719953022386335
370522,1,7,6,26.98689433981697
370539,1,7,10,20.86829223084867
370553,1,7,8,17.68599504736896
370563,1,7,8,33.808922188287376
370566,1,7,8,23.184518079841
370573,1,7,6,30.245175059367718
370586,1,7,8,24.905008245531484
370587,1,7,1,25.029324320265754
370601,1,7,2,5.5344384335623715
370613,0,7,0,0.12289065912875871
370624,1,7,9,22.308838964072624
370630,1,7,6,17.318228694654167
370646,1,7,9,25.615906888141446
370655,1,7,9,31.679762096575526
370664,1,7,8,18.436389475606653
370672,1,7,8,24.05181940111457
370694,1,7,5,0.3700090141005197
370696,1,7,10,9.359237286654013
370700,1,7,9,25.230731731763335
370718,1,7,9,25.840643872957806
370721,1,7,9,31.87118736630686
370737,1,7,1,18.716122236740325
370738,1,7,8,28.03124450280362
370767,1,7,8,6.346511620814853
370782,1,7,1,23.857973762245248
370805,1,7,8,32.67795813515709
370827,1,7,10,4.510379709349367
370828,1,7,6,29.7629065484444
370829,1,7,5,0.3700090141005197
370847,1,7,9,11.594435794335448
370850,1,7,3,0.9092993950202513
370869,1,7,5,0.3700090141005197
370874,1,7,8,22.66775888302681
370877,1,7,7,1.3503236103955
370891,1,7,5,0.3700090141005197
370892,1,7,10,7.489485143166318
370908,1,7,8,33.296541297006
370923,1,7,6,6.771464998394733
370928,1,7,5,0.3700090141005197
370932,1,7,6,26.091470535759655
370935,1,7,8,12.5522148122387
370939,1,7,7,2.538012694989463
370946,1,7,10,17.95312761835481
370957,0,7,0,0.04704721161230611
370973,1,7,8,11.571779890885365
370983,1,7,10,24.575060044944998
370987,1,7,9,11.053208745977797
370989,1,7,10,6.415669522098988
371008,1,7,6,5.3857319044319905
371011,1,7,3,3.0593002260137325
371014,1,7,8,16.035947052971533
371020,1,7,5,0.3700090141005197
371037,0,7,0,0.037969486954191146
371042,1,7,10,18.667862534619577
371045,1,7,3,1.3450522218752698
371047,1,7,4,0.3700090657260609
371053,1,7,7,3.069676560953979
371056,1,7,6,19.70051577614796
371060,1,7,7,1.4194804462498436
371087,1,7,1,22.053278810936995
371093,0,7,0,0.08942371590599181
371097,1,7,8,28.619206347362358
371108,1,7,2,14.098806683752876
371116,1,7,10,25.981249338427684
371127,1,7,4,0.3700090657260609
371134,1,7,1,22.40327949544575
371135,1,7,9,12.257510196470863
371138,1,7,10,13.785829881297783
371171,1,7,4,0.3700090657260609
371177,1,7,4,0.3700090657260609
371180,1,7,6,7.9272862749126265
371194,1,7,6,5.56294113760631
371195,1,7,8,5.891886606680658
371212,1,7,10,3.510082168113034
371215,1,7,6,24.221982705257407
371244,1,7,9,24.118520908496297
371248,1,7,4,0.3700090657260609
371260,1,7,7,0.6973430771986675
371267,1,7,8,11.15320886449519
371282,1,7,10,13.66550024139196
371284,1,7,8,28.1642511479696
371285,1,7,5,0.3700090141005197
371288,1,7,5,0.3700090141005197
371290,1,7,5,0.3700090141005197
371304,0,7,0,0.03019256720526044
371311,1,7,1,28.038174372097014
371332,1,7,2,14.192744802766244
371337,1,7,9,31.52116439183046
371340,1,7,10,24.953506463273417
371346,1,7,10,13.079394685364912
371353,1,7,9,18.572333362718187
371355,1,7,4,0.3700090656202526
371377,1,7,3,3.2276794059166
371385,1,7,10,22.942554805629904
371387,1,7,8,21.068757366888548
371402,1,7,2,8.243527233303615
371405,1,7,9,17.702754213802745
371450,1,7,5,0.3700090141005197
371463,1,7,6,26.68625875719871
371468,1,7,1,23.69985823442693
371472,1,7,8,14.921193210648347
371476,1,7,9,21.13139018008679
371483,1,7,8,29.623446790053098
371485,1,7,8,15.997885148703466
371504,1,7,6,6.244224695687928
371508,1,7,1,9.364159875589845
371514,1,7,4,0.3700090657260609
371517,1,7,2,11.118132789042987
371528,1,7,1,21.069472644966787
371546,1,7,7,0.3637855897268074
371550,1,7,6,30.401735781545856
371555,1,7,5,0.3700090141005197
371561,1,7,5,0.3700090141005197
371573,1,7,9,27.889718337366176
371577,1,7,8,12.75151950574604
371579,1,7,6,11.53736406902617
371583,1,7,1,7.745781694773306
371613,1,7,8,24.04126234241666
371643,1,7,5,0.3700090141005197
371650,1,7,9,33.23173303359139
371667,1,7,8,6.61852548364368
371686,1,7,10,21.076481416134946
371694,1,7,5,0.37000902039789374
371701,1,7,6,24.644480437139002
371704,1,7,1,24.76094764279151
371709,1,7,8,34.3756144601935
371746,1,7,9,9.315381056202254
371772,1,7,10,10.919279608581991
371776,0,7,0,0.033921924263898166
371783,0,7,0,0.04586025059445871
371786,1,7,6,28.163971769779007
371807,1,7,10,25.055733494491168
371823,1,7,5,0.3700090141005197
371827,1,7,5,0.3700090141005197
371848,1,7,5,0.3700090141005197
371850,1,7,5,0.3700090141005197
371876,1,7,9,7.35146473586524
371886,1,7,1,7.147382146965751
371892,1,7,9,18.571890941874837
371908,1,7,6,8.883229496151788
371923,1,7,1,15.82416731659897
371924,1,7,4,0.3700090657260609
371976,1,7,1,20.993479885649112
371986,1,7,7,5.388081299926405
371988,1,7,8,32.38466270426089
371989,1,7,9,31.39490276885406
371999,1,7,10,20.98779495956566
372035,1,7,7,0.8781514973749559
372061,1,7,4,0.3700090657260609
372085,1,7,7,1.2693320618372355
372086,1,7,6,19.21354355357617
372090,1,7,10,25.410514981331282
372094,1,7,4,0.3700090657260609
372099,1,7,6,15.414226208073451
372100,1,7,4,0.3700090656202526
372128,1,7,6,28.568952869180475
372150,1,7,5,0.3700090141005197
372177,1,7,9,33.415007261128416
372186,1,7,5,0.3700090141005197
372198,1,7,5,0.3700090141005197
372207,1,7,8,22.993112019417122
372232,0,7,0,0.07657921393068759
372233,1,7,5,0.3700090141005197
372240,1,7,4,0.3700090657260609
372281,1,7,6,22.02120229868751
372291,1,7,3,2.734250903570378
372303,1,7,10,23.296986543298917
372322,1,7,5,0.3700090141005197
372323,1,7,1,26.362189036399982
372336,1,7,10,16.539052982881746
372338,1,7,7,2.426494885717185
372346,1,7,10,4.383366114974747
372350,1,7,5,0.3700090141005197
372362,1,7,9,15.60587267245653
372375,1,7,5,0.3700090141005197
372388,1,7,10,9.542061770112058
372394,1,7,10,26.04552454316341
372403,1,7,1,22.94772559522102
372405,1,7,4,0.3700090657260609
372411,1,7,5,0.3700090141005197
372414,1,7,6,9.271991137774647
372421,1,7,9,32.89243008143342
372424,1,7,8,14.254818888181445
372432,0,7,0,0.04688771603867175
372459,1,7,4,0.3700090657260609
372478,1,7,7,3.349601268535818
372489,1,7,5,0.37000902039789374
372496,1,7,10,16.14029034461653
372545,1,7,9,21.66349217462991
372570,1,7,9,21.240459612688642
372599,1,7,2,4.827871040546902
372605,1,7,9,22.9908638601295
372607,1,7,10,11.736227470438152
372617,1,7,8,15.346985255862437
372650,1,7,6,14.913089189945397
372670,1,7,8,12.731515032311824
372675,1,7,5,0.3700090141005197
372681,1,7,6,29.64558233123155
372683,1,7,10,21.817012032495743
372698,1,7,5,0.3700090141005197
372700,1,7,6,25.686643735122882
372710,0,7,0,0.041709038669332406
372711,1,7,2,16.464205226967245
372715,1,7,1,11.572157790371213
372720,1,7,5,0.3700090141005197
372722,1,7,1,21.199359487364777
372757,1,7,2,8.205669340659986
372769,1,7,9,19.362881411523936
372773,1,7,4,0.3700090657260609
372800,1,7,9,31.349617775391877
372822,1,7,9,5.137598240671068
372823,1,7,8,34.94451160144767
372841,1,7,4,0.3700090657260609
372842,1,7,10,22.958736797015195
372844,1,7,10,7.311350598785651
372846,1,7,9,13.771209811200828
372853,1,7,9,23.61554673036537
372858,1,7,7,2.5253370158938506
372859,1,7,6,21.97230747477119
372869,1,7,9,2.551755499684286
372877,1,7,10,13.827619075242199
372878,1,7,2,13.647911711356128
372881,1,7,5,0.3700090141005197
372885,1,7,4,0.3700090657260609
372914,1,7,8,16.648557577213246
372922,1,7,10,11.677443809827958
372938,1,7,7,2.2469406776772582
372943,1,7,9,19.23246183106745
372946,1,7,5,0.3700090141005197
372963,1,7,4,0.3700090657260609
372967,1,7,5,0.3700090141005197
372981,1,7,9,15.838775319055381
372983,1,7,7,6.139925135623755
372988,1,7,4,0.3700090657260609
373004,1,7,6,13.94352211367466
373011,1,7,5,0.3700090141005197
373025,1,7,6,14.40160293595577
373028,1,7,9,17.94105127333115
373045,1,7,4,0.3700090657260609
373054,1,7,9,24.246261603748586
373058,1,7,10,9.920846686480115
373073,1,7,1,10.966089783425348
373078,1,7,7,0.8372626030813473
373084,1,7,7,3.8438524410220922
373098,1,7,8,5.457817187014974
373117,1,7,10,13.744128446257193
373124,0,7,0,0.030309727542964765
373132,1,7,1,19.407110987984254
373136,1,7,4,0.3700090657260609
373143,1,7,8,8.482651000915007
373145,1,7,6,14.694701223577727
373162,1,7,9,28.435166779460193
373166,1,7,1,9.521165596767732
373177,1,7,9,13.780631940265978
373178,1,7,8,34.561656374290685
373186,1,7,2,10.415414913329966
373203,1,7,5,0.3700090141005197
373236,1,7,3,1.0205700003045222
373259,1,7,1,5.355317337681278
373265,1,7,10,15.063176953576566
373311,1,7,8,26.32233258101601
373331,1,7,5,0.3700090141005197
373345,1,7,5,0.3700090141005197
373376,1,7,9,33.78922947332969
373377,1,7,6,29.440103704056803
373392,1,7,5,0.3700090141005197
373394,1,7,5,0.3700090141005197
373397,1,7,10,16.268598610893967
373403,1,7,6,20.420544786901225
373422,1,7,1,14.045123357307657
373439,1,7,10,23.37363379842028
373455,1,7,7,0.4657810491678385
373456,1,7,9,7.007016492971131
373460,1,7,4,0.3700090657260609
373472,1,7,4,0.3700090657260609
373474,1,7,6,18.371240996709794
373475,1,7,3,3.013082333506237
373480,1,7,1,26.117853459927755
373488,0,7,0,0.03760170196422069
373517,1,7,9,20.249214635405465
373524,1,7,1,9.047588176518035
373550,1,7,5,0.3700090141005197
373580,0,7,0,0.04653525049409869
373598,1,7,9,6.715782851917166
373606,1,7,9,30.688712742707438
373607,1,7,4,0.3700090657260609
373631,1,7,9,20.685231799570808
373660,1,7,6,12.856810855949568
373664,1,7,4,0.3700090657260609
373670,1,7,8,23.723850165485644
373672,1,7,4,0.3700090657260609
373674,1,7,10,19.13234462656193
373676,1,7,4,0.3700090657260609
373680,0,7,0,0.07763809630359429
373705,1,7,10,19.704579769170927
373708,1,7,4,0.3700090657260609
373712,1,7,7,2.197838723732944
373722,0,7,0,0.032612468757080675
373735,0,7,0,0.05137641718477059
373745,1,7,5,0.3700090141005197
373762,1,7,9,4.2856339722476875
373770,1,7,9,29.614638543348274
373777,1,7,6,14.710261408709375
373783,1,7,9,2.555249912999119
373796,1,7,1,12.98604347747652
373801,1,7,1,26.672442962619208
373811,1,7,3,2.6062880045207732
373815,1,7,7,6.212756429269417
373816,1,7,9,26.290902638484123
373835,1,7,9,33.000805602246665
373839,1,7,2,12.844644184571242
373847,1,7,6,29.761690992369537
373860,1,7,9,16.14537110261104
373872,1,7,4,0.3700090657260609
373876,1,7,10,10.488906682155443
373890,1,7,3,2.5967915454740322
373894,1,7,8,22.910456671372806
373900,1,7,8,13.93594639695522
373909,1,7,8,32.240047951925284
373922,1,7,3,2.9618559753945157
373932,1,7,9,32.40644610732175
373936,1,7,9,17.899960176229747
373950,1,7,5,0.3700090141005197
373959,1,7,10,24.86772046945535
373972,1,7,4,0.3700090657260609
373983,1,7,6,13.528029655341133
373995,1,7,3,3.037401531165835
374012,1,7,10,16.930735141800938
374027,1,7,7,6.351645725757398
374041,1,7,3,2.0299217901002313
374048,1,7,9,17.860293261487413
374063,1,7,9,33.588590608938084
374075,1,7,10,16.842062183437772
374080,1,7,6,7.328935857158972
374096,1,7,8,21.669267079584074
374124,1,7,4,0.3700090657260609
374132,1,7,9,28.919466295989253
374140,0,7,0,0.039008476568951296
374144,1,7,6,22.2160059230381
374145,1,7,10,10.903242529352472
374166,1,7,8,36.05173437633794
374179,1,7,8,5.320329898674896
374185,1,7,5,0.3700090141005197
374192,1,7,7,2.4531052266888933
374202,1,7,6,23.449703613678683
374208,1,7,4,0.3700090657260609
374215,1,7,1,17.56974714365885
374216,1,7,1,17.29039834067515
374229,1,7,8,21.4859459297449
374231,1,7,8,21.2867401387948
374235,1,7,4,0.3700090657260609
374261,1,7,4,0.3700090657260609
374265,1,7,6,17.26610583667891
374274,1,7,6,17.468834847151648
374280,1,7,9,33.12020795284852
374289,1,7,5,0.3700090141005197
374294,1,7,8,25.252330149210014
374295,1,7,1,24.19050723214956
374304,1,7,10,20.71731862616385
374306,1,7,1,18.524329471995056
374317,1,7,9,16.239462362723003
374338,1,7,8,16.007405759629474
374346,1,7,9,19.240758902248004
374351,1,7,8,31.289198480994703
374352,1,7,9,32.90621465466326
374361,1,7,6,17.794179311629154
374382,1,7,4,0.3700090657260609
374402,1,7,6,23.83147309855783
374404,1,7,10,15.238180684731939
374417,1,7,10,22.402383203174512
374422,1,7,6,18.869885517220258
374423,1,7,7,0.5188243994874234
374426,1,7,2,7.423188807312292
374442,1,7,5,0.3700090141005197
374450,1,7,8,22.099363746624075
374470,1,7,1,20.898452878113122
374472,1,7,9,2.155286111494747
374495,1,7,8,24.55262465570993
374500,1,7,3,1.3962493392169675
374529,1,7,5,0.37000902039789374
374552,1,7,8,31.431721565639496
374567,1,7,7,6.12027787080635
374570,1,7,8,14.802901923980789
374579,0,7,0,0.1675528497098962
374586,1,7,1,9.314492145739921
374596,1,7,9,14.122835901703853
374607,1,7,9,24.802751294979693
374618,1,7,6,25.060512522580638
374621,1,7,3,3.234762101212035
374627,1,7,10,22.805063083598064
374640,1,7,1,19.779065758136795
374641,1,7,8,24.074267018707296
374659,1,7,2,4.165540777629098
374661,1,7,1,10.396542297160586
374677,1,7,3,3.210975094962326
374680,1,7,10,24.361759580581452
374684,1,7,5,0.3700090141005197
374693,1,7,6,17.161935002856797
374694,1,7,4,0.3700090657260609
374695,1,7,9,32.890771780951034
374701,1,7,7,4.6877653992439585
374702,1,7,9,32.68807877238716
374703,1,7,8,20.187839991766108
374710,1,7,10,12.992939105438637
374714,1,7,8,15.537472281426837
374722,1,7,2,16.193603642784044
374728,1,7,4,0.3700090657260609
374740,1,7,6,27.5102190745492
374744,1,7,2,3.1194484654858727
374759,1,7,5,0.3700090141005197
374763,1,7,7,6.293948621776258
374794,0,7,0,0.03674325897345666
374824,1,7,1,24.34443802799075
374826,1,7,10,13.282323854244378
374847,1,7,6,29.440021631902717
374858,1,7,2,8.049683250004225
374862,1,7,5,0.3700090141005197
374870,1,7,8,24.196136899676695
374871,1,7,6,27.661478871374232
374876,1,7,1,20.946745919049693
374880,1,7,8,32.57974216907668
374884,1,7,10,25.376661812927868
374891,1,7,10,15.14236303286992
374897,1,7,5,0.3700090141005197
374898,1,7,1,11.005574847982427
374932,1,7,9,33.612649535557615
374941,1,7,1,6.915490424700613
374945,1,7,10,20.75114485903958
374953,1,7,5,0.3700090141005197
374959,1,7,10,23.65796040402541
374969,1,7,4,0.3700090657260609
374974,0,7,0,0.03869079072906569
374985,1,7,9,33.69025903012935
374998,1,7,4,0.3700090657260609
375001,1,7,1,28.083893123918095
375011,1,7,4,0.3700090657260609
375016,1,7,5,0.3700090141005197
375020,1,7,3,3.148069377864804
375027,1,7,6,21.528957801186866
375028,1,7,5,0.3700090141005197
375029,1,7,9,33.491564463931276
375039,1,7,8,13.164942953731282
375041,1,7,9,32.15515105366443
375053,1,7,10,18.59503190466231
375103,1,7,1,21.098876027511235
375109,1,7,2,10.627727219923369
375111,0,7,0,0.0338282831602821
375115,1,7,10,20.464296133413335
375134,1,7,6,23.33893637478421
375139,1,7,6,11.87329421986633
375140,1,7,8,12.220969104216929
375143,1,7,4,0.3700090657260609
375159,1,7,10,25.81273343221688
375170,1,7,9,12.003724075254912
375173,1,7,5,0.3700090141005197
375184,1,7,6,17.068490199848515
375193,1,7,5,0.3700090141005197
375199,1,7,3,1.0895638142117579
375201,1,7,5,0.3700090141005197
375205,1,7,6,27.128309199358323
375220,1,7,5,0.3700090141005197
375223,1,7,1,18.509924611209907
375228,1,7,2,12.040388018554237
375242,1,7,8,28.206296147607006
375243,1,7,6,13.6497757984489
375245,1,7,7,5.481392548576561
375256,1,7,5,0.3700090141005197
375292,1,7,10,25.620902318557615
375305,0,7,0,0.030566719988384478
375317,1,7,7,6.20447922028144
375320,1,7,9,22.171414340749582
375330,1,7,7,5.867813480651926
375341,1,7,6,24.324767200725795
375343,1,7,9,20.673872238460376
375366,1,7,9,19.977111022087815
375372,1,7,4,0.3700090656202526
375375,1,7,4,0.3700090657260609
375382,0,7,0,0.026769579743294435
375387,1,7,10,13.65045777696637
375411,1,7,9,30.12980412926636
375436,1,7,9,20.392849755058663
375445,1,7,8,33.72671824333293
375446,1,7,8,6.482882386383552
375465,1,7,9,28.444692129797076
375468,1,7,9,10.90193693334422
375472,1,7,5,0.3700090141005197
375477,1,7,6,21.732649898067148
375499,1,7,6,20.717887915624082
375511,1,7,4,0.3700090657260609
375515,1,7,7,4.5920452653536925
375523,1,7,6,22.056154754708164
375551,1,7,4,0.3700090657260609
375584,1,7,9,27.583878783965478
375593,1,7,5,0.3700090141005197
375612,1,7,2,3.8420968530127095
375614,1,7,9,28.752280089774917
375627,1,7,4,0.3700090657260609
375650,0,7,0,0.027279750756226774
375657,1,7,9,29.601114434696417
375668,1,7,4,0.3700090657260609
375669,1,7,8,12.912475362474611
375678,1,7,10,14.938459907544647
375679,1,7,4,0.3700090657260609
375681,1,7,9,13.612900577991764
375687,1,7,6,18.77083582360108
375703,1,7,10,24.74880049610971
375731,1,7,8,16.3550884456103
375747,1,7,10,16.152075474447464
375750,1,7,5,0.3700090141005197
375751,1,7,9,32.41507317238873
375761,1,7,9,31.046000815266144
375776,1,7,8,15.390927968594536
375784,1,7,3,3.1275856929699826
375808,1,7,1,21.050302708829307
375809,1,7,9,25.106870054902974
375819,1,7,6,23.919452128830077
375845,1,7,7,3.877025099145314
375866,1,7,6,18.676634683045794
375880,1,7,3,3.146302621285045
375884,1,7,5,0.3700090141005197
375888,0,7,0,0.03287022492295169
375902,1,7,5,0.3700090141005197
375904,1,7,1,9.284810244942909
375908,1,7,4,0.3700090657260609
375912,1,7,10,19.71573907181518
375929,1,7,2,9.021671653347257
375935,1,7,10,26.03290658384693
375937,0,7,0,0.03628772884678736
375954,1,7,10,16.278259945518865
375963,1,7,9,25.066792804654188
375965,1,7,10,23.89123451006615
375972,1,7,10,9.09415882264514
375974,1,7,9,22.050509606426683
375975,1,7,5,0.3700090141005197
375989,1,7,2,2.6900458639956346
375990,1,7,10,17.81272914138248
375992,1,7,6,20.7260461196078
376000,1,7,9,21.232785716854238
376021,1,7,7,0.8134478047557382
376025,1,7,5,0.37000902039789374
376040,1,7,1,15.320512668849192
376044,1,7,9,11.116183710136793
376048,1,7,8,16.142846718573967
376049,1,7,10,14.361839029515215
376056,1,7,1,9.272346318718467
376060,1,7,1,10.408276723510786
376108,1,7,1,5.183114359078997
376139,1,7,4,0.3700090657260609
376145,1,7,1,19.119115740978415
376168,0,7,0,0.04702667844362935
376187,1,7,5,0.3700090141005197
376201,1,7,10,8.853185994129305
376203,1,7,9,24.257497171695405
376205,1,7,4,0.3700090657260609
376207,1,7,6,9.110539009819394
376209,1,7,3,1.2283673034680438
376227,1,7,10,9.922320216771812
376229,1,7,8,23.62070468256592
376231,1,7,10,18.04249884182876
376232,1,7,10,14.699808580274148
376257,1,7,9,19.328478758422264
376263,1,7,9,33.48059203822943
376265,1,7,6,15.16178901518315
376277,1,7,8,3.5259868536682935
376281,1,7,5,0.3700090141005197
376288,0,7,0,0.036453927707866485
376322,1,7,8,3.8900989685294816
376331,1,7,4,0.3700090657260609
376339,1,7,8,18.410903758202252
376357,1,7,5,0.3700090141005197
376362,1,7,8,19.26710327675829
376394,1,7,10,15.21371226076838
376405,1,7,7,6.44829736155494
376413,1,7,7,6.292285009835219
376419,1,7,2,16.413647851724857
376420,1,7,9,2.68751617666969
376422,1,7,3,1.368840247987873
376456,1,7,1,21.44291816142955
376458,1,7,3,2.2989308570988296
376462,1,7,9,27.58777322677135
376468,1,7,9,28.60056409468946
376476,1,7,6,20.73616042721258
376482,1,7,9,29.89547349039009
376484,1,7,8,6.970462447369411
376498,0,7,0,0.032170962020977946
376516,1,7,1,21.627316842852487
376523,1,7,4,0.3700090657260609
376526,1,7,6,12.502584823515038
376535,1,7,4,0.3700090657260609
376576,1,7,8,19.287445977512583
376580,1,7,7,3.011988745961384
376581,1,7,8,7.9647378395877535
376591,1,7,6,17.81329307118636
376594,1,7,10,25.956192653114616
376604,0,7,0,0.032220414285607756
376616,1,7,10,24.483189362970705
376635,0,7,0,0.03434850012539719
376638,1,7,8,26.722464682432193
376680,1,7,4,0.3700090657260609
376684,1,7,1,18.59929621539657
376685,1,7,5,0.3700090141005197
376688,1,7,6,13.055668975927208
376694,1,7,4,0.3700090656202526
376697,1,7,5,0.37000902039789374
376701,1,7,7,5.962721619425693
376720,1,7,8,8.222793588728374
376727,1,7,9,24.46767470048566
376732,0,7,0,0.029036594032644983
376742,1,7,6,28.653988867781226
376753,1,7,5,0.3700090141005197
376754,1,7,9,16.9678273781956
376763,1,7,6,18.556462143216788
376772,1,7,8,27.4286340831404
376785,1,7,5,0.3700090141005197
376798,1,7,9,23.280597724899287
376814,1,7,9,25.31806990852709
376818,1,7,5,0.3700090141005197
376829,1,7,9,17.211390944713557
376838,1,7,4,0.3700090657260609
376854,1,7,5,0.3700090141005197
376859,1,7,7,0.9220576225760049
376883,1,7,9,30.47727038589127
376895,0,7,0,0.02943347550279673
376901,1,7,5,0.3700090141005197
376913,1,7,5,0.3700090141005197
376925,1,7,5,0.3700090141005197
376937,1,7,6,14.169012999833498
376943,1,7,8,15.287581505077451
376946,1,7,9,14.151052574353411
376970,1,7,5,0.3700090141005197
376988,1,7,9,30.147506911234352
376989,1,7,9,23.477537925199915
377012,1,7,8,27.873505657041875
377018,1,7,3,3.0114997285658283
377047,1,7,3,1.5653211223089034
377060,1,7,7,6.331702423769863
377064,1,7,6,20.364262041238046
377075,1,7,6,25.79355952863518
377097,1,7,4,0.3700090657260609
377107,1,7,5,0.3700090141005197
377116,1,7,10,10.331759753641705
377148,1,7,8,32.30386548260716
377151,1,7,7,5.877245495544531
377177,0,7,0,0.045530216302306706
377186,1,7,10,15.580518167268261
377188,1,7,9,23.066729846112793
377201,1,7,4,0.3700090657260609
377208,1,7,10,21.008538899926062
377225,1,7,8,35.53330233825211
377226,1,7,3,3.1775398736401756
377234,1,7,10,4.636185920977906
377246,1,7,2,2.1145244101456457
377251,0,7,0,0.03525707867053027
377263,1,7,6,12.085943584331176
377290,1,7,8,26.601478153275835
377300,1,7,7,2.2502202694307
377309,1,7,6,17.142093465962486
377311,1,7,7,1.6505234667135846
377333,1,7,10,11.23473425795587
377337,1,7,4,0.3700090657260609
377360,1,7,5,0.3700090141005197
377361,1,7,2,5.56080872964143
377368,1,7,9,19.059009214213795
377369,1,7,6,5.235473157796731
377376,1,7,4,0.3700090657260609
377379,1,7,4,0.3700090657260609
377393,1,7,7,1.6317539096665037
377401,1,7,3,2.746568673659182
377410,1,7,8,4.120314304052732
377431,1,7,10,5.781362924392248
377447,1,7,1,24.681606136157228
377448,1,7,1,9.811050369750347
377453,1,7,5,0.3700090141005197
377456,1,7,2,11.491914048186217
377467,1,7,4,0.3700090657260609
377470,1,7,6,30.059032953796933
377472,1,7,5,0.3700090141005197
377474,1,7,4,0.3700090657260609
377495,1,7,8,31.839417278703937
377499,1,7,9,13.73891968899954
377505,1,7,8,16.90948134771506
377508,0,7,0,0.047160043365637734
377521,1,7,8,29.561084337845614
377545,0,7,0,0.04603781701241897
377551,1,7,2,0.946580323902714
377564,1,7,10,7.012558558799843
377568,1,7,10,26.060203127936905
377579,1,7,1,10.791153977021544
377586,1,7,5,0.3700090141005197
377589,1,7,6,27.563551326758652
377602,1,7,8,3.866098716810896
377607,1,7,1,26.631147878559005
377617,1,7,5,0.3700090141005197
377633,1,7,9,31.714614821971335
377637,1,7,8,9.91695752822221
377650,1,7,9,25.327204675989037
377655,1,7,9,24.103377758139587
377669,1,7,6,15.621790825238635
377679,1,7,6,16.7066883193543
377686,1,7,6,26.606019566617423
377717,1,7,1,10.933113258505418
377726,1,7,9,20.478880039997
377727,1,7,10,16.320827380157507
377743,1,7,1,21.601055482402444
377750,1,7,9,15.569989343269205
377772,1,7,10,15.568318363624789
377774,1,7,1,25.730819550400092
377778,1,7,10,25.996481948360977
377823,1,7,5,0.3700090141005197
377828,1,7,8,16.684255690760068
377843,1,7,10,16.25636569822251
377850,1,7,10,15.500452308181183
377851,1,7,3,1.9902666462003924
377858,1,7,9,13.990730054211058
377871,1,7,7,3.7845221714136974
377881,1,7,6,17.329899896785538
377891,1,7,9,12.703727681513254
377903,1,7,4,0.3700090657260609
377906,1,7,5,0.3700090141005197
377907,1,7,8,19.768427085142914
377908,1,7,9,33.61511637110657
377914,1,7,9,6.354737682292499
377925,1,7,5,0.3700090141005197
377933,1,7,9,22.482821732952736
377936,1,7,10,13.059140731639877
377975,1,7,8,14.290764388079603
377977,0,7,0,0.028296172775568645
378002,1,7,9,22.388559113090754
378006,1,7,8,11.261015217309218
378015,1,7,10,12.819798040391689
378027,1,7,6,19.27199840388244
378049,1,7,9,15.689923435906197
378050,1,7,7,5.106017188109709
378057,1,7,3,2.6243094776923663
378065,1,7,5,0.3700090141005197
378069,1,7,6,22.42948777531307
378092,0,7,0,0.09510809500092697
378101,1,7,6,24.78362713118769
378103,1,7,6,21.820850220924573
378113,1,7,9,19.713946022855378
378119,0,7,0,0.10828730624955968
378129,1,7,9,32.531620477404
378144,1,7,7,5.1593378224151865
378145,1,7,5,0.3700090141005197
378147,1,7,1,24.98756896021066
378153,1,7,8,33.22264971374358
378156,1,7,10,14.865258996568148
378158,0,7,0,0.03757499993132546
378172,1,7,9,17.67190361664453
378180,1,7,10,11.902763331951078
378182,1,7,6,30.025141407308222
378197,1,7,1,17.026443005360488
378208,1,7,5,0.3700090141005197
378209,1,7,4,0.3700090657260609
378211,1,7,10,4.670727584135755
378213,1,7,8,5.228742059056817
378222,1,7,10,25.00335621307849
378245,1,7,5,0.3700090141005197
378269,1,7,5,0.3700090141005197
378278,0,7,0,0.0386293273354158
378290,1,7,9,20.237295075685942
378304,1,7,9,25.78448186370499
378305,1,7,1,17.908295930690983
378346,1,7,5,0.37000902039789374
378347,1,7,10,12.089646892343927
378350,1,7,5,0.3700090141005197
378360,1,7,4,0.3700090657260609
378362,1,7,9,32.181675794673055
378387,1,7,8,19.771003509101643
378399,1,7,1,27.486241595228197
378400,1,7,4,0.3700090657260609
378402,1,7,9,19.799417431484155
378403,0,7,0,0.038269324270741964
378407,1,7,5,0.3700090141005197
378421,1,7,10,4.528189826768053
378429,1,7,4,0.3700090657260609
378455,1,7,5,0.3700090141005197
378458,1,7,8,30.282509750627067
378468,1,7,4,0.3700090657260609
378487,1,7,9,23.0992661548334
378493,1,7,9,16.583785148911655
378500,1,7,5,0.3700090141005197
378504,1,7,10,16.437999413523713
378511,1,7,6,20.684201956983944
378521,1,7,10,4.930387477614477
378536,1,7,8,6.264740966851025
378548,1,7,7,4.227543038777032
378589,1,7,8,24.236370498523897
378605,1,7,6,28.547785874212938
378620,1,7,10,17.316514603985738
378624,1,7,10,9.838510933184724
378632,1,7,8,12.182710378338788
378635,1,7,9,24.532389650688497
378640,1,7,2,4.766230094792263
378643,1,7,9,24.59231311059554
378671,1,7,3,1.1397926249325834
378684,0,7,0,0.034081513202095425
378699,1,7,5,0.3700090141005197
378703,1,7,8,25.984221590631027
378731,1,7,9,22.620490295494687
378732,1,7,9,21.131389148876835
378762,0,7,0,0.023486079903510464
378769,0,7,0,0.03473628628380265
378770,1,7,6,28.53886276531491
378786,1,7,5,0.3700090141005197
378792,1,7,4,0.3700090657260609
378809,1,7,6,13.039876902266181
378812,1,7,7,6.499173919560517
378846,0,7,0,0.03312340732129897
378877,1,7,8,16.9227804965559
378878,1,7,10,16.056733407375116
378892,1,7,9,32.262788257377316
378893,1,7,1,19.857777303029746
378894,1,7,5,0.3700090141005197
378906,1,7,5,0.3700090141005197
378936,1,7,7,1.3878850319862504
378951,1,7,6,12.024799338472764
378982,1,7,5,0.3700090141005197
378997,1,7,6,21.734228687854316
379016,1,7,6,24.61244667937255
379018,1,7,6,26.577112057653824
379022,1,7,6,27.758716899936974
379025,1,7,10,18.286290017192762
379048,1,7,3,3.1803464415363742
379056,1,7,5,0.3700090141005197
379100,1,7,6,22.549169309442338
379102,1,7,9,23.633701520758933
379105,1,7,9,31.867167229460012
379111,0,7,0,0.03866487758068567
379112,1,7,9,30.884758779759856
379119,1,7,10,7.469857829389571
379123,1,7,2,12.986378291027217
379128,1,7,4,0.3700090657260609
379140,1,7,9,28.93059896052849
379142,1,7,6,20.190471038850447
379146,1,7,6,8.223234777816081
379154,1,7,3,3.149713440926706
379184,1,7,6,11.95676746728619
379186,1,7,8,17.776761668913657
379196,1,7,10,12.190726560670948
379201,1,7,6,12.04938496104735
379210,1,7,4,0.3700090657260609
379220,1,7,1,26.48099712480304
379226,1,7,10,20.459717794951082
379241,1,7,9,25.038335074609897
379246,1,7,2,12.525460127341715
379254,1,7,4,0.3700090657260609
379276,1,7,5,0.3700090141005197
379287,1,7,9,7.013681652419468
379290,1,7,1,24.26846769700901
379308,1,7,9,3.3135372004864743
379321,1,7,6,19.290248560854142
379335,1,7,1,3.855020991649201
379336,1,7,2,13.763858158102105
379349,1,7,8,20.323683509093577
379351,1,7,6,10.65739462919008
379354,0,7,0,0.030438150033299742
379355,1,7,7,5.634087478813075
379359,0,7,0,0.024802195238791833
379363,1,7,8,24.850179657512342
379372,0,7,0,0.03785775754083872
379375,1,7,4,0.3700090657260609
379393,1,7,6,30.542452094539016
379401,1,7,8,33.58752110012112
379403,1,7,8,25.015191281811386
379408,1,7,8,26.635184619691284
379412,1,7,6,8.996613459315249
379420,1,7,6,26.051193616366955
379423,1,7,5,0.3700090141005197
379429,1,7,9,12.15875480908194
379485,1,7,9,30.666233327845042
379527,1,7,9,24.999014259361086
379532,1,7,9,8.483298196740899
379536,1,7,3,2.5758490125079776
379560,1,7,9,32.88750981517338
379571,1,7,5,0.3700090141005197
379582,1,7,4,0.3700090657260609
379598,1,7,4,0.3700090657260609
379611,1,7,6,30.363250824531384
379632,1,7,5,0.3700090141005197
379657,1,7,9,33.661604605147176
379661,1,7,9,31.64386592262906
379666,1,7,5,0.3700090141005197
379672,1,7,1,25.119450136386252
379681,1,7,7,3.211586755849859
379688,1,7,5,0.3700090141005197
379692,1,7,6,30.267803925554627
379693,1,7,4,0.3700090657260609
379696,1,7,10,13.544312000672937
379697,1,7,5,0.3700090141005197
379709,1,7,9,12.536930516453422
379723,1,7,9,20.804314962563396
379726,1,7,9,31.863009699152602
379745,1,7,7,2.405248477504678
379748,1,7,8,14.76813387512302
379758,1,7,9,8.77606880189929
379767,1,7,4,0.3700090657260609
379775,1,7,7,3.473341823127532
379806,1,7,8,18.52057107156428
379813,1,7,8,4.345236183766585
379814,1,7,8,27.257017020691663
379827,1,7,1,13.530308327495367
379831,0,7,0,0.034670665750497515
379834,1,7,6,12.499676393513822
379838,1,7,7,0.34452725780461546
379843,1,7,5,0.3700090141005197
379850,1,7,6,19.09273156827301
379862,1,7,1,21.461086772857403
379864,0,7,0,0.1697576273243683
379883,1,7,5,0.3700090141005197
379934,1,7,4,0.3700090657260609
379944,1,7,6,8.150481238991484
379956,1,7,3,0.6389996975781059
379958,1,7,4,0.3700090657260609
379970,1,7,5,0.3700090141005197
379978,1,7,1,16.338670899570374
379999,1,7,6,18.892259607018882
380000,1,7,9,25.15199936517505
380020,1,7,7,6.5257709108886734
380023,1,7,5,0.3700090141005197
380031,1,7,8,23.18010753917542
380049,1,7,4,0.3700090657260609
380052,1,7,4,0.3700090656202526
380062,1,7,8,25.95601586303109
380064,1,7,10,17.588480662724013
380068,1,7,4,0.3700090657260609
380072,1,7,4,0.3700090657260609
380075,1,7,5,0.3700090141005197
380079,1,7,8,12.285685892118465
380092,1,7,9,24.780509891816987
380094,1,7,5,0.3700090141005197
380099,1,7,8,31.345236622293353
380109,1,7,4,0.3700090657260609
380112,1,7,4,0.3700090657260609
380130,1,7,8,18.185650192301722
380153,0,7,0,0.036776335662446494
380155,1,7,8,35.2209365016174
380179,1,7,6,26.983340914292942
380182,0,7,0,0.03400737556571986
380187,1,7,9,19.607574973307226
380207,1,7,4,0.3700090657260609
380227,1,7,9,32.68555017489673
380231,1,7,1,16.94909294128633
380233,1,7,10,17.20708132629642
380241,1,7,10,26.019756124486292
380253,1,7,6,8.188487477402477
380266,1,7,5,0.3700090141005197
380275,0,7,0,0.03982967756240073
380293,1,7,10,16.729864449261413
380297,1,7,9,5.158278494088705
380298,1,7,2,15.850012631280679
380315,1,7,3,3.0531932428331148
380340,1,7,8,20.20782668220585
380351,0,7,0,0.040160137046689505
380390,0,7,0,0.0457352088419852
380400,1,7,7,0.5158919841446267
380410,1,7,3,2.7099774763785387
380413,1,7,9,10.803235669378344
380418,1,7,10,25.899404138167377
380433,1,7,6,12.47186629307233
380442,1,7,4,0.3700090657260609
380445,1,7,8,6.942418105517974
380466,1,7,7,4.213469017200676
380471,1,7,8,32.09206070972498
380494,1,7,8,27.361433946515557
380516,1,7,4,0.3700090657260609
380519,1,7,9,32.14161856457449
380564,1,7,6,22.177271400032616
380569,1,7,8,22.929933646508733
380573,1,7,10,16.665011133933746
380590,1,7,5,0.3700090141005197
380591,1,7,8,24.201274648233976
380599,1,7,9,27.325463926444648
380604,1,7,9,14.25769381388499
380606,1,7,2,14.627178233498535
380610,1,7,9,28.943135995752602
380617,1,7,8,20.534197556536466
380664,1,7,6,11.48019430924547
380666,1,7,1,19.078953072969423
380676,1,7,6,14.8247802879333
380678,1,7,6,28.69916076072773
380686,0,7,0,0.03021910767534227
380701,1,7,10,17.87233320379165
380702,1,7,6,20.67887427318324
380737,1,7,10,24.736223654373337
380756,1,7,8,3.8134385349452797
380762,1,7,4,0.3700090656202526
380766,1,7,10,7.89991832279371
380768,0,7,0,0.04374279539291923
380781,1,7,5,0.3700090141005197
380785,1,7,8,7.20036395399057
380786,0,7,0,0.03871072988100221
380791,1,7,10,8.419080883739243
380832,1,7,8,21.421727003971636
380854,1,7,5,0.3700090141005197
380856,1,7,1,14.411202201246287
380858,1,7,8,3.49479582683503
380867,1,7,5,0.3700090141005197
380872,1,7,9,14.585144004955225
380876,1,7,8,24.989381996034105
380890,1,7,7,3.242696239035984
380898,1,7,9,11.109922956571971
380914,1,7,9,16.150649410911427
380934,1,7,8,24.600297226833113
380939,1,7,9,28.094515049076083
380948,0,7,0,0.030686609762491754
380986,1,7,8,21.940170519069266
381018,1,7,10,5.345246389625534
381023,1,7,5,0.3700090141005197
381025,1,7,8,16.27607998965263
381031,1,7,7,4.63562306113687
381036,1,7,8,26.085388061073715
381038,1,7,4,0.3700090657260609
381046,1,7,6,21.1027503600692
381053,1,7,8,22.207989265243235
381076,1,7,4,0.3700090657260609
381091,1,7,2,7.070261944785947
381127,1,7,6,6.89065417254572
381129,1,7,8,34.19195747305941
381135,1,7,10,13.33060303953384
381142,1,7,8,26.60834145191378
381153,1,7,9,31.683740580932078
381157,0,7,0,0.04103355203336129
381165,1,7,4,0.3700090657260609
381196,1,7,8,26.285776955941344
381232,1,7,8,17.852119733681466
381234,1,7,7,6.216250822246956
381239,1,7,5,0.3700090141005197
381243,1,7,5,0.3700090141005197
381248,1,7,1,11.075175468736646
381255,0,7,0,0.04683205508912353
381260,1,7,9,30.606381146394323
381264,1,7,7,5.626296379107833
381266,1,7,6,17.964163055741498
381267,1,7,6,7.541916997621487
381278,1,7,4,0.3700090657260609
381280,1,7,6,15.94004791045075
381333,1,7,1,17.756732958300216
381334,1,7,7,0.5551815493754187
381337,1,7,1,27.76742859800701
381339,1,7,1,23.140259739851764
381344,1,7,3,3.1527784113899235
381360,1,7,8,19.273748665195928
381366,1,7,6,17.021812164539575
381380,1,7,5,0.3700090141005197
381381,1,7,6,24.07782003755072
381408,1,7,9,27.88587887420836
381423,1,7,7,3.353445901728004
381434,1,7,6,15.724038630793366
381450,1,7,9,5.522669247527902
381471,1,7,10,24.458911655741613
381485,1,7,2,2.359198362111077
381488,1,7,4,0.3700090657260609
381492,1,7,5,0.3700090141005197
381493,1,7,4,0.3700090657260609
381507,1,7,7,0.6752301501854632
381515,1,7,9,22.962600156437524
381577,1,7,5,0.3700090141005197
381594,1,7,8,31.550518043071683
381597,1,7,8,33.81363856103532
381605,1,7,9,30.47390619387237
381609,1,7,3,3.0557380612678013
381616,1,7,5,0.3700090141005197
381626,1,7,8,24.04336218087271
381632,1,7,5,0.3700090141005197
381639,1,7,10,6.152379455890795
381648,1,7,5,0.3700090141005197
381650,1,7,1,17.203850484289084
381660,1,7,7,5.274448998303592
381689,1,7,9,21.393182880517994
381713,1,7,8,29.723556788270393
381752,1,7,6,24.78666974740711
381781,1,7,5,0.3700090141005197
381784,0,7,0,0.04674617232990265
381788,1,7,9,25.728168285254647
381791,1,7,10,13.32126275937321
381841,1,7,4,0.3700090657260609
381845,1,7,6,13.91485200750331
381864,1,7,6,30.029792262488606
381871,1,7,10,11.339635383259685
381888,1,7,3,3.2070091685926014
381903,1,7,9,23.03551302152403
381923,1,7,4,0.3700090656202526
381935,1,7,9,21.831180120560962
381937,1,7,9,11.142504534543772
381944,1,7,3,3.1207358308633784
381945,1,7,1,6.672556353318017
381951,1,7,8,22.51594146647959
381953,1,7,6,11.472169416957078
381959,1,7,6,21.667727413920776
381977,1,7,7,1.303089357840805
381982,1,7,9,4.406185632534793
381983,1,7,2,13.148302190553958
381994,1,7,6,15.380806769797866
381995,1,7,7,0.9791756828826982
381999,1,7,5,0.3700090141005197
382012,1,7,9,32.03865583247016
382030,0,7,0,0.046677144327846434
382034,1,7,8,24.93761497751262
382043,1,7,9,22.99491805821341
382045,1,7,3,3.005970217248501
382051,0,7,0,0.031062467460933867
382053,0,7,0,0.028892402567453585
382081,1,7,6,18.41396150032602
382082,1,7,9,30.117019578581477
382107,1,7,6,24.059773075422314
382111,1,7,9,11.37157224910969
382114,1,7,8,36.034995903579755
382115,1,7,8,29.31424960456749
382128,1,7,9,26.7260283864617
382133,1,7,9,7.641647461201956
382144,1,7,6,7.131695363649838
382152,1,7,10,15.437706176459086
382170,1,7,6,19.21967285056535
382175,1,7,8,32.045450939424285
382179,1,7,3,3.278375825316308
382188,1,7,10,25.11170434150809
382197,1,7,8,28.10300037156964
382209,1,7,9,29.226926528935113
382213,1,7,9,19.937278628582355
382232,1,7,9,19.74428106711914
382254,1,7,2,2.4201847497353888
382271,0,7,0,0.03503672896435915
382274,1,7,9,31.775966649181278
382276,1,7,10,6.513736589583915
382285,0,7,0,0.0406168731613615
382294,1,7,5,0.3700090141005197
382317,0,7,0,0.17036092910020506
382337,1,7,6,12.533750418006722
382346,1,7,1,11.101281078054955
382350,1,7,6,25.62608267144547
382358,1,7,9,19.816442403612392
382359,1,7,8,24.55680282072143
382370,1,7,3,1.6858092327119276
382386,1,7,10,14.148571082854
382387,1,7,10,25.11700539982874
382388,1,7,8,33.29490459024659
382400,1,7,4,0.3700090657260609
382405,1,7,5,0.3700090141005197
382429,1,7,9,23.133760541872316
382434,1,7,4,0.3700090657260609
382450,1,7,9,9.809812267342725
382457,1,7,6,24.057691377235837
382466,1,7,1,5.949828926192147
382506,1,7,5,0.3700090141005197
382518,1,7,9,32.21393170527584
382537,1,7,6,19.521951791354308
382539,1,7,4,0.3700090656202526
382545,1,7,3,3.0534456831472916
382548,1,7,4,0.3700090657260609
382558,1,7,5,0.3700090141005197
382559,1,7,6,28.39028125280206
382570,1,7,5,0.3700090141005197
382575,1,7,10,10.354488790135266
382585,1,7,8,21.58458100243423
382598,1,7,8,19.00460593491342
382601,1,7,6,10.202898032372207
382604,1,7,8,36.02452458889233
382606,1,7,4,0.3700090657260609
382627,1,7,1,9.303380240055311
382634,1,7,8,2.6739737089798483
382639,1,7,7,5.13762848722628
382641,1,7,9,12.218790473999446
382648,1,7,3,2.4969241530508564
382649,0,7,0,0.04057708322431656
382656,1,7,6,13.867074447534753
382670,1,7,6,12.116557100976772
382690,1,7,8,36.04467391450022
382691,1,7,7,1.3334876240755833
382692,1,7,9,32.68901569335261
382723,1,7,5,0.3700090141005197
382736,1,7,7,2.0432841033052487
382765,1,7,5,0.3700090141005197
382772,1,7,5,0.3700090141005197
382775,1,7,10,25.18921021727555
382780,1,7,3,3.1449812553368814
382787,1,7,2,11.920837451720596
382823,1,7,7,6.059817053920398
382833,1,7,3,3.215514648024271
382838,1,7,5,0.37000902039789374
382845,1,7,8,18.974560920609314
382848,1,7,4,0.3700090657260609
382854,1,7,4,0.3700090657260609
382856,1,7,7,4.158573067569684
382867,1,7,5,0.3700090141005197
382885,0,7,0,0.041098644797750016
382888,1,7,10,20.267104710002688
382898,1,7,4,0.3700090657260609
382900,1,7,10,23.551969760940278
382904,1,7,10,14.428543593525001
382907,1,7,1,10.771181494977133
382914,0,7,0,0.02640015929872018
382916,1,7,10,23.282840687742755
382921,1,7,8,8.572997947690203
382922,1,7,9,33.46566474459324
382932,1,7,9,16.16113255197018
382940,1,7,8,35.352234871083546
382944,1,7,5,0.3700090141005197
382955,1,7,7,5.7614773940000275
382961,1,7,4,0.3700090657260609
382962,0,7,0,0.03399981255182739
382966,1,7,10,5.521016787980124
382975,1,7,4,0.3700090657260609
382993,1,7,6,20.822147550233367
382996,1,7,9,22.34338805677922
383006,1,7,5,0.3700090141005197
383020,1,7,8,3.0810410553279786
383026,0,7,0,0.03948849206890341
383044,1,7,8,27.546356405185357
383050,1,7,5,0.3700090141005197
383057,1,7,6,12.37814673179311
383082,1,7,8,19.759200745270526
383114,1,7,4,0.3700090657260609
383117,1,7,8,13.115616219026842
383118,0,7,0,0.04598674106536089
383122,1,7,8,28.40484244950858
383125,1,7,5,0.3700090141005197
383145,1,7,9,29.231125965248804
383150,1,7,2,14.232171350548104
383151,1,7,8,23.05811700761004
383152,1,7,6,16.90079566487154
383161,1,7,4,0.3700090657260609
383163,1,7,7,4.756022382892863
383166,1,7,3,0.8230290196562411
383174,1,7,9,26.12928099222992
383184,1,7,5,0.3700090141005197
383193,1,7,5,0.3700090141005197
383213,1,7,8,18.852912195274396
383217,1,7,10,5.684796041449578
383223,1,7,1,20.190865116977232
383230,1,7,6,24.051310374561705
383242,1,7,9,3.204783195336431
383249,1,7,1,24.951124221218542
383252,1,7,5,0.3700090141005197
383264,1,7,8,35.90233407521459
383292,1,7,8,4.825114819339156
383321,1,7,9,33.518022386581094
383333,1,7,5,0.3700090141005197
383338,1,7,7,2.7542961777878117
383351,1,7,5,0.3700090141005197
383370,1,7,8,8.733721607377868
383383,1,7,7,5.714237408442724
383386,1,7,8,29.045845601657962
383391,1,7,1,21.564218778020557
383394,1,7,9,19.081395727479244
383404,1,7,9,30.83391272370364
383409,1,7,2,12.694594729347925
383410,1,7,9,17.63488800366375
383411,1,7,8,34.215003809171485
383414,1,7,8,21.014466410442555
383422,1,7,8,36.042106513730225
383424,1,7,6,22.29281624969078
383428,0,7,0,0.04144012578266224
383442,1,7,5,0.3700090141005197
383456,1,7,6,27.031653732602734
383467,1,7,6,22.17851790760449
383471,1,7,3,0.6379109826956435
383480,1,7,7,5.673990245271695
383495,1,7,10,14.229248270752919
383524,1,7,7,6.335206113410243
383536,1,7,6,28.6490344757984
383541,1,7,8,27.87425908457726
383547,1,7,5,0.3700090141005197
383556,1,7,8,5.454940196133486
383562,1,7,7,1.1810190460573133
383578,1,7,1,24.18519348029485
383601,1,7,4,0.3700090657260609
383608,1,7,9,23.582491280418612
383610,1,7,1,28.006449181366396
383623,1,7,4,0.3700090657260609
383627,1,7,5,0.3700090141005197
383631,1,7,6,29.58966186239352
383654,1,7,6,23.467907619634406
383673,0,7,0,0.03923803538341127
383677,1,7,4,0.3700090656202526
383682,1,7,7,1.2412475994561778
383688,1,7,5,0.3700090141005197
383694,1,7,8,21.919579864959086
383700,1,7,9,22.947060949214862
383707,1,7,4,0.3700090657260609
383709,1,7,9,18.18499843836698
383721,1,7,6,21.641055990659403
383722,1,7,3,2.2986188031438335
383725,1,7,1,23.739229597689103
383731,1,7,9,26.48568014848069
383734,1,7,5,0.3700090141005197
383748,1,7,8,6.567850730261399
383750,1,7,6,13.011130314343493
383761,1,7,6,6.864056592556912
383767,1,7,10,18.782494017842563
383774,1,7,4,0.3700090657260609
383796,1,7,4,0.3700090657260609
383800,1,7,9,19.65620249750457
383820,1,7,4,0.3700090657260609
383829,1,7,4,0.3700090657260609
383832,1,7,10,18.18754687968675
383847,1,7,9,24.110813914521916
383860,1,7,9,1.999017377994481
383869,1,7,4,0.3700090657260609
383897,1,7,5,0.3700090141005197
383913,1,7,10,6.4421990928899175
383916,1,7,3,3.0777653877046096
383928,1,7,3,3.106730132136856
383940,1,7,5,0.3700090141005197
383955,1,7,2,14.301312742647754
383958,1,7,9,33.69747851810459
383977,1,7,8,20.849437435226054
383984,1,7,10,20.192203678292927
383992,1,7,1,23.111283757390005
384025,1,7,9,26.73621674085765
384039,1,7,7,6.316376598611988
384048,1,7,1,16.78124505368244
384053,0,7,0,0.03130081619176287
384080,1,7,2,2.629342636374499
384081,1,7,9,4.243825024187064
384091,1,7,3,3.2443235180906114
384099,1,7,8,22.173321128283725
384102,1,7,8,9.39851267452718
384106,1,7,2,1.8922674138567666
384110,1,7,10,10.032016061812389
384121,1,7,1,4.132297291363226
384122,1,7,4,0.3700090657260609
384123,1,7,4,0.3700090657260609
384157,1,7,8,32.46509987172149
384167,1,7,5,0.3700090141005197
384169,1,7,9,22.02047623158906
384182,1,7,9,13.75288142098883
384184,1,7,6,7.973891005222437
384195,1,7,8,21.56669267956285
384198,1,7,10,14.215733320461672
384202,1,7,6,23.969816380064174
384204,1,7,9,3.9748645527803053
384237,1,7,8,32.473837205574945
384252,1,7,5,0.3700090141005197
384264,1,7,9,3.3592274030452804
384271,1,7,1,27.664748788299413
384284,1,7,6,22.895317161646613
384285,1,7,1,26.53391401306201
384308,1,7,8,16.847687683430724
384311,1,7,1,12.586446540514185
384315,1,7,6,25.193394750331898
384331,1,7,1,18.26049585643737
384356,1,7,10,25.37246413310451
384357,1,7,4,0.3700090657260609
384359,1,7,5,0.3700090141005197
384366,1,7,9,32.097766287736015
384386,1,7,6,27.480308415131432
384390,1,7,9,25.432706094159155
384396,1,7,9,32.73753361521589
384406,1,7,4,0.3700090657260609
384408,1,7,9,11.970709683259175
384434,1,7,6,18.710816304790306
384437,1,7,9,23.41782026224557
384449,1,7,1,21.901582914195608
384455,1,7,4,0.3700090657260609
384456,1,7,1,26.816074294853685
384496,1,7,2,2.407841531887015
384499,1,7,5,0.3700090141005197
384510,1,7,9,24.27035851319565
384512,1,7,9,12.64515852598491
384519,1,7,3,2.4180649696269443
384532,1,7,4,0.3700090657260609
384535,1,7,1,13.821544946893093
384561,1,7,9,16.878550228230495
384568,1,7,1,15.59939570018929
384574,1,7,10,25.384277483776966
384579,1,7,9,21.885387170007835
384590,1,7,5,0.3700090141005197
384591,1,7,3,2.6350240989546547
384593,1,7,8,20.2397899056211
384596,1,7,6,25.838625328963918
384598,1,7,10,23.727707798713656
384626,1,7,5,0.3700090141005197
384639,1,7,9,5.610449486890973
384660,1,7,10,11.668542668702273
384668,1,7,3,3.1092166168896984
384686,1,7,9,29.24188783557291
384702,1,7,6,25.827785974447437
384713,1,7,9,4.794258959844568
384723,1,7,5,0.3700090141005197
384728,0,7,0,0.03772184513952413
384733,1,7,9,26.366472440609044
384741,1,7,8,34.33248018914451
384748,1,7,4,0.3700090657260609
384763,1,7,5,0.3700090141005197
384791,1,7,8,6.975433021484475
384810,1,7,7,3.157666574548779
384813,1,7,3,0.7225092209612709
384833,1,7,4,0.3700090657260609
384835,1,7,6,14.677253995937557
384843,1,7,7,3.3805851385941517
384844,0,7,0,0.038990774888422154
384853,1,7,9,6.762909535734775
384860,1,7,6,29.76913233613723
384884,1,7,9,27.510804114011048
384886,1,7,8,16.925211697710434
384888,1,7,6,24.546755782689257
384902,0,7,0,0.09085910716677038
384908,1,7,8,26.537224755709186
384910,1,7,9,32.86318475405063
384916,0,7,0,0.038143687908348024
384940,1,7,5,0.3700090141005197
384959,1,7,5,0.37000902039789374
384961,1,7,9,12.486786319534382
384965,1,7,6,14.26227076754617
384981,1,7,10,6.269535711785122
384998,1,7,6,29.59740829745512
385011,1,7,2,4.075894561594516
385013,1,7,9,12.124644290071362
385018,1,7,9,19.658852893972192
385019,1,7,9,22.9375167896096
385038,1,7,2,14.482380301143502
385056,1,7,10,25.619493727981865
385123,1,7,3,3.1334756227353386
385143,1,7,4,0.3700090657260609
385144,1,7,9,28.321769910765216
385145,1,7,8,27.199129542398868
385152,1,7,10,21.386694285185623
385160,1,7,9,33.253531097614356
385167,1,7,9,14.119644904611814
385168,1,7,8,15.99590359137323
385176,1,7,10,24.4829009674449
385180,0,7,0,0.18483837833899913
385184,1,7,1,21.51694689618166
385193,1,7,9,24.99721038693833
385207,1,7,7,6.532603979672853
385219,1,7,1,13.385094749740952
385226,1,7,9,22.057474692971176
385240,1,7,6,29.35156456364176
385246,0,7,0,0.04465992897259753
385284,1,7,3,1.0825935469711216
385285,1,7,8,29.366470283465716
385304,1,7,8,2.3775022730258493
385324,1,7,7,1.02140934940316
385345,1,7,2,11.789363383195754
385354,1,7,4,0.3700090656202526
385359,1,7,9,21.669917762729348
385363,1,7,5,0.3700090141005197
385374,1,7,8,29.589859495799708
385400,1,7,6,29.62009037770652
385403,0,7,0,0.03225864313964504
385407,1,7,5,0.3700090141005197
385414,1,7,5,0.3700090141005197
385432,1,7,4,0.3700090657260609
385445,1,7,4,0.3700090657260609
385455,1,7,4,0.3700090657260609
385458,1,7,6,22.46498196943532
385466,1,7,9,24.554396916019613
385481,1,7,10,25.580432254917465
385483,1,7,5,0.3700090141005197
385494,0,7,0,0.14980334244083035
385502,1,7,7,5.7399808170011175
385524,0,7,0,0.03293032788150645
385528,1,7,9,22.37821359993873
385541,1,7,1,19.162064932180726
385542,1,7,4,0.3700090657260609
385553,1,7,9,21.50931867432898
385562,1,7,5,0.3700090141005197
385564,1,7,2,3.687861924166655
385575,1,7,9,31.35590415310905
385588,1,7,8,24.849123654201208
385592,1,7,8,32.50141367088181
385613,1,7,9,26.074304229379496
385617,1,7,2,14.030078980191186
385620,1,7,8,20.076475558825486
385627,1,7,8,31.55262726173977
385632,1,7,4,0.3700090656202526
385655,1,7,9,32.87222342194921
385663,0,7,0,0.03565849766582484
385664,1,7,5,0.3700090141005197
385679,1,7,3,3.1236504018918367
385694,1,7,10,20.631894125302907
385719,1,7,5,0.3700090141005197
385720,1,7,6,26.757677760295977
385728,1,7,9,22.336207682364364
385760,1,7,6,8.129974654254248
385761,1,7,6,22.977628993758096
385784,1,7,3,3.1646957409635537
385796,1,7,3,3.121054947809025
385817,1,7,9,16.96466222651727
385826,1,7,3,1.9359920104247548
385832,1,7,4,0.3700090657260609
385833,1,7,8,23.21531536938801
385850,1,7,7,5.637817591138685
385851,1,7,5,0.3700090141005197
385868,1,7,10,14.433855080470352
385897,1,7,1,21.50384014318015
385912,1,7,10,21.418391788656198
385913,1,7,9,13.184245637723512
385922,1,7,8,20.16832007110594
385923,1,7,4,0.3700090657260609
385925,1,7,2,1.3151682193407395
385945,1,7,5,0.3700090141005197
385997,1,7,8,22.923840106398078
385999,1,7,10,24.035229101446284
386003,1,7,8,21.719353357075807
386004,1,7,6,20.752298225850897
386006,1,7,2,8.29959462536403
386008,1,7,8,31.501624280423044
386010,0,7,0,0.11870534314398738
386024,1,7,9,17.684137355944795
386029,1,7,10,14.932736529080714
386058,1,7,10,25.99544009298943
386061,1,7,7,2.750327625233329
386064,1,7,2,12.080669962120558
386065,1,7,4,0.3700090657260609
386081,1,7,10,20.90492224458034
386097,1,7,3,1.902291769558781
386105,1,7,5,0.3700090141005197
386113,1,7,6,27.904299261297876
386129,1,7,8,24.661232576114717
386152,1,7,1,24.04858979555349
386162,1,7,1,11.110974311392903
386174,1,7,6,29.509094563106885
386189,1,7,8,19.46442006518968
386201,0,7,0,0.03322353438588978
386217,1,7,10,8.797112207558744
386236,1,7,6,29.840925383848205
386246,1,7,9,26.28341368723729
386249,1,7,9,33.06103100680004
386250,1,7,4,0.3700090657260609
386251,1,7,7,1.1761822816552863
386254,1,7,9,4.812077722326374
386259,0,7,0,0.039896537680738454
386262,1,7,4,0.3700090657260609
386265,1,7,9,28.698089690580414
386285,1,7,9,13.223333110339947
386288,1,7,4,0.3700090657260609
386293,1,7,4,0.3700090657260609
386302,1,7,5,0.3700090141005197
386303,1,7,10,10.606885441790283
386318,1,7,8,15.628043733017899
386323,1,7,5,0.3700090141005197
386336,1,7,10,17.31441474874331
386342,1,7,2,1.027452367277662
386343,1,7,8,7.036498726431561
386356,1,7,2,7.151820253953992
386357,1,7,9,2.9662207158348095
386367,1,7,8,12.253080975333903
386379,1,7,6,23.484097508220117
386391,1,7,4,0.3700090657260609
386408,1,7,5,0.3700090141005197
386410,1,7,10,26.051475982085375
386415,0,7,0,0.037305825137839366
386420,1,7,7,0.8594641241300275
386426,1,7,6,18.93798855353554
386428,1,7,1,14.363233957008553
386464,0,7,0,0.03007204037531662
386465,1,7,3,2.7670477038716763
386466,1,7,10,16.81176534527106
386471,1,7,6,16.26363274374426
386485,1,7,4,0.3700090657260609
386496,1,7,10,19.269012843575315
386503,1,7,10,17.97571439202541
386506,1,7,9,33.062441529612556
386508,1,7,2,10.03297630014497
386512,1,7,5,0.3700090141005197
386545,1,7,4,0.3700090657260609
386546,1,7,4,0.3700090657260609
386548,1,7,5,0.3700090141005197
386549,1,7,9,33.33787059682209
386560,1,7,10,16.580384004804078
386570,1,7,9,5.852272023513429
386574,1,7,8,17.936375309899784
386576,1,7,2,6.8887316565051515
386590,1,7,4,0.3700090657260609
386591,1,7,4,0.3700090657260609
386633,1,7,4,0.3700090657260609
386634,1,7,6,29.012108105021966
386668,1,7,8,30.363960910900193
386679,1,7,9,29.91556853527648
386692,1,7,10,26.012148501388356
386700,1,7,5,0.3700090141005197
386704,0,7,0,0.10330790019812601
386741,1,7,8,32.16642411540631
386755,1,7,6,18.121417306579986
386778,1,7,8,14.997371235712983
386792,0,7,0,0.044953839288218465
386827,0,7,0,0.03258572454714315
386842,1,7,4,0.3700090657260609
386849,0,7,0,0.12396240659492107
386851,1,7,10,24.799246164910624
386863,1,7,8,31.100629077090183
386872,1,7,4,0.3700090657260609
386873,1,7,9,33.665826190459
386882,1,7,4,0.3700090657260609
386890,1,7,6,30.233145187991862
386894,1,7,5,0.3700090141005197
386900,1,7,4,0.3700090657260609
386933,1,7,4,0.3700090657260609
386939,1,7,8,19.005882878601746
386952,1,7,8,29.29732744681404
386963,1,7,8,12.123821616257915
386984,1,7,10,14.903167645546155
386988,1,7,4,0.3700090656202526
386992,0,7,0,0.03754919215369583
386997,1,7,9,23.33761775390001
387002,1,7,8,22.015097359065138
387018,1,7,4,0.3700090657260609
387023,1,7,10,24.542307173939175
387036,1,7,1,21.716958900720112
387041,1,7,8,5.597422640567605
387043,1,7,1,18.8645488105877
387049,1,7,5,0.3700090141005197
387050,1,7,5,0.3700090141005197
387072,1,7,6,19.912956636464127
387097,1,7,5,0.3700090141005197
387098,1,7,9,20.963213307399865
387103,1,7,9,31.481588745794873
387106,1,7,4,0.3700090657260609
387118,1,7,5,0.3700090141005197
387123,1,7,5,0.3700090141005197
387140,1,7,6,14.949379364820324
387141,1,7,8,32.221894323588494
387142,1,7,4,0.3700090657260609
387170,1,7,5,0.3700090141005197
387193,1,7,10,17.79279691163417
387197,1,7,9,5.810168676051694
387203,1,7,10,3.5555305254284635
387205,1,7,1,14.189237762443184
387207,1,7,9,11.24014069189725
387227,1,7,8,22.522011261935617
387230,1,7,6,26.449929452431387
387246,1,7,5,0.3700090141005197
387249,1,7,8,30.066772278266974
387252,1,7,5,0.3700090141005197
387262,1,7,4,0.3700090656202526
387266,1,7,8,26.06370614058664
387269,1,7,6,25.520584139045116
387270,1,7,9,22.709251221852234
387273,0,7,0,0.04679325726974075
387281,1,7,4,0.3700090657260609
387283,1,7,9,16.774659083287773
387287,1,7,4,0.3700090657260609
387294,1,7,8,4.895881884730203
387300,1,7,9,31.259332797547916
387305,1,7,10,15.084345494632915
387306,1,7,6,13.987593978415143
387314,1,7,9,15.786153437809132
387321,1,7,10,16.052434365754845
387327,1,7,1,17.022517931617173
387341,1,7,5,0.3700090141005197
387372,1,7,6,30.014361104414032
387393,1,7,4,0.3700090657260609
387405,1,7,9,22.47619685209081
387408,1,7,7,6.534008822904829
387412,1,7,6,20.85027275817955
387421,1,7,9,16.041783049381152
387424,1,7,10,21.385821933091027
387433,1,7,6,10.436928752425187
387437,1,7,7,5.967499686304595
387449,1,7,4,0.3700090657260609
387450,0,7,0,0.03902008487117094
387453,1,7,5,0.3700090141005197
387466,1,7,5,0.3700090141005197
387468,0,7,0,0.11450652481479488
387474,1,7,5,0.3700090141005197
387484,1,7,8,22.616545808687672
387492,1,7,6,25.911171786999958
387504,1,7,7,1.731151388041281
387519,1,7,8,22.05919856812276
387521,1,7,1,12.771132057620651
387522,1,7,4,0.3700090657260609
387538,1,7,9,8.300554977010844
387545,1,7,8,24.657377491799576
387551,1,7,5,0.3700090141005197
387562,1,7,1,26.886314888889867
387565,1,7,5,0.3700090141005197
387582,1,7,5,0.3700090141005197
387594,1,7,6,17.390598612907404
387616,1,7,6,24.23996415654064
387623,1,7,5,0.3700090141005197
387637,0,7,0,0.03415935809457919
387659,1,7,4,0.3700090657260609
387663,1,7,7,3.3580004652848134
387682,1,7,7,1.945196838006412
387699,1,7,5,0.3700090141005197
387709,1,7,5,0.3700090141005197
387721,1,7,8,16.14657153122135
387726,1,7,10,15.366605602995195
387772,1,7,5,0.3700090141005197
387774,1,7,8,24.12417367843152
387801,1,7,7,5.553371351961728
387804,1,7,4,0.3700090657260609
387813,1,7,4,0.3700090657260609
387820,1,7,10,11.409473837845027
387822,0,7,0,0.031086875934238898
387837,0,7,0,0.029968641950370117
387843,1,7,8,28.11740497270418
387846,1,7,8,24.268537654395363
387848,1,7,7,4.911682640669894
387856,0,7,0,0.037207963919943327
387870,1,7,8,13.367603960853547
387877,1,7,7,3.898374851015268
387878,1,7,8,24.117355417247893
387901,0,7,0,0.034405302888877866
387905,1,7,8,18.85062974008615
387930,1,7,8,2.9403701629368006
387942,1,7,2,4.470517745562275
387945,1,7,8,12.910560670899239
387962,1,7,6,28.765901627101425
387976,1,7,8,10.797877334636699
387995,1,7,9,11.073219134733234
388026,1,7,8,34.959316141599494
388034,1,7,10,22.96876443335014
388037,1,7,8,31.368743809117536
388056,1,7,5,0.3700090141005197
388071,1,7,8,21.500173592001342
388079,1,7,4,0.3700090657260609
388092,1,7,9,17.75442059994686
388093,1,7,9,20.13958432838325
388105,1,7,8,13.203511447176538
388108,1,7,10,11.273653057510188
388111,1,7,6,4.284590070570697
388113,1,7,6,21.369151543415974
388128,1,7,1,11.876187588296748
388137,1,7,5,0.3700090141005197
388147,1,7,5,0.3700090141005197
388159,1,7,2,9.792090822237437
388173,1,7,9,18.238243252929657
388178,1,7,9,17.72505200388822
388181,1,7,7,6.014340530889674
388182,1,7,8,25.54311674941803
388189,1,7,6,25.992926617494078
388190,1,7,6,28.652248274431052
388202,1,7,8,8.120601006434264
388210,1,7,6,17.063295043353715
388216,1,7,6,7.513094382492829
388219,1,7,8,18.28176670158078
388247,1,7,8,14.590905753611136
388251,1,7,9,26.39328694424165
388252,1,7,6,9.938573487443282
388284,1,7,5,0.3700090141005197
388287,1,7,6,17.912704838965606
388298,1,7,7,2.1526005358806923
388334,1,7,10,20.409080306403926
388344,1,7,8,17.317223559159387
388349,1,7,6,14.921167977941428
388351,1,7,8,14.243936866773192
388353,1,7,4,0.3700090657260609
388357,1,7,9,18.74464913719292
388359,1,7,10,18.42603972127565
388360,1,7,8,26.545425199707573
388364,1,7,3,3.03308131853515
388365,1,7,10,20.6489848995186
388383,1,7,8,7.817676604180145
388387,1,7,4,0.3700090657260609
388388,0,7,0,0.04169632098044431
388389,1,7,8,17.372426735429585
388411,1,7,9,5.7165803160794
388431,1,7,6,21.202344488083007
388435,1,7,3,1.6598910908915467
388453,1,7,2,16.15629675939388
388456,0,7,0,0.040009888227877155
388467,0,7,0,0.04658417828427369
388471,1,7,10,15.433495400156257
388489,1,7,5,0.3700090141005197
388493,1,7,5,0.3700090141005197
388497,1,7,8,5.394298098311662
388509,1,7,5,0.3700090141005197
388517,1,7,5,0.3700090141005197
388523,1,7,8,30.432800142518627
388541,1,7,7,3.1633070632940115
388542,1,7,7,0.8606422617823101
388548,1,7,6,23.892900290875673
388554,1,7,8,25.657869334474647
388561,1,7,6,30.290595192867737
388577,1,7,4,0.3700090657260609
388580,1,7,9,24.55465967446921
388586,1,7,7,4.607896196939952
388611,1,7,6,29.92972660090149
388627,1,7,9,31.55023667375432
388628,1,7,8,35.06952147843372
388634,1,7,1,23.39040040463317
388646,1,7,5,0.3700090141005197
388662,1,7,10,25.188676115891262
388664,1,7,10,12.656171109948787
388671,1,7,8,27.670801834868897
388676,1,7,6,16.42698355941914
388682,1,7,4,0.3700090657260609
388705,1,7,10,25.671203298387667
388713,1,7,4,0.3700090657260609
388734,1,7,6,21.93265756239756
388736,1,7,5,0.3700090141005197
388743,1,7,3,2.6872565459915556
388764,0,7,0,0.04182390367737263
388766,1,7,8,19.991040221282866
388782,1,7,1,10.816213064616464
388788,1,7,7,4.73399814895742
388797,1,7,2,13.067371936912892
388809,1,7,6,16.279553341602828
388811,1,7,9,10.75411843288948
388814,1,7,9,24.97980965362839
388815,1,7,6,18.909477321201354
388821,1,7,4,0.3700090657260609
388825,1,7,1,24.57893170444613
388844,0,7,0,0.03603967348267525
388850,1,7,5,0.3700090141005197
388862,1,7,8,17.529142369620338
388867,1,7,9,24.51399814253483
388894,1,7,9,31.3887252015526
388902,1,7,6,21.68342361109598
388915,1,7,5,0.3700090141005197
388930,0,7,0,0.03839587403139719
388946,1,7,6,8.428341716511623
388952,1,7,10,25.374861303457443
388957,0,7,0,0.033870562059233694
388960,1,7,6,17.885992827481026
388961,1,7,9,22.142887913824783
388963,1,7,5,0.3700090141005197
388967,1,7,10,11.274662411796136
388972,1,7,6,7.60064429986143
388979,1,7,10,26.007342721776446
388992,1,7,5,0.3700090141005197
388993,1,7,9,27.01205345781417
389007,1,7,9,30.888261152587063
389014,1,7,6,5.532842546366225
389023,1,7,8,24.485067350389034
389064,1,7,9,32.869472151075016
389075,1,7,8,29.438862069854295
389080,0,7,0,0.027730399604209765
389081,1,7,7,4.809024351210332
389098,0,7,0,0.039565778864668014
389108,1,7,7,3.8838128617183068
389124,1,7,9,32.95995598154703
389148,1,7,7,5.564853631389674
389161,1,7,4,0.3700090657260609
389169,1,7,7,3.9797285412196444
389176,1,7,10,25.89792726825745
389193,1,7,7,6.448793268210884
389219,1,7,7,5.5959472526095855
389220,1,7,3,3.222994755344799
389231,1,7,9,30.781706216501675
389237,1,7,4,0.3700090657260609
389244,0,7,0,0.026111775070744858
389260,1,7,10,20.136818699403708
389263,1,7,5,0.3700090141005197
389273,1,7,6,5.435809398101253
389287,1,7,4,0.3700090657260609
389296,1,7,8,27.179485098621022
389297,1,7,4,0.3700090657260609
389318,1,7,3,2.299699885647061
389330,1,7,1,19.62288192112958
389331,1,7,10,6.003067042366528
389343,1,7,6,11.766385646713546
389346,1,7,4,0.3700090657260609
389350,1,7,2,1.9786017450428006
389362,1,7,1,18.15203657460761
389365,1,7,6,9.62622858476308
389366,1,7,5,0.3700090141005197
389367,1,7,5,0.37000902039789374
389372,1,7,9,23.609543663930694
389378,1,7,1,14.831864886096266
389395,1,7,8,28.577261287783525
389396,0,7,0,0.03936079982731432
389409,1,7,7,6.374825257645132
389415,1,7,9,11.358222904546096
389429,1,7,9,28.793151753375458
389431,1,7,6,30.352673407345897
389436,1,7,6,12.714464919242241
389470,1,7,9,32.698132509053764
389471,1,7,2,5.357087047955682
389489,1,7,9,23.841932898561492
389497,1,7,7,0.9633066480694935
389508,1,7,8,19.717162634407043
389520,1,7,5,0.3700090141005197
389522,1,7,6,30.11882606834478
389547,1,7,5,0.3700090141005197
389550,1,7,5,0.3700090141005197
389551,1,7,7,1.7263859135733843
389555,1,7,4,0.3700090657260609
389566,1,7,2,7.990397389340179
389572,1,7,6,29.188188889507142
389573,1,7,6,22.169410669054926
389584,1,7,7,2.720732625186483
389592,1,7,10,11.475783802131941
389595,1,7,3,1.7459034581387007
389602,1,7,7,6.52324418708533
389615,0,7,0,0.0360338020018015
389616,1,7,4,0.3700090657260609
389617,1,7,6,26.670743193064112
389622,1,7,2,16.408043041973816
389628,1,7,4,0.3700090656202526
389635,1,7,8,29.8532914195988
389638,1,7,8,19.56695505285655
389640,0,7,0,0.045460333468538075
389654,1,7,2,16.116556800975005
389664,1,7,5,0.3700090141005197
389671,1,7,8,21.221723067335002
389682,1,7,5,0.3700090141005197
389711,1,7,6,5.820688592875874
389733,1,7,10,25.9901638534517
389737,1,7,9,25.020195844396067
389753,1,7,4,0.3700090657260609
389780,1,7,5,0.3700090141005197
389784,1,7,8,12.977047465127297
389799,0,7,0,0.08070814066970633
389800,1,7,4,0.3700090657260609
389819,1,7,8,3.531186525411869
389829,0,7,0,0.04389164719837316
389835,1,7,1,14.768648645119507
389841,1,7,6,13.180843084477587
389852,1,7,3,1.8864727469734113
389860,1,7,9,30.729269632758225
389889,1,7,6,17.350444991720746
389892,1,7,9,11.098196880842986
389902,1,7,6,26.99254595428555
389915,1,7,9,29.82941384716944
389918,1,7,10,25.852863323904142
389955,1,7,5,0.3700090141005197
389958,1,7,4,0.3700090657260609
389960,1,7,9,3.1918500868463537
389964,1,7,3,3.1219277771970124
389973,1,7,1,14.74552282255353
389998,1,7,10,24.054154034155783
390000,1,7,5,0.37000902039789374
390006,1,7,7,0.5490762589549094
390010,1,7,6,18.293536434626027
390017,1,7,6,30.04193673437986
390024,1,7,8,33.153652240513765
390028,1,7,1,6.664524899203703
390036,1,7,6,29.993445864402386
390041,1,7,1,24.328259211639207
390044,1,7,9,19.921160929365648
390054,1,7,8,30.432187511267486
390067,1,7,10,21.41782570897636
390070,1,7,10,16.723983010738145
390071,1,7,1,13.445529658689045
390099,1,7,5,0.3700090141005197
390122,1,7,9,19.047867806216896
390123,1,7,9,26.441150295062727
390142,1,7,6,27.792866475446473
390144,1,7,1,23.871529305537944
390152,0,7,0,0.03248245420919134
390158,1,7,10,23.27350106255961
390171,1,7,7,6.214586386339811
390172,1,7,4,0.3700090657260609
390173,1,7,4,0.3700090657260609
390181,1,7,4,0.3700090657260609
390208,1,7,4,0.3700090657260609
390222,1,7,7,3.269663586220138
390229,1,7,10,24.8117365211721
390234,1,7,5,0.3700090141005197
390241,1,7,9,31.087946954338378
390243,1,7,7,4.077451843603142
390263,1,7,5,0.3700090141005197
390281,1,7,5,0.37000902039789374
390326,1,7,8,24.262633213393187
390345,1,7,8,27.013887223782064
390355,1,7,6,29.325569136048163
390360,1,7,4,0.3700090657260609
390368,1,7,8,26.144136427170253
390383,1,7,3,3.1245622861698585
390391,1,7,4,0.3700090657260609
390392,1,7,6,21.987470859484855
390418,1,7,9,7.2926937195417985
390430,1,7,8,29.717699339010583
390434,1,7,6,21.072101090593662
390439,1,7,6,8.1021911044808
390447,1,7,9,12.79841813545114
390460,1,7,5,0.3700090141005197
390494,0,7,0,0.10018735648749766
390499,1,7,1,24.762801586438002
390501,1,7,6,23.444245158551592
390507,1,7,6,30.00234196252582
390517,1,7,4,0.3700090657260609
390518,1,7,9,21.87107841561359
390531,1,7,5,0.3700090141005197
390553,1,7,4,0.3700090657260609
390577,1,7,9,29.435619810853996
390594,1,7,1,24.190895662212895
390623,1,7,1,18.42615136886057
390627,1,7,9,27.01359725155939
390632,1,7,8,30.002422720743798
390673,1,7,8,15.891919466745854
390691,1,7,10,24.185783453553597
390695,1,7,5,0.3700090141005197
390697,1,7,5,0.3700090141005197
390699,1,7,7,6.266581793630663
390702,1,7,7,3.3705324715261242
390722,1,7,6,28.986721702470895
390730,1,7,1,13.546054545963353
390732,1,7,4,0.3700090657260609
390739,1,7,7,3.249754262910894
390740,1,7,2,8.353492392228558
390742,1,7,6,30.03403213613655
390746,1,7,6,8.869913807001414
390763,1,7,3,3.1783096418405123
390765,1,7,5,0.3700090141005197
390779,1,7,9,2.9990590819892744
390794,1,7,5,0.3700090141005197
390826,1,7,5,0.3700090141005197
390836,1,7,3,1.6716792297052614
390842,1,7,8,28.59373473811477
390844,1,7,6,19.44551000906201
390874,1,7,8,28.336569598466088
390899,1,7,1,3.9411299472479
390900,1,7,9,28.257360635769516
390903,1,7,4,0.3700090657260609
390904,1,7,6,29.297625130994074
390906,1,7,9,29.054035833577604
390909,1,7,6,27.076362002412694
390917,1,7,1,26.526797310671938
390941,1,7,4,0.3700090657260609
390970,1,7,7,5.65757853494581
390976,1,7,9,32.21113012863693
390985,1,7,6,22.921870773265777
390986,1,7,5,0.3700090141005197
391004,1,7,10,9.907512057222975
391013,1,7,4,0.3700090657260609
391034,1,7,7,0.42384393179045815
391036,0,7,0,0.04375180078336063
391037,0,7,0,0.03673871859364305
391043,1,7,9,33.089256546967654
391046,1,7,9,23.520666406577085
391062,0,7,0,0.02878423118064552
391068,1,7,10,9.097206488601065
391072,1,7,8,26.224588012887633
391073,1,7,9,11.942386841397576
391074,1,7,5,0.3700090141005197
391081,1,7,9,33.79185043728449
391102,1,7,10,8.182841337456084
391104,1,7,8,32.418456717826984
391119,1,7,8,15.996695042299107
391120,1,7,9,30.345778651222066
391133,1,7,1,18.81904358701068
391183,1,7,9,14.67559435775248
391192,1,7,9,24.723072702368828
391194,1,7,6,22.184105171390442
391196,1,7,9,16.04108066233841
391204,1,7,2,12.66227515212488
391213,1,7,5,0.3700090141005197
391214,1,7,6,5.760486859642359
391239,1,7,9,30.327104776811016
391242,1,7,10,4.433734672292339
391251,1,7,5,0.3700090141005197
391272,1,7,4,0.3700090657260609
391273,1,7,4,0.3700090657260609
391281,1,7,4,0.3700090657260609
391291,1,7,1,23.265683836933928
391297,1,7,8,32.0164776046615
391299,1,7,10,17.174993899211717
391300,1,7,9,26.021418663335076
391303,1,7,8,14.425653454568213
391308,1,7,9,30.237475431608644
391311,1,7,7,4.847814976794322
391312,1,7,1,19.044943789054933
391335,1,7,7,6.3885016876105585
391336,1,7,8,31.324970864557507
391337,1,7,5,0.3700090141005197
391341,1,7,9,21.35619302981207
391355,1,7,9,33.496202286770185
391363,1,7,1,11.182455636897409
391372,1,7,5,0.3700090141005197
391374,0,7,0,0.04695367846174053
391378,1,7,2,4.478835785304849
391383,1,7,8,8.46700095670379
391387,1,7,9,30.169459117643488
391390,1,7,8,29.935366533515086
391393,1,7,8,24.694809113988903
391398,1,7,5,0.3700090141005197
391403,1,7,8,31.973969417117797
391405,1,7,8,26.204322737378114
391410,1,7,1,18.176362633590152
391411,0,7,0,0.053097433239849855
391418,1,7,7,6.064657871227531
391420,1,7,5,0.3700090141005197
391421,1,7,8,24.41395510564753
391423,1,7,9,20.823597875397603
391436,1,7,9,29.057002896813017
391440,1,7,8,10.439420034403662
391441,1,7,6,30.199798721038206
391443,0,7,0,0.03924579519713064
391453,1,7,7,6.466009378431695
391472,1,7,8,21.866043117536783
391474,1,7,4,0.3700090656202526
391487,1,7,8,12.448023364498328
391496,1,7,1,19.308902666191777
391510,1,7,6,16.60989800497193
391512,1,7,9,5.289600761288007
391545,1,7,9,18.842899054051003
391550,1,7,5,0.3700090141005197
391552,1,7,4,0.3700090657260609
391564,1,7,5,0.3700090141005197
391629,1,7,8,29.077758702961436
391635,1,7,7,2.3331923105503476
391652,1,7,7,4.121631413346345
391653,1,7,6,23.344538698986906
391686,1,7,10,18.44954714721255
391689,1,7,1,16.991093910725763
391694,0,7,0,0.042567486162278706
391714,1,7,7,4.16635060502674
391722,1,7,6,21.995764276455482
391728,1,7,7,4.549931137234127
391755,1,7,3,3.2087649521864283
391757,1,7,8,36.00331564051425
391766,1,7,4,0.3700090657260609
391775,1,7,4,0.3700090657260609
391776,1,7,9,6.70013045926503
391786,1,7,9,24.1766514276737
391806,1,7,4,0.3700090657260609
391810,1,7,8,4.095761425795826
391811,0,7,0,0.03872358016176953
391815,1,7,8,19.344093745485527
391816,1,7,9,18.689152213057174
391830,1,7,10,17.360599916642553
391847,1,7,6,12.498075681599772
391848,1,7,9,13.334093597664856
391851,1,7,1,16.83830714976602
391854,1,7,9,32.042934828401705
391855,1,7,9,19.483529279427223
391862,1,7,5,0.3700090141005197
391871,1,7,5,0.3700090141005197
391874,0,7,0,0.0367285869576054
391893,1,7,9,13.891311375995242
391896,1,7,5,0.3700090141005197
391920,1,7,6,22.540660884405767
391924,1,7,4,0.3700090657260609
391937,1,7,6,30.432726367303744
391939,1,7,2,10.700163976065134
391989,1,7,6,22.643940262793006
391990,1,7,9,20.472941112682168
391992,1,7,8,33.48226314893987
392009,1,7,8,32.0203453411417
392013,1,7,4,0.3700090657260609
392015,1,7,4,0.3700090657260609
392017,1,7,8,7.976455910685827
392033,1,7,6,6.527958867364899
392036,1,7,7,5.469713550238116
392054,1,7,4,0.3700090657260609
392062,1,7,5,0.3700090141005197
392066,1,7,6,9.288768499564409
392085,1,7,5,0.3700090141005197
392095,1,7,8,23.93734929982581
392096,1,7,4,0.3700090657260609
392101,1,7,7,3.912672498444163
392105,1,7,10,9.670691145138402
392121,1,7,1,14.088019231013769
392128,0,7,0,0.03204955523888345
392137,1,7,7,0.3907114669720795
392138,1,7,10,6.681476453781055
392148,1,7,3,3.147783393914983
392150,1,7,9,28.25558469499179
392154,1,7,8,5.899982600056419
392158,1,7,9,21.16706723505316
392165,1,7,8,5.190098673504966
392173,1,7,4,0.3700090657260609
392186,1,7,10,26.066224128950438
392206,1,7,1,15.641259031239052
392225,0,7,0,0.14046259726415705
392226,1,7,2,2.497722836026084
392227,1,7,4,0.3700090657260609
392228,1,7,3,3.2431543764657116
392243,1,7,8,26.825465448493503
392247,1,7,10,24.259837378522317
392254,1,7,6,22.425271545209647
392264,1,7,3,3.053731732237216
392270,1,7,4,0.3700090657260609
392280,1,7,6,26.075403549149588
392295,1,7,9,17.948166727848136
392296,1,7,7,5.6032479327347495
392305,1,7,10,7.674229030087069
392310,1,7,9,20.484706565422936
392316,1,7,1,26.516563818330635
392321,1,7,9,33.65283414063064
392323,1,7,10,9.70390657276695
392329,1,7,5,0.3700090141005197
392332,0,7,0,0.033777420929567904
392342,0,7,0,0.06779384728721685
392352,1,7,8,29.64094069957383
392354,1,7,7,0.8232085394565393
392379,1,7,8,18.093389265590805
392407,1,7,9,19.690988527690944
392419,1,7,6,14.664375456655279
392424,1,7,1,6.121751251868815
392431,1,7,9,28.010166400248256
392461,1,7,6,24.817825599156887
392463,1,7,10,19.536181781021394
392474,1,7,1,18.72409910682625
392481,0,7,0,0.04291911394102952
392483,1,7,8,19.883316104454163
392489,1,7,8,29.466663392183428
392491,1,7,3,3.1299041634905533
392500,1,7,8,22.984292987499618
392508,0,7,0,0.03900901749160091
392518,1,7,5,0.3700090141005197
392523,1,7,5,0.3700090141005197
392539,0,7,0,0.033698672954601556
392553,1,7,5,0.3700090141005197
392554,1,7,1,18.129660452835413
392580,1,7,8,12.66501402209185
392586,1,7,8,20.046169378321874
392587,1,7,10,24.390498538311846
392618,1,7,8,18.489834313605588
392647,1,7,5,0.3700090141005197
392649,0,7,0,0.04466932211298531
392651,1,7,5,0.3700090141005197
392653,0,7,0,0.03285517028544758
392662,1,7,8,25.341837107264183
392688,1,7,7,2.8289637122862277
392695,1,7,9,30.10288467257042
392697,1,7,7,1.30512017857843
392713,1,7,6,29.19969181453709
392723,1,7,6,30.41875581357989
392733,1,7,5,0.3700090141005197
392748,1,7,4,0.3700090657260609
392761,1,7,4,0.3700090657260609
392769,1,7,9,23.544814700450228
392771,1,7,5,0.3700090141005197
392785,1,7,6,16.90293077294829
392791,1,7,4,0.3700090657260609
392807,1,7,8,36.056897436339355
392813,1,7,4,0.3700090657260609
392823,1,7,8,2.9820160977129526
392826,1,7,4,0.3700090657260609
392827,1,7,9,23.764528990334288
392833,0,7,0,0.03926046010255283
392841,1,7,4,0.3700090657260609
392862,1,7,4,0.3700090657260609
392863,1,7,9,4.991564224606333
392870,1,7,1,24.001946675331702
392871,1,7,8,2.5311995428120637
392878,1,7,5,0.3700090141005197
392881,1,7,1,16.862066299614053
392882,1,7,6,26.07713624507812
392890,1,7,4,0.3700090657260609
392891,1,7,6,11.962904081616005
392893,1,7,8,27.831286497354444
392940,1,7,8,24.43335355930878
392942,0,7,0,0.033726309512786566
392954,1,7,4,0.3700090657260609
392958,1,7,8,20.244320175987195
392963,1,7,5,0.3700090141005197
392968,1,7,1,9.152381317705517
392971,1,7,8,20.136624308641466
392972,1,7,9,33.02988242140159
393008,1,7,4,0.3700090657260609
393011,1,7,6,19.46120242163687
393015,1,7,5,0.3700090141005197
393027,1,7,6,26.952436583532062
393049,1,7,10,8.952056267262925
393060,1,7,9,12.777142091918655
393066,1,7,5,0.3700090141005197
393078,1,7,10,19.871228671718075
393081,1,7,6,26.685124277234202
393091,1,7,10,23.280089092786344
393118,1,7,3,3.1034381849002513
393122,1,7,9,14.16158842137225
393129,1,7,6,28.325976484847985
393131,1,7,6,16.7705925422375
393150,1,7,8,4.861789436829149
393179,1,7,9,33.65698018598818
393187,1,7,9,2.972319270518871
393188,1,7,4,0.3700090657260609
393195,1,7,4,0.3700090657260609
393196,1,7,10,6.273031503394238
393202,1,7,8,34.41835559739405
393209,1,7,10,12.257661841805257
393214,1,7,6,20.358549673113995
393238,0,7,0,0.044592851128460814
393268,1,7,6,12.04753373306186
393273,1,7,8,30.258562686187478
393288,1,7,5,0.3700090141005197
393292,1,7,4,0.3700090657260609
393298,1,7,1,5.822575263813126
393300,1,7,8,17.442975230275458
393311,1,7,9,11.173225332102088
393321,1,7,9,19.70016735179123
393322,1,7,1,26.874812801893256
393331,1,7,8,33.36612535100375
393348,1,7,10,17.354198035623217
393361,1,7,9,21.897062316855923
393364,1,7,9,33.401296062217355
393365,1,7,9,13.222246316565645
393373,1,7,6,10.959582107192213
393377,1,7,4,0.3700090657260609
393385,1,7,5,0.3700090141005197
393389,1,7,6,9.762979053228118
393410,1,7,6,8.267219751664216
393412,1,7,10,4.753191053067977
393413,1,7,5,0.3700090141005197
393415,1,7,3,2.93800077961998
393456,1,7,8,25.065191359201137
393462,1,7,3,2.41597484962299
393478,1,7,2,12.423512013324132
393496,1,7,9,31.207660626476567
393502,1,7,9,21.032676252620185
393506,1,7,10,5.214758301388389
393513,1,7,6,21.645839859944434
393519,1,7,1,8.531190956578442
393520,1,7,8,30.436029941406485
393526,1,7,5,0.3700090141005197
393533,1,7,4,0.3700090657260609
393537,1,7,4,0.3700090657260609
393539,1,7,6,8.306286518831511
393545,1,7,8,23.835612345302096
393550,1,7,9,27.590717014142765
393558,1,7,6,21.654711200745925
393563,1,7,9,25.263650568910425
393566,1,7,7,1.3254043630544081
393569,0,7,0,0.03658682642958635
393574,1,7,6,26.241709046748404
393582,1,7,9,30.672550933868227
393599,1,7,9,21.73275906234749
393601,1,7,9,7.3099762125980785
393615,1,7,4,0.3700090657260609
393631,0,7,0,0.03517134349491245
393636,1,7,9,22.162905552443718
393658,1,7,4,0.3700090657260609
393665,1,7,4,0.3700090657260609
393670,1,7,10,13.684576785612407
393686,1,7,9,22.272260474872876
393705,1,7,5,0.3700090141005197
393711,1,7,9,30.6827933431191
393717,1,7,9,23.581199896816365
393721,0,7,0,0.024342121483730664
393739,1,7,9,26.645146167726182
393748,1,7,6,25.33382418535474
393753,1,7,5,0.3700090141005197
393772,1,7,1,24.480288546849422
393784,1,7,4,0.3700090657260609
393796,1,7,9,32.577140392400025
393804,1,7,10,23.638899815296963
393807,1,7,5,0.3700090141005197
393812,1,7,3,0.7502870504913929
393813,1,7,8,35.537796158071515
393845,1,7,9,12.066064113099431
393884,1,7,3,1.4353160667225864
393911,1,7,10,13.196139605145243
393922,1,7,8,16.270374754119512
393930,1,7,9,18.441158439889065
393935,1,7,5,0.37000902039789374
393941,1,7,10,4.426056976585492
393964,1,7,4,0.3700090657260609
393965,1,7,8,25.37290236326919
393971,1,7,7,5.321553806381227
393977,1,7,9,3.7940041490163354
393982,1,7,9,31.088420591047168
393997,1,7,4,0.3700090657260609
394001,1,7,8,31.43806229149993
394009,1,7,4,0.3700090657260609
394049,1,7,7,1.3085661186369735
394053,1,7,6,20.718043158256673
394061,1,7,9,11.148630049286048
394063,1,7,6,9.348958518882919
394074,0,7,0,0.040200058690745714
394075,1,7,8,34.0827812141528
394101,1,7,8,24.1237037941624
394115,1,7,9,21.834646662519553
394117,1,7,6,18.618267271802736
394123,1,7,3,3.09307346741234
394131,1,7,2,0.8014193615089887
394150,1,7,4,0.3700090657260609
394159,1,7,10,6.573006142599209
394165,1,7,7,5.302046523544632
394169,1,7,5,0.3700090141005197
394182,1,7,6,11.629951554934975
394235,1,7,4,0.3700090657260609
394241,1,7,4,0.3700090657260609
394269,1,7,1,17.78761622542303
394301,1,7,8,29.037749287783434
394315,1,7,10,3.39557241137065
394333,1,7,5,0.37000902039789374
394339,1,7,5,0.37000902039789374
394344,1,7,4,0.3700090657260609
394350,1,7,8,15.085139275243437
394369,1,7,4,0.3700090657260609
394385,1,7,6,29.98768023235413
394387,1,7,10,4.606317823698455
394394,1,7,5,0.3700090141005197
394400,1,7,8,7.863702541707456
394407,1,7,8,24.03678351093819
394412,1,7,3,2.2559347429949064
394414,0,7,0,0.03923844525348404
394432,1,7,6,13.321696289442853
394442,1,7,1,9.74387619811663
394454,1,7,6,18.69147759078077
394455,1,7,4,0.3700090657260609
394457,0,7,0,0.0373823805034636
394459,1,7,10,23.138138053496863
394489,1,7,8,3.3045212982200582
394535,1,7,7,3.734163334762591
394553,1,7,9,7.745557440437892
394575,1,7,5,0.3700090141005197
394577,1,7,4,0.3700090657260609
394596,1,7,5,0.3700090141005197
394633,1,7,9,20.600395763883167
394649,1,7,10,22.35439633751905
394652,1,7,10,25.416700944623354
394667,1,7,6,7.567947982068254
394674,1,7,6,11.13826027980326
394684,1,7,2,14.539772650516989
394699,1,7,1,10.387672490998229
394700,1,7,8,32.080046173910794
394703,1,7,6,10.241926485455458
394717,0,7,0,0.04678093906549243
394719,1,7,1,17.118190193897437
394729,1,7,6,26.91023932539149
394750,1,7,6,17.452380518167534
394758,1,7,1,14.44286185203899
394778,1,7,5,0.3700090141005197
394781,1,7,10,26.03174826634676
394810,1,7,9,13.53602329039171
394818,1,7,5,0.3700090141005197
394824,1,7,4,0.3700090657260609
394834,1,7,5,0.3700090141005197
394864,1,7,5,0.3700090141005197
394869,1,7,6,21.859665396699487
394873,1,7,6,8.074781164189998
394874,1,7,7,0.6187347035159846
394888,1,7,8,15.99992489015787
394900,1,7,2,15.149548919889172
394901,1,7,10,18.052834879361516
394903,1,7,9,22.404295071310273
394924,1,7,7,4.21807346895431
394939,1,7,4,0.3700090657260609
394943,1,7,6,15.23081380158856
394947,1,7,5,0.3700090141005197
394952,1,7,5,0.3700090141005197
394964,1,7,8,15.787916867317264
394986,1,7,4,0.3700090657260609
395011,1,7,6,22.741611465725786
395020,1,7,10,19.482211218632496
395026,1,7,6,28.273348725640968
395027,1,7,5,0.3700090141005197
395029,1,7,5,0.3700090141005197
395035,1,7,9,33.66697926000184
395043,1,7,1,20.606275140540593
395064,1,7,5,0.3700090141005197
395089,1,7,8,31.52107737264084
395110,1,7,10,9.359950159671609
395114,1,7,8,28.64709479023358
395128,1,7,7,1.0090253078349574
395146,1,7,9,13.480841699076732
395148,1,7,9,32.53587743535344
395150,1,7,9,13.408355194518805
395194,1,7,9,14.876829200252972
395199,1,7,8,19.797434318145754
395200,1,7,6,27.786002872012762
395203,1,7,10,8.35754643986876
395205,1,7,8,23.36788509550433
395213,1,7,9,26.4193158103142
395215,1,7,4,0.3700090657260609
395230,1,7,5,0.3700090141005197
395267,1,7,6,19.392639500416553
395272,1,7,5,0.3700090141005197
395274,1,7,9,32.79301314392167
395299,1,7,1,22.03355558323281
395310,0,7,0,0.050388931338755466
395312,1,7,9,33.42852652951683
395315,1,7,9,8.803101294171714
395318,1,7,9,9.709321205827498
395326,1,7,9,33.154995900215866
395327,1,7,4,0.3700090657260609
395346,1,7,9,25.206922638227866
395350,1,7,6,15.866484513944942
395365,1,7,8,14.725475624961561
395372,1,7,9,20.029945182426452
395380,1,7,9,24.141956211849738
395394,1,7,10,10.666716702252135
395405,1,7,9,30.476494122818867
395411,1,7,5,0.3700090141005197
395427,1,7,4,0.3700090657260609
395430,1,7,5,0.3700090141005197
395440,1,7,2,6.563289560041367
395442,1,7,4,0.3700090657260609
395445,1,7,2,12.401730671580179
395451,1,7,10,10.936197564355558
395463,1,7,6,19.720788552255357
395468,1,7,9,21.76945152026769
395469,1,7,9,16.11050204110454
395471,1,7,3,3.2510167881711043
395479,1,7,9,18.25858846835551
395499,1,7,8,17.68791141951659
395502,1,7,7,6.161947933206667
395527,1,7,1,8.968747256969156
395538,1,7,9,24.70995634329401
395548,1,7,6,8.838337030512914
395574,1,7,8,26.194978634292116
395583,1,7,5,0.3700090141005197
395588,1,7,4,0.3700090657260609
395595,1,7,6,20.25803465173547
395614,1,7,4,0.3700090657260609
395618,1,7,9,24.08476801163244
395620,1,7,5,0.3700090141005197
395629,1,7,5,0.3700090141005197
395630,1,7,5,0.3700090141005197
395648,1,7,5,0.3700090141005197
395662,1,7,5,0.3700090141005197
395664,1,7,5,0.3700090141005197
395670,1,7,8,36.09475001386151
395685,1,7,4,0.3700090656202526
395699,1,7,8,36.019498387440436
395759,1,7,9,33.37750920827419
395767,1,7,5,0.3700090141005197
395778,1,7,5,0.3700090141005197
395781,1,7,5,0.3700090141005197
395792,1,7,8,33.394007633905325
395800,1,7,8,10.705501160542415
395814,1,7,8,10.485761132178135
395816,1,7,2,8.456188589918995
395818,0,7,0,0.04637614585386348
395820,1,7,8,13.391814896595967
395823,1,7,9,14.71754964039501
395832,1,7,10,19.805567199375215
395835,1,7,10,24.56847674236848
395854,1,7,10,18.481427894607208
395864,1,7,1,16.471447686505705
395866,1,7,6,11.883509224863998
395872,1,7,8,18.861433750449798
395896,1,7,5,0.3700090141005197
395915,1,7,9,23.75052770365882
395919,1,7,6,26.959269458617165
395930,1,7,4,0.3700090657260609
395935,1,7,4,0.3700090657260609
395940,1,7,6,23.912815929921077
395941,1,7,7,5.63493650930482
395973,1,7,5,0.3700090141005197
395975,1,7,2,7.211143402888621
395979,1,7,10,5.494029875940335
395982,1,7,10,15.974575656822992
395996,1,7,6,11.763447011589554
396007,1,7,9,33.433302849601624
396019,1,7,6,27.8957077957015
396032,1,7,5,0.3700090141005197
396044,1,7,10,12.900853235579675
396071,1,7,8,26.305390524594912
396090,1,7,9,5.088772007219491
396097,1,7,9,19.94112937764789
396100,1,7,10,25.618341668278344
396110,1,7,10,23.274740370388983
396120,1,7,1,14.475125847534807
396124,1,7,5,0.3700090141005197
396133,1,7,1,25.157647967388492
396142,1,7,6,12.392555827749911
396144,1,7,9,23.665227798575636
396150,1,7,6,18.877956559609487
396169,1,7,8,16.412561408074538
396170,1,7,4,0.3700090657260609
396193,1,7,9,15.96350404303967
396225,1,7,5,0.3700090141005197
396230,1,7,7,6.357896989311498
396252,1,7,6,8.053814311633502
396271,1,7,5,0.3700090141005197
396273,1,7,4,0.3700090657260609
396274,1,7,10,25.999884263497442
396275,1,7,4,0.3700090657260609
396277,1,7,6,29.796720658993998
396283,0,7,0,0.04702498534061908
396292,1,7,5,0.3700090141005197
396298,1,7,2,4.607401350346533
396300,1,7,6,22.02641530827434
396302,1,7,8,14.80837189189223
396306,1,7,9,16.78132628787704
396312,1,7,9,29.201369830052943
396313,1,7,9,21.50709921074098
396347,1,7,6,15.39807355460905
396363,0,7,0,0.03560721071480772
396387,1,7,7,1.8484298966473791
396393,1,7,10,15.749377217055475
396397,1,7,10,14.492625311250384
396418,1,7,9,30.680227292213303
396422,1,7,8,34.733835521006576
396448,1,7,8,25.244950575401234
396450,1,7,9,31.55849748711155
396454,0,7,0,0.14347610686884427
396465,1,7,3,3.065144006916068
396484,1,7,1,8.99246833586146
396524,0,7,0,0.04265602994626014
396537,1,7,6,23.82366240210365
396541,1,7,6,10.514322150263377
396550,1,7,9,23.667523832116093
396555,1,7,5,0.3700090141005197
396560,1,7,8,26.532416407716134
396562,1,7,9,7.449851591744673
396577,1,7,8,34.83680517199297
396592,1,7,9,30.673588643133122
396593,1,7,6,24.232410208653285
396594,1,7,6,17.072679799659817
396604,1,7,8,8.058496628888822
396619,1,7,8,35.33649480507382
396623,1,7,6,27.664566957669802
396633,1,7,5,0.3700090141005197
396643,1,7,5,0.3700090141005197
396661,1,7,6,16.211746121336798
396665,1,7,5,0.3700090141005197
396692,1,7,9,23.68658587176599
396724,1,7,6,22.10667566989795
396758,1,7,5,0.3700090141005197
396771,1,7,9,31.35761428083613
396787,1,7,8,31.673954174042017
396788,1,7,9,18.99896750355371
396799,1,7,6,10.788335242898436
396802,1,7,10,11.054986073923958
396812,1,7,4,0.3700090657260609
396823,1,7,3,3.0886999658704073
396829,1,7,7,3.8496323502902414
396835,1,7,10,9.84681184537795
396839,1,7,7,3.3826026806409133
396855,1,7,9,21.310309256274177
396873,1,7,10,19.926398079690376
396876,1,7,8,18.878818012743704
396914,1,7,9,18.860352337601633
396935,1,7,9,24.747633635946105
396942,1,7,10,4.045146333850788
396953,1,7,1,20.173272176102778
396956,1,7,5,0.3700090141005197
396959,0,7,0,0.03296383107264812
396965,1,7,9,13.710225201064107
396968,1,7,7,3.8450966156277353
396970,1,7,7,5.955622431098435
396977,1,7,2,9.794015464019761
396986,1,7,8,24.179371432236223
396988,1,7,6,29.01199684138325
397004,1,7,5,0.3700090141005197
397009,1,7,9,29.12308799611515
397013,1,7,10,10.064310607406599
397020,1,7,9,9.060271756870742
397025,1,7,10,26.047362969147766
397026,1,7,6,20.34206927537277
397029,1,7,7,5.8514793602824895
397049,1,7,7,5.468755564436985
397085,1,7,8,20.057482985996607
397094,1,7,8,10.111544049755304
397098,1,7,1,25.35966450648245
397124,0,7,0,0.03987025808300063
397130,0,7,0,0.045086476730811564
397137,0,7,0,0.04393415605712262
397146,1,7,10,7.990217223003224
397147,1,7,10,21.0468671375419
397154,1,7,9,30.144563013472617
397162,1,7,9,19.929311014465757
397190,1,7,10,25.44064995483195
397212,1,7,4,0.3700090657260609
397213,1,7,5,0.3700090141005197
397228,1,7,4,0.3700090657260609
397241,1,7,7,1.8042830466612234
397244,1,7,10,10.317043587901008
397245,1,7,1,16.803609318525346
397250,0,7,0,0.06798982053146756
397256,1,7,3,3.160494267010284
397260,1,7,6,18.515357644162176
397262,1,7,9,33.00484607562665
397267,1,7,6,21.468875142776987
397277,1,7,5,0.3700090141005197
397280,1,7,8,23.007302591265265
397308,1,7,4,0.3700090657260609
397315,1,7,3,1.8459699624045007
397322,1,7,8,15.860464702105634
397333,1,7,2,1.7336755182117762
397337,1,7,1,26.108455436258442
397358,1,7,9,29.53024212723469
397363,1,7,9,29.870323944617308
397372,1,7,3,3.131605099879749
397403,1,7,6,15.48434078517962
397412,1,7,1,7.819027396742496
397425,1,7,9,29.39581477849961
397427,1,7,10,24.75229390649441
397428,1,7,7,6.204179560967109
397431,1,7,6,21.29743565426117
397471,1,7,7,5.226681709126717
397495,1,7,6,15.38898891906735
397513,1,7,9,14.42633667912779
397518,1,7,8,22.29139914450114
397525,1,7,5,0.3700090141005197
397529,1,7,5,0.3700090141005197
397531,1,7,9,15.99047705326985
397535,1,7,10,9.438890225798279
397542,1,7,10,23.425025284276877
397545,1,7,4,0.3700090657260609
397549,1,7,8,19.608055500017908
397553,1,7,4,0.3700090657260609
397555,1,7,1,27.181171269593715
397556,1,7,7,3.32425884797384
397557,1,7,7,1.6082814120521074
397582,1,7,7,4.222650557674207
397591,1,7,8,32.08032481491973
397592,1,7,9,26.575840811994333
397597,1,7,3,3.154745941943206
397602,1,7,8,34.15619567699219
397603,1,7,7,0.34092782149150064
397633,1,7,6,15.708214446214797
397640,1,7,10,6.998826346825751
397644,1,7,6,17.476310187862673
397655,1,7,6,5.480529343847001
397701,1,7,9,7.125213646421868
397707,1,7,6,24.060700622785234
397723,1,7,1,11.191624750971041
397742,1,7,5,0.3700090141005197
397743,1,7,9,20.841471842358626
397749,1,7,10,16.72951378891798
397766,1,7,7,4.9953306701831055
397807,1,7,6,27.409898910255684
397816,1,7,9,23.76198172001999
397832,1,7,4,0.3700090657260609
397857,1,7,6,16.49499805911597
397858,1,7,10,25.949463247684324
397859,1,7,6,25.0745249914916
397875,1,7,10,10.738058026541877
397877,1,7,7,3.1384893842103776
397884,1,7,6,8.425280352462313
397902,1,7,2,3.378609840818099
397919,1,7,10,16.97165481819664
397921,1,7,1,25.33129715461478
397939,1,7,2,14.46602231822782
397945,1,7,9,17.746728391176937
397988,1,7,1,16.78202548589758
397990,1,7,9,26.286456487539017
397997,1,7,5,0.3700090141005197
398018,1,7,8,35.392958925455595
398019,0,7,0,0.030211993879383166
398049,1,7,2,14.86372704248426
398052,1,7,5,0.3700090141005197
398078,1,7,8,13.61121170360738
398083,1,7,8,26.314235787117223
398093,1,7,8,24.49616454412744
398097,1,7,4,0.3700090657260609
398099,1,7,9,33.608978167691866
398107,1,7,2,12.608530891950206
398125,1,7,9,14.564947959494116
398139,1,7,9,23.76040339344449
398140,1,7,4,0.3700090657260609
398163,1,7,9,15.245436361399399
398171,1,7,8,27.730223590496397
398174,1,7,5,0.3700090141005197
398177,1,7,2,3.4251899730663777
398205,1,7,4,0.3700090657260609
398227,1,7,5,0.3700090141005197
398246,1,7,9,19.778273895791767
398266,1,7,1,21.789714631025998
398272,1,7,9,33.14617785611068
398280,1,7,1,14.046090868025747
398286,1,7,10,12.645755833232299
398316,1,7,9,9.60643343742246
398330,1,7,1,21.16226898414635
398336,1,7,8,7.852320543717638
398346,1,7,2,16.304441207864823
398362,1,7,6,30.381929957763152
398363,1,7,10,13.693866601555062
398364,1,7,6,5.698460739898628
398377,1,7,7,5.7700499920559825
398389,1,7,5,0.3700090141005197
398402,1,7,9,31.55153646696957
398407,1,7,9,26.154151990421695
398415,1,7,6,23.93568665633862
398423,1,7,9,33.49025958782434
398434,1,7,10,9.430301321550237
398449,1,7,8,19.473141929798455
398459,1,7,9,9.497019498789683
398460,1,7,1,27.76961898271839
398473,1,7,8,29.450910679055024
398480,1,7,6,5.924946201928609
398481,1,7,6,24.080940156482875
398513,1,7,9,26.706402590945977
398524,1,7,8,29.232884824196226
398526,1,7,8,26.31171004693647
398537,1,7,2,12.804897753106063
398550,1,7,10,8.520492882237608
398566,0,7,0,0.16195206785294278
398574,1,7,6,13.0548724564655
398578,1,7,7,4.780713206390147
398584,1,7,1,13.532870731463959
398597,1,7,8,30.46353639871981
398599,1,7,2,12.79975769425157
398618,1,7,3,3.0376126791166818
398632,1,7,9,23.939117932913025
398635,1,7,9,32.5168744993563
398641,1,7,9,18.25818417920295
398651,1,7,9,29.50333853412144
398656,1,7,6,28.965256273242858
398662,1,7,6,26.649392988891854
398663,0,7,0,0.09929477562147566
398680,1,7,4,0.3700090657260609
398692,1,7,4,0.3700090657260609
398705,1,7,9,21.977379954427143
398709,1,7,3,3.105341669933704
398716,1,7,9,26.533547636930134
398717,1,7,6,27.5747991257518
398721,1,7,9,26.733521361283188
398735,1,7,6,29.329603057382652
398746,1,7,10,25.017082298490767
398747,1,7,10,13.629530972505414
398757,1,7,4,0.3700090657260609
398772,1,7,8,19.23298617262361
398773,1,7,10,15.712574387944914
398775,1,7,4,0.3700090657260609
398776,1,7,6,27.66570953733896
398785,1,7,3,3.1179456621726303
398809,1,7,1,7.000216735110117
398820,1,7,8,28.054177982791522
398821,1,7,10,10.873228206838421
398835,1,7,4,0.3700090657260609
398849,1,7,8,22.527379498743517
398857,1,7,4,0.3700090657260609
398861,1,7,8,30.957983820522823
398862,1,7,9,23.304579333819426
398864,1,7,2,13.291383430373282
398872,1,7,9,24.64002498225771
398896,1,7,7,6.066013076773453
398901,1,7,4,0.3700090657260609
398909,1,7,3,2.941418316556842
398914,1,7,4,0.3700090657260609
398941,1,7,9,28.92473960125611
398953,1,7,1,24.811546486370833
398976,1,7,8,29.03110323591426
398982,1,7,7,0.3612099634736183
398988,1,7,9,24.697327976975615
398992,1,7,9,17.247171335498386
399015,1,7,4,0.3700090657260609
399035,1,7,9,19.262947241321797
399048,1,7,10,17.496601173428747
399055,1,7,9,19.33053022928778
399056,1,7,6,12.077165552615913
399057,1,7,6,11.902781677658322
399070,1,7,9,29.90084590183585
399085,1,7,9,21.172807389664992
399097,1,7,3,2.8863394677572964
399101,1,7,3,2.194138649981068
399111,1,7,5,0.3700090141005197
399129,1,7,9,33.04698966736599
399141,1,7,6,4.396754396234921
399161,1,7,1,19.030494004751077
399174,1,7,6,22.850931990403947
399186,1,7,5,0.3700090141005197
399222,1,7,1,8.49141812895557
399226,1,7,10,9.170460768290752
399235,1,7,9,20.038700832664723
399242,1,7,9,22.846917797201698
399243,1,7,9,19.927770557865287
399249,1,7,8,12.485551078438094
399263,1,7,10,23.362540081321725
399265,1,7,1,23.774689365104788
399279,1,7,5,0.3700090141005197
399283,1,7,5,0.3700090141005197
399292,1,7,9,28.867751586779022
399300,1,7,4,0.3700090657260609
399302,1,7,10,6.12411022033806
399310,1,7,8,16.861618540665138
399345,1,7,6,8.12522531847471
399347,1,7,1,19.902726580188006
399354,1,7,2,2.1821368190474875
399356,1,7,9,2.434207742050616
399358,1,7,10,25.893582482895035
399374,1,7,7,0.4303197732965067
399377,1,7,9,31.0460691438466
399378,1,7,8,24.15376649316089
399379,1,7,5,0.3700090141005197
399413,1,7,10,6.014980533231883
399442,1,7,8,22.812654010673583
399448,1,7,7,1.4444477823251913
399465,1,7,7,5.4990173312269235
399468,1,7,1,18.82925625700732
399473,1,7,8,6.691052244799499
399479,1,7,6,28.97784266136523
399487,1,7,9,21.696739257917574
399498,1,7,5,0.3700090141005197
399511,1,7,3,1.104385770257923
399546,1,7,6,6.0840008988886725
399549,1,7,5,0.3700090141005197
399551,1,7,4,0.3700090657260609
399555,1,7,9,33.542574431497826
399561,1,7,8,20.00375518116445
399573,0,7,0,0.039178256275430166
399576,1,7,5,0.3700090141005197
399580,1,7,9,12.880203183530384
399591,1,7,8,35.993859599105065
399613,1,7,9,23.860549411134482
399633,1,7,8,12.163166913011187
399645,1,7,5,0.3700090141005197
399650,0,7,0,0.028826638620905936
399651,0,7,0,0.036356784603821475
399659,1,7,5,0.3700090141005197
399662,1,7,6,28.448299377446293
399679,1,7,9,33.02261196843887
399697,1,7,8,20.860154703947487
399706,1,7,8,32.5175249238702
399710,1,7,6,30.11788572997188
399719,1,7,7,4.483886833741735
399733,1,7,5,0.3700090141005197
399734,1,7,9,6.441352986356841
399749,1,7,2,12.834349490618472
399750,1,7,6,28.58601998972167
399751,1,7,8,16.839064093306455
399755,1,7,7,4.782220999111194
399756,1,7,6,6.384572755655869
399808,1,7,5,0.3700090141005197
399816,1,7,4,0.3700090657260609
399817,1,7,9,23.981198689247805
399835,1,7,5,0.3700090141005197
399843,1,7,8,7.528676530660385
399865,1,7,4,0.3700090657260609
399869,1,7,6,19.80371477847706
399876,1,7,6,27.561806795186083
399880,1,7,5,0.3700090141005197
399885,1,7,10,26.044663939476212
399906,1,7,7,5.766498486180956
399910,1,7,5,0.3700090141005197
399911,1,7,8,11.2484517394543
399912,1,7,8,20.134192622386543
399913,1,7,10,19.301659935337973
399920,1,7,7,5.824392947236179
399936,1,7,10,13.079911290514694
399948,1,7,5,0.3700090141005197
399966,1,7,8,16.05711049963302
399979,1,7,2,9.116909681404195
399980,1,7,4,0.3700090657260609
399992,1,7,5,0.37000902039789374
400003,1,7,6,29.10911913206647
400010,1,7,10,17.507984565374397
400011,1,7,5,0.3700090141005197
400014,1,7,4,0.3700090657260609
400016,1,7,4,0.3700090657260609
400040,1,7,4,0.3700090657260609
400044,1,7,9,23.751681459351712
400045,1,7,5,0.3700090141005197
400053,1,7,5,0.3700090141005197
400056,1,7,9,23.9668952035203
400062,1,7,8,16.035377828433653
400083,1,7,7,2.3849776415094253
400099,1,7,5,0.3700090141005197
400103,1,7,5,0.3700090141005197
400107,1,7,6,13.278825744701937
400125,1,7,4,0.3700090657260609
400144,1,7,4,0.3700090657260609
400145,1,7,4,0.3700090657260609
400150,1,7,9,33.21787706414505
400172,1,7,4,0.3700090657260609
400173,1,7,8,35.44685140545706
400175,1,7,1,13.224893198552408
400176,1,7,2,13.049635646759734
400185,1,7,4,0.3700090657260609
400194,1,7,3,0.6856258242470262
400211,1,7,3,2.7214703689751603
400214,0,7,0,0.03513889574103669
400233,1,7,9,32.23849286859162
400234,1,7,5,0.3700090141005197
400246,1,7,8,31.091469054198807
400249,1,7,5,0.3700090141005197
400260,1,7,5,0.37000902039789374
400262,1,7,8,24.75382429296742
400280,1,7,10,19.723157451140562
400296,1,7,7,2.818279745491236
400298,1,7,9,29.191727761685122
400308,1,7,5,0.3700090141005197
400309,1,7,1,12.359249778548826
400337,1,7,10,15.400843574971882
400341,1,7,5,0.3700090141005197
400343,1,7,5,0.3700090141005197
400415,1,7,2,12.704201007242945
400418,1,7,4,0.3700090657260609
400422,1,7,8,10.102547715732875
400442,1,7,1,20.311393935204812
400444,1,7,5,0.3700090141005197
400460,1,7,4,0.3700090657260609
400472,1,7,4,0.3700090657260609
400473,1,7,5,0.3700090141005197
400476,1,7,6,29.440124742571403
400488,1,7,10,11.545973196509815
400491,1,7,5,0.3700090141005197
400492,1,7,8,26.789321038745605
400521,1,7,1,16.24124023453918
400535,0,7,0,0.2537663077770362
400539,1,7,8,29.449785995551967
400577,1,7,6,25.306182779495487
400578,1,7,8,25.044758300594083
400580,1,7,9,27.90692931309449
400594,1,7,5,0.3700090141005197
400621,0,7,0,0.030424461126180646
400638,1,7,5,0.3700090141005197
400658,1,7,8,14.148234744860744
400661,1,7,9,23.954684885390858
400668,1,7,2,13.625222868517225
400692,1,7,9,29.9324626740973
400694,1,7,1,11.04368314702175
400721,1,7,2,14.478765490231293
400727,1,7,4,0.3700090657260609
400754,1,7,9,28.570362304259778
400755,1,7,9,21.94925123385788
400771,1,7,5,0.3700090141005197
400772,1,7,10,20.98234885357211
400775,1,7,7,6.452106406151426
400785,1,7,1,19.57146676141627
400811,1,7,4,0.3700090657260609
400818,1,7,9,24.75885663313508
400836,1,7,9,24.285837320960226
400850,1,7,9,5.241467710389019
400856,1,7,2,14.91151003879135
400910,1,7,4,0.3700090657260609
400922,1,7,9,7.715695854399228
400923,1,7,7,0.6946727053107732
400945,1,7,7,6.1933483600631325
400963,1,7,9,6.07180430465957
400981,0,7,0,0.033159829903741084
400987,1,7,5,0.3700090141005197
400993,1,7,2,11.395315948371586
401001,1,7,6,29.562574424166566
401010,1,7,1,17.948083116952137
401022,1,7,8,34.27461507853083
401046,1,7,9,25.326641308236905
401053,1,7,9,21.85150459553194
401063,1,7,7,6.184453012658797
401094,1,7,8,35.707273726807344
401126,1,7,4,0.3700090656202526
401163,1,7,1,19.517255427512165
401179,1,7,6,15.880651397153537
401181,1,7,8,6.73211545181468
401200,1,7,9,25.83747867291625
401206,1,7,5,0.3700090141005197
401215,1,7,9,29.569431790158532
401216,1,7,1,23.614597036488856
401224,1,7,5,0.3700090141005197
401233,1,7,6,22.81058455965412
401234,0,7,0,0.03220255809790441
401240,1,7,9,20.80299860337974
401257,1,7,9,7.662495826245641
401271,1,7,10,24.325133933943793
401300,1,7,10,5.883272100774856
401301,1,7,5,0.3700090141005197
401318,0,7,0,0.030941433266394407
401326,1,7,2,3.509985897104243
401349,1,7,8,34.56216320924535
401364,1,7,4,0.3700090657260609
401378,1,7,9,15.60599814209553
401391,1,7,10,7.264439551209721
401392,1,7,8,11.99810283261204
401393,1,7,1,25.951713715249934
401396,1,7,9,27.45125064793702
401397,1,7,10,17.71722315925015
401413,1,7,5,0.3700090141005197
401415,1,7,4,0.3700090657260609
401424,1,7,6,30.357651272003466
401430,1,7,8,2.4272432085682323
401431,1,7,8,24.426695270091123
401442,1,7,6,20.157909418611403
401455,1,7,6,27.977090462683424
401472,1,7,7,3.460486310856838
401473,1,7,8,21.031969633907558
401474,1,7,9,12.1777409696223
401477,1,7,5,0.3700090141005197
401484,1,7,9,27.672134751207924
401492,1,7,8,26.535627619472287
401497,1,7,9,12.561982808945423
401499,1,7,8,21.857117337885576
401506,1,7,6,15.375247006966148
401526,1,7,8,23.432402703610478
401537,1,7,2,11.757450447635852
401538,1,7,2,14.083555445004306
401573,1,7,4,0.3700090657260609
401574,1,7,5,0.3700090141005197
401576,1,7,10,26.06129703676909
401585,1,7,8,15.423783975482536
401586,1,7,9,28.746980968129712
401596,1,7,9,22.99655149963304
401611,0,7,0,0.0471955829160509
401625,1,7,8,9.399368472899887
401626,1,7,8,20.925600767852913
401630,1,7,4,0.3700090657260609
401634,1,7,10,13.084834018234272
401640,1,7,5,0.3700090141005197
401643,0,7,0,0.03293189048718076
401646,1,7,4,0.3700090657260609
401651,1,7,4,0.3700090657260609
401652,1,7,7,0.36307699278184175
401654,1,7,6,20.62463496281961
401658,1,7,8,31.22655810542525
401661,1,7,1,10.303441015380725
401662,1,7,8,20.204727645169694
401664,1,7,10,22.97127201870934
401685,1,7,7,4.9543715952086
401724,1,7,5,0.3700090141005197
401784,1,7,5,0.3700090141005197
401788,1,7,6,29.250864252538438
401813,1,7,8,32.59650706632419
401832,1,7,6,19.195360561391343
401845,1,7,9,28.846151850122382
401846,1,7,5,0.3700090141005197
401863,1,7,7,1.6996447352118063
401867,1,7,3,0.8427782162028767
401882,1,7,10,24.88688335006793
401890,1,7,1,22.637031834495374
401891,1,7,8,24.00013942281186
401895,1,7,1,7.735372261503698
401896,1,7,8,30.75487389850589
401897,1,7,9,14.143220394346944
401915,1,7,4,0.3700090657260609
401934,1,7,6,30.127951230983527
401939,0,7,0,0.045880761755023154
401942,1,7,9,32.44072520663796
401961,1,7,9,22.61660679520735
401979,1,7,9,19.326722715089478
401981,1,7,6,22.970994241901536
401984,1,7,5,0.3700090141005197
401989,1,7,8,23.16374326547993
401994,1,7,6,22.889960832837183
402000,1,7,2,14.103337390598181
402001,1,7,8,33.60223700820355
402017,1,7,4,0.3700090657260609
402029,1,7,9,18.36037794138316
402049,1,7,4,0.3700090656202526
402074,1,7,4,0.3700090656202526
402086,1,7,5,0.3700090141005197
402088,1,7,2,1.4289954124513329
402091,1,7,5,0.3700090141005197
402092,1,7,6,29.784936031836814
402094,1,7,10,16.28532413823935
402101,1,7,8,30.833697240968217
402112,1,7,4,0.3700090657260609
402127,1,7,10,12.217935492436357
402131,1,7,8,11.01679634167084
402132,1,7,7,6.326299411416051
402146,1,7,9,12.62152062063173
402149,1,7,9,27.965465377389922
402150,1,7,9,4.8261200184884325
402153,1,7,10,18.948055171867583
402162,1,7,9,24.71473507841473
402166,1,7,5,0.3700090141005197
402176,1,7,10,10.125109953565538
402196,1,7,10,23.27867642237029
402202,1,7,9,24.24926141254885
402212,1,7,9,33.646716132415946
402222,1,7,5,0.07202887515940923
402254,1,7,5,0.3700090141005197
402257,1,7,10,5.520287637188678
402258,1,7,10,15.235573971814235
402264,0,7,0,0.030353437609812562
402271,1,7,9,22.662456830790077
402273,1,7,5,0.3700090141005197
402279,1,7,7,3.268917313427109
402281,1,7,3,2.3766625784222954
402289,1,7,9,30.92538524629429
402307,1,7,4,0.3700090656202526
402318,1,7,6,25.566581070952285
402338,1,7,9,11.359668648500916
402362,1,7,4,0.3700090657260609
402367,1,7,6,24.438093687747852
402369,1,7,4,0.3700090657260609
402372,1,7,1,13.655561534375407
402382,1,7,10,15.95640503944032
402389,1,7,4,0.3700090657260609
402397,1,7,8,7.721456972876485
402420,1,7,8,21.998977480902916
402438,1,7,6,27.37568658390716
402439,1,7,8,14.804316378753278
402445,1,7,5,0.3700090141005197
402449,1,7,9,29.386902454093324
402458,1,7,6,8.626929907809663
402463,1,7,6,23.340155361810794
402466,1,7,9,5.723241682687559
402470,0,7,0,0.037472059462910615
402480,1,7,1,19.281433917371626
402486,1,7,6,11.814971899260916
402499,1,7,1,8.072507248992476
402500,1,7,5,0.3700090141005197
402501,1,7,9,6.672828131284255
402502,1,7,10,10.683474915075967
402505,1,7,9,32.63264806754379
402507,1,7,7,0.6022844346422296
402530,1,7,4,0.3700090657260609
402536,1,7,10,5.4169699123026485
402540,1,7,6,23.95145004451045
402564,1,7,6,11.096798355768184
402566,1,7,6,19.408011481753192
402570,1,7,6,16.882934713883536
402572,1,7,9,14.796542233620524
402576,1,7,10,16.034419678137706
402591,1,7,8,26.147139725179766
402601,1,7,9,27.59710956673512
402603,1,7,8,20.98839647649082
402624,1,7,9,15.299777984184956
402626,1,7,4,0.3700090657260609
402631,1,7,1,18.07401366667928
402640,1,7,9,26.88091823355163
402644,1,7,8,32.64501281307352
402652,1,7,4,0.3700090657260609
402662,1,7,8,4.829422148587979
402667,1,7,4,0.3700090657260609
402669,1,7,10,20.728173496647244
402676,1,7,4,0.3700090657260609
402687,1,7,6,18.836212671508537
402695,1,7,8,11.247651284838785
402708,1,7,4,0.3700090657260609
402709,1,7,1,27.528294470335847
402725,1,7,9,15.293311083225502
402756,1,7,6,20.377323036563148
402765,1,7,9,16.549400158011927
402768,1,7,7,0.3402047105191707
402782,1,7,8,11.735326693674832
402828,1,7,5,0.3700090141005197
402835,1,7,5,0.3700090141005197
402853,1,7,10,25.38855693024029
402856,1,7,4,0.3700090657260609
402857,1,7,9,9.239860709686434
402877,1,7,1,19.129450821540598
402888,1,7,9,33.53575609044192
402889,1,7,5,0.37000902039789374
402895,1,7,9,4.904007156199549
402930,1,7,3,3.0398795181003933
402937,1,7,10,14.999612565858646
402938,1,7,10,10.854946349927484
402946,1,7,1,17.490111556921892
402951,1,7,5,0.3700090141005197
402955,1,7,9,31.246057741378117
402962,1,7,5,0.3700090141005197
402964,1,7,1,22.673755282202343
402971,1,7,1,18.34186421828247
402973,1,7,4,0.3700090657260609
402986,1,7,1,23.389544823066316
402993,1,7,5,0.3700090141005197
402999,1,7,3,2.7642321341671474
403031,1,7,10,16.04394605375485
403032,0,7,0,0.0730985103939303
403038,1,7,9,14.798286989347154
403044,1,7,8,24.665673762556274
403048,1,7,6,19.69717611173236
403067,1,7,7,2.70366189181832
403070,1,7,5,0.3700090141005197
403071,1,7,10,15.542325596069835
403078,1,7,9,31.736951388544906
403080,1,7,9,26.579115217710235
403087,1,7,6,28.666788465123165
403088,1,7,6,6.118424099186845
403090,1,7,9,21.5081684467219
403108,0,7,0,0.11640100206552119
403111,1,7,8,20.831840909469232
403115,1,7,8,22.07239174972718
403126,1,7,7,3.3915646584423493
403171,1,7,5,0.37000902039789374
403184,0,7,0,0.04258496178967167
403189,1,7,10,20.72137259237622
403211,1,7,9,32.22377015646331
403215,1,7,6,30.10899212347329
403219,1,7,2,3.5864473728845376
403223,1,7,10,4.06390131214797
403224,1,7,1,23.620320539176657
403233,1,7,9,7.205054055898581
403243,1,7,7,1.5478260284419836
403246,1,7,7,2.1390379519989686
403252,0,7,0,0.03000574270962285
403258,1,7,1,27.913308407299684
403260,1,7,6,18.52673262356206
403262,1,7,5,0.3700090141005197
403271,1,7,5,0.3700090141005197
403290,1,7,9,33.49551565356472
403306,1,7,9,30.983543682446886
403331,1,7,6,18.474474549033147
403336,1,7,7,1.7359330716118269
403343,1,7,9,12.84164960867509
403367,1,7,4,0.3700090657260609
403369,1,7,9,20.706866426238562
403373,1,7,8,2.8210793414415907
403395,1,7,8,17.793655648116733
403407,1,7,5,0.3700090141005197
403409,1,7,8,14.920641271711967
403419,1,7,5,0.3700090141005197
403437,1,7,6,21.226958396713076
403443,1,7,9,12.840620294164726
403449,1,7,10,17.459149992810723
403466,1,7,8,16.005335562209392
403483,1,7,10,12.695137367562245
403486,1,7,9,14.256202839594298
403499,1,7,7,3.1139132370691494
403507,1,7,8,31.369469623359368
403537,1,7,9,31.6214815829276
403538,1,7,8,3.607486612943044
403542,1,7,9,25.22223469451226
403559,1,7,8,8.641037737134946
403560,1,7,3,3.2066504577724393
403578,1,7,7,5.220426759199392
403582,1,7,6,19.91501838717962
403594,1,7,6,12.70019057254327
403610,1,7,6,21.923479844675906
403622,1,7,10,15.482600881433996
403634,1,7,9,33.392450397196455
403636,1,7,4,0.3700090657260609
403642,1,7,4,0.3700090657260609
403644,1,7,8,33.284852188174376
403652,1,7,10,21.783472362365078
403658,1,7,5,0.3700090141005197
403674,0,7,0,0.035666829353604865
403679,1,7,6,23.756479398735415
403688,1,7,5,0.3700090141005197
403689,0,7,0,0.04311809258591346
403703,1,7,5,0.3700090141005197
403711,1,7,8,25.238297626715312
403714,1,7,5,0.3700090141005197
403731,0,7,0,0.036990548232462485
403732,1,7,9,23.6974858524944
403736,1,7,9,27.023481063643104
403737,1,7,10,15.006172861393578
403752,1,7,10,13.578607798103516
403765,1,7,6,26.217812605066385
403770,1,7,6,9.352425965321814
403777,1,7,7,6.317131544408144
403781,1,7,4,0.3700090657260609
403785,1,7,1,15.089299123888301
403789,1,7,9,29.59486234966112
403795,1,7,5,0.3700090141005197
403796,1,7,3,3.213512406952415
403798,1,7,8,16.236986916968227
403804,1,7,8,26.762850526598395
403807,1,7,6,13.714940180917768
403811,1,7,10,11.94711155840836
403821,1,7,5,0.3700090141005197
403829,0,7,0,0.11516178436365965
403833,1,7,8,30.36458193156046
403836,1,7,3,1.8936937410177581
403859,1,7,9,33.646406500388224
403867,1,7,8,23.650168884631263
403870,1,7,1,7.590783771414247
403871,1,7,10,9.839170751214297
403873,1,7,5,0.3700090141005197
403877,1,7,4,0.3700090657260609
403891,1,7,6,26.987275736596008
403893,1,7,5,0.3700090141005197
403896,1,7,5,0.3700090141005197
403898,1,7,10,12.353732158072736
403914,1,7,8,36.0295091249287
403919,1,7,6,25.24282254802058
403920,1,7,5,0.3700090141005197
403931,1,7,4,0.3700090657260609
403950,1,7,1,9.596225133700228
403960,1,7,5,0.3700090141005197
403980,1,7,4,0.3700090656202526
403982,1,7,9,31.347398500572265
403983,1,7,9,33.684387443316
403990,1,7,9,14.139400220899601
403994,1,7,5,0.3700090141005197
403996,1,7,7,0.3431652449271649
403999,1,7,6,29.407764149522155
404002,1,7,10,25.255730584177908
404019,1,7,1,28.005183322765912
404025,1,7,6,18.125543069149796
404029,1,7,1,26.60168135955587
404044,1,7,6,5.850143644256701
404045,1,7,9,29.385070268481233
404048,1,7,4,0.3700090657260609
404052,1,7,6,25.704552914173355
404059,1,7,6,8.48723832714263
404063,1,7,9,13.435756812646895
404068,1,7,9,28.69894809853153
404072,1,7,4,0.3700090657260609
404085,1,7,4,0.3700090657260609
404086,1,7,10,18.122485939287742
404088,1,7,2,16.541982197549043
404090,1,7,4,0.3700090657260609
404092,1,7,2,12.658972788615976
404097,1,7,10,18.50879490332946
404104,1,7,9,27.3625058519787
404107,1,7,8,22.723990810582062
404119,1,7,9,29.097873792346043
404130,1,7,5,0.3700090141005197
404134,1,7,1,16.5246058772653
404136,1,7,5,0.3700090141005197
404140,1,7,8,13.042179159748388
404146,1,7,1,10.894291594048108
404160,1,7,8,31.43250900376025
404167,1,7,9,13.73317847180306
404174,1,7,1,25.631611789970083
404187,1,7,10,17.93486649939895
404190,1,7,6,4.670427886840933
404198,1,7,8,32.12982131230334
404205,1,7,9,29.290681540113784
404226,1,7,6,21.637078983165345
404235,1,7,3,2.4814738396296243
404237,1,7,5,0.3700090141005197
404243,1,7,4,0.3700090657260609
404252,1,7,6,16.46803304916997
404262,1,7,9,31.551603613349766
404272,1,7,1,21.441101641466876
404277,1,7,6,22.97776438947421
404279,1,7,6,20.97114209132655
404291,1,7,2,8.62899021475272
404294,1,7,4,0.3700090657260609
404303,1,7,5,0.3700090141005197
404315,1,7,8,33.477531313761176
404320,1,7,5,0.3700090141005197
404324,1,7,3,2.5909887563669076
404329,1,7,4,0.3700090657260609
404333,1,7,6,21.238917942577338
404345,1,7,8,35.63171179216899
404353,1,7,6,5.921242953831629
404360,0,7,0,0.036769957514474164
404388,1,7,9,32.00742573941229
404405,1,7,8,31.081312041392735
404409,1,7,4,0.3700090657260609
404412,1,7,9,12.076484698553406
404419,1,7,8,6.03534154642072
404431,1,7,9,10.891551084649159
404440,1,7,9,22.84649090739709
404453,1,7,10,12.03108890441943
404455,1,7,6,21.7106911928656
404461,1,7,5,0.3700090141005197
404480,1,7,8,33.282989261547506
404491,1,7,5,0.3700090141005197
404500,1,7,2,16.17324742449116
404504,1,7,4,0.3700090657260609
404507,1,7,4,0.3700090657260609
404508,1,7,1,13.476189752222771
404524,1,7,9,31.292095422203094
404530,1,7,9,26.135136745012883
404539,1,7,10,8.24068767176896
404556,1,7,6,17.764903033554706
404558,1,7,9,32.942274834783426
404564,1,7,4,0.3700090657260609
404566,1,7,1,27.90893153620792
404579,1,7,4,0.3700090657260609
404605,1,7,9,24.697484760668537
404671,0,7,0,0.03618525816611079
404672,1,7,8,29.34308978142731
404673,1,7,5,0.3700090141005197
404678,1,7,10,19.41472325957142
404683,1,7,3,3.0611771368626495
404686,1,7,5,0.3700090141005197
404693,1,7,9,32.839074086363404
404697,1,7,5,0.3700090141005197
404731,1,7,7,1.7687020116113443
404732,1,7,8,24.538214061032946
404735,0,7,0,0.04062523744180545
404737,1,7,4,0.3700090656202526
404753,0,7,0,0.1276024238663378
404764,1,7,7,5.588532281167807
404765,1,7,9,29.882052082841373
404772,1,7,10,15.580522755009818
404773,1,7,6,4.393039785500047
404777,1,7,9,30.68578291843632
404797,1,7,8,30.97309903130106
404798,1,7,8,5.394696305253864
404807,1,7,10,6.810183440949809
404816,1,7,9,29.101408167118713
404832,1,7,1,26.784607999583077
404853,1,7,4,0.3700090657260609
404860,1,7,4,0.3700090657260609
404870,1,7,9,17.909368636331653
404886,1,7,6,16.42675865520646
404887,1,7,5,0.3700090141005197
404889,1,7,9,28.35367744124259
404908,1,7,7,4.7267396234383074
404913,1,7,5,0.3700090141005197
404922,0,7,0,0.03270992911411479
404933,1,7,8,9.987062293342515
404948,1,7,8,10.05099839879236
404950,1,7,6,19.94654617686657
404974,1,7,7,3.3968878013899246
404979,1,7,8,14.595956833287872
404980,1,7,10,4.970718127845259
404982,1,7,9,33.25899052355725
404986,1,7,10,10.751392132660333
404994,1,7,6,9.528051980648856
405002,1,7,4,0.3700090657260609
405011,1,7,9,33.019137339112376
405013,1,7,9,16.602434288662604
405014,1,7,9,33.46329834420191
405018,1,7,8,35.540166610927976
405023,1,7,5,0.3700090141005197
405045,1,7,8,23.296335612621665
405054,1,7,5,0.3700090141005197
405068,1,7,6,21.734655967152573
405071,1,7,5,0.3700090141005197
405076,1,7,9,24.03278883198573
405082,1,7,10,19.046959886354642
405091,1,7,4,0.3700090657260609
405130,1,7,8,19.212437710869317
405172,1,7,6,8.481552806599067
405179,1,7,2,8.317149778888764
405181,1,7,9,24.807129140074768
405229,1,7,5,0.3700090141005197
405236,1,7,9,21.836788632696784
405240,1,7,9,22.629826066912777
405249,1,7,8,29.521506550694866
405250,1,7,8,18.723760666948262
405254,1,7,2,1.6627009310037484
405257,1,7,6,13.416824995961464
405274,1,7,10,10.485843382384473
405280,1,7,5,0.3700090141005197
405287,1,7,6,22.150225374967352
405289,1,7,1,18.12408346381248
405295,1,7,6,12.374020635402315
405296,1,7,8,28.581338662170886
405298,1,7,5,0.3700090141005197
405332,1,7,9,20.98629470328436
405340,1,7,9,33.017540512744326
405344,1,7,6,12.866587490821821
405353,1,7,7,0.998808386926692
405356,1,7,9,21.381262184869414
405368,1,7,7,3.008450152282076
405402,1,7,4,0.3700090657260609
405415,1,7,5,0.3700090141005197
405418,1,7,10,10.447901207957917
405423,1,7,6,16.186505632191626
405426,1,7,9,9.548087424025566
405434,1,7,10,19.065658733121918
405435,0,7,0,0.047026787657219425
405450,1,7,10,7.46518030548737
405459,1,7,7,0.9132022501299492
405463,1,7,6,22.659093503574596
405477,0,7,0,0.03398763874069464
405482,1,7,8,23.75004548151386
405542,1,7,9,13.00547828099443
405544,1,7,5,0.3700090141005197
405552,1,7,7,5.805549594187612
405561,0,7,0,0.03832596525071215
405571,1,7,9,33.27299352443255
405589,1,7,4,0.3700090657260609
405592,1,7,5,0.3700090141005197
405594,1,7,6,29.425904405309208
405621,1,7,6,14.470045969087368
405633,1,7,9,18.52917035904139
405634,1,7,6,28.13110828967089
405636,1,7,9,25.003601093175188
405637,1,7,8,35.35463424073062
405641,1,7,10,16.205103689711606
405653,1,7,9,16.22927361006451
405656,1,7,8,30.19526251069855
405659,1,7,9,7.230151502885136
405662,1,7,5,0.37000902039789374
405677,1,7,1,22.448881583038343
405679,1,7,9,22.689189806936938
405685,1,7,10,15.910568715092458
405696,1,7,4,0.3700090657260609
405701,1,7,4,0.3700090657260609
405702,1,7,6,9.848208670705088
405706,1,7,5,0.3700090141005197
405720,0,7,0,0.03944649728817909
405725,1,7,5,0.3700090141005197
405731,1,7,5,0.3700090141005197
405732,1,7,9,5.415992457916637
405748,1,7,5,0.3700090141005197
405768,1,7,8,14.04819310393348
405769,0,7,0,0.03306051139121811
405793,1,7,6,22.778118436429185
405814,1,7,6,15.218729948256641
405827,1,7,8,7.855905600890372
405838,1,7,6,28.098714068984904
405844,1,7,5,0.3700090141005197
405845,1,7,8,27.37497125434176
405871,1,7,1,18.147378761203925
405880,1,7,3,2.6173382163766155
405883,1,7,2,9.249214057345066
405897,1,7,2,14.267215786349515
405899,1,7,1,27.810698679427308
405904,1,7,8,19.983384311513607
405910,1,7,10,9.598734311004307
405916,1,7,7,4.096190704662758
405939,1,7,5,0.3700090141005197
405961,1,7,5,0.3700090141005197
406007,1,7,10,15.132029138746129
406010,1,7,6,21.930324810307553
406019,1,7,6,13.253739518825528
406021,1,7,8,18.66411712979827
406026,1,7,6,23.577385311655075
406034,1,7,9,18.777764046914264
406049,1,7,10,5.631293560459308
406053,1,7,9,15.616891799292342
406062,1,7,6,14.669597247185592
406064,1,7,4,0.3700090657260609
406070,1,7,7,5.152770733493768
406095,1,7,5,0.3700090141005197
406096,1,7,5,0.3700090141005197
406097,1,7,2,14.49555632211936
406100,1,7,4,0.3700090657260609
406108,1,7,10,22.58525684827105
406121,1,7,5,0.3700090141005197
406124,1,7,1,26.906257930931858
406134,1,7,8,19.76396977623558
406187,1,7,10,9.173697470613323
406188,1,7,6,28.97103851901255
406189,1,7,9,8.577562817282312
406203,1,7,10,8.941361690816867
406215,1,7,7,3.839922412323366
406241,1,7,2,16.08926432561897
406250,1,7,8,18.970245757434103
406274,1,7,6,23.180917623908094
406284,1,7,6,6.089138047330995
406289,1,7,7,4.239039636182401
406296,1,7,9,15.22995268337891
406305,1,7,6,30.490984805280444
406309,1,7,9,16.204825639482696
406320,1,7,5,0.3700090141005197
406321,1,7,6,11.505531999762251
406354,1,7,3,2.9731782627728687
406363,1,7,8,25.05306166740967
406382,1,7,4,0.3700090657260609
406398,1,7,5,0.3700090141005197
406411,1,7,5,0.3700090141005197
406427,1,7,10,8.513521385253371
406437,1,7,8,13.008830984979582
406438,1,7,6,15.110537390888203
406452,1,7,6,18.631541155886705
406453,1,7,6,28.834773071881337
406503,1,7,8,20.700233569492344
406531,1,7,10,24.21190835419851
406547,1,7,5,0.3700090141005197
406560,1,7,6,17.868749297099992
406568,1,7,10,17.729922827223533
406591,1,7,4,0.3700090657260609
406592,1,7,10,4.51270912898949
406597,1,7,7,5.683648276713626
406608,1,7,8,23.819530607610734
406613,0,7,0,0.029964401778105214
406618,1,7,5,0.3700090141005197
406621,1,7,4,0.3700090657260609
406640,1,7,1,16.926938901391804
406642,1,7,5,0.3700090141005197
406645,1,7,1,24.535247344520737
406653,1,7,5,0.3700090141005197
406661,1,7,9,22.43461322401439
406663,1,7,9,32.188385242051254
406691,1,7,8,10.5662029119015
406693,1,7,8,8.452051471725143
406709,1,7,8,5.740886951348567
406710,1,7,6,29.417687720011934
406741,1,7,1,4.966571669629014
406744,1,7,8,32.49322301186621
406757,1,7,7,1.1731606992788048
406761,1,7,3,3.158702152567071
406790,1,7,10,20.507643680526098
406793,1,7,8,7.3246279677089605
406805,1,7,5,0.3700090141005197
406807,1,7,8,19.96843768027565
406829,1,7,9,30.59665418493365
406836,1,7,9,31.861260158081905
406841,1,7,4,0.3700090657260609
406843,1,7,7,5.760069062665113
406848,1,7,3,1.6174557452415126
406865,1,7,5,0.3700090141005197
406872,1,7,7,3.1264088289599923
406882,1,7,9,19.95888954115873
406904,1,7,3,3.2628071284334212
406911,1,7,4,0.3700090657260609
406914,1,7,10,26.02594553916599
406923,1,7,2,7.032148014882065
406930,1,7,7,3.2898750501128915
406964,1,7,6,21.9790653973983
406966,1,7,6,24.509564004787958
406968,1,7,2,16.215017046179163
406972,1,7,8,26.31094100829397
406973,1,7,8,15.193132167054777
406974,1,7,9,7.538935020871414
407000,1,7,2,8.866600469528619
407023,1,7,6,30.367343845314135
407037,1,7,8,28.594658853799746
407053,1,7,1,27.842734029036496
407057,1,7,7,5.4621819478515485
407059,1,7,8,12.46874400086551
407065,0,7,0,0.034916880608750665
407070,1,7,2,12.615388715842839
407083,1,7,9,27.996183374857992
407093,1,7,7,6.02402581389836
407098,1,7,5,0.3700090141005197
407122,1,7,6,23.86785376833675
407143,0,7,0,0.05942708322527679
407151,1,7,5,0.3700090141005197
407170,1,7,9,26.422264940642602
407177,1,7,8,22.73471603813503
407182,1,7,7,3.3457905778460115
407184,1,7,5,0.3700090141005197
407192,1,7,1,21.561568912327317
407198,1,7,4,0.3700090657260609
407208,1,7,5,0.3700090141005197
407212,1,7,4,0.3700090657260609
407213,1,7,2,6.5155926811080045
407220,1,7,4,0.3700090657260609
407235,1,7,9,29.085382458756513
407237,1,7,1,14.724830814278143
407242,1,7,2,2.2993737884922574
407263,1,7,8,18.73843492244212
407265,0,7,0,0.04686936269993185
407276,1,7,5,0.3700090141005197
407284,1,7,4,0.3700090657260609
407298,1,7,10,11.630973685418201
407299,1,7,4,0.3700090657260609
407306,1,7,5,0.3700090141005197
407310,1,7,7,6.09088966170048
407316,1,7,5,0.3700090141005197
407324,1,7,1,12.152433908502555
407353,1,7,8,30.97229294721789
407359,1,7,1,19.93480987161715
407360,1,7,8,20.86934837005371
407363,1,7,1,15.291187079528209
407364,1,7,2,12.240116242766227
407365,1,7,4,0.3700090657260609
407371,1,7,9,13.716752117322615
407384,1,7,10,5.757582354234836
407409,1,7,6,28.867072362870747
407417,1,7,9,22.619911033609856
407430,1,7,1,18.154836151421875
407448,1,7,8,24.64319414972212
407456,1,7,6,9.32056835156913
407463,1,7,10,11.850669628747612
407480,1,7,2,15.259950658452782
407485,1,7,7,6.332696685456584
407489,1,7,6,21.924878729050455
407503,1,7,9,8.22108359837774
407509,1,7,4,0.3700090657260609
407511,1,7,1,25.63667006339891
407520,1,7,5,0.3700090141005197
407525,1,7,6,14.409091936071432
407526,1,7,6,30.627455617457798
407567,1,7,10,22.690123227717457
407574,1,7,9,29.564686316399627
407576,1,7,8,34.26897143843591
407583,1,7,8,8.007136017127625
407588,1,7,7,2.190958472198474
407592,1,7,6,21.411444729992244
407595,1,7,9,6.987951287266749
407601,1,7,9,31.176884087720865
407607,1,7,4,0.3700090656202526
407619,1,7,8,31.119553145999344
407625,1,7,4,0.3700090657260609
407639,1,7,5,0.3700090141005197
407650,1,7,8,33.291864445630225
407684,1,7,9,14.103062869747557
407695,1,7,5,0.3700090141005197
407704,1,7,9,28.703836361855327
407733,1,7,3,2.282904576083756
407753,1,7,5,0.3700090141005197
407760,1,7,4,0.3700090657260609
407767,1,7,9,33.05460379814145
407769,1,7,4,0.3700090657260609
407780,1,7,9,32.74230065817643
407783,1,7,8,21.784398025162062
407798,1,7,6,20.91568612020119
407803,0,7,0,0.030923159426961527
407805,1,7,10,18.26262498707635
407816,1,7,9,19.382621578626484
407822,1,7,7,0.6081800201637395
407823,1,7,1,6.414142065650497
407824,1,7,1,21.59595073579066
407829,0,7,0,0.02763478349497372
407841,1,7,5,0.3700090141005197
407847,1,7,9,22.62554014841148
407851,1,7,4,0.3700090657260609
407867,1,7,9,19.078559284382646
407869,1,7,9,14.73134123409025
407911,1,7,1,13.475304529846559
407919,0,7,0,0.14185498937642183
407924,1,7,8,11.022740624645092
407927,1,7,9,22.801105399592156
407935,1,7,3,2.038010869414296
407943,1,7,5,0.37000902039789374
407952,1,7,7,5.215164990668847
407954,1,7,4,0.3700090657260609
407986,1,7,8,12.44873314384999
407989,1,7,10,21.542636528518944
407990,1,7,10,9.161522390081693
408010,1,7,8,10.439473061101019
408012,1,7,10,9.787625361642357
408027,1,7,9,23.134950737516778
408036,0,7,0,0.032213935506402766
408038,1,7,10,14.96396617994331
408069,1,7,7,6.522025815859605
408083,1,7,8,17.597078064667958
408100,1,7,9,30.40151592517418
408107,1,7,8,35.51576435246431
408127,1,7,4,0.3700090657260609
408146,1,7,4,0.3700090657260609
408152,0,7,0,0.03854422222598581
408154,1,7,4,0.3700090657260609
408182,1,7,9,15.340497266912758
408186,1,7,6,17.810770179968003
408200,1,7,4,0.3700090657260609
408202,1,7,7,2.672723177166976
408220,1,7,8,15.084238822645926
408225,1,7,9,21.702044860866057
408246,1,7,9,19.754193214550554
408247,1,7,10,14.83835631400398
408249,0,7,0,0.0871135691053502
408250,1,7,9,23.300534995533674
408255,1,7,8,14.52505190576259
408281,1,7,7,2.39665848634864
408287,1,7,9,7.671592279729404
408298,1,7,3,3.2269032828011053
408305,1,7,6,13.513129060381521
408306,1,7,5,0.3700090141005197
408319,1,7,1,20.814421881646382
408329,1,7,10,4.705794590287782
408339,1,7,5,0.3700090141005197
408356,1,7,4,0.3700090657260609
408379,1,7,9,30.74735485121587
408382,1,7,6,20.63883373806604
408419,1,7,3,3.0437211351171576
408420,1,7,9,7.293342428201086
408423,1,7,5,0.3700090141005197
408425,1,7,4,0.3700090657260609
408439,1,7,5,0.3700090141005197
408441,1,7,7,5.526207426945489
408459,1,7,5,0.3700090141005197
408466,1,7,7,4.001076501498279
408471,1,7,1,11.416903379431849
408474,1,7,8,24.06321913973329
408479,1,7,6,19.217377605668872
408505,1,7,4,0.3700090657260609
408514,1,7,5,0.3700090141005197
408516,1,7,5,0.3700090141005197
408518,1,7,6,5.736517278036705
408520,0,7,0,0.03162225022010539
408529,1,7,9,24.99702708098026
408550,1,7,5,0.3700090141005197
408557,0,7,0,0.15820942883827302
408561,1,7,8,20.60242201431265
408570,1,7,9,26.869643139023804
408578,1,7,9,17.672463580782743
408587,1,7,5,0.37000902039789374
408600,1,7,9,13.919308334228061
408601,1,7,9,23.588769900974984
408631,1,7,8,24.976056253672066
408644,1,7,9,7.456993930258691
408654,0,7,0,0.07381524671312834
408659,1,7,6,21.96718912730002
408662,1,7,10,17.01244543389344
408672,1,7,8,31.370940367190116
408674,1,7,4,0.3700090657260609
408683,1,7,4,0.3700090657260609
408685,1,7,5,0.3700090141005197
408690,1,7,4,0.3700090657260609
408708,0,7,0,0.04639679647695229
408710,1,7,7,5.688660731283564
408715,1,7,9,8.500644077304514
408722,1,7,2,1.2039279634390332
408730,1,7,1,16.167749382800444
408735,1,7,5,0.3700090141005197
408740,1,7,8,24.132090198871374
408746,1,7,5,0.3700090141005197
408751,1,7,4,0.3700090657260609
408755,1,7,10,12.60605692817144
408759,1,7,2,5.647867028350992
408787,1,7,8,34.98955375481451
408791,1,7,8,30.4148949946705
408809,1,7,9,27.42184892425723
408828,1,7,4,0.3700090657260609
408832,1,7,7,4.5958212518538994
408834,1,7,8,14.50765938135208
408839,1,7,5,0.3700090141005197
408842,1,7,5,0.3700090141005197
408851,1,7,5,0.37000902039789374
408868,1,7,6,19.548148269705194
408895,1,7,10,12.83450414539863
408910,1,7,4,0.3700090657260609
408912,1,7,10,9.695703618943737
408917,1,7,2,4.828910180972805
408930,1,7,1,19.735679918298032
408932,1,7,3,2.990202034947403
408952,1,7,4,0.3700090657260609
408958,1,7,2,13.335840905291226
408988,1,7,8,28.66409784659475
408989,1,7,1,17.1492739969508
409000,1,7,8,4.131331567248319
409020,1,7,9,13.270526827742538
409037,1,7,5,0.3700090141005197
409049,1,7,8,32.38888548849615
409070,1,7,6,27.553397227419666
409075,1,7,9,32.774984383879946
409092,1,7,9,32.468231044929716
409098,1,7,9,31.10051976834555
409103,1,7,10,25.28786235073359
409104,1,7,1,10.769111871541755
409109,1,7,8,31.086825339156718
409113,0,7,0,0.03610140533964219
409128,1,7,9,15.554653830686913
409134,1,7,6,29.55419985230034
409143,1,7,5,0.3700090141005197
409155,1,7,4,0.3700090657260609
409156,1,7,8,6.433316084835048
409158,1,7,3,3.233261868297205
409192,1,7,6,9.780500036714653
409197,1,7,9,15.838776882075923
409198,1,7,1,20.731921842922233
409222,1,7,1,7.519351634361438
409226,1,7,4,0.3700090657260609
409227,1,7,8,21.436694879332695
409235,1,7,10,13.984078322199926
409241,1,7,4,0.3700090657260609
409269,1,7,8,20.88187675227756
409275,1,7,3,1.3292221293494135
409276,1,7,6,22.37943211152301
409279,1,7,4,0.3700090657260609
409280,1,7,10,4.063627874816251
409286,1,7,4,0.3700090657260609
409312,1,7,2,9.525331588380777
409314,1,7,9,20.47173333162911
409318,0,7,0,0.045088021109598454
409350,1,7,1,26.920266582960224
409365,1,7,8,26.66281304133739
409380,1,7,1,22.060379867166276
409385,1,7,5,0.3700090141005197
409387,1,7,4,0.3700090657260609
409391,1,7,1,21.496368341653376
409395,1,7,8,8.586907871880252
409399,1,7,8,15.96691671929221
409409,1,7,3,0.7719003306871846
409423,1,7,6,21.772176492025768
409459,1,7,1,22.68080609669023
409466,1,7,8,25.680814963527382
409471,1,7,8,21.899324896689404
409484,1,7,6,29.473095984931874
409492,1,7,1,11.702004836506074
409516,0,7,0,0.0372292852111725
409523,1,7,6,24.803633272007968
409543,1,7,9,33.75911367514064
409553,1,7,9,4.450507487155571
409556,1,7,9,9.055577739486974
409559,1,7,9,23.654306242339313
409570,1,7,4,0.3700090657260609
409575,1,7,8,25.262767902619675
409584,1,7,4,0.3700090657260609
409588,1,7,4,0.3700090657260609
409610,1,7,10,6.134871142870763
409616,1,7,3,1.944286706130817
409618,1,7,8,36.063212416322344
409619,1,7,8,31.288906963598922
409620,1,7,1,15.924037968509012
409638,1,7,8,9.890363756138651
409660,1,7,1,3.836744253513186
409665,1,7,6,30.068529373062855
409670,1,7,2,6.552177725969572
409672,1,7,1,19.47609661013621
409679,1,7,8,22.81688358942999
409694,1,7,4,0.3700090657260609
409707,0,7,0,0.035106711054269525
409721,1,7,9,31.303750200157417
409722,1,7,5,0.3700090141005197
409729,1,7,5,0.3700090141005197
409732,1,7,2,12.885563180567068
409743,1,7,9,32.47582427650658
409746,1,7,10,18.524011444908016
409754,1,7,5,0.3700090141005197
409759,1,7,5,0.3700090141005197
409761,1,7,5,0.3700090141005197
409763,1,7,6,21.172591184646013
409781,1,7,1,23.52284528243611
409785,1,7,7,4.153565710857853
409788,1,7,3,3.1239826614179718
409790,1,7,9,9.26387201743346
409792,1,7,8,18.990768954272003
409798,1,7,1,19.577724061579787
409802,1,7,6,23.972980424072638
409805,1,7,8,10.38586097753756
409809,1,7,10,18.335029470035376
409811,1,7,5,0.3700090141005197
409812,1,7,9,23.602751314816942
409819,1,7,6,29.410995936477814
409822,1,7,6,25.195820752585544
409830,1,7,10,13.380975846835359
409873,1,7,9,13.690263736978832
409885,1,7,8,26.66584975808434
409905,1,7,3,2.777230637796851
409906,1,7,9,31.079668855748864
409925,1,7,5,0.3700090141005197
409934,1,7,6,29.208821662450784
409944,1,7,4,0.3700090657260609
409947,1,7,9,25.8403111352945
409951,1,7,1,28.015032982802296
409961,1,7,8,10.487471950976584
409978,1,7,8,9.024169208723967
409981,1,7,6,11.761119364689987
409985,1,7,7,0.7173885579144882
409992,1,7,6,6.8519809782441605
409999,1,7,7,6.230858482528425
410003,0,7,0,0.046761892879475506
410011,1,7,6,20.865586181755397
410032,1,7,6,26.657117130703444
410034,1,7,9,29.807433160030566
410043,1,7,9,30.64432506972751
410046,1,7,5,0.37000902039789374
410061,0,7,0,0.1709603619024798
410062,1,7,10,24.06672229685876
410065,1,7,6,28.337517314634653
410085,1,7,8,7.538994034223338
410106,1,7,8,27.128494492937314
410114,1,7,10,6.671419021251338
410116,1,7,5,0.3700090141005197
410142,1,7,5,0.3700090141005197
410147,1,7,7,0.9611410229703904
410165,1,7,7,6.505398079297994
410170,1,7,6,16.420783940473996
410176,1,7,10,19.900416978690682
410185,1,7,1,10.432557063280408
410189,1,7,9,19.86028283794862
410191,1,7,9,13.759574709805063
410211,1,7,9,32.432910836819474
410212,1,7,9,8.75118534409828
410223,1,7,5,0.3700090141005197
410231,1,7,8,22.237233096895597
410232,1,7,1,21.70611195612466
410233,0,7,0,0.04608826528358466
410240,1,7,8,32.28478098057348
410243,1,7,6,29.22091675485871
410252,1,7,9,16.31588481441908
410258,1,7,5,0.3700090141005197
410265,1,7,4,0.3700090657260609
410280,1,7,10,15.584381693546389
410283,1,7,5,0.3700090141005197
410297,1,7,5,0.3700090141005197
410303,1,7,6,17.13281308878007
410314,1,7,10,18.932688043993036
410330,1,7,9,12.167614025966467
410331,1,7,8,35.65319705085602
410341,1,7,9,15.800894103637711
410343,1,7,7,0.3617366043431489
410364,1,7,6,21.074947695892423
410368,1,7,5,0.3700090141005197
410378,1,7,7,5.992339582985211
410385,1,7,10,17.756386755461918
410394,1,7,8,34.64042264116159
410396,1,7,5,0.3700090141005197
410402,1,7,8,10.443785464632326
410441,1,7,3,3.1327041806969977
410447,1,7,5,0.3700090141005197
410450,1,7,5,0.3700090141005197
410455,1,7,9,33.30798408527313
410459,1,7,6,18.813667396142915
410463,1,7,7,6.0057832099345
410491,1,7,9,19.236985916246716
410506,1,7,3,2.781912055190108
410508,0,7,0,0.026403026025647366
410518,1,7,1,21.423901228386004
410520,1,7,6,29.774730397976118
410522,1,7,9,31.545177880522946
410523,1,7,7,3.968111342522635
410551,1,7,9,28.261690057634237
410568,1,7,9,33.168358500915716
410570,1,7,9,16.701027759513405
410579,1,7,8,19.548121766664266
410585,1,7,5,0.3700090141005197
410593,1,7,10,4.997952813696366
410595,1,7,5,0.3700090141005197
410597,1,7,2,5.686393745780585
410599,1,7,9,28.44636150187684
410615,1,7,6,19.46479262384469
410622,1,7,9,30.698989783233216
410632,1,7,7,2.066160485328399
410637,1,7,7,4.957399645343562
410638,1,7,10,25.428009034533996
410661,1,7,6,24.275504408325126
410671,1,7,8,33.2967758481039
410674,1,7,6,12.855796228726035
410680,1,7,8,26.138190614275658
410698,1,7,4,0.3700090657260609
410699,1,7,8,2.3306981794278876
410702,1,7,4,0.3700090657260609
410705,1,7,5,0.3700090141005197
410731,1,7,9,24.623830879158795
410743,1,7,4,0.3700090657260609
410751,1,7,1,21.55927384660132
410752,1,7,2,13.490307185273233
410763,1,7,8,36.080627642597285
410780,1,7,4,0.3700090657260609
410807,1,7,1,19.27674625540493
410814,1,7,4,0.3700090657260609
410845,0,7,0,0.06230376647469245
410847,1,7,9,22.732308356181598
410849,1,7,6,16.67747146165656
410858,1,7,4,0.3700090657260609
410869,1,7,8,31.08456659547656
410874,1,7,6,15.953309788765198
410928,1,7,6,9.04755773025919
410930,0,7,0,0.06182585934385216
410941,1,7,9,24.198183948171156
410951,1,7,9,31.016673834017002
410959,1,7,9,29.794513105417384
410961,1,7,8,26.77524348512223
410962,1,7,7,1.8353886451648789
410964,1,7,3,3.0939525729502972
410974,1,7,8,11.757922309910164
410988,1,7,1,21.368728187063827
411009,1,7,8,11.40606435889555
411024,1,7,9,11.4191556173668
411059,1,7,7,2.018706417441715
411062,1,7,10,6.5403923834809055
411093,1,7,1,3.770049543852912
411111,1,7,5,0.3700090141005197
411117,1,7,6,23.12605568453479
411125,1,7,9,32.44806162257054
411130,1,7,8,11.278519186057359
411152,0,7,0,0.03484066332816567
411160,1,7,5,0.3700090141005197
411165,1,7,8,30.372712258196998
411181,1,7,9,5.631821128089225
411199,1,7,7,6.434282134471667
411200,1,7,9,28.972201653979624
411222,1,7,5,0.3700090141005197
411235,1,7,8,27.795843847870795
411273,1,7,9,33.27263852849986
411276,1,7,8,14.363746031623855
411288,1,7,4,0.3700090657260609
411289,1,7,4,0.3700090657260609
411293,1,7,5,0.3700090141005197
411299,1,7,5,0.3700090141005197
411302,1,7,3,3.036976490452819
411336,1,7,4,0.3700090657260609
411354,1,7,3,0.9677316022303946
411366,1,7,8,14.368209616308087
411374,1,7,5,0.3700090141005197
411376,1,7,8,28.595449668806673
411379,1,7,5,0.3700090141005197
411406,1,7,3,2.2851293032307973
411416,1,7,6,30.484382034557935
411419,1,7,7,4.5044081853098366
411420,1,7,2,2.937739391820421
411426,1,7,2,7.462492913675304
411433,1,7,5,0.3700090141005197
411435,1,7,1,12.819082219824512
411447,1,7,8,29.970220670223608
411449,0,7,0,0.030849877758576994
411454,1,7,6,7.831439736325294
411474,1,7,8,4.15074038563139
411488,1,7,2,10.56489125538677
411489,1,7,9,27.74431255856726
411494,0,7,0,0.03280395287868686
411502,1,7,10,15.120249385128488
411508,1,7,6,14.180488668403658
411515,1,7,9,17.866998504233933
411524,1,7,2,11.629732391960179
411525,1,7,9,23.371744458903567
411550,1,7,6,27.426496643750184
411573,1,7,4,0.3700090657260609
411576,1,7,4,0.3700090657260609
411587,0,7,0,0.03456207934456869
411591,1,7,8,16.595962542061347
411592,1,7,5,0.3700090141005197
411594,1,7,4,0.3700090657260609
411598,1,7,10,26.0027328158641
411618,1,7,5,0.37000902039789374
411639,1,7,8,9.436297983223444
411648,1,7,4,0.3700090657260609
411655,1,7,1,21.543065270120344
411697,1,7,8,27.2177348305606
411700,1,7,10,26.026752408296367
411705,1,7,9,18.109135868469988
411711,1,7,4,0.3700090657260609
411741,1,7,6,12.153952787275216
411746,1,7,6,30.220705772367918
411756,1,7,10,21.55742358230476
411761,1,7,10,20.9929902140597
411764,0,7,0,0.033770065372624655
411770,1,7,6,30.639536277216564
411772,1,7,10,19.343302111021544
411783,1,7,9,32.42853887851697
411787,1,7,9,31.018731740419625
411798,1,7,4,0.3700090657260609
411802,0,7,0,0.027476615061881548
411803,1,7,10,15.821874980093947
411805,1,7,6,13.473651156540656
411806,1,7,6,26.960472946082042
411833,1,7,7,4.185213129039085
411838,1,7,8,9.432055351536825
411847,1,7,3,3.144711404466178
411849,1,7,1,15.111587208185755
411855,1,7,4,0.3700090657260609
411876,1,7,10,8.270092363070384
411902,1,7,5,0.3700090141005197
411932,1,7,5,0.3700090141005197
411939,1,7,8,18.643254783614623
411957,1,7,9,33.686828423958964
411960,0,7,0,0.03195444241077965
411969,0,7,0,0.03440086812416658
411975,1,7,1,22.183514636930763
411977,1,7,8,15.66176617122288
411983,1,7,5,0.3700090141005197
411991,1,7,9,32.97035670277937
412023,1,7,1,5.013920797551876
412035,1,7,9,32.521613044100704
412072,1,7,4,0.3700090657260609
412082,1,7,6,19.920585283475276
412086,1,7,4,0.3700090657260609
412103,1,7,9,30.166627820595593
412110,1,7,7,5.786337420346534
412118,1,7,4,0.3700090657260609
412120,1,7,4,0.3700090657260609
412133,0,7,0,0.03425498819500154
412155,1,7,10,11.775056689784023
412160,1,7,6,28.711853488659184
412166,1,7,1,23.78764044782364
412175,1,7,9,22.69290125728713
412179,1,7,5,0.3700090141005197
412193,1,7,7,0.34385301982578853
412202,1,7,8,11.503885952850426
412207,1,7,4,0.3700090657260609
412221,1,7,1,26.37806923824997
412222,1,7,9,32.51189436293132
412248,1,7,5,0.3700090141005197
412252,1,7,4,0.3700090657260609
412262,1,7,6,12.211363737919644
412281,1,7,10,22.874960579449045
412284,1,7,2,4.097603890732215
412292,1,7,10,22.40038361477869
412302,1,7,6,21.220123145196354
412309,1,7,10,23.085225097453954
412314,1,7,7,2.923910734873507
412326,1,7,4,0.3700090657260609
412351,1,7,5,0.3700090141005197
412352,1,7,10,10.941495501524832
412355,1,7,8,19.600316932959643
412359,1,7,10,5.598829211375621
412378,1,7,4,0.3700090657260609
412397,1,7,2,10.080326416690768
412401,1,7,1,27.489836710646014
412402,1,7,1,18.60748960280913
412407,1,7,9,23.908838761718066
412427,1,7,6,16.56502932013657
412441,1,7,9,30.66775801205543
412444,1,7,5,0.3700090141005197
412448,1,7,8,20.436073955200904
412491,1,7,9,18.52877244460751
412507,1,7,7,2.629301904065149
412510,1,7,4,0.3700090657260609
412513,1,7,9,24.720697133710154
412522,1,7,1,9.763371348491864
412525,1,7,5,0.3700090141005197
412535,1,7,10,14.264005841893384
412543,1,7,1,25.6534954831627
412550,1,7,5,0.3700090141005197
412566,1,7,8,24.441134018289745
412575,1,7,9,15.168096463915665
412581,0,7,0,0.17296198347670294
412582,1,7,9,23.480683208229582
412586,1,7,8,33.97334380478604
412589,1,7,8,21.228483611722957
412593,1,7,4,0.3700090656202526
412597,1,7,4,0.3700090656202526
412604,1,7,10,11.114583836748334
412607,1,7,5,0.3700090141005197
412626,1,7,5,0.3700090141005197
412633,1,7,10,21.018679523045943
412642,1,7,1,18.984356404378897
412645,1,7,8,15.077833799648909
412668,1,7,8,23.938287934452465
412690,1,7,2,16.00613603128148
412705,1,7,4,0.3700090657260609
412725,1,7,6,22.87978264699722
412732,1,7,7,4.14751964258682
412752,1,7,1,25.124378881790616
412756,1,7,9,24.534303216779307
412776,1,7,9,26.41078821819361
412778,1,7,2,7.238785188839531
412782,1,7,5,0.3700090141005197
412787,1,7,5,0.3700090141005197
412789,1,7,8,35.16985942812912
412796,1,7,8,2.8794254059361175
412809,1,7,5,0.3700090141005197
412814,1,7,5,0.3700090141005197
412819,1,7,5,0.3700090141005197
412832,1,7,2,2.9060450556591713
412840,1,7,10,9.919335130499546
412841,1,7,6,11.498403104103712
412842,0,7,0,0.04188481647504684
412843,0,7,0,0.04727909448885003
412848,1,7,4,0.3700090657260609
412849,1,7,9,22.763927165690866
412851,0,7,0,0.039594481772126267
412856,1,7,9,18.872121785128098
412865,1,7,5,0.37000902039789374
412888,1,7,8,26.063128527018275
412902,1,7,9,26.9502177386417
412906,1,7,4,0.3700090657260609
412908,1,7,8,9.0061863408283
412923,0,7,0,0.05837138655323314
412928,1,7,8,20.790992577128897
412940,1,7,6,27.122760635302914
412943,1,7,9,26.380306182919114
412944,1,7,10,4.233582365186642
412945,1,7,5,0.3700090141005197
412950,1,7,9,24.252125786663697
412967,1,7,4,0.3700090657260609
412980,0,7,0,0.03553458478533662
412982,1,7,6,30.397407586372356
413005,1,7,6,14.677497325284742
413006,1,7,8,22.109401323911282
413009,1,7,8,27.270277853805293
413021,0,7,0,0.15251622098171044
413022,1,7,9,23.88068765973418
413045,1,7,8,27.53679951930647
413046,1,7,6,12.955258157506142
413049,1,7,4,0.3700090657260609
413074,1,7,10,6.703916113759026
413079,1,7,3,2.580974807614211
413085,1,7,6,21.394534621811303
413099,1,7,10,24.794090682735117
413105,1,7,4,0.3700090657260609
413109,1,7,7,0.6515816627291156
413110,1,7,9,19.80955216935085
413112,1,7,4,0.3700090657260609
413116,1,7,7,0.7227803544562225
413118,1,7,1,9.84947914623239
413124,1,7,9,23.221009389256636
413152,1,7,9,25.375951129283273
413156,1,7,9,31.29354336375169
413166,1,7,10,15.995964594053579
413168,1,7,4,0.3700090657260609
413171,1,7,5,0.3700090141005197
413186,1,7,6,29.93741039844384
413192,1,7,8,6.97587082674873
413194,1,7,8,20.77952749937619
413199,1,7,6,27.499416545100317
413202,1,7,8,31.861055293232496
413210,1,7,8,35.76186313546864
413220,1,7,4,0.3700090657260609
413221,1,7,9,27.275011347120223
413230,1,7,6,26.998561254080045
413235,1,7,8,29.228380045428136
413238,1,7,8,17.393841760649217
413240,1,7,9,17.986451306197804
413245,1,7,6,19.412204180332264
413250,1,7,5,0.3700090141005197
413257,1,7,5,0.3700090141005197
413266,1,7,4,0.3700090657260609
413270,1,7,5,0.3700090141005197
413277,1,7,4,0.3700090657260609
413292,1,7,9,19.826884105539268
413297,1,7,10,14.961476661042475
413302,1,7,2,8.79665043969205
413314,1,7,6,27.432704945287785
413339,1,7,3,2.935783709880039
413349,1,7,3,2.8136469319159465
413365,0,7,0,0.03281526787472003
413371,1,7,4,0.3700090656202526
413387,1,7,4,0.3700090657260609
413393,1,7,10,18.961510241071885
413412,1,7,8,35.457309058040444
413419,1,7,4,0.3700090657260609
413431,1,7,8,8.411038283020556
413432,1,7,8,31.442023591845
413444,1,7,9,33.65233495036148
413465,1,7,6,15.650568057489021
413470,1,7,6,22.506043180214576
413479,1,7,8,30.433184684871343
413482,1,7,6,21.818386477607454
413554,1,7,4,0.3700090657260609
413572,1,7,5,0.3700090141005197
413578,0,7,0,0.04712603903376579
413599,1,7,5,0.3700090141005197
413604,1,7,8,15.700100667922333
413626,1,7,9,18.83552580687942
413628,1,7,8,27.375634463802097
413640,1,7,10,22.235254528500818
413645,1,7,5,0.3700090141005197
413647,1,7,4,0.3700090657260609
413683,1,7,4,0.3700090657260609
413689,1,7,9,26.215765254807867
413696,1,7,4,0.3700090657260609
413701,1,7,7,6.251322658047497
413714,1,7,5,0.3700090141005197
413718,1,7,1,7.39559047656535
413721,1,7,9,22.9983860113527
413735,1,7,4,0.3700090657260609
413742,1,7,5,0.3700090141005197
413759,0,7,0,0.038407692567651856
413765,1,7,8,10.602783596139004
413768,1,7,8,35.297026882441536
413796,1,7,4,0.3700090657260609
413801,1,7,1,12.170747681744025
413810,1,7,6,22.243459276264556
413820,1,7,10,21.600211124414557
413838,1,7,4,0.3700090657260609
413848,1,7,5,0.3700090141005197
413855,0,7,0,0.04345100556476466
413865,1,7,9,25.05636830549734
413869,0,7,0,0.039129503062844906
413903,1,7,4,0.3700090657260609
413904,1,7,8,19.448325798270073
413907,1,7,9,27.433185280489095
413929,1,7,9,26.52254337462091
413942,1,7,4,0.3700090657260609
413946,1,7,1,11.117027824279127
413960,1,7,8,8.017379117143648
413971,1,7,1,9.850687081827827
414000,1,7,4,0.3700090657260609
414009,1,7,8,11.178769620153034
414011,1,7,4,0.3700090657260609
414029,1,7,8,26.78560850535979
414033,1,7,6,15.158954076019725
414041,0,7,0,0.03770834982469661
414050,1,7,6,30.385402653268688
414064,1,7,9,26.21244894717432
414077,1,7,5,0.3700090141005197
414097,1,7,6,20.86787887190908
414109,1,7,9,31.51539303063406
414120,1,7,5,0.3700090141005197
414123,1,7,8,5.355735684437594
414126,1,7,3,2.766681173927618
414132,1,7,5,0.3700090141005197
414168,1,7,1,21.415190177853955
414173,1,7,7,0.6667014967079515
414174,1,7,6,28.98155293707626
414187,1,7,7,2.6387386057094946
414194,0,7,0,0.038566975939758226
414197,1,7,5,0.3700090141005197
414203,1,7,3,3.093019283220937
414216,1,7,6,21.37950544506899
414231,1,7,7,0.9593580373061336
414242,1,7,6,17.330385673172298
414254,1,7,6,24.3333814669702
414260,1,7,3,3.2398346023656304
414275,1,7,6,29.992577535904072
414280,1,7,9,19.906753530219536
414283,1,7,8,32.418641854073634
414288,1,7,5,0.3700090141005197
414296,1,7,5,0.3700090141005197
414302,1,7,9,21.937899386631894
414305,1,7,5,0.3700090141005197
414311,1,7,8,21.55808988802314
414324,1,7,1,15.420508559934573
414334,1,7,4,0.3700090657260609
414337,1,7,9,19.54736958913701
414340,1,7,1,23.29987872718786
414349,1,7,8,19.59034953627133
414350,1,7,8,26.02919916569679
414359,1,7,7,2.950210309554327
414363,1,7,6,20.13556972819295
414367,1,7,9,27.018007563941627
414374,1,7,5,0.37000902039789374
414375,1,7,9,33.12636676575834
414377,1,7,9,30.628803816414457
414382,1,7,3,2.458695371296041
414390,1,7,8,11.162697125452997
414400,1,7,4,0.3700090657260609
414430,1,7,3,3.1335185492675985
414433,1,7,9,19.512785384382294
414465,1,7,1,21.88686470110028
414473,1,7,8,14.71830028833036
414492,1,7,4,0.3700090657260609
414509,1,7,5,0.3700090141005197
414540,1,7,4,0.3700090657260609
414551,1,7,9,22.63470488596654
414554,1,7,5,0.3700090141005197
414558,1,7,5,0.3700090141005197
414572,1,7,8,6.627604412622727
414579,1,7,9,23.418127074881713
414587,1,7,7,5.9953665591256255
414613,1,7,1,23.468186127011204
414642,0,7,0,0.030173355119225264
414645,1,7,8,27.763082762935973
414648,1,7,5,0.3700090141005197
414675,1,7,8,24.042341740100472
414676,1,7,2,16.112059967589133
414688,1,7,6,17.660665375422365
414736,1,7,9,4.511268995926608
414764,1,7,6,18.722782905639843
414780,1,7,10,6.665037027087385
414782,1,7,5,0.3700090141005197
414785,1,7,5,0.3700090141005197
414812,1,7,6,14.158807464745637
414813,1,7,8,33.75733809640074
414819,1,7,8,18.465286211348506
414827,1,7,5,0.3700090141005197
414828,1,7,6,13.031375839825184
414829,1,7,5,0.3700090141005197
414852,1,7,8,6.8577818190295075
414861,1,7,9,14.803871565976777
414885,1,7,9,29.073173734945538
414895,1,7,10,16.6649475641439
414909,1,7,4,0.3700090657260609
414912,1,7,4,0.3700090657260609
414925,1,7,9,16.582958917767993
414934,1,7,2,9.126827835856574
414939,1,7,6,29.420481020883088
414941,0,7,0,0.039743967523381045
414944,1,7,4,0.3700090657260609
414956,1,7,5,0.3700090141005197
414958,1,7,10,4.626072817666734
414961,0,7,0,0.04698967414063473
414970,1,7,4,0.3700090657260609
414974,1,7,6,15.3748516616842
414984,1,7,7,2.2321881075214365
414989,1,7,9,22.14948737187537
414995,1,7,4,0.3700090657260609
415006,1,7,10,10.74909831448023
415018,1,7,5,0.3700090141005197
415027,1,7,9,13.130398223112612
415044,0,7,0,0.039931061188633654
415053,0,7,0,0.04553404407154234
415067,0,7,0,0.032517304593604954
415074,0,7,0,0.035868192293648404
415088,1,7,4,0.3700090657260609
415117,1,7,4,0.3700090656202526
415124,1,7,5,0.37000902039789374
415130,1,7,8,31.113107947983085
415133,1,7,2,14.130928599487069
415154,1,7,6,19.03076892140096
415165,1,7,6,5.936931607205436
415178,1,7,9,4.3924492109884845
415186,1,7,10,12.97980374517098
415189,1,7,1,20.431410221405695
415215,1,7,9,26.51995957915511
415230,1,7,7,4.328918090664194
415233,1,7,5,0.3700090141005197
415243,1,7,8,12.132100766313652
415244,1,7,8,10.415862904341331
415257,1,7,9,32.6675202814715
415288,1,7,6,15.413325017620414
415292,1,7,8,24.272833015407123
415294,0,7,0,0.04445166920807315
415306,1,7,2,15.527370478235776
415331,1,7,7,1.755192093856108
415338,0,7,0,0.04701471433773489
415349,0,7,0,0.032864688731679345
415359,1,7,9,23.818994943464915
415365,1,7,6,25.41671411707775
415371,1,7,4,0.3700090657260609
415373,1,7,7,6.243171085622013
415380,1,7,9,32.83141848667391
415391,1,7,5,0.3700090141005197
415392,1,7,8,15.630836909087547
415406,1,7,9,13.888351638777596
415414,1,7,5,0.3700090141005197
415433,1,7,8,31.82213740688413
415438,1,7,8,28.66661466906308
415444,1,7,10,20.741835472974874
415470,1,7,7,5.978212994672104
415475,0,7,0,0.0388793787973863
415493,1,7,5,0.3700090141005197
415511,1,7,2,5.650842115747021
415519,0,7,0,0.03706072205041896
415532,1,7,9,22.576214585571652
415545,1,7,4,0.3700090657260609
415550,1,7,5,0.3700090141005197
415555,1,7,3,2.9335686303959565
415586,1,7,6,12.262201476973283
415622,1,7,5,0.3700090141005197
415623,1,7,9,33.460454381044464
415640,1,7,4,0.3700090657260609
415649,1,7,3,1.9771756468151394
415657,1,7,6,29.2504344966507
415661,0,7,0,0.03685786894331976
415677,1,7,5,0.3700090141005197
415695,1,7,9,30.978451901975816
415707,0,7,0,0.04539507424121002
415710,1,7,10,25.926858040351608
415720,1,7,8,24.161318047416483
415721,0,7,0,0.0408547526770723
415723,1,7,1,15.792272282578518
415731,1,7,5,0.3700090141005197
415748,1,7,10,17.117143512953106
415766,1,7,4,0.3700090657260609
415770,1,7,4,0.3700090657260609
415775,1,7,7,2.6749758919086566
415781,1,7,1,27.64929469947738
415789,1,7,5,0.3700090141005197
415802,1,7,6,28.962810239082323
415807,1,7,8,16.91595859897351
415808,1,7,8,11.982251965980703
415817,1,7,5,0.3700090141005197
415841,1,7,6,10.566840155460627
415842,1,7,10,22.799423280559573
415864,1,7,9,14.924176734144128
415889,1,7,3,3.1926610722681708
415897,1,7,8,11.843062986217534
415898,1,7,10,26.013049166652834
415903,1,7,6,22.91571223681725
415915,1,7,6,12.61973296796052
415932,1,7,10,16.53321320615407
415942,1,7,9,33.004446589137665
415961,1,7,4,0.3700090657260609
415964,1,7,7,4.016367771406253
415968,1,7,9,20.381297901173255
415978,1,7,6,27.006664197246533
415981,1,7,5,0.3700090141005197
415984,1,7,3,3.2259248856428835
416017,1,7,9,33.68213604354617
416020,1,7,6,27.315614477068852
416064,1,7,1,18.219680673675825
416071,0,7,0,0.039550135238956695
416074,1,7,3,3.117048402252624
416084,1,7,6,17.273571446851683
416085,1,7,8,15.167083562303851
416096,1,7,9,32.87951937013784
416105,1,7,4,0.3700090657260609
416109,1,7,7,5.649402927651817
416113,1,7,4,0.3700090657260609
416124,1,7,1,8.294349094407947
416132,1,7,8,36.10207129850941
416154,1,7,9,27.453132745107013
416158,1,7,10,15.605135434901788
416160,1,7,4,0.3700090657260609
416172,1,7,9,20.12158888839269
416173,1,7,4,0.3700090657260609
416182,1,7,8,26.48965566937384
416187,0,7,0,0.046456432918543095
416196,1,7,6,29.102607600280397
416256,1,7,5,0.3700090141005197
416274,1,7,8,15.739968221236298
416277,1,7,4,0.3700090657260609
416293,1,7,4,0.3700090657260609
416300,1,7,6,9.691940164576515
416301,1,7,4,0.3700090657260609
416315,1,7,8,25.656102373127755
416341,1,7,9,32.788946137874916
416349,1,7,9,6.404427108412246
416363,1,7,4,0.3700090657260609
416369,1,7,6,30.50783934776982
416374,1,7,9,13.741172651904616
416385,1,7,5,0.3700090141005197
416392,1,7,6,13.05432309237111
416420,1,7,9,29.228906876587473
416424,0,7,0,0.03596965078558093
416426,1,7,7,4.819512967735788
416440,1,7,8,24.368597172735647
416480,1,7,2,12.670506714938966
416489,1,7,2,2.1798732243920975
416507,1,7,4,0.3700090657260609
416508,1,7,4,0.3700090657260609
416521,0,7,0,0.039754118990260816
416530,1,7,6,13.524379514639051
416534,1,7,7,1.6493499856314098
416538,1,7,1,6.928884029625409
416543,1,7,9,7.142000419447499
416545,1,7,5,0.3700090141005197
416560,1,7,6,4.339000704568402
416568,1,7,2,3.432399200396009
416572,1,7,10,14.517270950473751
416581,1,7,7,3.5365910617724743
416607,1,7,7,5.042628348120579
416622,1,7,6,9.822275170193286
416626,1,7,7,0.4640238593150758
416629,1,7,6,30.504686652007596
416636,1,7,10,12.829150361271235
416641,1,7,5,0.3700090141005197
416655,1,7,10,10.03521689289634
416656,1,7,3,2.658669569101843
416670,1,7,5,0.3700090141005197
416686,1,7,2,12.594723317562021
416696,1,7,6,27.50485080994132
416698,1,7,6,8.530645023674934
416699,1,7,6,21.134224422663614
416706,1,7,6,13.663849860672467
416710,1,7,3,3.222341453195497
416717,1,7,4,0.3700090657260609
416737,1,7,1,10.278716821310534
416738,1,7,10,25.055979959844915
416746,1,7,5,0.3700090141005197
416747,1,7,5,0.3700090141005197
416767,1,7,7,5.460380993773052
416772,0,7,0,0.03905609176127619
416775,1,7,8,28.5886965959691
416780,1,7,9,31.40262264088694
416783,1,7,6,13.992121656177368
416792,1,7,9,21.801243496791813
416795,1,7,5,0.3700090141005197
416797,1,7,9,29.181250735282152
416801,1,7,6,27.653669325600823
416817,1,7,5,0.3700090141005197
416819,1,7,5,0.3700090141005197
416828,1,7,9,20.296675160327304
416834,1,7,1,12.927907879683854
416836,1,7,9,16.266526663033844
416844,1,7,10,24.345545594487042
416882,1,7,7,3.2465801566540073
416888,1,7,8,26.971637698572724
416889,1,7,5,0.3700090141005197
416891,1,7,4,0.3700090657260609
416897,1,7,9,28.838453021349096
416904,1,7,8,22.612471118497872
416920,1,7,4,0.3700090657260609
416922,1,7,6,5.0616677719103516
416924,1,7,8,12.575883321796892
416929,1,7,4,0.3700090657260609
416937,1,7,9,25.044475460681774
416938,1,7,6,29.728968183695578
416957,1,7,4,0.3700090657260609
416972,1,7,8,26.589862182563138
416975,1,7,3,3.1165561977457212
416993,1,7,6,28.473583322714873
416996,1,7,8,23.985219913267674
417008,1,7,9,16.169450176913937
417009,1,7,2,6.7511652394773725
417012,1,7,5,0.3700090141005197
417014,0,7,0,0.023271654391250774
417026,1,7,8,26.558503681002417
417029,1,7,4,0.3700090657260609
417032,1,7,10,18.046383780609883
417049,1,7,10,15.521566687733696
417052,1,7,4,0.3700090657260609
417069,0,7,0,0.04485891780115657
417073,1,7,10,17.52119325716815
417074,1,7,9,5.148340368681373
417083,1,7,3,3.1685017246349734
417090,1,7,1,25.674604697957783
417095,1,7,7,6.053876725961555
417100,1,7,2,6.489080628963925
417102,1,7,7,2.0148104200512504
417119,1,7,6,20.428676751907954
417126,1,7,9,12.462718571237586
417151,1,7,4,0.3700090657260609
417172,1,7,10,13.630780998870998
417184,1,7,7,6.065053986022998
417207,1,7,6,21.374833864967524
417211,1,7,4,0.3700090657260609
417219,1,7,6,12.671147497557008
417223,1,7,6,22.719891759571095
417226,1,7,10,7.553097237899348
417236,1,7,8,18.606644316901548
417246,1,7,6,22.15302780401217
417251,1,7,5,0.3700090141005197
417252,1,7,9,10.127605488245948
417276,1,7,5,0.3700090141005197
417278,1,7,8,22.624278614178447
417279,1,7,6,20.61983173436361
417286,1,7,6,24.80913345811743
417298,1,7,4,0.3700090656202526
417310,1,7,4,0.3700090656202526
417314,1,7,9,11.691981943153245
417323,1,7,6,27.44659287944485
417353,1,7,7,1.3927089566258284
417361,1,7,5,0.3700090141005197
417370,1,7,7,4.782997465466095
417372,1,7,5,0.3700090141005197
417420,1,7,4,0.3700090657260609
417424,1,7,9,32.007914483074345
417426,1,7,6,21.705833982360385
417446,1,7,4,0.3700090657260609
417448,1,7,9,9.039682389795566
417463,1,7,7,4.388298828622164
417465,1,7,1,19.946693004346695
417466,1,7,6,17.62411213552683
417475,1,7,9,5.086829244883423
417477,1,7,4,0.3700090657260609
417482,1,7,1,13.614462366040607
417484,1,7,9,29.578643235120204
417506,1,7,6,24.608219015660637
417517,1,7,5,0.3700090141005197
417530,1,7,2,13.483410154381016
417541,1,7,6,11.368293038229684
417545,1,7,6,28.556563268284265
417560,0,7,0,0.02454099275122117
417567,1,7,5,0.3700090141005197
417568,1,7,1,22.842943400954397
417573,1,7,5,0.3700090141005197
417583,1,7,8,25.390635918049988
417619,1,7,1,23.214412219397218
417621,1,7,9,21.90535229154432
417624,1,7,1,26.70639413369298
417629,0,7,0,0.027684979239268243
417633,1,7,5,0.3700090141005197
417645,1,7,5,0.3700090141005197
417670,1,7,8,18.69582189459368
417674,1,7,10,22.262009493388923
417681,1,7,8,24.857654056820508
417682,0,7,0,0.1244798551218974
417693,1,7,2,6.4891074793534
417711,1,7,8,30.685709744580265
417712,1,7,10,13.001059345607713
417721,1,7,9,18.86421011703108
417728,1,7,9,24.08767297737505
417734,1,7,8,15.036807344030349
417738,1,7,5,0.3700090141005197
417750,1,7,3,3.1932709722821073
417757,1,7,9,13.55988666583029
417769,1,7,6,14.419744518575337
417775,1,7,6,15.904717443846964
417781,0,7,0,0.0338058197485313
417805,1,7,9,2.446972402358279
417811,1,7,2,8.034176131381926
417817,1,7,3,3.2147276472310753
417830,1,7,4,0.3700090657260609
417847,1,7,5,0.3700090141005197
417854,1,7,6,25.30706734705152
417860,1,7,5,0.3700090141005197
417872,1,7,4,0.3700090657260609
417890,1,7,2,13.943497026426362
417892,1,7,6,30.52947995563907
417900,1,7,9,25.179788610847364
417903,1,7,6,22.48661403119563
417913,1,7,9,22.97131619814953
417937,1,7,9,13.893419673176373
417951,1,7,9,11.051913622182097
417964,1,7,5,0.3700090141005197
417975,1,7,4,0.3700090657260609
417998,1,7,5,0.3700090141005197
418006,1,7,8,21.010264711017996
418014,1,7,10,12.561149650924209
418025,1,7,9,27.01851577774627
418027,1,7,8,26.888286009633976
418029,1,7,5,0.3700090141005197
418037,1,7,7,2.116029645579702
418054,1,7,10,9.778708788918491
418056,1,7,8,32.70418405401417
418068,1,7,4,0.3700090657260609
418069,1,7,8,22.016762470526146
418073,1,7,5,0.3700090141005197
418090,1,7,9,23.656490640944565
418103,1,7,1,22.760596193081668
418127,1,7,4,0.3700090657260609
418150,1,7,9,27.324204984841305
418200,1,7,5,0.3700090141005197
418203,1,7,2,9.456172427009694
418211,1,7,4,0.3700090657260609
418212,1,7,6,25.685778848054625
418236,1,7,7,0.9571845010269338
418237,1,7,1,6.019642995436345
418254,1,7,4,0.3700090657260609
418255,1,7,8,32.04481491644446
418282,0,7,0,0.03339790615458643
418283,1,7,9,26.930547768112397
418287,1,7,6,26.705884880818235
418288,1,7,6,14.047297192337581
418291,1,7,9,32.17730602828412
418307,1,7,7,6.455657587624895
418319,1,7,9,20.069003534994938
418320,1,7,8,10.218761247615875
418327,1,7,8,11.234739551483193
418335,1,7,9,24.198725403962015
418370,1,7,5,0.3700090141005197
418372,1,7,9,30.71000981705513
418388,1,7,9,9.61930639381804
418391,1,7,10,17.079898022870264
418400,1,7,2,16.141363845898923
418404,1,7,4,0.3700090657260609
418408,1,7,8,25.382384394093375
418411,1,7,5,0.3700090141005197
418412,1,7,2,12.97911326460343
418424,1,7,5,0.3700090141005197
418431,1,7,5,0.3700090141005197
418437,1,7,5,0.3700090141005197
418459,1,7,5,0.3700090141005197
418474,1,7,3,2.984446627547419
418484,1,7,6,19.092850288216166
418487,1,7,8,9.48696412566573
418507,1,7,2,14.326233251771601
418531,1,7,1,21.4561142030017
418546,1,7,8,26.25446033336134
418547,1,7,5,0.3700090141005197
418554,1,7,8,31.015295094219027
418581,1,7,9,32.68442948026885
418583,1,7,10,10.208955482105845
418591,1,7,9,32.54381785958134
418606,1,7,10,24.345097161893843
418611,1,7,7,3.03390513162393
418631,1,7,6,30.639661378977593
418652,1,7,9,20.482564261873115
418677,1,7,5,0.3700090141005197
418695,1,7,6,10.21953932467785
418710,1,7,9,3.7377832326736797
418740,1,7,6,28.661765897838272
418743,1,7,9,33.034525870629146
418746,1,7,5,0.3700090141005197
418759,1,7,9,29.66524410846991
418763,1,7,10,13.160029670546523
418768,1,7,4,0.3700090657260609
418789,1,7,3,3.191048428394182
418806,1,7,4,0.3700090657260609
418822,1,7,9,13.716667805191069
418849,1,7,5,0.3700090141005197
418858,0,7,0,0.036274731934803586
418862,0,7,0,0.03306121217878776
418864,1,7,5,0.3700090141005197
418872,1,7,6,19.042554153188508
418877,1,7,8,28.60111474767458
418884,1,7,1,5.992017872502818
418893,1,7,3,3.052281375823958
418913,1,7,2,1.8199419168452213
418923,1,7,5,0.3700090141005197
418931,1,7,9,26.57956052577874
418946,1,7,8,36.05261694407373
418959,1,7,4,0.3700090657260609
418963,1,7,7,5.793463956652583
418978,1,7,6,30.33408945607931
418985,1,7,9,15.207549517600762
418990,1,7,7,1.319996816075607
418998,1,7,2,4.115603102340616
419000,1,7,5,0.37000902039789374
419002,1,7,5,0.3700090141005197
419004,1,7,6,9.21186038345393
419015,1,7,5,0.3700090141005197
419019,1,7,5,0.3700090141005197
419037,1,7,3,2.700331476675839
419042,1,7,10,14.823351766290324
419049,1,7,8,24.881792987207184
419053,0,7,0,0.03806635507824919
419059,1,7,4,0.3700090657260609
419061,1,7,9,13.779735550601336
419069,1,7,9,26.75229813842217
419070,1,7,8,23.048680753861323
419085,1,7,6,25.094344245335712
419089,1,7,8,29.001818028938853
419090,0,7,0,0.030842878895365015
419104,1,7,9,3.29456630922189
419105,1,7,6,17.59889035936621
419107,1,7,5,0.3700090141005197
419112,1,7,9,33.606233578303815
419116,1,7,5,0.3700090141005197
419124,1,7,8,25.048785315116035
419135,1,7,4,0.3700090657260609
419143,1,7,5,0.3700090141005197
419154,1,7,8,30.435902935596197
419158,1,7,4,0.3700090657260609
419165,1,7,8,28.079728769301756
419170,1,7,9,5.388011943383352
419177,0,7,0,0.031171360996988338
419189,1,7,8,21.750608493816312
419200,1,7,10,16.211505250549912
419204,1,7,6,9.238871941393612
419207,1,7,10,8.242845082719557
419240,0,7,0,0.041975916063523924
419247,1,7,4,0.3700090657260609
419255,1,7,8,27.316384053836206
419265,1,7,5,0.3700090141005197
419275,1,7,8,35.12980754919349
419278,1,7,1,23.151867192937747
419289,1,7,4,0.3700090657260609
419294,1,7,9,32.17649199401616
419301,1,7,5,0.3700090141005197
419306,1,7,8,22.647387080226306
419315,1,7,10,11.900357174615158
419325,1,7,9,25.435407001755415
419333,1,7,8,9.737708125372516
419336,1,7,4,0.3700090657260609
419359,1,7,9,18.854988749454066
419361,1,7,9,6.300669015755185
419369,1,7,4,0.3700090657260609
419393,1,7,10,25.895125634930068
419401,1,7,8,28.66087685871662
419408,1,7,6,26.98801043487285
419415,1,7,5,0.3700090141005197
419417,0,7,0,0.038168360018323834
419429,1,7,5,0.3700090141005197
419433,1,7,9,13.03299725220138
419446,1,7,5,0.3700090141005197
419451,1,7,5,0.3700090141005197
419455,1,7,5,0.3700090141005197
419458,1,7,9,15.436350329779911
419468,1,7,6,13.246616649465782
419470,1,7,8,27.318176484642432
419472,1,7,4,0.3700090656202526
419489,1,7,6,29.086566221620934
419491,1,7,6,16.927090867573217
419514,1,7,6,30.389769542646693
419515,1,7,10,7.026274502825104
419516,0,7,0,0.030558092046023656
419524,1,7,6,10.383698078327969
419540,1,7,9,33.23299320203972
419546,1,7,4,0.3700090657260609
419591,1,7,5,0.3700090141005197
419597,1,7,7,2.2472571241294137
419608,1,7,6,17.618106718814264
419612,1,7,5,0.3700090141005197
419613,1,7,6,29.230387751662256
419616,1,7,10,10.40230732495588
419628,1,7,9,14.164508175581302
419630,1,7,9,5.931326075092786
419641,1,7,5,0.3700090141005197
419649,1,7,5,0.3700090141005197
419650,1,7,1,4.201523749191689
419661,1,7,9,13.550399306480104
419662,1,7,2,11.115944174331057
419673,1,7,10,16.626072126832685
419684,1,7,9,23.602180545468574
419689,1,7,3,2.138926569462097
419690,1,7,6,25.418338547878808
419694,1,7,10,7.218803365629245
419695,1,7,3,2.902867540389623
419713,1,7,5,0.3700090141005197
419724,1,7,9,12.437062364570359
419739,1,7,10,18.47398657350662
419744,1,7,8,20.099642986554542
419756,1,7,9,24.95506980212723
419780,1,7,4,0.3700090656202526
419800,1,7,9,33.04724119777066
419808,1,7,7,5.526981714428174
419813,1,7,4,0.3700090657260609
419823,1,7,1,7.156159961429796
419824,1,7,5,0.3700090141005197
419826,1,7,1,13.38249315238134
419828,1,7,9,20.215552970181033
419838,1,7,2,13.678198454617286
419842,1,7,10,24.92575957331679
419850,1,7,4,0.3700090657260609
419864,1,7,10,22.334104356281745
419886,1,7,6,9.449473618734592
419902,0,7,0,0.03618611743401919
419913,1,7,9,6.713226676766482
419915,1,7,9,20.736530449512724
419918,1,7,7,2.520117697063746
419938,1,7,10,6.110710526426502
419970,1,7,6,11.800025305923464
419975,1,7,8,35.85076912819846
419977,1,7,8,30.292068009633084
419982,1,7,8,35.02027859667583
419984,1,7,1,17.813091424579675
420019,1,7,6,16.913227596950897
420022,1,7,9,26.08654974055866
420027,1,7,8,25.656209587482877
420045,1,7,3,3.165710518626766
420060,1,7,4,0.3700090657260609
420073,1,7,8,30.42874990089811
420074,1,7,7,5.281138977967729
420105,1,7,7,2.6310296416938743
420125,1,7,4,0.3700090656202526
420129,1,7,9,20.302762355004724
420144,1,7,6,28.412664924378724
420151,1,7,9,33.30580160442914
420160,1,7,6,20.184441336472275
420180,0,7,0,0.04706592670845557
420181,1,7,10,4.3337847556057065
420182,1,7,10,26.012606175563366
420183,1,7,1,9.125683215028062
420185,1,7,8,28.310203792835484
420188,1,7,5,0.3700090141005197
420207,1,7,9,24.863766406393005
420209,1,7,4,0.3700090657260609
420214,1,7,9,22.32489198970187
420236,1,7,6,25.56812889803361
420266,1,7,8,22.410741350843857
420269,1,7,5,0.3700090141005197
420274,1,7,8,27.284967660645226
420291,1,7,8,16.842419052438366
420317,1,7,5,0.3700090141005197
420319,1,7,8,34.17972437215673
420332,1,7,4,0.3700090657260609
420335,1,7,9,31.152571801557652
420337,1,7,5,0.3700090141005197
420342,1,7,7,6.510858709015285
420343,1,7,4,0.3700090657260609
420364,1,7,1,18.438366935140255
420370,0,7,0,0.03920162120419013
420376,1,7,9,24.412353887553085
420381,1,7,7,5.25748241453755
420382,1,7,8,13.274842315712188
420386,0,7,0,0.03381512241157714
420396,1,7,8,20.016326527448282
420397,0,7,0,0.024038660576250637
420402,1,7,8,29.71849472781132
420403,1,7,8,26.461431169140692
420425,1,7,10,18.65706654376532
420428,1,7,7,6.244404426878573
420435,1,7,5,0.3700090141005197
420466,1,7,8,22.110393432990833
420470,1,7,5,0.3700090141005197
420478,1,7,4,0.3700090657260609
420490,1,7,8,20.846694254259955
420499,1,7,7,2.3591218609491924
420505,1,7,8,24.821313488688237
420517,1,7,9,16.867239775484407
420518,1,7,8,12.909999845075536
420521,0,7,0,0.04681165807513644
420526,1,7,8,33.8781105982279
420530,1,7,8,31.262244221969805
420539,1,7,9,17.663658105361772
420566,1,7,5,0.3700090141005197
420579,1,7,9,27.453959422414407
420583,1,7,9,18.860652997926163
420589,1,7,7,2.762318530713861
420609,1,7,9,24.52788375273152
420629,1,7,4,0.3700090657260609
420639,1,7,6,14.940966216987816
420640,1,7,1,7.558007389031195
420643,1,7,5,0.3700090141005197
420676,1,7,5,0.3700090141005197
420684,1,7,3,2.347697694220247
420686,1,7,7,2.4122388130658834
420689,1,7,8,8.57358184795631
420693,1,7,8,2.9885563077207222
420694,1,7,9,10.21539610196205
420696,1,7,10,18.438171621259837
420700,1,7,9,23.163737235408387
420704,1,7,6,19.92669103534912
420705,1,7,7,4.492485313958059
420706,1,7,4,0.3700090657260609
420721,1,7,9,32.838535533729534
420751,1,7,7,2.684138745728128
420770,1,7,10,16.686067307173406
420774,1,7,9,23.4022311268303
420792,1,7,6,27.304541347003678
420800,1,7,4,0.3700090657260609
420801,1,7,5,0.3700090141005197
420802,1,7,10,21.695241296896654
420812,1,7,5,0.3700090141005197
420826,1,7,3,2.77354309229657
420846,1,7,8,33.86854278274176
420847,1,7,9,30.585905796099308
420873,1,7,9,19.519961388227056
420912,1,7,7,4.213467864829819
420919,1,7,5,0.3700090141005197
420921,1,7,9,33.2741090547871
420946,1,7,9,28.212166681778278
420959,1,7,6,29.7978361701222
420975,1,7,10,17.728027579505273
420995,1,7,8,10.932049348140822
421041,1,7,10,17.525084198098465
421046,1,7,9,5.477772634977532
421065,1,7,6,29.424306683599575
421083,1,7,5,0.3700090141005197
421089,1,7,5,0.3700090141005197
421099,1,7,8,24.887470690278885
421110,1,7,10,17.656723064330027
421133,1,7,10,19.794161747958128
421140,1,7,1,17.38427075886309
421142,1,7,4,0.3700090657260609
421149,1,7,7,3.1494382716473774
421172,1,7,8,29.24165785587058
421173,1,7,4,0.3700090657260609
421174,1,7,1,5.051619824673216
421189,1,7,7,4.023828306047029
421194,1,7,8,21.327610908862106
421197,1,7,6,15.403933775009351
421204,1,7,6,25.373630074809718
421205,1,7,4,0.3700090657260609
421206,1,7,5,0.3700090141005197
421209,1,7,4,0.3700090657260609
421212,1,7,10,12.98117204401714
421222,1,7,1,24.68791686711877
421232,1,7,9,33.160780235063434
421261,1,7,2,15.650865213391128
421275,1,7,8,10.258842104831215
421278,1,7,10,13.05405583666794
421281,1,7,6,23.728507742158566
421283,1,7,10,13.565845126086073
421304,1,7,6,22.333842051577392
421312,1,7,8,25.944676662982395
421321,1,7,8,26.06378431141291
421322,1,7,6,18.514470857238194
421336,1,7,7,5.847185059231081
421340,1,7,5,0.3700090141005197
421344,1,7,10,12.11820157755787
421386,1,7,6,29.363243243268197
421441,1,7,6,26.106932723988223
421468,1,7,5,0.37000902039789374
421479,1,7,5,0.3700090141005197
421487,1,7,10,23.38328172466789
421504,1,7,1,6.627630858140755
421529,0,7,0,0.06540536302196484
421537,1,7,6,24.83510686769357
421544,1,7,6,25.292048154797946
421551,0,7,0,0.025398251596901504
421564,1,7,9,24.8622367614979
421567,1,7,8,19.458529305921335
421581,1,7,10,20.99749383959356
421582,1,7,8,19.874735979470167
421594,1,7,10,25.925745030855587
421612,1,7,9,20.179421150307604
421614,1,7,4,0.3700090657260609
421616,1,7,4,0.3700090657260609
421617,1,7,4,0.3700090657260609
421625,1,7,9,20.029660817058634
421645,1,7,8,4.257351529957742
421647,1,7,6,23.161248159158866
421660,1,7,4,0.3700090657260609
421681,1,7,9,10.090878734993069
421689,1,7,5,0.3700090141005197
421694,1,7,9,32.618765110386036
421697,1,7,10,18.66687898737846
421706,1,7,10,20.571939577505503
421711,1,7,3,2.8263845840434034
421714,1,7,9,5.753188968707615
421720,1,7,9,21.97872384493127
421729,1,7,1,14.144123011825677
421746,1,7,8,23.333169188078028
421753,1,7,8,25.193691350534593
421760,1,7,5,0.37000902039789374
421786,1,7,1,18.64668550910481
421787,1,7,2,11.592984502731793
421797,1,7,8,31.9519437161563
421810,1,7,9,33.12463370470227
421824,1,7,1,7.560960984811445
421829,1,7,6,15.993180697511187
421833,1,7,8,24.4187081731339
421855,1,7,6,14.225387589616407
421856,1,7,6,19.670766147706498
421861,1,7,4,0.3700090657260609
421869,1,7,10,10.15544852709514
421883,1,7,9,20.088848724801007
421934,1,7,4,0.3700090657260609
421937,1,7,10,12.688828644708543
421943,1,7,6,27.33830710136496
421961,1,7,7,1.3148360579107654
421984,1,7,6,22.468843646495998
421989,1,7,9,24.73385009696292
421992,1,7,2,8.834514405182444
422018,1,7,5,0.3700090141005197
422044,1,7,1,25.627085770289526
422046,1,7,8,32.726906973203775
422064,1,7,1,14.981204226730247
422075,1,7,9,7.83418013102169
422081,1,7,5,0.3700090141005197
422093,1,7,7,5.677123718571798
422099,1,7,3,3.192683919749096
422105,1,7,9,32.30301966473566
422121,1,7,5,0.3700090141005197
422126,1,7,8,5.493744350933601
422140,1,7,6,13.989886021362508
422141,1,7,2,10.726765462627455
422146,1,7,4,0.3700090657260609
422160,1,7,9,32.25689642839014
422170,1,7,7,3.2412514565879995
422172,1,7,8,27.39782731898095
422203,0,7,0,0.03896367050032429
422210,1,7,9,25.43314894551455
422213,1,7,8,29.49439372754218
422221,1,7,5,0.3700090141005197
422227,1,7,5,0.3700090141005197
422230,1,7,9,24.765943610087508
422240,1,7,8,29.276752839970083
422245,1,7,2,15.170562775852144
422256,1,7,9,31.713816863382917
422270,1,7,8,12.364904701607482
422300,1,7,8,8.113126972295868
422310,1,7,5,0.3700090141005197
422314,1,7,5,0.3700090141005197
422316,1,7,9,22.59676782458214
422325,1,7,8,19.33800059395014
422336,1,7,10,5.092234381047879
422344,1,7,9,6.042126232790802
422346,1,7,10,18.88208618120467
422348,1,7,10,14.609548016247466
422356,0,7,0,0.0457287878759572
422383,1,7,6,10.870401411723373
422388,1,7,9,20.20795984354723
422393,1,7,5,0.3700090141005197
422394,1,7,9,2.6476310935210603
422402,1,7,9,5.461462553105976
422418,1,7,8,13.98652378290621
422450,1,7,10,4.379468058024847
422454,1,7,9,23.558200494763323
422478,1,7,5,0.3700090141005197
422479,1,7,4,0.3700090657260609
422486,1,7,9,25.767733325853676
422488,1,7,1,24.77184847644569
422501,1,7,9,23.297683203029294
422512,1,7,10,13.059571523525314
422523,1,7,10,22.700593611627724
422527,1,7,4,0.3700090657260609
422551,0,7,0,0.12300657955541572
422552,1,7,5,0.3700090141005197
422562,1,7,5,0.3700090141005197
422574,1,7,1,21.94768032433852
422584,1,7,6,22.74104705813812
422589,1,7,6,27.978461260168714
422592,1,7,5,0.3700090141005197
422595,1,7,6,13.664177436149469
422616,1,7,8,25.018535046357666
422632,1,7,4,0.3700090657260609
422634,1,7,6,25.120662056976556
422635,1,7,9,9.644534233972422
422653,1,7,10,8.183542587073296
422662,1,7,5,0.3700090141005197
422668,1,7,8,25.983604756455218
422700,1,7,4,0.3700090657260609
422705,0,7,0,0.09967222915626023
422715,1,7,8,23.153956678041247
422724,1,7,2,14.312593325599948
422730,0,7,0,0.035296747299245944
422769,1,7,7,2.569052470162739
422773,1,7,4,0.3700090657260609
422774,1,7,1,24.432466619510482
422776,1,7,1,20.00446221836291
422782,1,7,4,0.3700090657260609
422787,1,7,7,6.383497768859201
422788,1,7,6,26.598198650121258
422790,1,7,10,18.433610740165168
422792,1,7,3,3.227937921782265
422807,1,7,4,0.3700090657260609
422809,1,7,8,25.269122379510975
422835,1,7,5,0.3700090141005197
422853,1,7,5,0.3700090141005197
422866,1,7,6,20.064253561025925
422878,0,7,0,0.0398846169719859
422881,1,7,4,0.3700090657260609
422910,1,7,3,2.9281860677579563
422917,1,7,5,0.3700090141005197
422935,1,7,2,7.4097787766691345
422957,1,7,5,0.3700090141005197
422966,1,7,9,29.73308834419405
422969,1,7,8,23.116818499674974
422974,1,7,1,20.379583398741726
423006,1,7,10,11.251046897863175
423010,1,7,5,0.3700090141005197
423015,1,7,10,11.603518997266182
423026,1,7,7,4.078228077606081
423035,1,7,9,26.644214311234318
423040,1,7,4,0.3700090657260609
423092,1,7,5,0.3700090141005197
423121,1,7,4,0.3700090657260609
423133,1,7,9,29.5950952646658
423138,1,7,8,25.243394933912004
423144,1,7,9,27.559669266722924
423149,1,7,1,21.69866587145862
423152,1,7,4,0.3700090656202526
423172,0,7,0,0.029930809555446438
423175,1,7,1,24.49838742447005
423179,1,7,7,3.2873733469591624
423184,1,7,7,6.362917432321888
423187,1,7,8,11.717760486404742
423193,1,7,8,27.162182866882805
423198,1,7,5,0.3700090141005197
423201,1,7,8,10.484792142078389
423211,1,7,5,0.3700090141005197
423216,1,7,7,6.277643701543216
423234,1,7,9,27.51978877678986
423240,1,7,9,11.95216945157488
423246,1,7,2,15.245392546589652
423252,1,7,10,19.464899627081564
423262,1,7,3,1.4710773883135952
423270,1,7,5,0.3700090141005197
423280,1,7,9,20.024702827457343
423281,1,7,5,0.3700090141005197
423287,1,7,9,32.88939672096477
423305,1,7,10,17.6759054936759
423312,1,7,6,16.279372029406034
423353,0,7,0,0.02334522903775877
423376,1,7,6,18.956885337425632
423382,1,7,7,1.7392190746118388
423388,1,7,5,0.3700090141005197
423399,1,7,7,2.5268726101661962
423413,0,7,0,0.039097009942360324
423420,1,7,1,26.024886782985106
423425,1,7,1,4.935418316441056
423433,1,7,8,22.014010505061865
423438,1,7,6,9.342750122158746
423449,1,7,6,30.232136557102574
423466,1,7,1,12.961896311996233
423469,1,7,9,22.494954911605543
423483,0,7,0,0.03799955975213487
423489,1,7,8,30.983712656229233
423497,1,7,5,0.3700090141005197
423509,1,7,9,12.239940758066847
423512,1,7,8,32.71270678599286
423527,1,7,3,2.5770597008969847
423529,1,7,6,22.06432721576568
423530,1,7,1,5.450990202129063
423560,1,7,2,5.545250919910244
423569,1,7,10,23.88707540944544
423586,1,7,9,27.972208705358156
423592,1,7,4,0.3700090657260609
423598,0,7,0,0.045841817042202866
423600,1,7,10,15.162121098989363
423625,1,7,4,0.3700090657260609
423639,1,7,6,22.55306643150435
423653,1,7,6,26.835015601435614
423690,0,7,0,0.03815313903281334
423715,1,7,8,2.4102824717614
423716,1,7,10,14.000472107450651
423725,1,7,9,31.577654293473902
423735,1,7,5,0.3700090141005197
423743,1,7,7,5.855799571938321
423751,1,7,10,15.132757151237456
423753,1,7,5,0.3700090141005197
423761,1,7,4,0.3700090657260609
423779,1,7,9,18.985026574166334
423790,1,7,6,16.39895499143969
423820,1,7,5,0.37000902039789374
423822,1,7,1,26.906708206645664
423828,1,7,6,17.464266249779993
423832,1,7,6,15.500150393408838
423867,1,7,8,22.336436924486023
423881,0,7,0,0.036408464689188035
423904,1,7,9,26.741366546684656
423917,1,7,4,0.3700090657260609
423937,1,7,1,22.273524809699285
423939,1,7,6,28.045367120208326
423953,1,7,9,23.774933494223536
423963,0,7,0,0.0738511446711801
423973,0,7,0,0.04451894754174768
423995,1,7,8,27.317544822426502
424006,1,7,5,0.3700090141005197
424021,1,7,6,13.402552394749277
424032,1,7,9,10.589397571140797
424055,1,7,7,2.140491377788498
424066,1,7,8,27.995284504964232
424076,1,7,1,26.22441788724741
424100,1,7,8,23.587011258534137
424116,1,7,4,0.3700090657260609
424118,1,7,9,3.0998302641294937
424141,1,7,6,20.52850506680969
424152,1,7,8,21.04390892239164
424153,1,7,2,9.002417433834285
424174,1,7,6,5.149760494083122
424219,1,7,9,31.105808452198588
424230,1,7,4,0.3700090657260609
424233,1,7,4,0.3700090657260609
424256,1,7,9,27.604303561124322
424284,1,7,3,0.874340256511595
424322,1,7,8,19.960363213258116
424325,1,7,6,29.70551602285213
424331,1,7,8,13.037135797677793
424343,1,7,10,20.114164066378063
424349,1,7,3,2.946153547213147
424386,1,7,6,20.062084450790937
424394,1,7,6,15.167611185319837
424401,1,7,9,13.715686050562049
424408,1,7,6,29.784756861459357
424421,1,7,8,28.095662112569915
424443,1,7,4,0.3700090657260609
424450,1,7,8,25.98981483827267
424456,1,7,8,30.023228106304877
424460,1,7,2,10.494158995267258
424475,1,7,10,24.013293862325117
424484,1,7,7,1.6507958175655266
424485,1,7,4,0.3700090657260609
424489,1,7,1,23.168623059338994
424493,1,7,4,0.3700090657260609
424495,1,7,8,29.377798970633027
424498,1,7,6,25.051445978614545
424502,1,7,9,23.646605501610196
424518,1,7,2,8.979997270540176
424530,1,7,7,0.8761581383628672
424540,1,7,7,0.7478228028426066
424547,1,7,4,0.3700090657260609
424554,1,7,5,0.3700090141005197
424557,1,7,9,25.555549346801566
424590,1,7,7,1.1327119048838816
424639,1,7,5,0.3700090141005197
424669,0,7,0,0.047132468068398964
424696,1,7,2,8.857775427717447
424698,1,7,5,0.37000902039789374
424712,1,7,4,0.3700090656202526
424718,1,7,3,3.0769595946077897
424722,1,7,4,0.3700090657260609
424742,1,7,8,15.232509702031413
424743,1,7,6,15.472817432829068
424746,1,7,6,18.284348754197136
424747,1,7,5,0.3700090141005197
424749,1,7,9,14.962106398702128
424758,1,7,1,24.587534452508397
424759,1,7,1,24.311570877577378
424770,1,7,9,19.940126527360484
424787,1,7,9,8.138213756601619
424796,1,7,6,22.343847668981926
424804,1,7,5,0.3700090141005197
424820,1,7,10,24.758840859724458
424823,1,7,1,14.088583698904063
424831,1,7,6,20.426930980708622
424833,1,7,1,25.82905133966526
424855,1,7,6,22.74144802777626
424861,1,7,6,17.212199297416085
424877,1,7,8,31.94478034333862
424886,1,7,5,0.3700090141005197
424897,1,7,4,0.3700090657260609
424900,1,7,3,1.2189660893383036
424917,1,7,3,1.4098415993108986
424930,1,7,8,3.9288735816421405
424935,1,7,8,28.5006662867315
424953,1,7,6,21.40191333778429
424960,1,7,10,7.7390365708747515
424969,1,7,4,0.3700090657260609
424987,1,7,10,15.468452417326231
424995,1,7,8,5.432249801735575
425004,1,7,6,9.542144435230691
425019,1,7,6,11.342791340986253
425035,1,7,2,11.36398531796027
425036,1,7,9,24.817909697996118
425040,1,7,4,0.3700090657260609
425045,1,7,7,5.298230207058025
425051,1,7,5,0.3700090141005197
425052,1,7,5,0.3700090141005197
425057,1,7,10,13.45126585078984
425067,1,7,8,27.738854278460845
425070,1,7,8,26.157352082514237
425075,1,7,8,21.39769606597966
425080,1,7,2,12.72015323239523
425093,1,7,8,18.619691875574386
425105,1,7,9,2.251106420680018
425116,1,7,4,0.3700090657260609
425118,1,7,6,11.953098479919936
425121,1,7,7,2.719197197755453
425130,1,7,7,6.0596105608184745
425135,1,7,8,34.17890006971667
425167,1,7,6,18.908715542227746
425184,1,7,9,27.332449425238092
425192,1,7,8,33.89308119396665
425201,1,7,2,16.562803121169903
425207,1,7,8,21.914075246211763
425214,1,7,8,29.466541462978164
425244,1,7,4,0.3700090657260609
425253,1,7,6,17.119026620004433
425267,1,7,4,0.3700090657260609
425268,1,7,9,22.468125332814598
425274,1,7,1,18.199403574134507
425277,1,7,8,21.00067176891164
425334,1,7,6,14.41544155738688
425337,1,7,3,3.040571152444727
425348,1,7,6,15.724646358429304
425350,1,7,5,0.3700090141005197
425353,1,7,9,23.685107294449608
425358,1,7,10,12.826608189007716
425365,1,7,9,17.134643330562696
425372,1,7,5,0.3700090141005197
425383,1,7,10,14.366058937776085
425391,1,7,5,0.3700090141005197
425406,1,7,8,27.65197539394628
425410,1,7,10,13.771751040360744
425446,1,7,8,21.156526924909393
425468,1,7,4,0.3700090657260609
425472,1,7,6,17.45621515058285
425514,1,7,9,21.621932183704452
425515,1,7,3,1.7172633737639704
425517,1,7,6,14.786893538853171
425535,1,7,3,3.016736111241398
425536,1,7,6,30.32205188953062
425541,1,7,5,0.3700090141005197
425572,1,7,5,0.3700090141005197
425575,1,7,6,19.519279657222388
425590,1,7,4,0.3700090657260609
425597,1,7,8,19.043959150387003
425603,1,7,7,2.3859223626449935
425604,1,7,10,18.429996356319705
425610,1,7,6,22.544980153129742
425611,1,7,9,33.27201057395583
425618,1,7,5,0.3700090141005197
425623,1,7,8,32.00183415283104
425627,0,7,0,0.12178680610439499
425654,1,7,7,0.552765644787196
425664,1,7,9,33.26410603764109
425667,1,7,9,32.88773043694407
425671,1,7,4,0.3700090657260609
425676,1,7,9,22.290682368835437
425679,1,7,4,0.3700090657260609
425700,1,7,5,0.3700090141005197
425719,1,7,9,21.573841954256096
425731,1,7,10,13.744646935696984
425732,1,7,4,0.3700090657260609
425735,1,7,8,19.448253915541716
425736,1,7,6,20.19834288180923
425744,1,7,7,2.3143502419563418
425750,1,7,8,18.618832889061323
425757,1,7,4,0.3700090657260609
425794,1,7,9,27.285398694559287
425806,1,7,1,9.696382595134645
425815,1,7,4,0.3700090657260609
425817,1,7,8,6.066953398694348
425830,1,7,10,14.002960762526849
425831,1,7,5,0.3700090141005197
425833,1,7,6,29.928618427466304
425836,1,7,9,24.1805000297614
425837,1,7,8,17.536554962225143
425849,1,7,5,0.3700090141005197
425850,0,7,0,0.029962022874280857
425861,1,7,9,33.79344373276425
425871,1,7,4,0.3700090657260609
425872,1,7,4,0.3700090657260609
425877,1,7,9,33.04207970617453
425879,1,7,9,20.047200003275865
425893,1,7,9,3.0398168332771993
425894,1,7,8,6.8660299543114895
425895,1,7,6,22.91459162825388
425899,1,7,9,22.626380326802
425900,1,7,9,28.359642308697133
425902,1,7,9,3.362094432049615
425926,1,7,5,0.3700090141005197
425930,1,7,4,0.3700090657260609
425932,0,7,0,0.0389111299944206
425935,1,7,9,10.787120365509802
425948,1,7,8,20.669622157830958
425968,1,7,4,0.3700090657260609
425971,0,7,0,0.04058754716434294
425973,1,7,10,9.323599087081805
425974,1,7,8,23.001480262652464
425985,1,7,7,5.45862954339379
425999,1,7,9,20.3179510944163
426003,1,7,4,0.3700090657260609
426004,1,7,6,21.621026012385727
426008,1,7,9,29.49596817542412
426015,1,7,5,0.3700090141005197
426024,1,7,1,20.906336791940355
426026,1,7,9,10.832628265154662
426031,1,7,9,32.98618673240848
426040,1,7,9,10.189550909467263
426041,1,7,8,26.92148915492419
426074,1,7,8,9.634345356316212
426077,1,7,10,20.230246890660386
426080,1,7,10,8.232684691920142
426089,1,7,7,1.8868685684163407
426090,1,7,1,23.650282608044346
426094,1,7,3,2.7103194143937075
426131,1,7,5,0.37000902039789374
426142,1,7,9,19.486448452517784
426151,1,7,1,21.69065797815926
426154,1,7,10,14.680990819877232
426159,1,7,10,26.025705778051464
426200,1,7,6,24.52839816525346
426209,1,7,5,0.3700090141005197
426216,1,7,5,0.3700090141005197
426219,1,7,8,34.37924190724245
426228,1,7,10,17.093391583076432
426276,1,7,8,29.607980288733685
426305,1,7,5,0.3700090141005197
426315,1,7,5,0.3700090141005197
426335,1,7,6,29.333614603733484
426338,1,7,8,34.34488452390225
426343,1,7,9,32.73571286032963
426348,1,7,8,7.93802933521004
426367,1,7,2,1.5828557032905477
426395,0,7,0,0.03834303352321134
426412,1,7,8,24.704709332241997
426413,1,7,9,9.950935894506333
426415,1,7,5,0.3700090141005197
426418,1,7,5,0.3700090141005197
426425,1,7,2,15.030173845409568
426456,1,7,9,33.800941522657766
426460,1,7,1,10.915901284022047
426465,1,7,4,0.3700090657260609
426496,1,7,8,12.764224535917554
426516,1,7,6,19.57244224664135
426520,1,7,2,9.793236391772766
426521,1,7,2,13.603511502211042
426538,1,7,5,0.3700090141005197
426595,1,7,7,5.7484264889923615
426606,1,7,10,13.583579177258715
426607,1,7,6,20.864241731824812
426616,1,7,10,26.025839612275778
426617,1,7,4,0.3700090657260609
426620,1,7,1,6.153703028624495
426624,1,7,6,13.59013603670267
426629,1,7,10,6.282861554975992
426634,1,7,10,24.777314025128064
426642,1,7,5,0.3700090141005197
426644,1,7,5,0.3700090141005197
426649,1,7,6,13.485101218380374
426652,1,7,6,12.298305796429654
426659,1,7,8,11.96458984727183
426667,1,7,8,20.752150816825228
426680,1,7,1,14.742025288931943
426689,1,7,8,29.387401233384523
426692,1,7,1,10.473370553447806
426697,1,7,6,22.6606623634187
426722,1,7,5,0.3700090141005197
426805,1,7,9,33.218972501339366
426820,1,7,7,1.1888146523377303
426830,1,7,4,0.3700090657260609
426832,1,7,9,23.299654691664475
426839,1,7,8,27.317212197512976
426843,1,7,7,5.409552580958736
426871,1,7,9,24.91229973863864
426873,1,7,8,11.011827537243983
426876,1,7,9,26.723189404441175
426878,1,7,9,31.080515975349158
426888,1,7,4,0.3700090657260609
426892,1,7,1,4.543127744665946
426902,1,7,2,16.478699677541925
426904,1,7,5,0.37000902039789374
426946,1,7,7,2.10707386584162
426951,1,7,9,33.78994163503028
426959,1,7,5,0.3700090141005197
426970,0,7,0,0.041243391502552094
426976,1,7,4,0.3700090657260609
426985,1,7,5,0.3700090141005197
427008,1,7,5,0.3700090141005197
427010,1,7,9,16.353324370458203
427012,1,7,6,11.409096143942834
427022,0,7,0,0.030091177927751737
427026,1,7,10,16.92860691073448
427028,1,7,6,11.687098103245745
427050,1,7,10,26.023493522638415
427090,1,7,10,10.780091336612065
427092,1,7,3,3.1231175629589205
427094,1,7,8,28.163733758829714
427096,1,7,9,21.76249055502323
427114,1,7,8,31.316052591539883
427117,1,7,9,18.843412257634704
427121,0,7,0,0.03199350012420081
427132,1,7,8,17.254242128273408
427144,1,7,4,0.3700090657260609
427166,1,7,9,21.661976022151045
427169,1,7,8,24.870302097586702
427171,1,7,5,0.3700090141005197
427182,1,7,4,0.3700090657260609
427206,1,7,3,3.1829300975889825
427213,1,7,5,0.3700090141005197
427216,1,7,5,0.3700090141005197
427223,1,7,10,3.9301049011331073
427232,1,7,5,0.37000902039789374
427235,0,7,0,0.04575947037580683
427248,1,7,10,9.795232089224621
427255,1,7,5,0.3700090141005197
427305,1,7,8,34.05185212675224
427309,1,7,8,29.19673753080092
427318,1,7,8,34.407388227274154
427349,1,7,8,25.872086778375476
427357,1,7,2,5.25389055712672
427365,1,7,4,0.3700090657260609
427371,0,7,0,0.15612824465232178
427386,1,7,6,29.73146402716177
427393,1,7,4,0.3700090657260609
427404,1,7,9,33.57500522150163
427409,1,7,8,21.3328169965519
427466,1,7,9,33.702831210257656
427474,1,7,8,3.996475919114438
427478,1,7,4,0.3700090657260609
427487,1,7,6,24.377805659207695
427493,1,7,4,0.3700090657260609
427505,1,7,5,0.3700090141005197
427507,1,7,7,3.075661781503999
427513,1,7,2,9.893031054651761
427521,1,7,7,4.0012789684230805
427525,1,7,2,9.150073519738292
427535,1,7,5,0.3700090141005197
427540,1,7,10,10.683383106803285
427543,1,7,9,20.60100700390591
427566,1,7,6,16.427740900963517
427603,1,7,1,26.66931666546529
427625,1,7,6,28.638682957919723
427662,1,7,5,0.3700090141005197
427663,1,7,5,0.37000902039789374
427664,0,7,0,0.1339552049548241
427666,1,7,2,12.866067681209273
427676,1,7,8,31.177903650095864
427681,1,7,4,0.3700090657260609
427684,1,7,5,0.3700090141005197
427685,1,7,4,0.3700090657260609
427687,1,7,5,0.3700090141005197
427688,1,7,4,0.3700090657260609
427703,1,7,10,23.27623628420702
427704,1,7,5,0.3700090141005197
427708,1,7,6,24.423810393155108
427729,1,7,9,2.929596936912689
427732,1,7,6,17.11416540988428
427747,1,7,9,11.729743094439682
427748,1,7,10,21.88056825885747
427758,1,7,8,29.700782446723707
427766,1,7,10,16.386131571595193
427787,1,7,6,25.019851503678456
427805,1,7,8,19.230993240675836
427848,1,7,4,0.3700090657260609
427895,1,7,9,21.890340253189105
427901,1,7,9,33.677316468905445
427910,1,7,8,34.831933879771626
427941,1,7,8,11.363872273775952
427947,1,7,1,16.73201807321978
427955,0,7,0,0.03872008294560894
427965,1,7,10,17.92350869185331
427968,0,7,0,0.158999933260755
427970,1,7,10,18.4793385582856
427971,1,7,8,19.304459228511124
427985,1,7,9,32.0281680023731
427994,1,7,10,15.862720573080532
428006,1,7,9,11.109735120606967
428035,0,7,0,0.1226185830018926
428036,1,7,5,0.3700090141005197
428040,1,7,6,17.20016788417342
428044,1,7,7,5.577704788236539
428051,1,7,4,0.3700090657260609
428052,1,7,6,18.590178482495894
428054,1,7,6,18.870077180257788
428065,1,7,9,22.215960089413734
428066,1,7,5,0.3700090141005197
428072,1,7,9,16.372881766067078
428086,1,7,10,12.249284324949208
428088,1,7,6,14.754853553977528
428117,1,7,4,0.3700090657260609
428122,1,7,2,13.022716200409171
428133,1,7,6,23.252699403744952
428155,1,7,8,11.077599381225458
428175,1,7,5,0.3700090141005197
428177,1,7,6,29.65486417802714
428189,1,7,9,33.06701814739951
428230,1,7,9,12.551585666898774
428241,1,7,1,14.067052831593537
428243,1,7,6,15.68426153427107
428249,1,7,10,14.834329992422411
428259,1,7,5,0.3700090141005197
428263,1,7,4,0.3700090657260609
428271,1,7,8,36.053273728236185
428276,1,7,5,0.3700090141005197
428279,1,7,9,15.348810795609495
428282,1,7,1,15.05219582483036
428295,1,7,9,31.106741239242186
428298,1,7,10,24.98108848789656
428303,1,7,8,17.865798779177716
428310,1,7,1,24.635491463584405
428315,1,7,9,11.952819522501267
428341,1,7,4,0.3700090657260609
428350,1,7,9,24.172379304651717
428364,1,7,4,0.3700090657260609
428368,1,7,6,29.5219907044336
428373,1,7,9,30.604553158115415
428381,1,7,5,0.3700090141005197
428386,1,7,10,11.499765821058569
428387,1,7,5,0.3700090141005197
428400,1,7,6,22.585473915524172
428403,1,7,4,0.3700090657260609
428408,0,7,0,0.03853468137137679
428412,1,7,4,0.3700090657260609
428416,1,7,8,33.807868965603845
428419,1,7,10,19.13364891220324
428423,1,7,8,26.29432150065301
428427,1,7,10,23.29220183797431
428428,1,7,6,28.69341349796965
428434,1,7,9,29.755486077660866
428437,1,7,3,3.2168011879263574
428438,1,7,5,0.3700090141005197
428456,1,7,6,29.717455744824804
428460,1,7,9,23.66381323634855
428467,1,7,7,1.457180043349901
428489,1,7,8,26.325688573238867
428494,1,7,5,0.3700090141005197
428524,1,7,9,23.991392223189422
428526,1,7,8,22.27445075642419
428546,1,7,10,17.04112829784971
428554,0,7,0,0.03437087184564195
428557,1,7,5,0.37000902039789374
428561,1,7,1,13.207466891973155
428577,1,7,5,0.3700090141005197
428578,1,7,5,0.3700090141005197
428579,1,7,5,0.3700090141005197
428595,1,7,8,30.906166564604085
428613,1,7,6,21.239692404871082
428614,1,7,1,5.698706576805381
428625,1,7,10,18.475183296889398
428631,1,7,6,11.344155072448638
428650,1,7,6,19.405341278159273
428658,1,7,3,2.6049290179245395
428664,1,7,9,28.623296498873867
428668,1,7,8,16.63664791183051
428702,1,7,6,21.21691599889411
428707,1,7,8,33.468739580275454
428711,1,7,6,18.432662526520627
428723,1,7,6,13.2945896949157
428740,1,7,9,30.98915786604151
428743,1,7,2,16.259981557306595
428753,1,7,8,30.48450299752493
428759,1,7,4,0.3700090657260609
428768,1,7,6,29.054345039472963
428773,1,7,5,0.3700090141005197
428779,1,7,8,28.657965674554696
428798,1,7,6,16.703437593653764
428801,1,7,5,0.3700090141005197
428828,1,7,4,0.3700090657260609
428832,1,7,2,1.5846439745392005
428836,1,7,9,24.688463795698116
428844,1,7,6,23.809887999463083
428853,1,7,4,0.3700090656202526
428863,1,7,5,0.37000902039789374
428870,0,7,0,0.03796059254872828
428880,1,7,6,8.49405173208942
428892,0,7,0,0.03911297732164427
428915,1,7,4,0.3700090657260609
428916,1,7,8,29.206032790376334
428926,1,7,8,33.87347284240225
428935,1,7,10,15.821829845686667
428940,0,7,0,0.043812456775993505
428947,1,7,8,26.310764056637755
428960,1,7,9,10.398159917848728
428962,1,7,8,29.7234072062311
428965,1,7,9,24.010814993770328
428969,1,7,8,6.354314614144886
429004,0,7,0,0.032086071075741164
429005,1,7,4,0.3700090657260609
429006,1,7,8,26.47037038161367
429016,1,7,5,0.3700090141005197
429028,1,7,8,27.73263308113306
429039,1,7,2,10.881989551288054
429044,1,7,8,6.789012824401795
429059,1,7,5,0.3700090141005197
429070,1,7,10,14.125444489008759
429073,0,7,0,0.13828322260266548
429080,1,7,8,9.556062426970236
429087,1,7,6,21.091909054965704
429099,1,7,9,16.731036953929102
429100,1,7,9,25.384912336992297
429120,0,7,0,0.03406470467002017
429148,1,7,5,0.3700090141005197
429158,1,7,9,24.156492272891402
429174,1,7,5,0.37000902039789374
429192,1,7,5,0.37000902039789374
429196,1,7,8,26.28404661478258
429204,1,7,9,33.042893780935756
429207,1,7,5,0.3700090141005197
429228,1,7,6,23.888510886535798
429232,1,7,9,9.539329444777204
429244,1,7,10,25.84658864794096
429247,1,7,8,33.64358510869908
429248,1,7,1,22.861717687974195
429275,1,7,9,25.279250044295697
429281,1,7,7,6.441694943746989
429290,1,7,5,0.3700090141005197
429319,1,7,9,23.66356273904705
429330,1,7,3,1.686227575949785
429332,1,7,5,0.3700090141005197
429337,1,7,7,0.742074558136378
429345,0,7,0,0.0322514613188987
429368,1,7,9,26.57258503108132
429370,1,7,9,6.797448077694891
429381,1,7,4,0.3700090657260609
429388,1,7,1,21.484336324804808
429392,1,7,9,13.7290292578863
429403,1,7,8,32.603580312655964
429404,1,7,2,10.269243275168579
429414,1,7,9,22.95864309081093
429419,1,7,6,26.096529115912325
429426,1,7,2,16.033487589034067
429428,1,7,10,21.50942223826072
429437,1,7,2,10.62586164092201
429458,1,7,6,22.296859943742565
429485,1,7,2,13.079416104238868
429487,1,7,6,20.542250827022418
429494,1,7,8,21.784016275694704
429508,0,7,0,0.0417006338982166
429520,1,7,7,1.6956151520930511
429533,0,7,0,0.03579682071465666
429539,1,7,5,0.3700090141005197
429548,1,7,9,33.14276528487761
429561,1,7,9,17.65921292286114
429565,1,7,8,33.3152872810558
429570,1,7,9,5.122687844712955
429574,1,7,3,3.2178341625092948
429584,1,7,9,27.56578550168308
429597,1,7,8,10.031617981191767
429604,1,7,4,0.3700090657260609
429605,1,7,5,0.3700090141005197
429613,1,7,2,15.885070768182784
429643,1,7,8,19.94377304984691
429661,1,7,9,20.96906532840403
429666,1,7,10,24.23177814830624
429689,1,7,4,0.3700090657260609
429697,1,7,9,23.9321343826023
429706,1,7,7,3.9004368250014596
429729,1,7,5,0.3700090141005197
429735,1,7,4,0.3700090657260609
429739,1,7,5,0.3700090141005197
429743,1,7,3,3.0615120610922926
429760,1,7,10,4.819836868339587
429764,1,7,6,19.511098828913386
429783,1,7,6,26.97857316525343
429793,1,7,1,26.192455411379765
429802,1,7,8,8.245116886956597
429810,0,7,0,0.04656384303455073
429822,1,7,1,25.841557602359387
429824,1,7,1,17.73766441210129
429826,1,7,9,15.009280206140229
429839,1,7,5,0.3700090141005197
429840,1,7,4,0.3700090657260609
429858,1,7,8,30.62968651605473
429884,1,7,6,20.218842061613202
429909,1,7,10,15.661075931260863
429919,1,7,6,19.214363392739532
429940,1,7,6,28.628861696554804
429948,1,7,8,26.65515674949963
429960,1,7,8,28.407520809270107
429961,1,7,6,27.390455131052445
429974,1,7,5,0.3700090141005197
429979,1,7,10,13.991007549634496
429983,1,7,5,0.3700090141005197
429984,1,7,9,30.392377933124955
429999,1,7,1,27.99711547408306
430000,1,7,9,19.75476686947823
430011,1,7,8,21.434063815970035
430014,1,7,8,6.151773816871352
430028,1,7,2,3.7272564655796634
430034,1,7,9,4.259306496901893
430062,1,7,8,25.895767185126836
430064,1,7,2,11.338642538925047
430069,1,7,2,8.054352883338845
430070,1,7,8,33.671184444998985
430071,1,7,9,2.4046824396053346
430084,1,7,9,17.705907336823103
430096,1,7,8,29.968819149888414
430111,0,7,0,0.04721532012757115
430124,1,7,3,3.1551318409819915
430135,1,7,7,6.083970606947005
430140,1,7,8,9.29754534697497
430168,1,7,5,0.3700090141005197
430193,1,7,5,0.3700090141005197
430197,1,7,5,0.3700090141005197
430208,1,7,10,23.00886331781766
430250,1,7,1,18.373195365181974
430258,1,7,7,5.299386619396554
430261,1,7,9,32.01620781437155
430268,1,7,7,6.347407175179542
430272,1,7,6,28.28284163021128
430300,1,7,5,0.3700090141005197
430301,1,7,10,24.026424293591358
430302,1,7,4,0.3700090657260609
430303,1,7,3,3.1460717841564536
430321,1,7,5,0.3700090141005197
430326,1,7,3,2.9126967867666256
430354,1,7,9,14.907978748361304
430359,1,7,8,21.166353229252895
430376,1,7,7,3.393677566290408
430385,1,7,5,0.3700090141005197
430388,1,7,8,30.616398716480596
430393,1,7,10,14.431066565829868
430398,1,7,2,8.047415740384293
430403,1,7,9,29.724062921072466
430411,1,7,6,15.37983127677247
430426,1,7,9,27.03251098302096
430444,1,7,8,8.526020003118225
430450,1,7,1,18.50399395182423
430473,1,7,5,0.3700090141005197
430479,1,7,8,29.232905644447772
430503,1,7,2,15.573857514415058
430504,1,7,8,19.138406998705733
430511,1,7,10,6.297797626762794
430516,1,7,5,0.3700090141005197
430548,1,7,6,5.375081897326624
430550,1,7,7,4.8412060190604524
430558,1,7,4,0.3700090657260609
430559,1,7,3,3.2170347092334493
430566,1,7,9,18.418867653888835
430568,1,7,9,20.855784745896443
430581,0,7,0,0.03897161024346273
430600,1,7,7,4.403919738179941
430601,1,7,5,0.3700090141005197
430605,1,7,8,12.302902120451762
430613,1,7,4,0.3700090657260609
430619,1,7,2,9.444870485174464
430622,1,7,3,2.5660151871707826
430636,1,7,8,4.076500981987913
430643,1,7,8,14.03368811956599
430654,1,7,8,24.590607969149843
430663,1,7,1,5.373830607402789
430668,1,7,4,0.3700090657260609
430673,1,7,9,25.00608173048254
430677,1,7,9,15.726692586098002
430678,1,7,9,7.248441403691911
430679,1,7,6,19.708351415590634
430685,1,7,6,22.113364578264317
430699,1,7,7,3.651808516906782
430714,1,7,9,33.53405039810479
430717,1,7,5,0.3700090141005197
430730,1,7,7,4.951912448152789
430743,1,7,8,22.664009661736603
430747,1,7,8,13.135526577093028
430760,1,7,7,0.3887851982810451
430766,1,7,7,1.6980523203223403
430768,1,7,1,13.39530956307285
430773,1,7,9,29.06495494298485
430780,1,7,8,33.43696156209874
430820,1,7,4,0.3700090657260609
430828,1,7,8,32.70050547638998
430830,1,7,4,0.3700090657260609
430862,0,7,0,0.08491444732268041
430866,1,7,5,0.3700090141005197
430876,1,7,8,24.940833726913542
430877,1,7,5,0.3700090141005197
430885,1,7,6,15.957655330880524
430894,1,7,7,6.476227667620507
430903,1,7,8,23.542092534432157
430905,1,7,10,5.260859524591098
430907,1,7,8,6.126456926766174
430908,0,7,0,0.05420299631906505
430913,1,7,8,13.452742032075795
430947,1,7,6,22.66352775900091
430952,1,7,4,0.3700090657260609
431020,1,7,9,32.492998096565806
431031,1,7,1,19.11413114335388
431035,1,7,9,32.21317099005121
431044,1,7,8,8.396742321812335
431061,1,7,6,17.722730753605106
431080,1,7,1,27.087540658509244
431091,1,7,5,0.3700090141005197
431092,1,7,8,21.49994651851946
431138,1,7,5,0.3700090141005197
431139,1,7,5,0.3700090141005197
431171,1,7,10,18.661071186697743
431183,1,7,6,30.35677166859327
431193,1,7,6,29.491106183446757
431222,1,7,8,9.956784968655587
431242,1,7,9,14.462881569668394
431254,1,7,3,3.0305448940279693
431257,1,7,7,5.216449152116491
431258,1,7,8,18.782100322245512
431263,1,7,8,26.15023431268086
431299,1,7,9,18.84176898618787
431302,1,7,1,20.377693168388035
431308,1,7,8,22.813959940688715
431315,1,7,9,30.967910109414472
431317,1,7,10,4.4962683689944365
431347,1,7,1,18.93493665580545
431349,1,7,9,32.74208716616267
431367,1,7,9,30.70259253486837
431369,1,7,9,9.59737668547267
431371,1,7,8,21.623863383938623
431372,1,7,8,35.911236293636456
431382,1,7,3,3.2040241865216723
431383,1,7,9,29.186005338004723
431405,1,7,8,13.454199854234895
431419,1,7,10,7.286005415531403
431432,1,7,8,13.24240995189995
431461,1,7,8,8.143990080002101
431464,1,7,9,29.98582592843476
431466,1,7,10,16.587618996233175
431495,1,7,9,23.907917032442494
431503,1,7,9,18.890095240661235
431543,1,7,8,21.077546327695224
431548,1,7,9,7.150655476244783
431556,1,7,8,3.780214641653807
431560,1,7,3,3.0581607875638745
431561,1,7,1,20.484953074245816
431570,1,7,10,25.65823131214104
431573,1,7,5,0.3700090141005197
431581,1,7,2,2.1309127171110402
431582,1,7,5,0.3700090141005197
431586,1,7,6,19.98421636882651
431591,1,7,3,2.8917173987473093
431594,1,7,8,11.252634961727015
431597,1,7,8,25.459446514118127
431623,1,7,1,25.25732851380744
431644,1,7,5,0.3700090141005197
431648,1,7,1,20.598462449044728
431674,1,7,10,16.671276841312185
431675,1,7,9,28.379230356936183
431696,1,7,9,30.720052078286866
431718,1,7,10,22.097507798034254
431748,1,7,5,0.3700090141005197
431765,1,7,4,0.3700090657260609
431770,1,7,1,15.809002606361599
431775,1,7,8,14.623502557592461
431778,1,7,1,24.73821479612493
431781,1,7,8,8.636425344401538
431811,1,7,6,22.204296123539503
431837,1,7,8,11.044197377112196
431849,1,7,9,17.756080422239116
431888,1,7,9,29.881981772096296
431890,1,7,5,0.3700090141005197
431905,1,7,5,0.3700090141005197
431916,1,7,9,15.221151519734038
431921,1,7,5,0.3700090141005197
431933,1,7,8,21.423893620355976
431971,1,7,5,0.37000902039789374
431976,1,7,7,6.508520711451632
431982,1,7,1,19.667224378926296
431989,1,7,4,0.3700090657260609
431991,1,7,5,0.3700090141005197
431994,1,7,5,0.3700090141005197
432014,0,7,0,0.03214328400682064
432015,0,7,0,0.031511507857531894
432029,1,7,9,30.658206187838466
432036,1,7,4,0.3700090657260609
432037,1,7,10,25.818826416250044
432047,1,7,8,30.41103715901942
432052,1,7,5,0.3700090141005197
432059,1,7,9,24.818442670580946
432073,1,7,5,0.3700090141005197
432088,1,7,9,31.03525116152451
432114,0,7,0,0.030803593304222967
432126,1,7,9,14.157164196907678
432133,1,7,7,5.755088263196445
432135,1,7,9,16.14281684177479
432142,1,7,8,13.261867211607173
432144,1,7,1,22.96154022129358
432186,1,7,5,0.3700090141005197
432195,1,7,7,1.968755217022679
432212,1,7,4,0.3700090657260609
432221,1,7,4,0.3700090657260609
432242,1,7,1,18.402082031665948
432251,1,7,8,19.42906507556576
432255,1,7,10,4.372330551162149
432272,1,7,2,16.323830779465865
432286,1,7,4,0.3700090657260609
432294,1,7,9,20.03981924649287
432302,1,7,1,11.923609492640285
432310,1,7,5,0.37000902039789374
432347,1,7,8,35.64590118154069
432360,1,7,5,0.3700090141005197
432372,1,7,1,5.855979050056265
432384,1,7,9,25.14923849814479
432402,1,7,1,7.41751001795259
432424,1,7,7,5.90240835243113
432434,1,7,4,0.3700090657260609
432458,1,7,8,29.211729585309087
432489,1,7,4,0.3700090657260609
432490,1,7,10,18.49668436617086
432493,1,7,9,29.673421622900364
432499,1,7,5,0.3700090141005197
432505,1,7,5,0.3700090141005197
432507,1,7,6,23.400440089539906
432515,1,7,9,21.327551801605715
432523,1,7,9,30.662912731683356
432529,1,7,1,26.327834731531254
432535,1,7,10,22.029177648716512
432547,1,7,8,31.286259042146067
432561,1,7,1,12.734269586534651
432563,1,7,8,28.176143435717194
432570,1,7,7,6.401617359538163
432575,1,7,8,26.265099260236973
432598,1,7,3,3.205506119838388
432599,1,7,5,0.3700090141005197
432616,1,7,5,0.3700090141005197
432622,1,7,9,22.687146205442676
432639,0,7,0,0.07451547082151065
432641,1,7,9,32.23111354469778
432647,1,7,4,0.3700090657260609
432668,1,7,3,1.4205221604581284
432673,1,7,9,31.4144151072149
432676,1,7,9,17.518735657899025
432678,1,7,6,30.180810194871636
432688,1,7,9,8.80033420042577
432714,1,7,9,16.036781979442356
432736,1,7,9,26.329447740759935
432754,1,7,9,27.731475874516388
432756,1,7,4,0.3700090657260609
432763,1,7,7,1.0888003911603392
432770,1,7,8,29.224782258944632
432779,1,7,6,12.280116214312864
432800,1,7,6,16.168741449763548
432810,1,7,8,20.237058139469553
432818,1,7,2,13.414718967851988
432820,1,7,4,0.3700090657260609
432821,1,7,9,18.58795126548256
432832,0,7,0,0.0327455831848238
432836,1,7,8,33.76073742097571
432844,1,7,6,27.377276827298807
432851,1,7,8,17.170828152796506
432869,1,7,9,31.09478837626703
432870,1,7,8,6.540145863365579
432880,1,7,1,20.121078338426184
432891,1,7,8,2.885734317265456
432912,1,7,4,0.3700090657260609
432915,1,7,5,0.3700090141005197
432921,1,7,2,11.344697792380886
432925,1,7,9,32.70144629048488
432957,1,7,7,3.841497870774694
432960,1,7,9,21.01772719751967
432967,1,7,6,9.777509976932501
432970,1,7,4,0.3700090656202526
432972,1,7,5,0.37000902039789374
432976,1,7,9,14.587907194338909
432979,1,7,8,35.85345214007557
432992,1,7,6,21.99975763418328
433002,1,7,9,33.02144198677531
433012,1,7,9,32.857545256147525
433013,1,7,8,32.65599837159577
433020,1,7,10,19.50687409997503
433042,1,7,9,18.395078814634324
433053,1,7,8,24.413326149218822
433056,1,7,7,1.1796028878671632
433057,0,7,0,0.036514387071318044
433071,1,7,9,21.777566325784715
433078,1,7,9,10.908563701159958
433096,1,7,9,20.086134723986483
433103,0,7,0,0.03613173278741872
433105,1,7,2,12.177205267930782
433107,1,7,9,23.651817892556213
433112,1,7,9,25.31477748450072
433117,1,7,8,5.187432866827607
433121,1,7,9,26.0255043312876
433129,1,7,8,29.460451386335045
433133,1,7,10,17.669331147318697
433148,1,7,5,0.3700090141005197
433158,1,7,8,10.635031461733941
433160,1,7,4,0.3700090657260609
433163,1,7,9,7.0339407308373945
433183,1,7,2,1.998196022328442
433184,0,7,0,0.03947599253927298
433197,1,7,7,0.9150460869995221
433207,1,7,9,17.902712312266484
433210,1,7,8,23.71521407119606
433236,1,7,5,0.37000902039789374
433249,1,7,7,2.8322125013721635
433253,1,7,7,4.393275155693947
433261,1,7,10,21.680275321211454
433262,1,7,5,0.3700090141005197
433267,1,7,9,19.886792397410943
433291,1,7,5,0.3700090141005197
433311,1,7,10,25.898735791321666
433317,1,7,8,13.64310797969035
433333,1,7,4,0.3700090657260609
433361,1,7,1,12.592527238499743
433379,1,7,6,21.069176279513673
433401,1,7,10,6.1178955100320636
433405,1,7,3,3.257199168860596
433451,1,7,4,0.3700090657260609
433465,1,7,5,0.3700090141005197
433466,1,7,8,16.527749209791242
433485,1,7,5,0.3700090141005197
433494,1,7,9,33.00967104466277
433498,1,7,3,3.187931693241753
433502,1,7,4,0.3700090657260609
433513,1,7,7,5.34659942225631
433530,1,7,9,23.45119122317148
433537,1,7,10,11.850037785844481
433543,1,7,6,22.797537166890436
433557,1,7,2,11.173373773184512
433580,1,7,4,0.3700090657260609
433585,1,7,5,0.3700090141005197
433598,1,7,4,0.3700090657260609
433605,1,7,3,3.0966234048064925
433609,1,7,8,35.19732839152833
433610,1,7,9,33.562486401614464
433633,1,7,9,23.334134742312013
433634,1,7,5,0.3700090141005197
433635,1,7,4,0.3700090657260609
433641,1,7,9,30.343099457597624
433657,1,7,7,6.558260654537975
433660,1,7,1,19.127695264915136
433677,1,7,9,15.378806383193968
433688,1,7,9,8.233489726152822
433713,1,7,4,0.3700090657260609
433716,1,7,1,27.401225708542885
433736,1,7,9,32.90072303616282
433763,1,7,10,19.13387384004886
433772,0,7,0,0.03476056351106379
433808,1,7,5,0.3700090141005197
433811,1,7,1,14.687207875528884
433885,1,7,8,19.804784288159652
433908,1,7,9,30.495183170121027
433909,0,7,0,0.04378407493376003
433916,1,7,9,21.675385434063465
433932,1,7,4,0.3700090657260609
433945,1,7,2,9.356448380621838
433952,1,7,5,0.3700090141005197
433973,1,7,9,32.711308652913054
433978,1,7,4,0.3700090657260609
433997,1,7,10,10.910744362368355
434008,1,7,9,22.051018901080905
434011,1,7,8,8.09796023161264
434017,1,7,7,3.7790582129194474
434022,1,7,4,0.3700090657260609
434039,1,7,6,22.897183239824002
434061,1,7,10,5.2669838325638665
434065,1,7,9,16.372955970351693
434113,1,7,9,19.00804661576847
434116,1,7,4,0.3700090657260609
434125,1,7,1,18.05845615513603
434130,1,7,6,13.529089498777724
434131,1,7,6,10.776894138010222
434152,1,7,8,33.08651842812006
434185,1,7,4,0.3700090657260609
434203,1,7,5,0.3700090141005197
434221,1,7,8,20.230997939832935
434227,1,7,9,31.397360732644152
434229,1,7,7,5.213937433829288
434243,1,7,10,4.7293153961832886
434245,1,7,4,0.3700090657260609
434259,1,7,4,0.3700090657260609
434270,1,7,5,0.3700090141005197
434273,1,7,10,17.308247769046577
434276,1,7,10,26.049683236949907
434293,1,7,6,8.36745727359546
434311,1,7,3,1.1903822881238464
434313,1,7,1,21.65270087522331
434328,1,7,8,32.7111340311253
434334,1,7,10,13.164350444634449
434348,1,7,8,31.62974663107739
434358,1,7,1,27.036416764796716
434364,1,7,9,18.866002005126816
434369,1,7,4,0.3700090657260609
434377,1,7,5,0.3700090141005197
434408,1,7,9,31.590879321623397
434416,1,7,6,28.743301694448007
434430,1,7,10,13.43325282394768
434447,1,7,9,16.68797571490963
434455,1,7,7,4.6306630288961435
434467,1,7,4,0.3700090656202526
434469,1,7,10,12.815699583164465
434487,1,7,8,13.600995855202248
434495,1,7,9,30.871757441550656
434501,1,7,9,20.180320565256626
434514,1,7,1,14.467206354707356
434521,1,7,1,13.468181818355095
434526,1,7,9,19.713575122896668
434544,1,7,4,0.3700090657260609
434553,1,7,4,0.3700090657260609
434557,1,7,4,0.3700090657260609
434565,1,7,9,33.18398028674322
434587,1,7,6,11.995533851522989
434589,1,7,10,7.04766297495729
434609,1,7,5,0.3700090141005197
434620,1,7,10,19.93206508693584
434622,1,7,10,20.32974344266323
434672,1,7,7,6.049893791173377
434696,1,7,10,16.052953521649094
434704,1,7,6,8.132485494098061
434726,1,7,9,17.939876293200427
434727,1,7,7,5.377244158696156
434750,0,7,0,0.038368949998711335
434752,1,7,9,14.983370424418094
434756,1,7,3,1.4088299105086104
434762,1,7,9,9.300361977901465
434765,1,7,4,0.3700090657260609
434771,1,7,9,33.657096924001756
434777,1,7,9,26.365273451098766
434786,1,7,8,26.924154500899327
434787,1,7,10,25.623889543486616
434802,1,7,5,0.37000902039789374
434805,1,7,6,15.6943502822077
434809,1,7,8,13.862555225683655
434816,1,7,2,13.386852031981189
434834,1,7,10,16.202629306378263
434847,1,7,5,0.3700090141005197
434848,1,7,6,5.764675863274745
434851,1,7,6,9.359255677114845
434854,1,7,4,0.3700090657260609
434862,1,7,8,32.460979472102245
434871,1,7,8,10.943531003744383
434873,1,7,1,5.217298161110204
434893,1,7,5,0.3700090141005197
434904,1,7,8,22.651956058244757
434906,1,7,5,0.3700090141005197
434909,1,7,10,13.318941639091154
434933,1,7,5,0.3700090141005197
434948,1,7,7,6.284433847437484
434967,1,7,5,0.3700090141005197
434977,1,7,9,32.756027466537574
434978,1,7,9,33.78570474677114
434980,1,7,9,18.098696819355485
434991,1,7,8,27.841811116241054
435001,1,7,9,12.926059341287646
435035,1,7,7,4.150665810921247
435037,1,7,4,0.3700090657260609
435041,1,7,10,6.529696833970741
435091,1,7,2,4.395942724946726
435096,1,7,5,0.3700090141005197
435109,1,7,5,0.3700090141005197
435116,1,7,8,24.556168574370624
435128,1,7,4,0.3700090657260609
435130,1,7,6,28.118911486404265
435134,1,7,9,26.54243429431948
435135,1,7,8,26.47098384352991
435143,1,7,7,0.7732512574014999
435146,1,7,6,29.640853945510948
435163,1,7,6,27.476843140342904
435164,1,7,1,11.578035524164815
435165,1,7,5,0.3700090141005197
435184,1,7,6,30.05025688479379
435189,1,7,8,20.31409557760231
435196,1,7,10,15.405034230702462
435203,0,7,0,0.033341271450775915
435204,1,7,8,17.12277795231418
435218,1,7,6,29.388207551524175
435223,1,7,9,24.674400358085073
435233,1,7,9,3.559127077375074
435236,1,7,10,13.754265742250265
435262,1,7,9,24.745570371539387
435264,1,7,6,17.366887215706267
435270,1,7,10,14.117670860424557
435274,1,7,8,35.39756731420396
435282,1,7,6,27.40138173314337
435283,1,7,9,23.604374071399455
435291,1,7,8,20.779149489548583
435294,1,7,9,6.832143590208197
435296,1,7,8,15.313798237255126
435306,1,7,4,0.3700090657260609
435308,1,7,9,28.43764935920891
435310,1,7,10,26.016212608993488
435313,1,7,1,27.377862998777648
435321,0,7,0,0.03595771247212699
435329,1,7,5,0.3700090141005197
435334,1,7,9,31.893693127841868
435342,1,7,6,23.883414232788592
435343,1,7,9,13.97956774587732
435352,1,7,8,25.761070398965817
435356,1,7,2,11.115091787819338
435359,1,7,5,0.3700090141005197
435388,1,7,2,11.492911456054925
435417,1,7,9,29.210129460665936
435426,1,7,6,19.265579220766053
435431,1,7,9,7.310833260563878
435432,1,7,8,24.222578747328132
435434,1,7,8,22.51238049941833
435440,1,7,3,1.746160486355766
435442,1,7,4,0.3700090657260609
435443,0,7,0,0.02998760804294775
435447,1,7,9,30.48772268121311
435473,1,7,3,3.1905337160916787
435475,1,7,6,22.335494168861974
435504,1,7,8,5.148425262887154
435506,1,7,10,25.386807748705742
435524,0,7,0,0.045295470096457305
435533,1,7,9,22.64026184300604
435548,1,7,7,1.8665360192027611
435561,1,7,10,6.091079786935179
435564,1,7,9,29.768768766462514
435581,0,7,0,0.03580624954350167
435600,1,7,8,23.046614603302576
435609,1,7,6,29.713659342680014
435636,1,7,4,0.3700090657260609
435646,1,7,7,3.216427123805608
435660,1,7,8,25.93116364331389
435664,1,7,4,0.3700090657260609
435668,1,7,10,18.450447453497638
435671,1,7,4,0.3700090656202526
435677,1,7,8,14.059540567279955
435693,1,7,6,18.406779438313038
435697,1,7,5,0.3700090141005197
435718,1,7,6,27.888286349601476
435731,1,7,10,26.072554660762126
435743,1,7,5,0.3700090141005197
435779,1,7,5,0.3700090141005197
435794,1,7,3,3.179163750650274
435802,1,7,5,0.3700090141005197
435816,1,7,8,17.394895458844093
435817,1,7,9,32.59171866489558
435838,1,7,9,24.875899585143152
435842,1,7,10,5.883838817771173
435874,1,7,5,0.3700090141005197
435887,1,7,8,31.54818277162617
435892,1,7,5,0.3700090141005197
435895,1,7,9,32.05120952145031
435920,1,7,8,17.92260103603312
435939,1,7,1,14.384612317125132
435944,1,7,6,12.681085244888049
435957,1,7,8,29.929698729360094
435958,1,7,6,30.05334081317083
435960,1,7,8,18.00014369952106
435978,1,7,2,6.0401589264581546
435983,0,7,0,0.03881641541886817
435988,1,7,9,24.49176408310163
436012,1,7,4,0.3700090657260609
436022,1,7,9,30.614698737686247
436027,1,7,6,16.660709804457326
436034,1,7,5,0.3700090141005197
436044,1,7,5,0.37000902039789374
436055,1,7,4,0.3700090656202526
436064,1,7,6,21.61429084581168
436097,1,7,4,0.3700090657260609
436100,0,7,0,0.04661807805662052
436120,1,7,3,1.6836619625818932
436143,1,7,10,14.308960717836703
436146,0,7,0,0.035841075341542454
436191,1,7,3,3.124344853089907
436197,1,7,9,21.902566138947606
436199,1,7,10,24.31745131792253
436207,1,7,10,24.026161555492582
436228,1,7,8,27.853767336222525
436239,1,7,2,11.91487857264016
436244,1,7,1,6.954353543632687
436256,1,7,5,0.3700090141005197
436273,1,7,4,0.3700090657260609
436279,0,7,0,0.0765692039942839
436280,1,7,5,0.3700090141005197
436281,1,7,5,0.3700090141005197
436290,0,7,0,0.03691130968321394
436296,1,7,4,0.3700090657260609
436298,1,7,8,35.653494107612886
436309,1,7,1,24.17633080296745
436311,1,7,8,35.70812434075437
436325,1,7,8,29.160450124072813
436335,1,7,5,0.3700090141005197
436344,1,7,8,17.380427654026988
436347,1,7,9,24.07489939133171
436360,1,7,5,0.3700090141005197
436378,1,7,2,4.31133159419787
436407,1,7,7,1.7033811412676823
436422,1,7,9,31.044153227463465
436426,1,7,8,18.087574561546234
436434,1,7,4,0.3700090657260609
436450,1,7,3,2.315606493822754
436455,1,7,10,7.235143763213743
436473,1,7,6,6.901023147068745
436489,1,7,5,0.3700090141005197
436498,1,7,5,0.3700090141005197
436503,1,7,6,19.178005815121963
436504,1,7,4,0.3700090657260609
436505,1,7,5,0.3700090141005197
436536,1,7,2,14.86279412545694
436545,1,7,9,22.07220017794791
436573,1,7,7,6.3060129534745535
436581,1,7,8,22.771598372554994
436588,1,7,5,0.3700090141005197
436594,1,7,6,13.012363329921197
436602,1,7,8,33.498094449282526
436609,1,7,4,0.3700090657260609
436620,1,7,3,1.4322415487732174
436624,1,7,3,1.729934348293195
436625,1,7,4,0.3700090657260609
436634,1,7,5,0.3700090141005197
436647,1,7,1,22.647748295444917
436674,1,7,3,3.0105985360047964
436685,1,7,8,29.112194390912688
436688,1,7,9,29.22511972057907
436690,1,7,6,10.781341489018
436710,1,7,4,0.3700090657260609
436721,1,7,1,17.539724034478784
436723,1,7,9,29.84923121615931
436741,1,7,5,0.3700090141005197
436745,1,7,7,2.4319649614464356
436755,1,7,5,0.37000902039789374
436756,1,7,8,5.271078858136001
436757,0,7,0,0.07695337058601492
436758,1,7,4,0.3700090657260609
436761,1,7,10,10.802157443870001
436764,1,7,5,0.3700090141005197
436783,1,7,4,0.3700090657260609
436795,1,7,9,24.84596281293173
436810,1,7,5,0.3700090141005197
436825,1,7,5,0.3700090141005197
436836,1,7,3,2.192764281029929
436859,1,7,6,8.145176535
436863,1,7,9,11.589369535049254
436865,1,7,7,5.604651669550183
436866,1,7,6,9.118635752500305
436873,1,7,9,27.452031146817703
436883,1,7,1,24.20929914781013
436887,1,7,7,5.268716490748508
436890,1,7,9,33.409799166136956
436895,1,7,9,28.108309158154682
436906,1,7,10,24.65102788228507
436918,1,7,2,13.034128760167228
436935,1,7,7,3.1012868199381303
436950,1,7,6,20.91737431535199
436955,1,7,1,26.50104232185053
436966,1,7,8,32.68825823041522
436971,1,7,10,18.71361683552026
436983,1,7,9,14.590005014748591
436990,1,7,6,25.045996260547504
436997,1,7,5,0.3700090141005197
437018,1,7,1,21.542008780223075
437045,1,7,4,0.3700090656202526
437074,1,7,8,33.34787135175482
437093,1,7,2,6.6969159678302095
437101,0,7,0,0.09390287007049751
437105,1,7,4,0.3700090657260609
437119,1,7,8,4.788216062593397
437121,1,7,8,14.629989131020402
437127,1,7,6,25.836336047179916
437129,1,7,4,0.3700090657260609
437158,1,7,8,26.947089513617243
437165,1,7,5,0.3700090141005197
437168,1,7,5,0.3700090141005197
437171,1,7,9,31.057920109335637
437180,1,7,8,12.948843510146109
437187,1,7,8,28.16059119188124
437197,1,7,5,0.3700090141005197
437205,1,7,4,0.3700090657260609
437220,1,7,6,20.735161714270056
437228,1,7,4,0.3700090657260609
437233,1,7,6,29.509566943734217
437236,1,7,7,3.6970356992211415
437241,1,7,8,33.569506155909124
437266,1,7,5,0.3700090141005197
437269,1,7,9,26.208251672239918
437273,1,7,10,26.039820862345152
437301,1,7,4,0.3700090657260609
437314,1,7,5,0.3700090141005197
437316,1,7,4,0.3700090657260609
437339,1,7,9,10.77677621835802
437344,1,7,10,26.00212616270344
437357,1,7,4,0.3700090657260609
437359,1,7,9,6.967728469989648
437365,1,7,1,23.64346265805548
437383,1,7,9,29.60915357422774
437386,1,7,5,0.3700090141005197
437391,1,7,10,17.731380860033997
437402,1,7,6,27.550513753987666
437469,1,7,6,29.408376599019125
437477,1,7,6,28.58246212072787
437489,1,7,10,16.73419616813506
437491,1,7,4,0.3700090657260609
437506,1,7,8,30.093964733471495
437512,1,7,4,0.3700090657260609
437526,1,7,6,19.96812727015583
437527,1,7,4,0.3700090657260609
437542,1,7,5,0.3700090141005197
437556,1,7,9,9.797033843313418
437583,1,7,4,0.3700090657260609
437594,1,7,10,10.438524706656322
437605,1,7,1,4.196010013165777
437619,0,7,0,0.03586499465822202
437628,1,7,10,26.04144348232591
437631,1,7,9,21.69983532156133
437634,1,7,5,0.3700090141005197
437645,1,7,8,5.1839725105756385
437647,1,7,1,3.7473954186378085
437649,1,7,8,29.339924886249694
437660,1,7,10,21.462886684415285
437667,0,7,0,0.03134358293720803
437674,1,7,6,29.932568512408672
437680,1,7,9,14.02892717238305
437697,1,7,6,22.735913854313104
437702,1,7,3,3.2030043310227296
437740,1,7,7,1.4830837711664029
437764,1,7,1,13.78746163933837
437783,1,7,9,32.67095427390867
437795,1,7,9,30.161243788496673
437799,1,7,6,17.915486684787087
437827,1,7,10,23.36771032541255
437828,1,7,3,3.0846574882731432
437849,1,7,8,30.641264274681454
437861,1,7,7,1.4032980685322904
437862,1,7,9,20.21723041929654
437883,1,7,4,0.3700090657260609
437901,1,7,5,0.3700090141005197
437905,1,7,6,18.01545123280717
437906,1,7,4,0.3700090657260609
437916,1,7,4,0.3700090657260609
437929,1,7,5,0.3700090141005197
437946,1,7,6,29.997318815611177
437949,1,7,10,13.904829983980767
437962,1,7,9,33.865339063363884
437968,1,7,6,27.8816408196854
437969,1,7,6,15.879214004072837
437981,1,7,7,6.061816663175212
437991,1,7,6,16.43171160053628
437994,1,7,8,29.903881184724565
438013,1,7,8,27.004543912844372
438031,1,7,4,0.3700090657260609
438035,1,7,5,0.3700090141005197
438039,1,7,4,0.3700090657260609
438049,1,7,5,0.3700090141005197
438070,0,7,0,0.03773063253675155
438074,1,7,10,4.546557962372059
438075,1,7,7,1.420072647275434
438077,1,7,6,13.571637450573109
438098,1,7,9,29.48802623496501
438106,1,7,8,30.713229135202198
438108,1,7,9,28.56340128136428
438118,0,7,0,0.03589051443652294
438121,1,7,3,3.1857676560979797
438126,1,7,5,0.3700090141005197
438129,1,7,6,30.423735213528172
438133,1,7,6,28.72863366347215
438150,1,7,9,27.04152556142837
438160,1,7,1,26.443640623978105
438164,1,7,9,29.121142621615338
438167,1,7,1,25.858865271938676
438170,1,7,9,19.891707666555387
438187,1,7,8,6.690080097760471
438193,1,7,8,18.83801567211195
438199,1,7,1,4.222267664298904
438229,1,7,4,0.3700090657260609
438257,1,7,5,0.3700090141005197
438261,1,7,8,2.7470008152057006
438266,1,7,1,20.821315285038793
438268,1,7,2,8.344255605935153
438273,1,7,9,33.04346380224166
438274,1,7,8,34.40600409986762
438276,1,7,7,6.504635684411862
438281,1,7,10,24.063516630130245
438284,1,7,6,14.625282194993128
438295,1,7,6,18.099796604542068
438316,1,7,7,1.6884768192440733
438325,1,7,5,0.3700090141005197
438334,1,7,6,11.813786372015313
438335,1,7,1,26.64189535719245
438340,1,7,1,27.622570915646246
438342,1,7,6,9.660578359964438
438354,1,7,3,2.207045152174522
438365,1,7,5,0.3700090141005197
438369,1,7,10,3.7370310712820127
438373,1,7,9,24.435520289582737
438390,1,7,8,13.405896907203335
438418,1,7,8,36.09382239376217
438423,1,7,9,20.331382800706105
438427,1,7,9,15.43528883825665
438431,0,7,0,0.04027661939149288
438434,1,7,5,0.3700090141005197
438443,1,7,8,14.497883353293044
438459,1,7,2,10.167732378126226
438468,1,7,8,23.252039538794225
438474,1,7,5,0.3700090141005197
438475,1,7,9,28.092683256172652
438491,1,7,8,20.51359437222685
438494,1,7,8,29.497057622010956
438498,1,7,9,33.55300281482853
438507,1,7,8,3.543473067970585
438517,1,7,8,36.110259381005584
438538,1,7,4,0.3700090657260609
438540,1,7,4,0.3700090657260609
438542,1,7,1,21.575856619317534
438545,1,7,9,24.800469563167074
438556,0,7,0,0.03697745734722537
438565,1,7,6,30.636121448110227
438595,1,7,4,0.3700090657260609
438604,1,7,10,3.97820603707774
438607,1,7,9,26.895870224757616
438622,1,7,8,22.732413264150992
438628,1,7,10,20.4134357319921
438643,1,7,10,25.41346004839298
438645,1,7,1,21.02662332567565
438646,0,7,0,0.0392638587850555
438653,1,7,4,0.3700090657260609
438672,1,7,1,21.045415867438813
438675,1,7,8,20.250114366784473
438678,1,7,8,18.59631546280824
438681,1,7,9,10.10322373549344
438682,1,7,9,29.73305535927126
438683,1,7,9,26.096101066675317
438704,1,7,1,20.16881929547601
438748,1,7,8,27.876109067912978
438749,1,7,9,14.209297748597008
438761,1,7,6,21.095336699398036
438767,1,7,9,30.63334643295939
438769,1,7,9,32.65248709356665
438771,1,7,10,10.805574468253658
438779,1,7,2,8.027920779411454
438781,1,7,4,0.3700090657260609
438797,1,7,8,23.492248882832165
438807,0,7,0,0.024347644816141305
438815,1,7,9,32.00290878553015
438816,1,7,9,17.67626846342408
438822,1,7,1,17.855276830042534
438824,1,7,1,15.31873455665533
438837,1,7,3,2.985092395644757
438838,1,7,7,0.5424476310435136
438849,1,7,8,32.34071442912625
438851,1,7,4,0.3700090657260609
438871,1,7,10,15.40369641958449
438875,1,7,2,16.552256459111817
438892,1,7,9,25.547251721821706
438897,1,7,9,25.16421548024961
438908,1,7,7,4.322741687839675
438921,1,7,5,0.3700090141005197
438922,1,7,8,32.21127864719145
438930,0,7,0,0.032385010954016386
438942,1,7,5,0.3700090141005197
438947,1,7,5,0.3700090141005197
438952,1,7,3,3.199544966361539
438965,1,7,9,29.761382894018887
438968,1,7,1,6.234318763531439
438994,1,7,10,17.827468969404464
439002,1,7,9,25.237517566815566
439005,1,7,9,9.528794410126846
439013,1,7,9,26.12372519707528
439026,1,7,4,0.3700090657260609
439037,1,7,5,0.3700090141005197
439050,1,7,1,4.300599060150532
439053,1,7,9,27.980097060708268
439059,1,7,5,0.3700090141005197
439062,1,7,9,13.644550885422971
439069,1,7,6,10.525246426514977
439071,0,7,0,0.037927682829228
439077,1,7,1,12.736342577558137
439085,1,7,1,6.745235567444631
439090,1,7,7,2.468526579190468
439098,1,7,1,9.279159750116808
439101,1,7,9,26.320688360078346
439109,1,7,5,0.3700090141005197
439113,1,7,6,26.019006401195416
439117,0,7,0,0.032754687943883545
439125,1,7,1,8.64020298917498
439141,1,7,10,19.867773426486817
439143,1,7,9,32.69992837716466
439144,1,7,5,0.37000902039789374
439149,1,7,2,10.322533584542187
439157,1,7,3,2.9473006423658386
439164,1,7,1,11.738376003432546
439165,1,7,5,0.3700090141005197
439166,1,7,9,28.656075585220933
439178,1,7,10,14.058105863645016
439180,1,7,8,18.070229304611026
439181,1,7,5,0.3700090141005197
439208,1,7,10,7.322256743804773
439212,1,7,5,0.3700090141005197
439253,1,7,4,0.3700090657260609
439284,1,7,5,0.3700090141005197
439290,1,7,6,22.698416615594752
439305,1,7,6,12.525189509603507
439313,1,7,1,7.943345017401667
439323,1,7,4,0.3700090657260609
439325,1,7,6,30.242936049641557
439330,1,7,6,30.006188693382963
439337,1,7,9,10.901291723114495
439353,1,7,8,18.33431260314465
439361,1,7,6,30.40322638839358
439380,1,7,4,0.3700090657260609
439392,1,7,10,15.217781942669555
439400,1,7,5,0.3700090141005197
439411,1,7,1,8.735942385888984
439413,0,7,0,0.030943095177874625
439416,1,7,5,0.3700090141005197
439461,1,7,9,19.854463345199783
439464,1,7,4,0.3700090657260609
439476,1,7,9,21.056274122842204
439485,1,7,5,0.37000902039789374
439488,1,7,10,14.357953475994531
439498,1,7,5,0.3700090141005197
439507,1,7,9,25.3838944084937
439509,1,7,1,7.8766063869618215
439512,1,7,1,11.610768718105211
439532,1,7,8,17.16426891380792
439543,1,7,8,33.31006439816413
439547,1,7,6,8.136372630995199
439560,1,7,9,22.19583895109601
439571,1,7,6,30.382257349338147
439606,1,7,6,23.756205086973814
439607,1,7,8,21.1856455873129
439609,1,7,6,19.56008183182581
439616,1,7,1,6.718079313021635
439637,1,7,10,6.386629349858224
439658,1,7,8,29.6990592901667
439663,1,7,8,24.01111737767135
439667,1,7,4,0.3700090657260609
439702,1,7,1,20.48208532452401
439704,1,7,8,21.75848646602915
439721,1,7,1,6.864902158287096
439725,1,7,6,18.453644331477868
439729,0,7,0,0.045631253773495875
439736,1,7,4,0.3700090657260609
439741,1,7,8,8.094684254101631
439742,1,7,9,31.881565775259343
439745,1,7,9,16.872936291312765
439754,1,7,5,0.3700090141005197
439763,1,7,10,26.06301275194485
439780,1,7,8,34.18959064617149
439783,1,7,2,5.260863617296461
439796,1,7,8,35.63335928903345
439810,1,7,4,0.3700090656202526
439819,1,7,4,0.3700090657260609
439829,1,7,6,29.65335860787874
439834,1,7,3,0.6109107989927429
439835,1,7,5,0.3700090141005197
439862,1,7,5,0.3700090141005197
439887,1,7,10,10.068288215247998
439891,1,7,5,0.3700090141005197
439898,1,7,9,6.620653976155958
439900,1,7,6,23.349762425913376
439904,1,7,6,20.75741440129201
439912,1,7,2,6.860379343750205
439921,1,7,8,31.017384747685025
439924,1,7,9,25.583375967458355
439925,1,7,10,15.06807682481526
439952,1,7,9,31.244686030592465
439961,1,7,9,5.6489553085147
439980,1,7,1,21.574618042944238
439985,1,7,9,10.898314333049875
440005,1,7,1,4.194987110767347
440006,1,7,10,9.745515859197297
440012,1,7,10,18.513504993179463
440013,1,7,9,24.140962921871875
440015,1,7,4,0.3700090657260609
440016,1,7,4,0.3700090657260609
440018,1,7,9,21.482292394208727
440026,1,7,9,28.67730413206135
440039,1,7,9,15.87028023713826
440040,1,7,4,0.3700090657260609
440057,1,7,9,21.85306348890466
440073,1,7,7,6.15051782388139
440103,1,7,5,0.37000902039789374
440104,0,7,0,0.05454038335651136
440108,1,7,4,0.3700090657260609
440111,1,7,8,35.183919464926205
440112,1,7,9,18.831944593970135
440119,1,7,5,0.3700090141005197
440121,1,7,1,15.480604923490766
440124,1,7,6,7.878901284170661
440132,1,7,3,3.1082836622178536
440135,1,7,3,3.0943967252502533
440137,1,7,8,5.714223032971778
440152,1,7,5,0.3700090141005197
440167,1,7,3,1.4174685823093338
440176,1,7,3,3.2363535519424684
440184,1,7,4,0.3700090657260609
440201,1,7,10,4.909378324783327
440207,1,7,10,24.05104135514185
440212,1,7,1,4.100044155646507
440230,1,7,10,3.912603805561306
440237,1,7,5,0.3700090141005197
440266,1,7,5,0.3700090141005197
440270,1,7,8,19.589333864757826
440280,1,7,8,6.629529140262833
440283,1,7,7,3.539898805434843
440285,1,7,5,0.3700090141005197
440311,1,7,8,21.733814374242648
440314,1,7,1,12.839510372604115
440318,1,7,5,0.3700090141005197
440321,1,7,9,20.8143116175544
440322,1,7,8,31.541158665950785
440332,1,7,1,20.728727388488956
440333,1,7,4,0.3700090657260609
440340,1,7,1,16.374715435824523
440346,1,7,7,1.6391777832961782
440372,1,7,6,27.392012550209245
440385,1,7,5,0.3700090141005197
440388,1,7,1,17.73264940739768
440424,1,7,4,0.3700090657260609
440426,1,7,5,0.3700090141005197
440427,1,7,3,2.9960341267800517
440432,1,7,5,0.3700090141005197
440434,1,7,10,24.407183431360288
440435,1,7,8,32.563024331143154
440440,1,7,9,21.98902217795976
440442,1,7,1,15.099365333163862
440447,1,7,4,0.3700090657260609
440450,1,7,9,18.264243902225914
440458,0,7,0,0.04702731951528272
440473,1,7,9,7.263411551491586
440498,1,7,6,28.438783587693596
440503,1,7,9,23.868567159824515
440515,1,7,6,18.520187350905687
440540,1,7,5,0.3700090141005197
440544,1,7,5,0.3700090141005197
440547,1,7,6,26.669696841377704
440552,1,7,9,32.78876937747525
440562,1,7,4,0.3700090657260609
440564,1,7,2,16.433667631738963
440602,1,7,9,11.962333029555442
440619,1,7,10,6.419083802700169
440634,1,7,6,11.139284025507912
440668,1,7,9,21.468248278567458
440675,1,7,5,0.3700090141005197
440702,1,7,6,29.420118520899425
440703,1,7,3,2.6553971828593808
440704,1,7,4,0.3700090656202526
440707,1,7,6,6.506497913850909
440709,1,7,8,11.762488565773966
440715,1,7,6,24.53646882369865
440721,1,7,1,18.564995179546237
440727,1,7,9,25.95128789348844
440737,1,7,5,0.3700090141005197
440739,1,7,8,35.99061566758853
440750,1,7,10,12.312666198355513
440758,1,7,2,2.714000595335286
440773,1,7,7,5.37455009837826
440782,1,7,1,19.491586723459324
440795,1,7,6,26.206854082429096
440797,1,7,7,4.316419024176223
440801,1,7,8,35.63724635746473
440812,1,7,9,30.671128135926573
440814,1,7,5,0.3700090141005197
440828,1,7,8,5.400194287128893
440843,1,7,8,10.23323151576882
440854,1,7,9,26.641075211218695
440857,1,7,8,28.317472136060733
440881,1,7,10,6.4777539841866245
440913,1,7,9,32.67764445279982
440915,1,7,4,0.3700090657260609
440919,1,7,4,0.3700090657260609
440922,1,7,2,13.737865052163997
440926,1,7,8,13.517090560236108
440928,0,7,0,0.04665879165486779
440932,1,7,2,3.878021725822528
440936,1,7,6,24.104280877208822
440953,1,7,4,0.3700090657260609
440956,1,7,8,21.935814455933432
440958,1,7,5,0.37000902039789374
440960,1,7,4,0.3700090657260609
440965,1,7,4,0.3700090657260609
440981,1,7,6,7.84828512583472
440982,0,7,0,0.04672114577321966
440999,1,7,8,27.467880366929307
441054,1,7,7,1.9157224219230746
441066,1,7,6,20.52446675004983
441067,1,7,5,0.3700090141005197
441075,1,7,5,0.3700090141005197
441093,1,7,5,0.3700090141005197
441101,1,7,4,0.3700090657260609
441113,1,7,10,25.184909347684258
441147,1,7,4,0.3700090657260609
441151,1,7,9,30.520073516224745
441155,1,7,8,35.92870970516902
441173,1,7,7,1.082956135334539
441174,1,7,9,5.302735873283701
441180,1,7,9,23.415882836197298
441182,0,7,0,0.039304996491263136
441193,1,7,4,0.3700090657260609
441196,1,7,4,0.3700090657260609
441201,1,7,9,23.528190863504246
441204,1,7,3,3.232550022415663
441210,1,7,8,32.18713687658576
441211,1,7,7,1.8402984349621616
441226,1,7,5,0.3700090141005197
441228,1,7,7,4.958439382795621
441229,1,7,9,22.493339684279547
441240,1,7,10,21.72642459087632
441246,1,7,2,7.055070336365489
441247,1,7,7,3.3133277691371608
441249,1,7,10,5.6210792057899495
441250,1,7,6,28.191883297100844
441255,0,7,0,0.03841752431424074
441269,1,7,5,0.3700090141005197
441271,1,7,2,9.346635666827257
441273,1,7,8,34.62370318176173
441285,1,7,7,2.7246339533136807
441296,1,7,9,24.994169521712795
441317,1,7,6,20.746527032162852
441328,1,7,8,27.38026930482854
441329,1,7,8,27.081192211805753
441350,1,7,6,17.492150539037556
441363,1,7,4,0.3700090657260609
441371,1,7,5,0.3700090141005197
441375,1,7,9,4.24237636033181
441379,1,7,5,0.3700090141005197
441398,1,7,8,24.22669840743136
441401,1,7,3,1.4129384334984239
441410,1,7,6,14.793802400688206
441416,1,7,8,14.63193786828156
441424,0,7,0,0.07372502164307436
441434,1,7,8,17.31153125024341
441442,1,7,6,23.092479960643637
441444,1,7,1,24.02520752481537
441451,0,7,0,0.033367301901226276
441470,1,7,1,26.075276245832207
441478,1,7,6,15.68576317881488
441494,1,7,9,21.37594378914407
441502,1,7,6,27.377948673033007
441516,1,7,4,0.3700090657260609
441605,1,7,8,4.266745553286475
441609,1,7,5,0.37000902039789374
441618,1,7,8,31.23328747561198
441626,1,7,8,30.371084970653047
441635,1,7,9,28.946125288623996
441637,1,7,4,0.3700090657260609
441640,1,7,4,0.3700090657260609
441648,1,7,3,1.6559534258968738
441654,0,7,0,0.03295352592452431
441670,1,7,8,7.565643261191327
441675,1,7,10,20.09783078500648
441678,1,7,9,10.319653388404394
441687,1,7,3,3.0653211772316626
441695,1,7,8,26.06205082649858
441696,1,7,10,17.46225069955222
441703,1,7,4,0.3700090657260609
441706,1,7,3,3.151751213239193
441717,1,7,10,7.036705652010567
441718,1,7,8,6.673383055928368
441740,1,7,5,0.3700090141005197
441741,1,7,6,14.636366937570868
441752,1,7,10,8.637235137251503
441757,1,7,6,27.55418153126701
441767,1,7,9,28.65680744421234
441774,1,7,3,2.994300300794826
441786,1,7,6,28.060961417804226
441799,1,7,7,6.039131602748737
441820,1,7,4,0.3700090657260609
441827,1,7,7,4.230315542183835
441840,1,7,5,0.3700090141005197
441841,1,7,5,0.3700090141005197
441848,1,7,8,23.00626108699731
441849,1,7,7,5.5913470061236845
441852,1,7,1,23.153512871632667
441877,1,7,6,14.820902497384127
441881,1,7,6,24.42636197345003
441892,1,7,10,11.89852407361183
441912,1,7,4,0.3700090657260609
441915,1,7,4,0.3700090657260609
441920,1,7,8,26.53705532355725
441922,1,7,4,0.3700090657260609
441955,1,7,9,4.764867387372947
441965,1,7,5,0.3700090141005197
441977,1,7,4,0.3700090657260609
441982,1,7,6,13.544745674315562
441991,1,7,9,10.232610314562887
441994,1,7,4,0.3700090657260609
442007,1,7,6,27.119904794331433
442013,1,7,6,9.392497555778148
442015,1,7,3,2.6115249607167175
442016,1,7,6,23.3414504981651
442026,1,7,7,1.4990909509352834
442029,1,7,4,0.3700090657260609
442032,1,7,9,21.537657136816858
442036,1,7,5,0.3700090141005197
442042,1,7,6,14.170289553898836
442043,1,7,5,0.3700090141005197
442044,1,7,10,15.571210321099658
442057,1,7,9,33.6588404908593
442067,1,7,9,30.54546994846212
442068,1,7,5,0.3700090141005197
442099,1,7,8,13.604368969587625
442105,1,7,10,10.495195267507421
442109,1,7,8,30.716191129993692
442115,1,7,8,3.7599865331368902
442117,1,7,6,29.4203454462114
442118,1,7,9,29.63676315928169
442127,1,7,8,30.043917263730258
442134,1,7,9,23.984830084290408
442151,1,7,1,20.217936639717905
442164,1,7,9,4.688361668324268
442176,1,7,8,29.2155753539728
442206,1,7,7,0.9066862849148957
442207,1,7,4,0.3700090657260609
442225,0,7,0,0.024724756761608287
442232,1,7,4,0.3700090657260609
442234,1,7,5,0.3700090141005197
442261,1,7,9,21.50892717440936
442287,1,7,10,16.133989164850053
442318,1,7,4,0.3700090657260609
442320,1,7,9,31.61931229869018
442321,1,7,5,0.3700090141005197
442336,1,7,9,19.80544019006382
442360,1,7,3,3.138318663368304
442371,1,7,8,24.232730441746035
442379,1,7,8,20.816773141657347
442393,1,7,3,3.199016471144333
442396,1,7,9,33.48543710195346
442404,1,7,9,7.161292473396847
442409,1,7,5,0.3700090141005197
442411,1,7,6,12.401977951596722
442412,1,7,9,33.122003873254535
442417,1,7,9,32.44606403882235
442420,1,7,4,0.3700090657260609
442426,1,7,4,0.3700090657260609
442473,1,7,9,2.484476128402726
442484,1,7,5,0.3700090141005197
442485,1,7,9,2.60109357254423
442487,1,7,8,20.23677445598453
442495,1,7,6,16.97804197906852
442504,1,7,4,0.3700090657260609
442508,0,7,0,0.04103040274371424
442513,1,7,5,0.3700090141005197
442524,1,7,7,6.212553915771176
442540,1,7,6,22.162649899574426
442550,1,7,3,3.1536455433834787
442556,1,7,10,5.6529622409271045
442559,1,7,4,0.3700090657260609
442567,1,7,10,23.495394295234078
442575,1,7,9,28.96845737019212
442580,1,7,4,0.3700090657260609
442601,1,7,1,21.663487540489655
442606,1,7,5,0.3700090141005197
442620,1,7,7,1.997071398488608
442627,1,7,10,18.506082725237587
442637,1,7,10,9.93171436292169
442674,1,7,5,0.3700090141005197
442677,1,7,4,0.3700090657260609
442687,1,7,5,0.3700090141005197
442724,1,7,9,16.40022807425015
442746,1,7,4,0.3700090657260609
442749,1,7,10,14.30249560866792
442754,1,7,8,15.97874951101179
442757,1,7,1,24.908039321350387
442769,1,7,8,26.191236414018885
442773,1,7,6,13.985218779932291
442777,1,7,8,31.093537455233662
442789,1,7,9,7.322468638883646
442793,1,7,9,13.905974611451839
442803,1,7,1,10.53490749235062
442811,1,7,8,19.807970465592717
442815,1,7,1,12.799482394773486
442818,1,7,8,15.852497358808598
442819,1,7,10,17.977074537885457
442824,1,7,10,18.441077707483746
442833,1,7,4,0.3700090657260609
442842,1,7,9,6.955277517339456
442845,1,7,8,25.232723413995707
442868,1,7,5,0.3700090141005197
442878,0,7,0,0.09679423416994945
442887,0,7,0,0.03409510575066822
442906,1,7,9,21.510183258989386
442908,1,7,8,28.891924497358772
442917,1,7,9,14.346971063774106
442921,1,7,6,29.984034202754753
442929,1,7,6,30.21324566185375
442933,1,7,1,10.846952758854245
442954,1,7,4,0.3700090657260609
442967,1,7,8,20.97291157744682
442979,1,7,7,6.469474933861635
442992,1,7,8,11.415925792168432
442996,1,7,4,0.3700090657260609
443008,1,7,4,0.3700090657260609
443010,1,7,9,10.537593381794974
443020,1,7,8,25.320871137041127
443044,0,7,0,0.030641540840987153
443057,1,7,1,20.399498616959008
443083,1,7,9,19.036886474112944
443087,1,7,7,4.944606607145405
443103,1,7,10,14.507423631967864
443118,1,7,5,0.3700090141005197
443119,1,7,4,0.3700090656202526
443128,1,7,2,5.179986900131125
443141,1,7,4,0.3700090657260609
443142,1,7,4,0.3700090657260609
443148,1,7,9,22.77284816997914
443205,1,7,6,30.019877736603615
443212,1,7,9,10.039390178299753
443222,1,7,8,22.748273537629117
443233,1,7,4,0.3700090657260609
443241,0,7,0,0.03140606267683949
443243,1,7,5,0.3700090141005197
443247,1,7,2,12.890553278784324
443268,1,7,6,10.892205302688641
443286,1,7,9,30.16000582742975
443292,1,7,9,31.553554254041792
443322,1,7,6,12.439996101503096
443325,1,7,6,22.32941546264565
443336,1,7,5,0.3700090141005197
443339,1,7,6,21.42595756940446
443355,1,7,2,14.051960806139824
443358,1,7,8,24.407697104326044
443376,1,7,8,24.172788424812687
443384,1,7,9,8.229667810967733
443386,1,7,8,6.620263841103153
443390,1,7,4,0.3700090657260609
443407,1,7,4,0.3700090657260609
443413,1,7,4,0.3700090657260609
443417,1,7,1,22.977607865453674
443418,1,7,5,0.3700090141005197
443426,1,7,9,25.93240699102811
443436,1,7,4,0.3700090657260609
443437,1,7,1,27.84058287111963
443445,1,7,4,0.3700090656202526
443448,1,7,4,0.3700090656202526
443454,0,7,0,0.03029316044161437
443455,0,7,0,0.0471652846727755
443467,0,7,0,0.031799125271914266
443491,1,7,9,29.925246738932334
443494,1,7,4,0.3700090657260609
443497,1,7,4,0.3700090657260609
443516,1,7,6,25.02597920379457
443533,1,7,6,4.660848799349438
443553,1,7,1,16.10839736124533
443599,1,7,6,26.675140001438585
443638,1,7,10,9.05844580685323
443653,1,7,1,13.081991252620513
443654,1,7,8,28.526844567322364
443657,1,7,1,24.282545931044808
443663,1,7,9,3.3415920652473416
443680,1,7,10,25.657747584243047
443691,1,7,4,0.3700090657260609
443692,1,7,9,29.611945420221115
443696,1,7,9,16.337573120700018
443704,1,7,9,18.927380331341258
443717,1,7,9,24.021974247887947
443721,1,7,4,0.3700090657260609
443723,1,7,9,26.399674968857347
443724,1,7,8,35.312098170246145
443727,1,7,4,0.3700090657260609
443728,1,7,5,0.3700090141005197
443731,0,7,0,0.035620039455445444
443742,1,7,10,13.25421406859915
443766,1,7,7,6.494415818148475
443769,1,7,2,5.7292919509254245
443770,1,7,6,19.033614375459656
443777,1,7,9,15.198770414299545
443792,1,7,10,16.969888246987907
443822,1,7,1,16.17125887518628
443826,1,7,8,28.430774049687322
443835,1,7,6,6.545436732806977
443836,1,7,6,27.17491488892843
443851,1,7,6,9.245509361570479
443864,1,7,1,17.555987111036504
443865,0,7,0,0.032457600686522085
443881,0,7,0,0.07210230812560595
443885,1,7,6,8.148392566920426
443899,1,7,2,4.4531866889232266
443902,1,7,3,2.8513409109573917
443917,1,7,5,0.3700090141005197
443921,1,7,6,21.269448350634626
443923,1,7,8,1.96992150374366
443953,1,7,9,16.207867951747147
443955,1,7,9,13.997151918363715
443962,1,7,3,3.0911608580459404
443978,1,7,3,1.5065094797465255
443993,1,7,6,11.721033778469403
444000,1,7,6,29.439954519131202
444009,1,7,7,6.314479289471489
444011,0,7,0,0.031493565119749704
444015,1,7,6,28.65626508694767
444030,0,7,0,0.10697418183490369
444036,1,7,3,3.035893344733775
444041,1,7,5,0.3700090141005197
444046,1,7,8,15.323552753256543
444063,1,7,9,22.02475817274299
444071,1,7,9,32.44234648275341
444087,1,7,1,7.038924938354363
444094,0,7,0,0.0339577961306673
444117,1,7,2,1.2090615725549045
444126,1,7,6,8.882525838916148
444128,1,7,10,14.685031311404712
444154,1,7,9,20.9857008256198
444156,1,7,8,17.418884455505726
444166,1,7,3,2.987761237784771
444167,1,7,5,0.3700090141005197
444181,1,7,8,11.624715322717899
444196,1,7,3,3.1125226970348105
444198,1,7,10,18.225751429406245
444216,0,7,0,0.03200022143086497
444218,0,7,0,0.16577619738762073
444234,1,7,9,11.457939857625403
444261,1,7,10,26.057604252019438
444288,1,7,9,12.260716348251428
444326,1,7,4,0.3700090657260609
444350,1,7,6,12.618407506583992
444353,1,7,1,17.910123223634766
444362,1,7,9,33.59192181414041
444375,1,7,6,23.873188923789748
444422,1,7,8,14.319831077910258
444424,1,7,9,5.723043637133274
444429,0,7,0,0.08057660188040824
444436,0,7,0,0.0429232092229594
444442,1,7,6,14.101966350011557
444451,1,7,9,13.538155336765458
444458,1,7,9,22.178217970701343
444465,1,7,4,0.3700090657260609
444466,1,7,9,29.591195744296726
444482,1,7,10,12.042742797746616
444485,1,7,4,0.3700090656202526
444487,1,7,8,26.90051262853646
444489,1,7,6,27.935842894701196
444513,1,7,8,17.444534743447484
444522,1,7,10,25.01238212399329
444527,1,7,10,24.946776485656684
444529,0,7,0,0.047067629609827195
444530,1,7,8,18.390508194662548
444531,1,7,10,19.091437834379345
444538,1,7,8,9.179297668079805
444561,1,7,9,29.937461652769567
444578,1,7,3,1.9378711933681438
444583,1,7,7,5.977171377963887
444584,1,7,5,0.3700090141005197
444601,1,7,10,7.6937627840890634
444607,1,7,10,13.434353982053278
444609,1,7,10,7.9094378639854375
444616,1,7,5,0.3700090141005197
444624,1,7,5,0.3700090141005197
444626,1,7,8,20.23624979677338
444627,1,7,3,3.230988532517588
444628,1,7,9,28.613007586913888
444631,1,7,4,0.3700090657260609
444636,1,7,4,0.3700090657260609
444671,1,7,9,30.383772231798325
444686,1,7,4,0.3700090657260609
444688,1,7,10,16.693142343024046
444712,1,7,9,24.732943842912658
444731,0,7,0,0.047251155491437526
444732,1,7,9,20.623338105424942
444736,1,7,9,12.644534442619632
444745,1,7,5,0.3700090141005197
444763,1,7,1,3.8719215174516295
444779,1,7,5,0.37000902039789374
444793,1,7,6,28.577562871678243
444802,1,7,8,25.819551460387675
444812,1,7,2,12.39061814527924
444822,1,7,9,33.07148606517913
444828,1,7,4,0.3700090657260609
444832,1,7,8,3.8425056612356165
444835,1,7,1,6.45091699421645
444852,1,7,6,27.481386557471655
444856,1,7,9,9.523731173326299
444861,1,7,10,17.320249830598478
444883,1,7,8,20.479024772239732
444890,1,7,6,29.107144712609553
444893,1,7,5,0.3700090141005197
444896,1,7,6,22.347286275176206
444899,1,7,6,12.387516211888464
444900,0,7,0,0.04024522444248522
444917,1,7,6,29.378428504832943
444925,1,7,7,1.6285190498018753
444938,1,7,8,29.215073320949568
444948,1,7,9,30.23045243951056
444949,1,7,6,19.19509244992334
444974,1,7,5,0.3700090141005197
444975,1,7,9,25.55589788013823
444990,1,7,9,32.15257591248161
444992,1,7,6,30.181157097932903
445008,1,7,6,29.56457464929969
445037,1,7,9,13.718652872135936
445060,1,7,7,1.6309566875630694
445074,1,7,4,0.3700090657260609
445086,1,7,9,25.063254701766947
445137,1,7,6,23.88809823506584
445151,1,7,9,28.886202771575363
445158,1,7,8,6.515968461469838
445161,1,7,4,0.3700090657260609
445165,1,7,8,20.218332570364048
445175,1,7,4,0.3700090657260609
445216,1,7,9,30.69185077586803
445225,1,7,6,26.134615269016393
445230,1,7,9,18.540485777350778
445234,1,7,10,7.768571250691689
445237,1,7,9,19.115917129660904
445254,1,7,9,29.8831707410898
445257,1,7,9,21.990224121513478
445259,1,7,4,0.3700090657260609
445270,1,7,6,30.526051898745894
445275,1,7,6,14.459326249373627
445276,1,7,5,0.3700090141005197
445287,1,7,1,16.59738691212804
445306,1,7,10,17.074227817782972
445319,1,7,4,0.3700090657260609
445321,1,7,6,19.613875678390833
445331,1,7,8,10.295204694498171
445333,1,7,1,15.152235741700053
445352,1,7,9,33.50976479093424
445353,1,7,5,0.3700090141005197
445356,1,7,9,33.00674416083526
445373,1,7,3,3.2531892736927808
445376,1,7,9,32.89262670164244
445379,1,7,9,6.118400894770244
445390,1,7,4,0.3700090657260609
445412,1,7,8,19.4416583862035
445417,1,7,6,6.574637105436165
445418,1,7,9,24.048587786181027
445441,1,7,5,0.37000902039789374
445449,1,7,9,4.13338279105756
445462,1,7,9,30.713444391875395
445488,1,7,4,0.3700090657260609
445508,1,7,1,15.15652418973111
445554,1,7,5,0.3700090141005197
445560,1,7,10,26.000956212577165
445582,1,7,4,0.3700090657260609
445591,1,7,8,19.04207866324933
445602,1,7,1,11.700044827505245
445618,1,7,1,14.670458639483117
445640,1,7,3,3.1583990537581514
445649,1,7,4,0.3700090657260609
445665,1,7,1,13.517343053800381
445688,1,7,9,17.04102528370875
445691,1,7,9,32.78515287656598
445698,1,7,8,24.0881535842839
445714,1,7,5,0.3700090141005197
445723,1,7,4,0.3700090657260609
445752,1,7,9,31.984771791854094
445753,1,7,8,22.344990670441685
445762,0,7,0,0.03376818941572924
445773,1,7,6,30.087812213699966
445799,1,7,9,13.109053856003772
445801,1,7,5,0.3700090141005197
445802,1,7,8,26.811951125943498
445825,1,7,9,4.070607826664657
445826,1,7,3,1.4180882097383174
445828,1,7,4,0.3700090657260609
445834,1,7,7,3.5728167383923863
445842,1,7,4,0.3700090657260609
445846,1,7,10,13.670980783409119
445849,1,7,9,33.609619107411504
445852,1,7,5,0.3700090141005197
445867,1,7,1,23.287441335527124
445890,1,7,10,17.2358327815106
445900,1,7,2,9.529742819502317
445906,1,7,4,0.3700090657260609
445932,1,7,1,24.507823290030146
445940,1,7,3,2.2810788091939798
445952,1,7,7,1.994555471483967
445966,1,7,5,0.3700090141005197
445997,1,7,8,10.529821307390028
446013,1,7,1,26.26199769354139
446058,1,7,9,21.345473955790222
446075,1,7,4,0.3700090657260609
446082,0,7,0,0.03354248218689583
446083,1,7,4,0.3700090657260609
446090,1,7,8,22.804839356370728
446097,1,7,9,32.746113163581285
446103,1,7,5,0.3700090141005197
446106,0,7,0,0.037052736438770544
446128,0,7,0,0.046584029094507026
446134,1,7,6,22.17603897476945
446152,1,7,4,0.3700090657260609
446168,1,7,2,10.230894708382047
446171,1,7,8,34.447130720260326
446172,0,7,0,0.03985392557841482
446179,1,7,5,0.3700090141005197
446217,1,7,8,15.064519038823374
446220,1,7,4,0.3700090657260609
446226,1,7,8,24.177951329616608
446235,1,7,8,17.465968709079114
446240,1,7,7,5.457561541763434
446247,1,7,9,32.41107807629205
446250,1,7,9,31.966397021164543
446252,1,7,9,18.262013927727455
446255,1,7,4,0.3700090657260609
446256,1,7,10,15.914692761956388
446257,1,7,9,30.751658906831523
446262,1,7,10,24.7749197982472
446263,1,7,1,5.73365946337627
446280,1,7,5,0.3700090141005197
446281,1,7,1,21.298909082377865
446283,1,7,5,0.3700090141005197
446292,1,7,10,12.769889323037958
446297,1,7,3,2.7414857333797884
446304,1,7,6,22.150164160047176
446314,1,7,9,23.287560047589494
446338,1,7,10,11.302305656290317
446354,1,7,1,13.004531388514247
446389,0,7,0,0.1217205472395698
446396,1,7,9,24.30294343053273
446439,1,7,8,29.870269864729504
446441,1,7,9,16.541918260011478
446454,1,7,6,9.580528141194241
446475,1,7,6,19.58007922325711
446476,1,7,9,24.73377071444263
446481,1,7,8,36.01870092848983
446496,1,7,5,0.3700090141005197
446502,1,7,8,5.307072820494064
446505,1,7,5,0.3700090141005197
446509,1,7,8,33.493887934589274
446529,1,7,1,26.4175950231049
446534,1,7,5,0.3700090141005197
446539,0,7,0,0.03775005769686808
446540,1,7,6,20.31945901571793
446550,1,7,1,11.344686360149765
446556,1,7,7,3.6167722709702512
446558,1,7,7,4.067322616229774
446573,1,7,8,26.824958815991742
446578,1,7,9,33.43181117751389
446605,1,7,1,26.09735261217241
446619,1,7,10,13.75116212565026
446622,1,7,10,8.208330272753626
446623,1,7,8,30.45653565589858
446629,1,7,2,16.045168555671534
446635,1,7,5,0.3700090141005197
446636,1,7,8,11.795939332439183
446638,1,7,9,9.017519147546048
446647,1,7,5,0.3700090141005197
446664,1,7,6,5.145867530433427
446691,1,7,5,0.3700090141005197
446692,1,7,6,6.651708174627911
446715,1,7,4,0.3700090657260609
446718,1,7,8,30.759331841568272
446721,1,7,6,9.371556171577673
446723,1,7,4,0.3700090657260609
446728,1,7,1,8.478600722586972
446733,1,7,2,1.8160282756978017
446738,1,7,5,0.3700090141005197
446750,1,7,6,23.807053028620576
446767,1,7,8,23.80197183540201
446768,1,7,1,23.534389325940136
446779,1,7,4,0.3700090657260609
446784,1,7,7,4.380254426498854
446792,1,7,10,10.68583914940556
446809,1,7,2,10.798062806507776
446814,1,7,7,1.3547847398490644
446832,1,7,6,24.711564415866988
446835,1,7,5,0.3700090141005197
446844,1,7,5,0.3700090141005197
446859,1,7,9,30.49708411069674
446864,1,7,3,3.04293083705602
446897,1,7,6,9.292641300334305
446913,1,7,6,24.87961334444304
446918,0,7,0,0.047251902729370764
446920,1,7,5,0.3700090141005197
446922,1,7,7,1.408419323225948
446923,1,7,9,14.192895677437637
446930,1,7,5,0.3700090141005197
446933,1,7,8,12.021149773523199
446949,1,7,8,14.579337988802223
446964,1,7,6,13.366584667277563
446965,1,7,10,7.451331875333668
446966,1,7,10,6.261612777102953
446970,1,7,8,4.469607606585813
446992,1,7,10,13.727248743039093
446994,1,7,9,21.485374290784673
447000,1,7,4,0.3700090657260609
447005,1,7,10,13.674492660895755
447012,1,7,8,24.62412346402662
447022,1,7,9,13.706438863705754
447049,1,7,3,2.9229510045568623
447059,1,7,9,32.260047648021995
447060,1,7,8,8.324377061490415
447062,1,7,6,11.155903105939787
447066,1,7,5,0.3700090141005197
447074,1,7,3,1.4034837585132196
447083,0,7,0,0.10962514542047228
447084,1,7,5,0.37000902039789374
447089,1,7,1,13.514520994623142
447092,1,7,10,14.675386076953608
447106,1,7,9,24.683974667334034
447109,1,7,10,13.273789427950945
447110,1,7,8,33.532777580132056
447112,1,7,10,17.678661201822955
447113,1,7,7,5.171086196956187
447119,1,7,9,16.082933249438092
447155,1,7,8,29.70902466812906
447163,1,7,3,2.50603304263105
447187,1,7,10,26.061709168746834
447190,1,7,9,30.511215850048938
447193,1,7,7,0.8880621862776817
447200,1,7,6,25.434006631586
447202,1,7,8,27.589584119633678
447206,1,7,5,0.3700090141005197
447211,1,7,6,9.720345937337035
447216,1,7,6,21.988371816058862
447232,1,7,8,29.10899831127999
447233,1,7,1,23.59324771978941
447239,1,7,4,0.3700090657260609
447250,1,7,4,0.3700090657260609
447299,1,7,6,21.64211860270494
447317,1,7,1,24.956970788471807
447323,1,7,3,3.232047720173803
447358,1,7,5,0.3700090141005197
447373,1,7,8,33.28468009934854
447374,1,7,4,0.3700090657260609
447378,1,7,6,20.136347599816855
447387,1,7,9,26.947851172897394
447399,1,7,10,25.765948106134267
447409,1,7,7,1.61074262272952
447416,1,7,4,0.3700090657260609
447417,1,7,6,22.00258377392314
447426,1,7,5,0.3700090141005197
447435,1,7,8,6.937359508561607
447439,1,7,8,10.832086717558989
447444,1,7,6,15.638992005187077
447448,1,7,8,14.785762527730055
447455,1,7,6,26.658666360718197
447471,1,7,8,30.420321901459165
447476,1,7,8,23.759109879901615
447477,1,7,8,16.393978539686753
447485,1,7,5,0.3700090141005197
447502,1,7,8,34.821985187551945
447506,1,7,6,17.49090872777731
447515,1,7,8,13.213927881074117
447545,0,7,0,0.035962399986061246
447568,1,7,4,0.3700090657260609
447596,1,7,8,22.673440265715644
447607,1,7,8,32.201637269099045
447613,1,7,6,28.484213585033345
447615,1,7,4,0.3700090657260609
447619,1,7,8,19.114127765985405
447639,1,7,10,17.819759799979025
447640,1,7,8,25.61716683053174
447647,1,7,9,28.105876122443842
447649,1,7,8,8.198989392898255
447653,1,7,9,9.321288127520544
447659,1,7,7,2.901480866310568
447663,0,7,0,0.04727970957503388
447670,1,7,3,3.161281662019507
447676,1,7,10,25.199838356138102
447691,1,7,6,12.712498208080868
447699,1,7,5,0.3700090141005197
447710,1,7,9,33.55908434567281
447727,1,7,5,0.3700090141005197
447731,1,7,2,7.111432129414509
447732,1,7,2,13.487050950663619
447735,1,7,5,0.3700090141005197
447748,1,7,9,7.71202792373849
447758,1,7,8,33.49135921861384
447760,1,7,10,25.94278258993596
447766,1,7,9,33.52241913908032
447769,1,7,4,0.3700090657260609
447776,1,7,3,2.7485343498613224
447787,1,7,8,11.730787816152201
447800,1,7,5,0.3700090141005197
447819,1,7,9,32.6173159850676
447822,1,7,9,2.637605974344109
447829,1,7,1,19.09705250661924
447831,1,7,9,21.216395727768337
447850,1,7,10,8.267231433997791
447857,1,7,9,17.680968533685324
447858,0,7,0,0.03012549734400005
447877,1,7,1,27.113387004418875
447900,1,7,7,1.4352869397502248
447904,1,7,8,32.04141232245655
447915,1,7,4,0.3700090657260609
447921,1,7,9,25.5530991346891
447923,1,7,9,22.065722785602198
447924,1,7,6,27.576848568595228
447944,1,7,8,29.601612538733477
447947,1,7,8,26.676266856625972
447948,1,7,9,27.745118035856628
447949,1,7,8,15.83645692031215
447969,1,7,6,27.737088942708688
447973,1,7,9,32.73005535157386
447986,1,7,10,25.132032047985955
447995,1,7,7,2.482736944461415
447996,1,7,2,14.664373462241892
447997,1,7,7,3.334492087187455
448011,1,7,5,0.3700090141005197
448016,1,7,9,24.563707295449717
448030,1,7,8,35.866927316619595
448052,1,7,1,27.1298199117121
448081,1,7,1,23.630907912139175
448085,0,7,0,0.046938462823222324
448087,1,7,9,15.790163200824155
448092,1,7,6,17.125603956025127
448098,1,7,10,15.64069444984922
448102,1,7,9,28.96545167164297
448108,1,7,10,25.83656307848811
448122,1,7,8,29.038755944303624
448123,1,7,6,20.19955717484048
448130,1,7,5,0.3700090141005197
448142,1,7,6,5.072133385540032
448149,1,7,8,35.68243404380788
448173,1,7,6,6.8323058964598316
448176,1,7,9,25.96079358132705
448177,1,7,5,0.3700090141005197
448181,1,7,1,21.62404281377788
448184,1,7,6,30.058574162072915
448185,1,7,8,24.079139131618838
448194,1,7,6,18.228058171441425
448208,1,7,8,27.645712217036692
448236,1,7,3,1.9363543180685698
448254,1,7,10,6.132981641932853
448265,1,7,1,21.50216799139819
448284,0,7,0,0.057881062288466394
448288,1,7,5,0.3700090141005197
448297,1,7,9,30.851228688137912
448309,1,7,9,23.447032353549794
448325,1,7,8,33.817570400698536
448326,1,7,1,9.912296880179559
448335,1,7,7,6.110770355686479
448342,1,7,3,3.21804705618321
448354,1,7,9,12.364182761488456
448365,1,7,6,27.018891584813066
448369,1,7,6,28.816713107547297
448379,1,7,4,0.3700090657260609
448384,1,7,4,0.3700090657260609
448386,1,7,4,0.3700090657260609
448395,1,7,6,26.966765378968052
448402,1,7,4,0.3700090657260609
448405,1,7,10,10.776503317007625
448407,1,7,9,24.208992174463095
448414,1,7,9,7.283022397500516
448420,1,7,8,7.547726065151966
448424,1,7,3,1.5878763091131185
448425,1,7,6,30.256056967287776
448461,0,7,0,0.03596516564713115
448464,1,7,6,23.385386063714993
448467,1,7,9,22.58032356480641
448468,1,7,10,13.522343363885756
448472,1,7,10,24.938409387595847
448477,1,7,8,27.43007631845329
448488,1,7,4,0.3700090657260609
448502,1,7,4,0.3700090656202526
448511,1,7,8,29.576221382881233
448513,1,7,6,15.798975845745925
448514,1,7,6,17.199976068147947
448521,1,7,9,7.01862161809226
448526,1,7,9,27.795079643448865
448537,1,7,10,15.066142141213072
448542,1,7,10,18.306306220466542
448549,1,7,9,25.04796615951795
448561,1,7,5,0.3700090141005197
448575,1,7,1,8.423000184451787
448583,1,7,5,0.3700090141005197
448584,1,7,9,7.950168864065983
448593,1,7,8,5.833312639904225
448604,1,7,5,0.3700090141005197
448607,0,7,0,0.06053736708063253
448614,1,7,4,0.3700090657260609
448618,1,7,9,18.603681164717138
448629,1,7,8,6.213077111831508
448636,1,7,9,18.280230893447097
448643,1,7,4,0.3700090657260609
448649,1,7,8,25.64209731908322
448660,1,7,9,29.65953474329079
448669,1,7,3,3.1771750333183753
448676,1,7,9,28.56944823516874
448693,1,7,7,6.223150326760971
448698,1,7,4,0.3700090657260609
448708,1,7,6,19.154540725556622
448713,1,7,4,0.3700090657260609
448718,1,7,9,32.56155496425535
448721,1,7,1,13.106634389108928
448727,1,7,7,6.413386938870852
448736,1,7,9,33.024611547157576
448741,1,7,3,3.2108137692113257
448758,1,7,10,11.155527355506537
448760,1,7,6,29.212403836247557
448763,1,7,9,29.180371217490574
448769,1,7,8,6.754656811203169
448775,1,7,9,18.717489948908174
448780,1,7,8,14.785877860797571
448823,1,7,3,3.24782626459318
448828,1,7,5,0.3700090141005197
448834,1,7,7,5.374673796567284
448850,1,7,8,16.710873555251602
448865,1,7,4,0.3700090657260609
448870,1,7,9,31.880441311724347
448872,1,7,3,2.4583115159720834
448876,1,7,8,21.758187601130203
448879,1,7,4,0.3700090657260609
448910,1,7,5,0.3700090141005197
448922,1,7,9,20.07273424645329
448950,1,7,10,10.300194299729617
448963,1,7,9,32.699057017247
448964,1,7,5,0.3700090141005197
448966,1,7,8,20.67943797076113
448989,1,7,8,19.82360476963936
448995,1,7,8,16.279388120965447
449024,1,7,10,17.110349958352018
449025,1,7,8,25.628646228680683
449036,1,7,6,29.716703107582976
449061,1,7,10,7.432040271426657
449068,1,7,8,32.51193049644453
449092,1,7,10,16.79009023628742
449105,1,7,4,0.3700090657260609
449109,1,7,9,16.97967682597722
449111,1,7,5,0.37000902039789374
449122,1,7,6,29.59958644385555
449124,1,7,6,18.73339556473633
449153,1,7,8,31.998841144429147
449166,1,7,3,1.3227254518443816
449185,1,7,9,8.05332492372582
449192,1,7,8,17.371947684458185
449207,1,7,6,23.80629151650698
449221,1,7,8,23.62280102376032
449226,1,7,8,17.4519009871511
449232,1,7,1,10.4593839295683
449235,0,7,0,0.023831879162955406
449249,1,7,9,10.473738250244555
449252,1,7,5,0.3700090141005197
449257,1,7,8,19.147163382842205
449266,1,7,8,33.69278927379999
449284,1,7,10,25.858032033074263
449285,1,7,9,26.119212854364473
449316,1,7,5,0.3700090141005197
449327,1,7,8,28.774401745111874
449328,1,7,3,2.388955006604941
449339,1,7,9,31.73284793909147
449345,1,7,8,28.444319969807605
449348,1,7,9,26.129180018710233
449372,1,7,9,33.5515375866827
449376,1,7,3,2.6947752046808318
449387,1,7,3,2.855068555498592
449425,1,7,1,5.577088504865748
449428,1,7,10,16.21360923956574
449442,1,7,8,25.893318746650117
449488,1,7,10,13.460410632287832
449499,1,7,8,32.734924622427734
449502,1,7,9,5.007486825663453
449503,1,7,3,2.9872231607030617
449509,1,7,6,19.593488557341416
449512,1,7,5,0.3700090141005197
449520,1,7,5,0.3700090141005197
449524,1,7,3,2.218445472941637
449528,1,7,4,0.3700090657260609
449530,1,7,3,3.285987337257719
449542,1,7,10,13.332349057668196
449566,1,7,9,10.820704421766106
449580,1,7,9,27.22545628051458
449593,1,7,8,23.184302954793942
449604,1,7,1,23.610008254620578
449608,1,7,7,3.3293144530965155
449614,1,7,2,11.965048127957013
449620,1,7,10,10.435474846768171
449640,1,7,4,0.3700090657260609
449642,1,7,8,3.268881311962665
449647,0,7,0,0.04724253376816084
449649,1,7,9,28.590027749487408
449664,1,7,6,27.671267755096203
449666,1,7,8,25.938184632431604
449673,1,7,1,14.901688462890986
449676,1,7,8,17.79291070576847
449684,1,7,3,3.1500961982701483
449687,1,7,1,8.930055210449988
449699,0,7,0,0.07853597968814337
449705,1,7,5,0.3700090141005197
449716,1,7,4,0.3700090657260609
449736,0,7,0,0.05048633193861438
449750,1,7,7,5.783105652800337
449757,1,7,7,1.403750030024662
449758,1,7,3,2.3942607727826513
449775,1,7,8,18.953188790363747
449776,1,7,6,21.92372846214427
449777,1,7,4,0.3700090657260609
449784,1,7,9,7.371979921741846
449785,1,7,9,20.661729788010735
449792,1,7,9,31.35235312517266
449806,1,7,8,20.115689530070703
449816,1,7,1,23.171160669909575
449823,0,7,0,0.04700531724234259
449827,1,7,8,30.4281957286966
449829,1,7,10,22.539229708145722
449874,0,7,0,0.027154333358102245
449881,1,7,5,0.3700090141005197
449889,1,7,10,6.212149988594135
449899,1,7,1,21.82873438093345
449905,1,7,4,0.3700090657260609
449910,1,7,1,17.478636304435685
449913,1,7,4,0.3700090657260609
449914,1,7,9,29.46401490841384
449933,0,7,0,0.03732707092042827
449951,1,7,6,29.47790694565152
449953,1,7,3,3.182772259802711
449960,1,7,1,23.622715539084442
449986,1,7,10,22.681346771866725
449990,1,7,1,19.437855055177593
449997,1,7,9,32.75725910414712
450000,0,7,0,0.035050987675454316
450014,1,7,8,27.008813926297805
450034,1,7,4,0.3700090657260609
450042,1,7,8,28.28295317452354
450054,0,7,0,0.020576987797440025
450058,1,7,9,27.378036963048558
450062,1,7,9,32.04141828902861
450080,1,7,3,1.6605745867975403
450091,1,7,9,26.433492379929383
450099,1,7,9,3.056774893176342
450103,1,7,4,0.3700090657260609
450108,1,7,5,0.3700090141005197
450109,1,7,5,0.3700090141005197
450113,1,7,2,2.2202821002783866
450122,1,7,4,0.3700090657260609
450129,1,7,9,7.468940134189368
450147,1,7,9,20.990765549138796
450150,1,7,8,2.598391102134384
450157,1,7,6,17.263080185625082
450158,1,7,9,20.487060983142722
450182,1,7,5,0.3700090141005197
450183,1,7,1,14.078687113973253
450200,1,7,5,0.3700090141005197
450205,1,7,9,33.44863278163259
450206,1,7,8,34.71722772377366
450233,1,7,5,0.3700090141005197
450239,1,7,4,0.3700090657260609
450244,1,7,8,26.650225787011205
450246,1,7,5,0.3700090141005197
450250,1,7,8,4.711396051168308
450260,1,7,10,14.92826627697358
450282,1,7,4,0.3700090657260609
450287,0,7,0,0.03834878533846093
450297,1,7,9,24.851803620581368
450300,1,7,4,0.3700090657260609
450302,1,7,4,0.3700090657260609
450303,1,7,2,11.864721442634133
450306,1,7,6,28.450873777371424
450315,1,7,4,0.3700090657260609
450340,1,7,9,33.25209340867695
450346,1,7,6,17.90106750668693
450356,1,7,10,13.031420439356133
450376,1,7,5,0.3700090141005197
450379,0,7,0,0.04704819953653362
450405,1,7,8,33.02574459178569
450407,0,7,0,0.037367247363241984
450420,1,7,4,0.3700090657260609
450425,1,7,9,22.714575185232565
450426,1,7,7,5.6997997439657535
450428,1,7,6,19.08895542537702
450434,1,7,5,0.3700090141005197
450452,1,7,8,26.97167855028194
450459,1,7,10,13.617439407946211
450461,1,7,8,23.06470500556522
450471,0,7,0,0.03458292681082265
450475,1,7,8,30.403595737393832
450481,1,7,4,0.3700090657260609
450487,1,7,5,0.3700090141005197
450494,1,7,7,0.9346998378684147
450498,1,7,6,8.192600545292642
450502,1,7,10,24.411151564575928
450513,1,7,4,0.3700090657260609
450522,1,7,6,10.697136204582247
450534,1,7,5,0.3700090141005197
450537,1,7,8,14.372784783425148
450558,1,7,8,18.178974365677274
450560,1,7,9,21.388234807143075
450582,1,7,10,24.527858717656855
450586,1,7,5,0.37000902039789374
450595,1,7,2,1.2757898540390655
450605,1,7,2,14.6199439909008
450626,1,7,9,14.92187605668637
450630,1,7,8,28.33423119494998
450636,1,7,8,2.440622425774714
450658,1,7,10,16.279925912450043
450670,1,7,1,10.619770295033367
450682,1,7,3,3.050738519680098
450687,1,7,9,19.702480732644386
450696,1,7,8,29.10139984220661
450697,1,7,1,9.942619796712275
450704,1,7,4,0.3700090657260609
450713,1,7,6,21.406739885216002
450717,1,7,10,25.639086888005583
450718,1,7,6,29.529199559864097
450721,1,7,2,12.616818831197621
450744,1,7,8,16.25378945359855
450755,1,7,8,24.724152918375836
450756,1,7,5,0.3700090141005197
450761,1,7,2,5.275666079677374
450769,1,7,9,32.97102198815016
450786,1,7,8,30.41043210968856
450805,1,7,5,0.3700090141005197
450813,0,7,0,0.027711326853382186
450817,1,7,7,4.407119948408107
450824,1,7,9,22.18464099046275
450832,1,7,9,11.557269600411388
450834,1,7,5,0.3700090141005197
450839,1,7,6,30.608742501577073
450859,1,7,9,16.046750945528064
450864,1,7,1,3.691861304289926
450872,1,7,4,0.3700090656202526
450873,1,7,9,18.620892794257113
450884,1,7,6,28.06398446296609
450886,1,7,4,0.3700090657260609
450889,0,7,0,0.03765578837291308
450893,1,7,5,0.3700090141005197
450901,1,7,9,4.655443262681462
450905,1,7,9,25.128613565995693
450912,1,7,10,5.091368387905354
450928,1,7,6,25.076008398414665
450960,0,7,0,0.03725883084136558
450970,1,7,6,20.07800336092162
450991,1,7,5,0.3700090141005197
450993,1,7,10,5.151769189408378
450995,1,7,6,21.058299903678005
450997,1,7,5,0.3700090141005197
451013,1,7,4,0.3700090657260609
451019,1,7,9,9.738795853503612
451040,1,7,8,29.30859063967478
451044,1,7,9,28.631218599900098
451047,1,7,5,0.3700090141005197
451049,1,7,10,6.645761614353304
451053,1,7,8,7.067132534775788
451054,1,7,6,28.06594467302795
451059,1,7,7,4.696603001484998
451064,1,7,6,21.449267465191415
451066,1,7,4,0.3700090657260609
451071,1,7,5,0.3700090141005197
451083,0,7,0,0.029964943260246346
451095,1,7,7,1.2249372168071975
451101,1,7,10,20.901137025155712
451104,1,7,8,29.40797722566251
451114,1,7,10,9.022542686741827
451125,1,7,4,0.3700090656202526
451127,1,7,5,0.3700090141005197
451159,1,7,7,0.5168439230146572
451179,1,7,8,4.664237719536239
451194,1,7,6,14.685891860038058
451203,1,7,8,35.639940834703815
451210,1,7,9,29.4909012528549
451218,1,7,6,26.55765800312409
451219,1,7,5,0.3700090141005197
451223,1,7,9,30.704958295375025
451234,1,7,6,18.61101795038892
451241,1,7,2,12.96079933806288
451250,1,7,8,24.60099239110942
451259,1,7,8,35.14089116071101
451262,1,7,1,22.110340194501536
451264,1,7,6,20.866230565370437
451270,1,7,6,14.74923494447207
451290,1,7,4,0.3700090657260609
451316,1,7,8,23.302832908527826
451317,0,7,0,0.033479960544103356
451324,1,7,3,3.184022347541071
451353,1,7,3,2.2980440056917804
451359,1,7,9,20.17002865377607
451369,1,7,4,0.3700090657260609
451406,1,7,8,9.01885049123188
451408,1,7,8,31.366279791209877
451409,1,7,8,22.230462627359625
451414,1,7,9,21.17893961843122
451416,1,7,2,16.236324975838514
451420,1,7,5,0.3700090141005197
451425,1,7,1,6.935695945060011
451436,1,7,6,21.606141546319954
451438,1,7,7,2.928804472257395
451439,1,7,8,11.458924180127106
451441,1,7,8,18.071560327082263
451444,0,7,0,0.18178426507011808
451449,1,7,9,14.0886069024458
451470,0,7,0,0.04711942863057172
451475,0,7,0,0.12432695247685961
451483,1,7,2,15.705609339881008
451484,1,7,9,28.293940967518154
451496,1,7,9,32.709137871574626
451501,0,7,0,0.03456624676126834
451503,1,7,2,10.002083973349459
451511,1,7,5,0.3700090141005197
451512,1,7,10,5.938640564313764
451514,1,7,5,0.3700090141005197
451520,1,7,1,3.8532585834625244
451542,0,7,0,0.03908505456014253
451556,1,7,10,7.405297563209093
451562,1,7,8,3.5948201077047592
451579,0,7,0,0.037970532699127986
451581,1,7,9,31.61548882403422
451591,1,7,9,30.654842775743578
451615,1,7,4,0.3700090657260609
451629,1,7,6,12.8085369080414
451631,1,7,10,23.51927942306836
451636,1,7,9,12.261055149800804
451647,1,7,4,0.3700090657260609
451654,1,7,9,18.807572872984995
451657,1,7,8,15.5394819527234
451662,1,7,8,21.719250310151857
451669,1,7,7,3.6308229559939837
451682,1,7,9,22.613738530742705
451694,1,7,10,26.03615367135709
451695,1,7,10,10.156570752395087
451723,1,7,10,25.893905414467913
451730,1,7,10,18.480335456751817
451735,1,7,4,0.3700090657260609
451746,0,7,0,0.037778970886920574
451753,1,7,4,0.3700090657260609
451757,0,7,0,0.038015267302029115
451795,1,7,6,13.75746308512204
451812,1,7,6,20.728878137445523
451816,1,7,9,30.20242481647123
451828,1,7,9,32.83422146458374
451833,1,7,6,29.468341488097046
451837,1,7,8,9.684488810141568
451843,1,7,7,5.8555492743530015
451855,1,7,9,33.49955817867705
451857,1,7,4,0.3700090657260609
451881,1,7,8,18.39765705344572
451883,1,7,9,26.32558368617084
451884,1,7,7,4.249415306719837
451886,1,7,3,2.777562267680038
451888,1,7,9,24.224551796168093
451895,1,7,6,15.204760725522576
451899,1,7,6,29.33881141006102
451908,1,7,10,5.607039205776091
451914,1,7,8,12.481426980698686
451921,1,7,6,19.956250813240683
451926,1,7,10,22.22889508878387
451933,1,7,8,27.78853917261054
451943,1,7,5,0.3700090141005197
451962,1,7,4,0.3700090657260609
451966,1,7,8,29.84907730379754
451967,1,7,9,21.346569952470155
451970,1,7,10,5.806855366448224
451984,1,7,5,0.3700090141005197
451992,1,7,1,20.70564835435225
452022,1,7,6,6.381746531358439
452030,1,7,5,0.3700090141005197
452055,1,7,6,30.28983186475666
452057,1,7,6,30.52578830516045
452064,1,7,4,0.3700090657260609
452073,1,7,10,21.013220705037597
452074,1,7,9,26.69597679324752
452088,1,7,6,9.424124387356398
452097,1,7,4,0.3700090657260609
452099,0,7,0,0.02970145643120601
452100,1,7,9,7.859870595546374
452117,1,7,4,0.3700090657260609
452120,1,7,5,0.3700090141005197
452121,1,7,4,0.3700090657260609
452122,1,7,9,31.888426689967822
452132,1,7,4,0.3700090657260609
452139,1,7,5,0.3700090141005197
452146,1,7,8,28.077665123366653
452164,1,7,10,6.274630139268444
452175,1,7,8,4.731924357536713
452189,1,7,4,0.3700090657260609
452191,1,7,3,3.064079656547774
452203,1,7,6,29.426447846394847
452220,1,7,10,25.402791547712077
452224,1,7,2,14.718858039945951
452229,1,7,9,13.888946996532978
452233,1,7,8,20.508093949751817
452240,1,7,10,19.728139190507196
452260,1,7,6,18.347769400866028
452265,1,7,9,22.15600427590302
452283,1,7,4,0.3700090657260609
452287,1,7,7,6.066268045851632
452317,1,7,10,12.292116305079803
452318,1,7,5,0.3700090141005197
452320,1,7,6,15.578398424698968
452321,1,7,6,26.100627411845025
452330,1,7,2,3.9157234183888443
452333,1,7,10,25.130045582908657
452339,1,7,10,21.600599360416982
452352,1,7,9,28.83782581297942
452375,1,7,5,0.3700090141005197
452376,1,7,1,27.70785977094828
452382,1,7,10,24.42194938966635
452401,1,7,1,19.75633878231534
452402,1,7,9,31.36058077884196
452435,1,7,5,0.3700090141005197
452440,1,7,6,21.727590068712523
452450,1,7,8,16.3479793823037
452451,1,7,4,0.3700090657260609
452452,1,7,10,21.244834167619477
452471,1,7,5,0.3700090141005197
452474,1,7,9,24.680383466592062
452482,1,7,5,0.3700090141005197
452504,1,7,9,29.596970906788005
452529,1,7,8,16.905716013956745
452530,1,7,5,0.3700090141005197
452531,1,7,8,24.586958975300504
452532,0,7,0,0.03665231985221626
452541,1,7,9,29.574882847131832
452542,1,7,5,0.37000902039789374
452543,1,7,8,24.83135380321757
452552,1,7,8,16.410414891881707
452555,0,7,0,0.03611480562024603
452603,1,7,5,0.3700090141005197
452612,1,7,10,16.380062110600864
452616,1,7,4,0.3700090657260609
452619,1,7,5,0.3700090141005197
452625,1,7,5,0.3700090141005197
452630,1,7,8,27.74781783574368
452646,1,7,5,0.3700090141005197
452649,1,7,5,0.3700090141005197
452664,1,7,5,0.3700090141005197
452666,0,7,0,0.04231810482516545
452688,1,7,4,0.3700090657260609
452695,1,7,6,30.3583262831151
452704,1,7,6,25.07642983705879
452712,0,7,0,0.03287344436650824
452719,1,7,5,0.3700090141005197
452739,1,7,5,0.3700090141005197
452746,1,7,6,13.081898007297355
452747,1,7,6,14.170793567683708
452761,1,7,8,9.992361817393121
452762,1,7,6,11.962146621840846
452778,1,7,8,25.661334744329167
452786,1,7,8,25.250563393949868
452794,1,7,6,18.167905780755813
452795,1,7,9,21.17237022009563
452808,1,7,8,27.602476090605652
452814,1,7,9,12.023589605242565
452816,0,7,0,0.04001650771598936
452848,1,7,10,12.75856253689365
452853,1,7,6,10.430456466836793
452854,1,7,1,24.57863374017082
452862,1,7,6,29.91694695882832
452867,1,7,5,0.3700090141005197
452876,1,7,10,26.023601761182196
452879,1,7,8,36.05156217631979
452889,1,7,6,19.32761349532102
452913,1,7,7,3.374335617655135
452930,1,7,6,6.369707236190195
452932,1,7,9,25.40242730837015
452970,1,7,1,12.19160180345423
452974,0,7,0,0.03252821672292774
452986,1,7,10,25.125081508806637
453016,1,7,7,6.369240593563266
453020,1,7,4,0.3700090657260609
453025,1,7,1,18.776762470060383
453035,1,7,8,22.549907130537594
453044,1,7,6,30.07878490900936
453050,1,7,1,21.654966052725786
453054,1,7,8,11.800489757317916
453055,1,7,9,26.038481441331534
453079,1,7,8,27.97086033393819
453085,1,7,9,32.1875326437232
453094,1,7,10,18.20360187633386
453126,1,7,5,0.3700090141005197
453144,1,7,3,3.2159487531611686
453151,1,7,5,0.3700090141005197
453167,1,7,10,21.480644908924702
453170,1,7,6,28.653889598105042
453179,0,7,0,0.03236546397839009
453185,1,7,9,22.47550562448813
453191,1,7,5,0.3700090141005197
453227,1,7,6,26.264295518001767
453240,1,7,5,0.37000902039789374
453242,1,7,9,29.62552092622519
453243,1,7,9,8.236445797004368
453258,1,7,8,9.143883500128235
453266,1,7,6,29.786286795198276
453270,1,7,9,25.956628383543343
453288,1,7,1,25.940312582369046
453289,1,7,6,20.8686340245483
453307,1,7,5,0.3700090141005197
453310,1,7,8,29.689802731442384
453314,1,7,9,13.864601432387095
453361,1,7,9,29.140430996583024
453367,1,7,5,0.3700090141005197
453371,1,7,1,9.334491273904725
453379,1,7,7,3.94024229559482
453383,1,7,8,30.407057503748177
453392,1,7,4,0.3700090657260609
453407,1,7,8,32.695300451977005
453413,1,7,6,29.90464681414515
453415,1,7,9,13.587325597537532
453418,1,7,10,26.019454998176546
453434,1,7,1,10.739482316550639
453443,1,7,4,0.3700090657260609
453448,1,7,9,24.99185023052217
453449,1,7,3,2.756798932298251
453452,1,7,5,0.3700090141005197
453453,1,7,8,7.225762403071592
453474,1,7,8,19.447169283363674
453477,1,7,9,22.74775377599638
453486,0,7,0,0.02930181105028596
453488,1,7,7,4.366632994739601
453509,1,7,8,7.736463133430449
453511,1,7,9,13.346900402498214
453517,1,7,3,3.1423083414593718
453523,1,7,6,22.5276107487094
453539,1,7,9,7.707475399183393
453540,1,7,6,21.70376289236452
453562,1,7,8,27.63971914450608
453563,1,7,7,1.4969341251433923
453570,1,7,6,9.670527716597077
453576,1,7,8,27.702315176518084
453579,1,7,8,10.442788298105311
453584,1,7,8,3.0781477757676092
453609,1,7,8,31.765322209780358
453634,1,7,10,14.574122455824345
453649,0,7,0,0.036398535048839956
453656,1,7,6,29.057477052936648
453657,1,7,8,21.151958348568293
453660,1,7,5,0.3700090141005197
453667,1,7,1,15.014902733827347
453671,1,7,6,27.511141913313104
453678,1,7,1,9.050524014052735
453689,1,7,10,22.23357306931775
453693,1,7,6,10.034663565517874
453702,1,7,9,4.083179861375557
453710,1,7,9,33.14374369294275
453721,1,7,6,17.98225300506351
453723,1,7,1,27.948613974977317
453724,1,7,3,2.9550866289261837
453738,1,7,8,35.62914303335091
453766,1,7,6,21.10482895584166
453772,0,7,0,0.04702304705340965
453773,1,7,10,23.280718160126803
453775,1,7,1,20.241671414659045
453791,1,7,6,27.981005240842112
453827,1,7,7,5.478417949372766
453831,0,7,0,0.046079391345893894
453858,1,7,8,9.52577157033429
453893,1,7,10,23.540949099282315
453908,1,7,8,12.723609013691151
453914,1,7,9,18.573026774893105
453919,1,7,1,27.996279930434785
453932,1,7,6,17.688349832097096
453938,1,7,9,31.117402545429723
453939,1,7,7,2.3636455310919278
453941,1,7,6,5.795195031073194
453943,1,7,2,11.447862927842252
453948,1,7,9,16.47546821563626
453954,1,7,1,23.71309910103348
453967,1,7,1,14.533587654899286
453981,1,7,8,3.4523336255995374
453983,0,7,0,0.035417997364780456
453986,1,7,1,23.42907159391099
453993,1,7,5,0.3700090141005197
453999,1,7,6,12.078594409803154
454025,1,7,6,7.297772817674314
454056,1,7,4,0.3700090657260609
454063,1,7,5,0.3700090141005197
454073,1,7,9,33.023308891260136
454095,1,7,4,0.3700090657260609
454103,1,7,5,0.3700090141005197
454121,1,7,4,0.3700090657260609
454122,1,7,3,3.1415575166001757
454128,1,7,10,19.34134508112485
454153,1,7,4,0.3700090657260609
454159,0,7,0,0.03339200248096369
454167,1,7,7,5.213189608533795
454186,1,7,9,29.909567182489273
454187,1,7,4,0.3700090657260609
454213,1,7,9,19.13372808832827
454236,1,7,9,25.53346784323097
454238,1,7,9,25.85604768408243
454255,1,7,8,11.228248236291607
454259,0,7,0,0.03300178772045399
454261,1,7,6,18.079733167917663
454276,1,7,9,32.456174043827744
454289,1,7,2,8.698076470016858
454295,1,7,6,30.347897349254637
454300,1,7,7,0.7419586505665253
454305,1,7,10,11.054384269682727
454306,1,7,10,12.629975842584614
454310,1,7,9,29.704692265480244
454311,1,7,9,29.198255965293317
454326,1,7,9,18.266272813667516
454333,1,7,9,12.393498792097008
454334,1,7,8,25.957817534556217
454337,1,7,6,23.893659018973825
454349,0,7,0,0.039582765114809085
454364,1,7,9,18.70307611609507
454365,1,7,9,30.48081571317857
454382,1,7,9,31.89753352763888
454383,1,7,9,17.4123622385904
454384,1,7,10,6.587856821789876
454413,1,7,2,3.973328080580956
454430,1,7,10,14.976576505725436
454433,1,7,5,0.3700090141005197
454452,1,7,1,18.94315029647886
454455,1,7,7,0.3623895560754504
454472,1,7,9,32.428659002847255
454476,1,7,4,0.3700090657260609
454514,1,7,3,2.7357972093821488
454518,1,7,9,18.054253859252235
454521,1,7,8,31.80103930460467
454524,0,7,0,0.03301432665924336
454525,1,7,9,18.572102515878907
454552,1,7,8,35.833846757868386
454556,1,7,9,20.074855530761713
454584,1,7,3,2.749095924144504
454590,1,7,3,3.245366272508535
454645,1,7,8,28.582246052523665
454675,1,7,6,30.384878526860142
454683,1,7,1,12.36008765644224
454700,1,7,8,15.808475007824526
454715,1,7,10,20.239069650286694
454727,1,7,6,17.48536528674014
454744,1,7,5,0.3700090141005197
454753,1,7,8,5.468621760143981
454754,1,7,4,0.3700090657260609
454760,1,7,4,0.3700090657260609
454778,1,7,5,0.3700090141005197
454782,1,7,10,6.136473624783505
454783,1,7,5,0.3700090141005197
454793,1,7,10,20.366650858449635
454799,1,7,8,7.743246896143457
454802,1,7,1,7.687968651224689
454809,1,7,4,0.3700090657260609
454816,1,7,9,18.271895139455832
454829,1,7,2,16.549142048736215
454846,1,7,5,0.3700090141005197
454847,1,7,6,7.836812061892562
454871,1,7,9,30.577591881826173
454872,1,7,6,23.873837462035993
454882,1,7,2,4.1655331791205255
454886,1,7,6,22.219702472581748
454895,1,7,6,29.93168438202231
454917,1,7,5,0.3700090141005197
454921,1,7,1,13.903152577822597
454924,1,7,4,0.3700090657260609
454927,1,7,10,3.4350333998012683
454930,1,7,1,8.015068684816216
454948,1,7,10,24.061217071169892
454957,1,7,1,24.255210694401114
454990,1,7,9,30.747221913988607
455006,1,7,10,8.565181354081869
455013,1,7,10,8.115357768644788
455023,1,7,1,26.1532736247841
455030,1,7,8,20.57087005698543
455042,1,7,7,5.749918008869561
455045,1,7,5,0.3700090141005197
455052,1,7,6,24.39908400714975
455054,1,7,2,15.55796525584284
455058,1,7,1,27.526019145344574
455065,1,7,2,5.046458452551115
455066,1,7,3,3.152681480312908
455070,1,7,4,0.3700090657260609
455074,1,7,8,2.5797684714254174
455087,1,7,8,17.82479884284584
455099,1,7,5,0.3700090141005197
455111,1,7,9,18.19435699959098
455121,1,7,9,6.21769098428021
455130,1,7,9,16.54137024763489
455137,1,7,6,6.384097231693462
455153,1,7,6,29.380004282538607
455154,1,7,5,0.3700090141005197
455157,1,7,10,16.595653224063955
455163,1,7,8,8.757497968379322
455180,1,7,8,27.35943059037567
455186,1,7,10,19.496803443295846
455210,1,7,6,9.002190449583166
455216,1,7,10,12.209627894001615
455248,1,7,6,15.044662534600349
455282,1,7,7,3.0194528532824703
455289,1,7,6,13.261965069895963
455293,1,7,6,21.382778406350496
455306,1,7,4,0.3700090657260609
455327,1,7,9,17.870698249484917
455333,1,7,10,12.188498778087316
455359,1,7,6,17.403720143545772
455360,1,7,4,0.3700090657260609
455377,0,7,0,0.0331794853176341
455380,1,7,8,16.03909644272647
455402,0,7,0,0.03416499347729005
455404,1,7,1,27.44351621425674
455407,1,7,5,0.3700090141005197
455413,1,7,2,14.353468679000686
455430,1,7,4,0.3700090657260609
455436,1,7,4,0.3700090657260609
455449,1,7,7,2.8858066137458804
455469,1,7,7,2.853719993942978
455471,1,7,9,21.353818376927315
455472,1,7,6,7.060698515729732
455476,1,7,3,0.5951412420032682
455478,1,7,9,33.44459643428139
455505,1,7,9,10.08763223687817
455524,1,7,10,9.030099922939579
455533,0,7,0,0.03242686600075715
455540,1,7,9,28.865051914297748
455560,1,7,3,1.507030402140298
455564,0,7,0,0.03679428491408598
455586,1,7,9,23.464858770091247
455587,1,7,4,0.3700090657260609
455597,1,7,8,16.13310903375942
455599,1,7,10,23.838511437916363
455602,1,7,10,9.88230561101185
455611,1,7,9,29.227074505882115
455620,1,7,5,0.3700090141005197
455632,1,7,5,0.3700090141005197
455634,1,7,10,17.10649004194158
455648,0,7,0,0.04680045381304622
455689,1,7,9,33.456076656109836
455704,1,7,4,0.3700090657260609
455720,1,7,8,25.71662487677665
455721,1,7,6,28.412973944702664
455740,1,7,6,22.086145402115974
455746,1,7,10,3.4925124185984706
455749,1,7,2,9.469113913595868
455752,1,7,5,0.3700090141005197
455771,1,7,6,13.599955468719036
455788,1,7,9,4.643114103406437
455793,1,7,3,2.09243101838974
455806,1,7,5,0.3700090141005197
455817,1,7,4,0.3700090657260609
455824,1,7,6,27.383261861303104
455855,1,7,1,14.559961257059836
455860,1,7,4,0.3700090657260609
455902,1,7,9,28.47719414670986
455943,1,7,10,25.568486114205616
455945,1,7,9,24.529007424863263
455954,1,7,4,0.3700090657260609
455955,1,7,2,3.4094788529368274
455956,1,7,5,0.3700090141005197
455980,1,7,10,4.386925577317295
455995,1,7,2,10.830550454380365
456010,1,7,8,34.84876590412616
456031,1,7,6,17.67534393407463
456032,1,7,10,13.032625506818723
456045,1,7,10,10.593992009532329
456063,1,7,10,18.472390431264987
456066,1,7,4,0.3700090657260609
456081,1,7,8,28.44875758440002
456128,1,7,4,0.3700090657260609
456130,1,7,6,11.746437203133654
456135,1,7,9,25.660448593657286
456143,1,7,6,28.15235511100226
456146,1,7,5,0.3700090141005197
456165,1,7,1,12.295059489536342
456177,0,7,0,0.03258185874694285
456184,1,7,9,31.992768462951208
456197,1,7,9,8.471232516424942
456221,1,7,7,3.6261622188710554
456222,1,7,1,4.260798550961877
456224,1,7,9,4.504395987631109
456245,1,7,6,28.466953496747458
456252,1,7,7,6.124024814476192
456258,1,7,5,0.3700090141005197
456269,1,7,10,13.64357762054212
456282,1,7,7,5.9464967778568125
456298,1,7,8,34.452072752366846
456307,1,7,6,18.385513013138645
456308,0,7,0,0.03331674207267359
456329,1,7,10,3.4132602298125447
456337,1,7,10,5.44239148322584
456352,1,7,10,16.822152828590998
456360,1,7,4,0.3700090657260609
456367,1,7,5,0.3700090141005197
456371,1,7,1,22.06083734261925
456375,1,7,6,28.18782172352354
456380,1,7,9,27.176786156721715
456382,1,7,8,30.63451410500986
456388,1,7,9,33.72554610126839
456393,1,7,8,17.390116592254827
456395,1,7,4,0.3700090657260609
456402,1,7,6,23.920070794060656
456407,1,7,4,0.3700090657260609
456413,1,7,9,16.31587008211602
456427,1,7,10,16.987834298759388
456458,1,7,9,29.00700807536725
456460,0,7,0,0.1241850286184159
456481,1,7,3,2.29452166046086
456485,1,7,5,0.3700090141005197
456488,1,7,7,0.9837023021614155
456498,0,7,0,0.03586153426309459
456500,1,7,10,25.50035463894021
456508,1,7,10,17.509620210392416
456526,1,7,6,20.43930349893353
456552,1,7,6,15.810154377925105
456558,1,7,7,5.7864497135815505
456559,1,7,9,8.018996987565977
456610,1,7,10,24.437717351583025
456613,1,7,10,9.435464629877982
456623,1,7,6,8.049180974262015
456626,1,7,5,0.3700090141005197
456652,1,7,1,14.744193484443192
456653,1,7,6,20.970961975361178
456663,1,7,4,0.3700090657260609
456668,0,7,0,0.12943642731229213
456682,1,7,4,0.3700090657260609
456685,0,7,0,0.02704740143237682
456687,1,7,8,31.259742025007498
456696,1,7,6,9.114221262291093
456714,1,7,10,15.968306651165898
456735,1,7,7,6.0502712974672495
456752,1,7,1,13.691610617688015
456758,1,7,4,0.3700090657260609
456759,1,7,10,16.205726382884897
456764,1,7,9,20.826889464604818
456766,1,7,5,0.3700090141005197
456776,1,7,8,21.421696805419387
456780,1,7,8,33.553978940448
456796,1,7,6,23.39138250045795
456818,0,7,0,0.01843843016766303
456825,1,7,1,26.90117574332311
456845,1,7,8,9.079195979978305
456858,1,7,1,7.595122451939595
456869,1,7,9,32.8439249022407
456882,1,7,6,30.525244374375898
456885,1,7,9,30.93235351518643
456899,1,7,5,0.3700090141005197
456924,1,7,5,0.3700090141005197
456951,1,7,2,3.5131142520885676
456996,1,7,5,0.3700090141005197
457021,1,7,9,7.326653894395174
457024,1,7,10,16.46848442560302
457031,1,7,9,8.2458231012914
457032,1,7,10,18.02435236388182
457034,1,7,9,17.258647382553832
457041,1,7,3,3.1060377896530618
457058,1,7,4,0.3700090657260609
457061,1,7,9,30.60720522478626
457078,1,7,4,0.3700090657260609
457085,1,7,4,0.3700090657260609
457088,1,7,1,15.412866824577552
457100,1,7,6,12.371945918849724
457104,1,7,6,24.4278562696257
457119,0,7,0,0.03688096698950437
457126,1,7,8,35.528641044002875
457130,1,7,8,31.10182148738605
457132,1,7,8,26.590320866911416
457138,1,7,2,16.27769332031825
457149,1,7,8,15.65055011982549
457159,1,7,6,29.24790992420935
457160,1,7,6,28.576628022323224
457161,1,7,10,15.06392730975975
457168,1,7,7,3.797396328544089
457190,0,7,0,0.047034146698227995
457194,1,7,4,0.3700090657260609
457195,1,7,8,17.779114878401714
457199,1,7,10,23.717581341354904
457229,0,7,0,0.04243383460035922
457248,1,7,9,17.486523747486345
457264,1,7,4,0.3700090657260609
457293,1,7,1,22.565028546171323
457314,1,7,9,30.07906570388557
457320,1,7,9,6.850980429389918
457322,1,7,4,0.3700090656202526
457336,0,7,0,0.03895056335712932
457343,1,7,9,29.902848177747103
457349,1,7,9,33.15798291118592
457356,1,7,9,30.235703720708504
457360,1,7,9,2.6564966232674885
457362,1,7,8,25.703026876664286
457367,1,7,4,0.3700090657260609
457369,1,7,2,4.6692416454396
457381,1,7,6,7.065731929136815
457396,1,7,10,23.795108057315424
457411,1,7,10,16.941295544826822
457424,1,7,10,15.53838532778359
457456,1,7,9,24.556092641008412
457467,1,7,5,0.3700090141005197
457469,1,7,2,12.916276438676546
457470,1,7,1,4.573635399008795
457473,1,7,5,0.3700090141005197
457493,1,7,9,24.614353689830057
457522,0,7,0,0.04677526618028077
457550,1,7,8,3.0147791108330875
457558,1,7,5,0.3700090141005197
457567,1,7,9,21.857991372801685
457568,1,7,9,18.86040390811644
457569,1,7,9,28.96061574665534
457572,1,7,8,13.42171105757409
457578,1,7,8,25.090346067135467
457612,1,7,9,25.850579940950812
457614,1,7,9,27.28847471849343
457616,1,7,6,29.029633809291568
457638,1,7,5,0.3700090141005197
457644,1,7,1,11.170822308012035
457645,1,7,2,1.6802856204223735
457654,1,7,6,20.866378468475077
457680,1,7,7,4.513569115915497
457688,1,7,3,3.13526926749129
457692,1,7,5,0.3700090141005197
457733,1,7,1,24.799696276138604
457748,1,7,8,19.445148297115434
457749,1,7,3,3.183363800613705
457761,1,7,5,0.3700090141005197
457765,1,7,6,25.26210104048947
457769,1,7,8,21.43730587993141
457779,1,7,5,0.3700090141005197
457782,1,7,3,2.8261861800929386
457787,1,7,10,20.837219171136944
457799,1,7,10,15.46239923612099
457803,1,7,3,2.5508361633649588
457808,1,7,6,30.24388288845467
457816,1,7,6,20.762903836973447
457836,1,7,9,25.350544873254403
457845,1,7,8,17.61182087810501
457858,1,7,6,11.800486474216848
457860,1,7,7,6.232271431561733
457895,1,7,4,0.3700090657260609
457904,1,7,5,0.3700090141005197
457941,1,7,5,0.3700090141005197
457942,1,7,4,0.3700090657260609
457961,1,7,7,4.3856968300012955
457966,1,7,6,20.481043002112884
457973,1,7,2,10.72651655264353
457974,1,7,6,18.491753136258897
457989,1,7,6,14.267757853230362
457995,1,7,10,25.98096992588757
458008,1,7,6,29.466099429922387
458010,1,7,9,3.0120056713405328
458016,1,7,6,25.66665131738969
458023,1,7,1,19.625125508383743
458027,1,7,5,0.3700090141005197
458061,1,7,4,0.3700090657260609
458085,1,7,9,11.308473320191677
458092,1,7,5,0.3700090141005197
458102,1,7,1,24.11844028675835
458105,1,7,9,32.25314138527781
458122,1,7,9,23.586745827271898
458123,1,7,10,13.674666648328254
458128,1,7,1,8.885152664691518
458135,1,7,7,2.258313817072805
458141,1,7,1,20.392213012565573
458152,1,7,9,19.360354544687784
458165,1,7,5,0.3700090141005197
458166,1,7,9,12.955799481272088
458174,1,7,6,25.194954470301234
458185,1,7,5,0.3700090141005197
458188,1,7,6,25.707486199957046
458226,1,7,4,0.3700090657260609
458238,1,7,9,20.22807909422162
458244,1,7,9,17.71579015655575
458254,1,7,10,20.53472149697821
458257,1,7,1,24.39102384868419
458258,1,7,6,15.025597798674156
458297,1,7,5,0.3700090141005197
458304,0,7,0,0.04488724523797986
458344,1,7,3,3.1051539042468694
458355,1,7,7,3.3085980848773717
458366,1,7,10,13.294439054316507
458369,1,7,9,12.933886374830589
458375,1,7,4,0.3700090657260609
458386,0,7,0,0.03935184833060048
458390,1,7,3,3.064661599791367
458410,1,7,7,2.124990656199997
458413,1,7,9,17.04227041033545
458420,1,7,1,7.60942082620238
458428,1,7,4,0.3700090657260609
458435,1,7,8,35.635155137434
458438,0,7,0,0.04217004303423437
458447,1,7,5,0.3700090141005197
458454,1,7,4,0.3700090657260609
458456,1,7,8,10.0380958265032
458478,0,7,0,0.048065534253595686
458488,1,7,4,0.3700090657260609
458501,1,7,9,9.819061872173458
458504,1,7,6,22.895490790766466
458510,1,7,1,26.17873298019964
458518,1,7,8,31.96450215480304
458519,1,7,9,33.019428756486036
458527,1,7,7,2.689050779194591
458553,1,7,6,26.649497982547114
458567,0,7,0,0.030397717096618464
458594,1,7,5,0.3700090141005197
458597,1,7,6,22.649122777897464
458602,1,7,9,28.26445578363065
458641,1,7,8,11.114738354914365
458649,1,7,9,25.061765313865084
458654,1,7,1,13.255921923969952
458685,1,7,9,29.771685423343815
458688,1,7,9,16.201453332652697
458694,1,7,1,27.919222329107605
458702,1,7,8,10.118711008772303
458716,1,7,5,0.3700090141005197
458718,1,7,6,10.955049864470524
458720,0,7,0,0.04086393314866293
458722,1,7,10,15.901128056930705
458725,1,7,8,14.036101156276064
458734,1,7,5,0.3700090141005197
458768,1,7,5,0.3700090141005197
458771,1,7,4,0.3700090657260609
458773,1,7,1,11.319190389740747
458778,1,7,8,3.1629005665173735
458804,1,7,10,9.54133256720609
458808,1,7,9,31.25462978748217
458825,1,7,6,11.35478607347527
458853,1,7,7,0.8710780397940058
458859,1,7,7,3.757257763945502
458863,1,7,9,26.03245357719251
458868,1,7,9,3.2700118581003217
458885,1,7,6,19.387449650093696
458900,1,7,4,0.3700090657260609
458904,1,7,5,0.3700090141005197
458913,1,7,6,29.8419734100893
458924,1,7,9,32.94072332054468
458926,1,7,10,12.176652225281762
458927,1,7,10,13.748971751234222
458931,1,7,1,11.218284992085973
458942,1,7,10,6.693124572624685
458950,1,7,8,16.242255691405205
458953,1,7,8,14.884095276527388
458954,1,7,4,0.3700090657260609
459001,1,7,2,16.383427719129042
459018,1,7,4,0.3700090656202526
459019,1,7,4,0.3700090656202526
459020,0,7,0,0.03166215427196933
459026,1,7,9,30.684338736144205
459033,1,7,5,0.3700090141005197
459035,1,7,9,33.27143387989735
459038,1,7,8,18.427353462850167
459043,1,7,2,1.2884460859728355
459054,1,7,8,15.694271287300444
459057,0,7,0,0.03916848942014794
459059,1,7,5,0.3700090141005197
459121,1,7,4,0.3700090657260609
459136,1,7,8,15.77370156595698
459141,1,7,7,2.316293576316623
459146,1,7,8,32.82038175428344
459148,1,7,6,22.053865426203775
459168,1,7,2,9.678182920072501
459179,1,7,9,22.16521888872045
459180,1,7,9,20.200433138550842
459188,1,7,8,31.923072294759585
459207,1,7,6,15.673885573111052
459223,1,7,5,0.3700090141005197
459229,1,7,10,21.200764820742222
459245,1,7,10,25.408813077161053
459249,1,7,8,22.741321212235068
459260,1,7,9,30.3364760363892
459265,1,7,1,3.8474944592738485
459267,1,7,4,0.3700090657260609
459269,1,7,7,2.4007236252269086
459278,0,7,0,0.03961424856924811
459283,1,7,8,3.597812337452383
459288,1,7,9,31.268077682714907
459326,1,7,4,0.3700090656202526
459329,1,7,5,0.37000902039789374
459352,1,7,9,23.690179955220184
459355,1,7,10,14.6848190932085
459357,1,7,7,3.3763181191318337
459362,1,7,8,10.790408497969608
459367,1,7,6,12.872547062304285
459383,1,7,9,27.500859788191054
459386,1,7,5,0.3700090141005197
459398,1,7,9,15.180747786929837
459409,1,7,9,21.848883085906674
459411,0,7,0,0.05302159258050204
459432,1,7,9,28.940548124450796
459435,1,7,1,5.680404044933991
459452,1,7,4,0.3700090657260609
459462,1,7,9,24.379648397317325
459473,1,7,3,3.118829511393404
459493,1,7,6,29.37025755384208
459494,1,7,2,1.2800729763328056
459509,1,7,4,0.3700090657260609
459520,1,7,10,23.876649182935118
459527,1,7,9,22.29673396686167
459528,1,7,1,15.124599650797064
459541,1,7,10,12.062576637468503
459548,1,7,1,24.12015409718983
459559,1,7,2,8.993331865501002
459561,1,7,8,25.20197904720892
459578,1,7,9,22.921027912300925
459588,1,7,4,0.3700090657260609
459597,1,7,2,10.612216542049378
459603,1,7,5,0.3700090141005197
459616,1,7,5,0.3700090141005197
459629,1,7,10,22.998757324723996
459644,1,7,5,0.37000902039789374
459652,1,7,9,33.47408741784952
459666,1,7,5,0.3700090141005197
459685,1,7,8,24.75023478526447
459686,1,7,9,24.894148364777354
459690,1,7,5,0.3700090141005197
459692,1,7,6,22.31755564509993
459721,1,7,8,31.082947738647768
459722,1,7,9,6.761653669668802
459739,1,7,9,15.454157663401002
459746,1,7,2,1.7001999439914288
459765,1,7,9,4.435430308513235
459769,1,7,10,4.686529412947526
459771,1,7,5,0.3700090141005197
459784,1,7,4,0.3700090657260609
459786,1,7,1,15.46454251452172
459791,1,7,8,24.44436943964374
459813,1,7,9,33.15323597470806
459821,1,7,7,4.090808236528358
459829,1,7,9,11.704426789640168
459834,1,7,5,0.3700090141005197
459835,1,7,3,3.2035745312531936
459837,1,7,6,25.082196309043745
459869,1,7,6,22.377213832837537
459873,1,7,9,8.75529280583693
459875,0,7,0,0.04707843012406807
459895,1,7,9,19.18943222690166
459928,1,7,5,0.3700090141005197
459930,1,7,1,24.697562841198245
459956,1,7,3,3.102064980379101
459963,1,7,1,15.834013819076729
459966,1,7,9,27.11918324614328
459968,1,7,8,8.379178990512493
459969,0,7,0,0.03646919945877963
459975,1,7,9,28.784314313268176
459979,1,7,10,6.273971500044085
459988,1,7,8,31.262308903291203
459994,1,7,9,32.49065202802932
460000,1,7,10,6.040154131277865
460006,1,7,1,15.540061407284563
460017,1,7,9,10.192315822274525
460026,1,7,6,23.25452126405055
460030,1,7,2,6.809683829928198
460034,1,7,5,0.3700090141005197
460035,1,7,4,0.3700090657260609
460069,1,7,8,10.362850996699615
460071,1,7,6,13.483998190250894
460074,1,7,5,0.3700090141005197
460079,1,7,6,12.864233239016805
460083,1,7,4,0.3700090657260609
460097,1,7,5,0.3700090141005197
460104,1,7,6,30.51051410250135
460115,1,7,6,29.44683701063171
460138,1,7,6,29.5153457159018
460141,1,7,9,31.857085024386585
460151,1,7,4,0.3700090657260609
460162,1,7,9,29.225761086667312
460165,1,7,4,0.3700090657260609
460168,1,7,10,14.334198501305586
460177,1,7,4,0.3700090657260609
460188,1,7,3,2.9033027144090178
460196,1,7,4,0.3700090657260609
460198,1,7,6,16.25915700512765
460199,1,7,3,1.7453908129463758
460212,1,7,6,17.129877533482347
460216,1,7,6,18.610440772705648
460249,1,7,7,5.282049826105686
460257,1,7,5,0.3700090141005197
460287,1,7,3,3.2363515738520676
460307,1,7,7,6.139563613891262
460336,1,7,4,0.3700090657260609
460337,1,7,8,4.773548941003017
460357,1,7,8,16.7714030673901
460370,1,7,9,20.120028995713614
460375,1,7,1,9.888482781946337
460378,1,7,4,0.3700090657260609
460381,1,7,3,2.4229334833127854
460387,1,7,3,3.0308409800807357
460389,1,7,9,22.72194137076068
460391,1,7,6,23.854447267400282
460418,1,7,5,0.3700090141005197
460424,1,7,6,30.37129868623521
460427,1,7,9,5.235394421241705
460440,1,7,2,7.837383260126902
460447,1,7,3,2.97092747786946
460448,1,7,8,3.4857879018618534
460459,1,7,10,17.469512259912175
460481,0,7,0,0.031004749897179242
460483,1,7,4,0.3700090657260609
460486,1,7,2,14.867873682307831
460495,1,7,9,33.28814430312132
460519,1,7,9,25.428121606446265
460521,1,7,4,0.3700090657260609
460523,1,7,6,27.01793981508422
460540,1,7,9,14.719938901876983
460562,1,7,5,0.37000902039789374
460565,1,7,9,10.873302875679235
460568,1,7,8,7.7205250881945675
460570,1,7,8,15.50809458453576
460572,1,7,4,0.3700090657260609
460574,1,7,6,20.482861810578353
460576,1,7,1,9.502251870117805
460588,1,7,9,17.526200801092422
460589,1,7,1,24.442414212932096
460590,1,7,6,15.54277335427389
460604,1,7,10,18.499652810560026
460628,1,7,7,3.4996184410901323
460662,1,7,3,2.7048752394388966
460669,1,7,5,0.3700090141005197
460683,1,7,5,0.3700090141005197
460685,1,7,5,0.3700090141005197
460697,1,7,4,0.3700090657260609
460720,1,7,4,0.3700090657260609
460731,1,7,2,10.242597137373387
460734,1,7,10,20.43494345441661
460748,1,7,7,3.210437238293176
460759,1,7,2,12.744057357691748
460763,1,7,9,14.915520298293123
460768,1,7,9,17.33152738038378
460775,1,7,5,0.3700090141005197
460792,1,7,9,26.28931855400162
460793,1,7,6,25.19462369916858
460801,1,7,6,7.977099755593669
460817,1,7,4,0.3700090657260609
460831,1,7,9,29.616973182545877
460840,0,7,0,0.03312684180436929
460846,1,7,2,16.185922365902773
460854,1,7,10,15.250737844614408
460859,1,7,10,26.021764098985436
460861,1,7,6,25.8316476472912
460863,1,7,10,20.298992755814822
460868,1,7,9,15.793495628389511
460873,1,7,9,23.028790654447587
460881,1,7,8,35.25663757255256
460893,1,7,9,28.387032080204833
460906,1,7,9,29.49555196164763
460909,1,7,6,26.645730422510205
460910,1,7,9,17.761900958669706
460913,1,7,5,0.3700090141005197
460932,1,7,9,13.034323359080064
460933,1,7,4,0.3700090657260609
460952,1,7,9,33.82999494564825
460956,1,7,3,1.8231703669972081
460974,1,7,9,12.162630546873457
460981,0,7,0,0.041022013842831676
460987,1,7,4,0.3700090657260609
460989,1,7,6,28.020723727134556
460997,1,7,9,14.914433800685082
460998,1,7,5,0.3700090141005197
461001,1,7,4,0.3700090657260609
461010,1,7,9,31.882912315626346
461016,1,7,4,0.3700090657260609
461024,1,7,8,3.6926209464848174
461043,0,7,0,0.04398728791145348
461050,1,7,10,7.161217034046869
461056,1,7,6,13.23486030076702
461057,0,7,0,0.03407100679475211
461058,1,7,6,29.30789134393922
461071,1,7,7,3.1920480317974897
461094,1,7,7,2.2904053833498987
461121,1,7,8,34.739735412473294
461134,1,7,5,0.3700090141005197
461142,1,7,6,30.49597647835491
461157,1,7,10,23.03527074741925
461162,1,7,5,0.3700090141005197
461168,1,7,10,20.178106008160988
461174,1,7,4,0.3700090657260609
461191,1,7,1,11.113786079892487
461216,1,7,10,21.82218312221818
461232,1,7,9,28.244673152892847
461238,1,7,8,10.756453055310368
461262,1,7,4,0.3700090657260609
461270,1,7,8,10.389531655381665
461290,1,7,9,14.81584881048298
461300,1,7,4,0.3700090657260609
461310,1,7,5,0.3700090141005197
461320,1,7,2,11.002606925179448
461324,1,7,9,25.19168040837649
461326,1,7,9,32.07733512616018
461328,0,7,0,0.12216735521620938
461329,1,7,8,33.398866725043455
461339,1,7,5,0.3700090141005197
461347,1,7,8,22.047724184099685
461360,1,7,8,17.28497681504053
461364,1,7,4,0.3700090657260609
461371,1,7,6,28.703386824905945
461385,1,7,2,6.606025086761635
461389,1,7,9,23.278589637501376
461390,1,7,9,24.96161478232641
461418,1,7,8,26.03666505949106
461421,1,7,1,19.95784465465487
461425,1,7,10,11.224025000971356
461427,1,7,4,0.3700090656202526
461443,1,7,6,29.401879165561937
461447,1,7,10,16.25196986182827
461459,1,7,10,6.431125928271165
461460,1,7,5,0.3700090141005197
461466,1,7,1,27.049214580534194
461474,1,7,8,19.135677938938098
461508,1,7,7,5.406200416263856
461510,1,7,7,0.8681924615861959
461516,1,7,7,6.1582711759768545
461524,1,7,1,20.49412825616893
461526,1,7,9,33.81316631993552
461535,1,7,1,7.93961890161415
461536,1,7,9,16.60136016926871
461537,1,7,4,0.3700090657260609
461540,1,7,9,20.549306127674377
461547,1,7,4,0.3700090657260609
461551,0,7,0,0.028514979325501153
461553,1,7,9,13.20012285339623
461558,1,7,9,22.837854983636777
461559,1,7,4,0.3700090657260609
461561,1,7,10,13.632195184149612
461563,1,7,6,9.808968913112704
461590,1,7,2,1.1810296623524468
461601,1,7,3,3.1758548671020606
461603,1,7,1,12.547878314460442
461619,0,7,0,0.030876878726723112
461620,1,7,2,10.484563118010236
461632,1,7,8,29.227710171170674
461635,1,7,1,5.605525475320175
461641,1,7,4,0.3700090657260609
461642,1,7,9,29.745984225392895
461649,1,7,8,10.174100509539306
461675,1,7,2,11.637976003876755
461679,1,7,1,15.621726025505613
461692,1,7,2,13.46705267249925
461711,1,7,7,3.292340388271189
461730,1,7,9,23.28728869859713
461733,1,7,8,15.724489969517705
461741,1,7,10,22.351146564395805
461746,1,7,6,26.768227863039918
461749,1,7,5,0.3700090141005197
461755,1,7,9,15.37403743199079
461757,1,7,9,21.616287162462818
461759,1,7,8,25.47807584715791
461764,1,7,9,21.593780886315123
461775,1,7,8,10.792109457660356
461780,1,7,5,0.3700090141005197
461788,1,7,8,20.54162024602148
461793,1,7,9,13.303870212604346
461813,1,7,5,0.3700090141005197
461826,1,7,4,0.3700090657260609
461837,1,7,5,0.3700090141005197
461844,1,7,6,22.631860035964092
461847,1,7,1,7.308380416456907
461851,0,7,0,0.047159065190389364
461853,1,7,8,23.836339248029425
461854,1,7,7,6.090138293335015
461861,1,7,8,23.838942416941993
461874,1,7,1,24.128011263311183
461876,1,7,10,23.735057688363295
461906,1,7,4,0.3700090657260609
461931,0,7,0,0.040578200376931745
461933,1,7,9,14.94992667242527
461936,1,7,3,3.2293919993740454
461939,1,7,4,0.3700090657260609
461947,1,7,9,23.27786596013781
461981,1,7,1,23.884734336882833
461987,1,7,10,17.45707791335501
461989,1,7,8,33.64231696160515
461991,1,7,4,0.3700090657260609
462003,1,7,4,0.3700090657260609
462014,1,7,9,6.325234682635666
462015,1,7,4,0.3700090657260609
462033,1,7,6,29.551133216912113
462035,0,7,0,0.03554986357120053
462038,1,7,10,19.72433657504474
462039,1,7,9,29.776309895963934
462043,1,7,1,21.907870921074636
462077,1,7,5,0.3700090141005197
462081,1,7,6,17.48903910403635
462090,1,7,10,11.106394573455589
462119,1,7,5,0.3700090141005197
462123,1,7,7,6.464353774602799
462127,1,7,6,7.142661759780696
462148,1,7,9,16.017511103344102
462153,1,7,10,17.4719065851822
462161,1,7,5,0.3700090141005197
462163,1,7,7,5.631931501885549
462170,1,7,10,12.520417926169017
462179,1,7,6,7.490748318432438
462189,1,7,9,31.143005814411076
462192,1,7,9,10.535017921988848
462198,1,7,6,30.55434239691291
462210,1,7,8,26.700351989620636
462233,1,7,5,0.37000902039789374
462235,1,7,8,13.231326204221444
462238,1,7,5,0.3700090141005197
462240,1,7,10,13.99069265786972
462243,1,7,8,27.42224869482322
462256,0,7,0,0.039949904330558623
462260,1,7,9,7.095500921808963
462263,1,7,5,0.3700090141005197
462272,1,7,10,12.878174056898994
462303,1,7,9,10.140920466740964
462312,1,7,6,17.459469782835736
462315,1,7,9,13.541273829898223
462327,1,7,8,17.28456852944187
462338,1,7,3,3.141179846004471
462339,1,7,6,16.612356469936362
462363,1,7,10,9.843047744728445
462371,1,7,5,0.3700090141005197
462388,0,7,0,0.029425425314740867
462399,1,7,3,3.048363301682353
462425,1,7,8,25.31669259406405
462432,1,7,7,2.459861499678597
462446,1,7,8,11.26437586317084
462449,1,7,8,22.75436673972061
462454,1,7,6,20.908361841965803
462457,1,7,4,0.3700090657260609
462478,1,7,10,13.637026614189505
462483,1,7,9,19.593626207780733
462513,1,7,7,4.067223450954669
462533,1,7,8,24.53174570278422
462535,1,7,5,0.3700090141005197
462544,1,7,9,20.24649093215266
462545,1,7,8,35.57371846567972
462555,1,7,6,24.61562059760615
462569,1,7,8,15.459218855165993
462592,1,7,1,16.894798011738484
462597,0,7,0,0.03503696126722253
462619,1,7,5,0.3700090141005197
462629,1,7,2,1.1207317951233662
462631,1,7,9,20.028781067324047
462634,1,7,1,7.44361187833882
462650,1,7,1,11.805111836358385
462679,1,7,8,21.64703745757889
462686,0,7,0,0.0467901080354955
462696,1,7,9,20.812103725453987
462723,1,7,10,20.900067354365394
462730,1,7,4,0.3700090657260609
462735,1,7,6,18.727897855687942
462776,1,7,3,3.0383162683664806
462834,1,7,5,0.3700090141005197
462835,1,7,9,32.83316453727438
462863,1,7,5,0.3700090141005197
462865,1,7,9,21.19610097069496
462869,1,7,5,0.3700090141005197
462874,1,7,6,27.670565838024206
462886,1,7,7,0.8135525083420208
462889,1,7,4,0.3700090657260609
462899,1,7,9,15.466544536891112
462902,1,7,10,21.19813483413125
462905,1,7,9,5.6496865547315975
462928,1,7,3,2.6491791058653207
462934,1,7,7,2.313170202289163
462942,1,7,5,0.3700090141005197
462943,1,7,8,18.0096858135287
462949,1,7,5,0.3700090141005197
462969,1,7,3,3.106261453678828
462974,1,7,8,9.060378732601578
462976,1,7,9,24.997967451246208
462984,1,7,6,16.583788259759043
463004,0,7,0,0.03293153713351401
463051,1,7,8,17.483494398015175
463057,1,7,8,7.387565625304
463069,1,7,9,16.61907809706829
463072,1,7,7,2.4299820001660066
463073,1,7,8,14.782143367974859
463090,1,7,1,20.560769146185333
463091,1,7,5,0.3700090141005197
463124,1,7,9,32.8316327743795
463128,1,7,7,4.584100152935343
463132,1,7,8,31.3339255528308
463141,1,7,8,26.219417529856727
463142,1,7,8,25.79622556597081
463148,1,7,8,26.09203661267724
463161,1,7,9,31.791459823051113
463162,1,7,1,12.81146329118395
463163,1,7,5,0.3700090141005197
463164,1,7,4,0.3700090657260609
463170,1,7,4,0.3700090657260609
463202,1,7,8,10.983579077541789
463210,1,7,8,28.053911371717316
463211,1,7,9,10.214140191948097
463212,1,7,10,5.056312936407526
463230,1,7,5,0.3700090141005197
463231,1,7,6,30.397013874763463
463253,1,7,5,0.3700090141005197
463258,1,7,1,13.580870392855346
463260,1,7,9,32.24439492316843
463271,0,7,0,0.039230028069030275
463289,1,7,5,0.37000902039789374
463314,1,7,8,17.81377804314565
463319,1,7,3,2.2377404818910023
463334,1,7,3,3.2676550790354346
463362,1,7,5,0.3700090141005197
463378,1,7,2,10.862001036311879
463390,1,7,7,3.047068606193181
463392,1,7,7,1.4318098812541253
463401,1,7,1,6.050115403302152
463402,1,7,9,22.227198580275786
463453,1,7,6,27.70742395821973
463460,1,7,1,18.23609490407769
463475,1,7,3,3.230519678387322
463477,1,7,6,19.78129192821791
463484,1,7,5,0.3700090141005197
463506,1,7,9,14.565117309404762
463508,1,7,10,25.039405409695057
463512,1,7,8,36.02268118622111
463519,1,7,9,2.7142835881643377
463527,1,7,8,18.63078709308213
463544,1,7,4,0.3700090657260609
463556,1,7,2,15.39338262773509
463557,1,7,9,30.467370803417264
463564,1,7,7,6.395116195631036
463570,1,7,10,14.705965750071647
463576,1,7,7,2.030543550416922
463582,1,7,10,18.508464621440993
463585,1,7,9,30.116847636528384
463588,1,7,8,19.610231665995492
463598,1,7,6,17.80837293855487
463606,1,7,5,0.3700090141005197
463609,1,7,5,0.37000902039789374
463616,1,7,4,0.3700090656202526
463635,1,7,10,12.573936225529918
463643,1,7,1,13.85043838416037
463645,0,7,0,0.037019121256548576
463665,1,7,6,28.340540398257488
463683,1,7,9,33.15011954220254
463697,1,7,5,0.3700090141005197
463705,1,7,5,0.3700090141005197
463707,1,7,2,11.314966855662933
463712,1,7,10,3.6772461830432333
463723,1,7,9,15.215158687071805
463725,1,7,6,25.29724990571529
463731,0,7,0,0.036041326274353115
463743,1,7,7,5.926927154910771
463747,1,7,5,0.3700090141005197
463755,1,7,5,0.3700090141005197
463769,1,7,8,21.688646756909673
463770,1,7,5,0.3700090141005197
463774,1,7,10,20.32954837339196
463788,1,7,8,32.64807356225824
463816,1,7,8,31.80210224827148
463834,1,7,9,33.49381140741946
463845,1,7,4,0.3700090657260609
463855,1,7,9,26.480419151960817
463873,1,7,9,31.781655978436095
463887,1,7,5,0.3700090141005197
463899,1,7,9,22.229475343618724
463908,1,7,1,22.116901897584412
463920,1,7,8,30.146499215047346
463922,1,7,6,18.432224754878185
463951,1,7,9,28.560270170308065
463968,1,7,8,31.35476392711009
463973,1,7,4,0.3700090656202526
463983,1,7,5,0.3700090141005197
463988,1,7,9,32.184792668446995
463995,1,7,8,7.272231637821341
463997,1,7,5,0.3700090141005197
464005,1,7,8,18.94753354308303
464012,1,7,3,3.238678318235815
464022,1,7,9,24.074179380162686
464028,1,7,8,26.497020060924314
464037,1,7,4,0.3700090657260609
464041,1,7,10,14.034845646571368
464058,1,7,5,0.3700090141005197
464060,1,7,9,31.497758793479225
464065,1,7,7,6.4936668845404215
464067,1,7,5,0.3700090141005197
464070,1,7,3,3.184985092816229
464091,1,7,8,25.228894067502534
464094,1,7,3,3.041619207881753
464112,1,7,9,29.168342194388728
464119,1,7,3,3.204948439130012
464133,1,7,8,17.383453421364216
464143,1,7,9,30.849555955794138
464144,1,7,5,0.3700090141005197
464145,1,7,10,24.501011538967923
464176,1,7,8,22.51944024602382
464182,1,7,5,0.3700090141005197
464194,1,7,9,5.249602761181028
464198,1,7,8,31.07683464424957
464200,0,7,0,0.1094652133391734
464208,1,7,8,24.841258132151705
464211,1,7,8,33.854738626973145
464273,1,7,6,25.133560284958033
464281,1,7,9,25.958381525614683
464304,1,7,6,26.281102839753785
464319,1,7,9,33.6629408357228
464321,1,7,7,1.59341955441498
464330,1,7,10,26.016110200451543
464335,1,7,5,0.3700090141005197
464366,1,7,7,5.437672680005708
464376,1,7,5,0.3700090141005197
464379,1,7,5,0.3700090141005197
464405,1,7,6,16.38886750911098
464409,1,7,9,31.322950229316582
464416,1,7,6,17.48598734079736
464417,1,7,2,6.916785359612183
464446,1,7,1,6.382411586468712
464447,1,7,4,0.3700090657260609
464455,1,7,9,11.525436184845615
464464,1,7,3,1.8881030648339376
464466,1,7,7,4.959841710523576
464481,1,7,8,33.321614165305164
464483,1,7,6,12.886518040662923
464503,1,7,10,14.127664248524965
464505,1,7,4,0.3700090657260609
464513,1,7,2,4.853874226273564
464518,1,7,4,0.3700090657260609
464519,1,7,5,0.3700090141005197
464522,1,7,5,0.3700090141005197
464535,1,7,2,10.821247640795114
464545,0,7,0,0.15796841510142193
464549,1,7,6,27.93130991657745
464552,1,7,2,10.135834740238025
464562,1,7,4,0.3700090657260609
464586,1,7,6,23.838252638308937
464588,1,7,9,25.20387974769933
464608,1,7,8,17.695209667097767
464628,1,7,5,0.3700090141005197
464664,1,7,7,5.413680791929019
464669,1,7,9,2.2075184041820113
464687,1,7,4,0.3700090657260609
464692,1,7,5,0.3700090141005197
464707,1,7,7,6.354078717126794
464711,1,7,10,10.052845793590068
464750,1,7,5,0.3700090141005197
464753,1,7,6,11.392712015917532
464760,1,7,9,22.49773874379108
464772,1,7,5,0.3700090141005197
464779,1,7,4,0.3700090657260609
464789,1,7,4,0.3700090657260609
464793,0,7,0,0.04709211144300621
464794,0,7,0,0.036773414691150905
464795,1,7,5,0.3700090141005197
464797,1,7,6,17.962932242795105
464800,1,7,9,30.393163688831617
464805,1,7,10,14.281918648557589
464807,1,7,7,2.9338901535990214
464812,0,7,0,0.03299626285746659
464822,1,7,3,3.183050095240727
464831,1,7,5,0.3700090141005197
464847,1,7,2,15.20859789449472
464853,1,7,4,0.3700090657260609
464859,1,7,8,23.132073131879377
464869,1,7,6,29.05281418137797
464870,0,7,0,0.04540449130498721
464871,1,7,5,0.3700090141005197
464875,1,7,4,0.3700090656202526
464887,1,7,10,15.879430636522768
464894,1,7,10,13.00970601778376
464911,1,7,8,13.159820937532539
464917,1,7,1,27.92175970493711
464918,1,7,6,19.46039827398249
464930,1,7,5,0.3700090141005197
464933,1,7,9,9.791284019649279
464946,1,7,5,0.3700090141005197
464951,1,7,9,29.572992267599044
464961,1,7,10,16.256565970323596
464963,1,7,9,26.074432584426944
464965,1,7,3,2.9074586991464573
464972,1,7,9,24.09285867170768
464983,1,7,4,0.3700090657260609
464987,1,7,6,24.234200014617677
464997,1,7,7,2.032655072833419
465001,1,7,5,0.3700090141005197
465003,1,7,6,28.257287101203207
465070,1,7,6,30.128207794194218
465071,1,7,9,31.873775511600922
465074,1,7,4,0.3700090657260609
465089,1,7,6,13.286763976892933
465131,1,7,8,30.44825267443503
465133,1,7,4,0.3700090657260609
465150,1,7,4,0.3700090657260609
465169,1,7,8,18.548949042994863
465173,1,7,9,24.726355189112926
465178,1,7,10,20.788612453361285
465201,1,7,10,9.176270864945279
465207,1,7,9,29.968792967234773
465208,0,7,0,0.027720232777036554
465213,1,7,5,0.37000902039789374
465234,1,7,4,0.3700090656202526
465238,1,7,4,0.3700090657260609
465256,1,7,9,21.266821288154034
465260,1,7,7,5.331268366923376
465274,1,7,5,0.3700090141005197
465293,1,7,6,22.006597877033443
465309,1,7,4,0.3700090657260609
465318,1,7,5,0.3700090141005197
465322,1,7,5,0.3700090141005197
465323,1,7,7,5.604739670801512
465327,1,7,6,26.119853264703686
465331,0,7,0,0.045990839018151354
465368,1,7,1,25.753651904529452
465372,0,7,0,0.027115024111971177
465375,1,7,1,27.627446900658796
465377,1,7,5,0.3700090141005197
465378,1,7,10,23.004741173571794
465381,1,7,6,18.39920581056636
465383,1,7,5,0.3700090141005197
465393,1,7,5,0.3700090141005197
465402,1,7,9,23.69562243365609
465419,1,7,7,5.3357737870112745
465430,1,7,9,14.02627321130578
465431,1,7,4,0.3700090657260609
465437,1,7,5,0.3700090141005197
465454,1,7,4,0.3700090657260609
465467,1,7,6,29.749805150010765
465479,1,7,6,15.257720560355809
465487,1,7,6,13.091084171903574
465496,1,7,6,11.686269541238563
465547,1,7,5,0.3700090141005197
465550,1,7,8,20.902217826408975
465560,1,7,8,26.001821410594246
465592,1,7,9,30.649363007774248
465601,1,7,8,19.960059306414497
465605,1,7,6,29.626013368643292
465609,1,7,9,30.70209015003846
465614,1,7,1,17.458574959848388
465621,1,7,9,24.116752920659707
465642,0,7,0,0.03569482941886695
465647,1,7,5,0.3700090141005197
465655,1,7,10,26.030289342460463
465669,1,7,1,18.208945196358254
465687,1,7,8,23.84850087770219
465690,1,7,8,7.532427789907113
465697,1,7,10,20.938373125093598
465711,1,7,9,7.023278934499979
465717,1,7,5,0.3700090141005197
465720,1,7,7,1.0350828664852871
465754,1,7,6,13.972042626954947
465755,0,7,0,0.03836875276011007
465765,1,7,7,1.8705868215465575
465781,1,7,8,23.183501265536112
465785,1,7,2,13.213309833020153
465813,1,7,6,27.895565873529296
465831,1,7,1,19.40586706322041
465853,1,7,1,19.695234904169272
465864,1,7,8,23.75256782005017
465868,1,7,9,22.434864662981365
465874,1,7,3,2.2206040111428553
465878,1,7,8,2.363689096598145
465902,1,7,9,31.780439351067525
465909,1,7,6,8.295440539724934
465922,1,7,4,0.3700090656202526
465937,1,7,4,0.3700090656202526
465943,1,7,9,19.5479298526011
465944,1,7,5,0.3700090141005197
465950,1,7,6,5.518741960073603
465968,1,7,4,0.3700090657260609
465969,1,7,6,22.384528207327637
465984,1,7,9,10.572825053879495
465998,1,7,8,4.159133006621369
465999,1,7,4,0.3700090657260609
466004,1,7,8,5.419537971287584
466007,1,7,9,16.446228996997156
466015,1,7,6,27.3941424459579
466027,1,7,6,29.0407399859375
466037,0,7,0,0.11704688282446057
466056,1,7,6,14.591788722973291
466061,1,7,6,30.298538289090377
466066,1,7,6,16.622641126846144
466077,1,7,10,25.263592157332667
466108,1,7,10,13.069915541868975
466127,1,7,1,7.390095425587425
466135,1,7,9,12.233274777741592
466165,0,7,0,0.11555064057412297
466176,1,7,4,0.3700090657260609
466183,1,7,10,9.323175530843939
466206,1,7,9,24.157474268628114
466210,1,7,5,0.3700090141005197
466212,1,7,7,2.3346625369686143
466218,1,7,3,3.1896313138913563
466219,1,7,5,0.3700090141005197
466220,1,7,9,7.506908547867024
466221,1,7,7,3.1207966883697917
466253,1,7,6,28.5778652161794
466264,1,7,9,9.008689178213722
466269,1,7,4,0.3700090657260609
466271,1,7,10,20.48086401455081
466282,1,7,8,10.955911182424032
466288,1,7,5,0.3700090141005197
466290,1,7,6,26.647348243657696
466298,1,7,4,0.3700090657260609
466301,1,7,7,6.0873186759598665
466320,1,7,1,27.27482005992982
466324,1,7,8,26.938684903235885
466344,1,7,6,20.277307725298346
466346,1,7,6,22.530662764176817
466351,1,7,8,7.489570107375097
466356,1,7,9,32.844395583792895
466358,1,7,7,1.7773545909911048
466366,1,7,6,22.648230489448117
466372,1,7,10,26.034062396415692
466373,1,7,3,3.217475785654605
466376,1,7,9,33.0171335323273
466400,1,7,5,0.3700090141005197
466438,1,7,5,0.3700090141005197
466447,1,7,10,7.749513656485306
466480,1,7,5,0.3700090141005197
466487,1,7,5,0.3700090141005197
466494,1,7,4,0.3700090657260609
466498,1,7,6,11.411238086559631
466507,1,7,9,28.684716005749603
466513,1,7,2,11.055921495518314
466527,1,7,6,6.543071067812486
466533,1,7,9,33.18636544405051
466557,1,7,4,0.3700090657260609
466564,1,7,2,14.087325749026446
466566,1,7,9,14.905812198196076
466574,1,7,6,28.547527864607368
466606,1,7,9,20.52769928211967
466663,1,7,8,10.696128990998572
466670,1,7,7,5.505728839353851
466691,1,7,10,9.709714237684812
466699,1,7,5,0.3700090141005197
466729,1,7,6,19.86060211611442
466730,1,7,1,24.762312398460036
466744,1,7,5,0.3700090141005197
466747,1,7,8,32.70225025878318
466749,1,7,6,18.11630564001006
466763,1,7,5,0.3700090141005197
466795,1,7,6,19.12028321981699
466796,1,7,7,3.5726811461733488
466804,1,7,8,18.619543792371672
466810,1,7,9,27.44705784683577
466828,1,7,4,0.3700090657260609
466862,1,7,3,1.6793210081698926
466878,1,7,4,0.3700090657260609
466883,1,7,8,32.208564175843144
466893,1,7,1,21.622086549261024
466904,1,7,3,3.1391849777055505
466905,1,7,7,0.5895850023413199
466912,1,7,6,25.310699896348762
466929,1,7,8,3.2651194311678107
466941,1,7,1,7.892400168095476
466961,1,7,5,0.3700090141005197
466970,1,7,5,0.3700090141005197
466972,1,7,9,31.89383236958227
466985,1,7,2,7.624297217263385
466987,1,7,8,17.77849060991313
467004,1,7,8,19.42604584920025
467006,1,7,9,22.495983823012992
467022,1,7,9,17.918015354269496
467036,1,7,4,0.3700090657260609
467049,1,7,1,9.441011202379006
467053,1,7,10,9.810061644550995
467075,1,7,10,18.51186322279903
467090,1,7,6,17.706466141747885
467103,1,7,6,15.501201515781759
467106,1,7,7,0.8041253669051092
467116,1,7,8,23.174372644859623
467119,1,7,4,0.3700090657260609
467120,1,7,1,19.47342786741726
467121,1,7,6,19.03996260035747
467122,1,7,6,16.667661017884512
467134,1,7,9,33.55632281428843
467147,1,7,4,0.3700090657260609
467160,1,7,6,19.963488471345514
467163,1,7,9,32.88958767955114
467176,1,7,9,30.709777103988714
467178,1,7,5,0.3700090141005197
467191,1,7,8,10.194435060864281
467199,0,7,0,0.03406716117492226
467215,0,7,0,0.033354015459740115
467223,1,7,8,26.291440955265177
467229,1,7,7,1.5806134492510253
467244,1,7,7,2.644996609306899
467256,1,7,4,0.3700090657260609
467264,1,7,5,0.3700090141005197
467271,1,7,8,23.921626270904103
467277,1,7,9,24.636006250296496
467289,1,7,8,29.253710772674896
467298,1,7,5,0.37000902039789374
467303,1,7,6,10.15212143515085
467308,1,7,1,16.494563029963455
467339,1,7,5,0.3700090141005197
467357,1,7,9,15.822550199464946
467365,1,7,7,5.753118092743455
467372,1,7,8,12.794495722333018
467384,1,7,8,29.36293600855439
467385,1,7,10,17.04707649903679
467393,1,7,6,18.540565976850022
467394,0,7,0,0.033597744605685806
467399,1,7,8,33.737767649282134
467406,1,7,1,13.638679737447026
467408,1,7,9,29.630839346610806
467414,1,7,1,24.374540983569776
467418,1,7,9,5.045845988401962
467431,1,7,9,16.872177386897246
467432,1,7,5,0.3700090141005197
467445,1,7,8,27.040682099897637
467452,1,7,9,20.897321268188428
467463,1,7,4,0.3700090657260609
467470,1,7,8,21.035867009481915
467471,1,7,6,12.548640450073423
467481,1,7,6,6.607529030551789
467495,1,7,8,23.434228547423402
467498,1,7,10,12.543519365460353
467509,1,7,1,18.272510899285678
467516,1,7,10,9.668496906857918
467519,0,7,0,0.03128747979312218
467524,1,7,10,13.277759772365213
467527,1,7,8,35.31654580918084
467533,1,7,5,0.37000902039789374
467543,1,7,6,26.131913673082416
467545,1,7,9,9.2253328996036
467570,1,7,2,5.259822644865437
467581,1,7,6,6.24836383632023
467582,1,7,10,25.190097648068594
467584,1,7,10,14.632854275989184
467590,1,7,10,20.776147769299353
467601,1,7,6,27.642820390941115
467602,1,7,5,0.3700090141005197
467605,1,7,5,0.3700090141005197
467616,1,7,10,18.204042465078015
467619,1,7,7,1.7145700746571186
467654,1,7,6,23.253253580784953
467696,1,7,4,0.3700090657260609
467714,1,7,9,9.286132639957879
467716,1,7,9,26.232663886295086
467718,1,7,6,22.22205670094891
467725,1,7,7,0.6109393580224795
467736,1,7,9,24.766713985419845
467737,1,7,1,23.604086204572397
467764,1,7,9,16.86023439280167
467765,1,7,8,8.389143885918743
467768,1,7,10,17.598988783791516
467780,1,7,9,32.6391884849482
467789,1,7,6,18.70218404411761
467791,1,7,4,0.3700090657260609
467801,1,7,7,6.228684673792352
467803,1,7,8,9.02672908089802
467807,1,7,9,20.991797275080707
467809,1,7,8,19.535826145253985
467813,1,7,9,10.571164257994882
467839,1,7,8,7.533632809647611
467852,1,7,10,6.585036393261901
467862,1,7,10,9.016994940590036
467869,1,7,5,0.3700090141005197
467880,1,7,8,14.472387339145664
467881,1,7,6,19.578932843735817
467913,0,7,0,0.038982626935645644
467919,1,7,1,27.659328764217804
467924,1,7,6,10.313917905948223
467927,1,7,5,0.3700090141005197
467943,1,7,9,29.590093052223867
467959,1,7,8,22.458525378012943
468010,1,7,8,11.453724110952264
468012,1,7,6,17.193411116029452
468015,1,7,4,0.3700090657260609
468020,1,7,4,0.3700090657260609
468047,1,7,8,21.25078737208652
468054,1,7,6,27.386195319687072
468058,1,7,10,18.592636256160716
468072,1,7,9,27.27467952415597
468074,1,7,9,30.672527508729505
468077,1,7,6,22.752759583293695
468082,1,7,9,23.255781608391942
468092,1,7,9,22.92460954761878
468114,1,7,6,18.44230293676016
468141,1,7,7,4.530107000955481
468144,1,7,4,0.3700090657260609
468161,1,7,7,2.9585968284683166
468166,1,7,4,0.3700090657260609
468171,1,7,9,17.772226319013765
468195,1,7,5,0.3700090141005197
468205,1,7,8,19.5498070209966
468213,1,7,9,18.07799991526324
468224,1,7,9,24.68768529874847
468225,1,7,5,0.3700090141005197
468233,1,7,8,28.87572800223864
468248,1,7,5,0.3700090141005197
468257,1,7,6,23.81213041032236
468265,1,7,6,18.266724522488193
468268,1,7,4,0.3700090657260609
468272,0,7,0,0.027669120050781114
468279,1,7,1,16.726317579863217
468284,1,7,5,0.3700090141005197
468286,1,7,5,0.3700090141005197
468290,1,7,6,11.38180357603631
468298,1,7,8,36.04082266289757
468306,1,7,8,28.6034920334249
468315,1,7,9,26.561779759571547
468321,1,7,8,23.369861483882563
468335,1,7,6,20.349748805979868
468338,1,7,5,0.3700090141005197
468367,1,7,6,29.328562109418733
468376,1,7,4,0.3700090657260609
468379,1,7,4,0.3700090657260609
468387,1,7,8,14.342591238250293
468392,1,7,5,0.3700090141005197
468404,1,7,9,32.05684518211383
468405,1,7,1,13.317604270964733
468410,1,7,4,0.3700090657260609
468416,1,7,5,0.3700090141005197
468419,1,7,9,4.526704923993847
468432,1,7,8,32.66506726095184
468440,1,7,5,0.3700090141005197
468453,1,7,10,16.557246130495685
468468,1,7,6,17.464535389132273
468480,1,7,5,0.37000902039789374
468484,1,7,10,18.494464753747476
468496,1,7,9,31.67004798740279
468497,1,7,5,0.3700090141005197
468505,1,7,4,0.3700090657260609
468506,1,7,3,2.410246943116605
468511,1,7,5,0.3700090141005197
468514,1,7,7,6.131696836383238
468516,1,7,5,0.3700090141005197
468533,1,7,5,0.3700090141005197
468547,1,7,10,7.435416850415467
468548,1,7,9,23.909425543027147
468555,0,7,0,0.10163924117070032
468561,1,7,8,26.31243064126516
468566,1,7,6,29.03693629940875
468590,1,7,8,12.609829428016768
468597,1,7,9,15.294794846917386
468603,1,7,9,26.114230928030622
468609,1,7,1,22.173598814074506
468614,1,7,4,0.3700090657260609
468624,1,7,8,13.376631992530214
468628,1,7,5,0.3700090141005197
468645,1,7,3,1.1447873832945035
468681,1,7,5,0.3700090141005197
468702,1,7,1,17.314315268271045
468716,1,7,10,26.00879623973153
468725,1,7,1,11.6392243075229
468726,1,7,4,0.3700090657260609
468728,1,7,8,19.955383802917307
468736,1,7,7,1.545427217283594
468744,0,7,0,0.024340707039244344
468767,1,7,10,16.491165245403746
468784,1,7,8,28.50116189982173
468788,0,7,0,0.04699904726757015
468793,1,7,2,8.022932674011328
468795,1,7,3,3.2519987407201114
468800,1,7,6,26.00149227921592
468804,1,7,6,16.256567402650262
468807,1,7,1,18.60478896770979
468826,1,7,6,9.257106742996157
468845,0,7,0,0.34198276811388
468848,1,7,2,10.589503724515396
468862,1,7,1,16.059018075578468
468873,1,7,6,6.901001355012932
468888,1,7,4,0.3700090657260609
468900,1,7,3,2.2720352417368943
468911,1,7,8,16.83422257591534
468919,1,7,9,33.469600977488945
468920,1,7,7,5.188499315541746
468923,1,7,6,21.191314755880367
468925,1,7,2,14.749399784875818
468926,1,7,4,0.3700090657260609
468933,1,7,8,33.68306186717736
468943,1,7,3,2.922002893280243
468957,1,7,4,0.3700090657260609
468983,1,7,6,24.77807921453287
468993,1,7,6,25.070599501129156
468999,1,7,8,23.24681679479463
469000,1,7,8,18.99725735342275
469007,1,7,4,0.3700090657260609
469035,1,7,2,15.062397408672295
469041,1,7,8,26.555781533971796
469043,1,7,6,19.54918553449223
469055,1,7,5,0.37000902039789374
469117,1,7,6,23.34075113569556
469120,1,7,3,3.069196657617415
469126,1,7,7,0.9413756151690763
469130,1,7,7,2.9283840067124958
469138,1,7,9,32.16009053095773
469142,1,7,5,0.3700090141005197
469184,1,7,8,32.253886003038765
469191,1,7,10,16.061388541827707
469210,0,7,0,0.052803750619958734
469234,1,7,5,0.3700090141005197
469250,1,7,5,0.3700090141005197
469278,1,7,8,26.3167996566596
469299,1,7,5,0.3700090141005197
469346,1,7,5,0.3700090141005197
469360,1,7,10,16.79736168515186
469366,1,7,5,0.3700090141005197
469374,1,7,9,7.664818322736289
469375,1,7,4,0.3700090657260609
469382,1,7,2,6.486971794261947
469386,1,7,10,12.998350055298602
469387,1,7,8,14.76168180984634
469402,1,7,6,18.020653264106585
469403,1,7,9,11.309863271051718
469417,1,7,5,0.3700090141005197
469418,1,7,10,19.336823931866576
469419,1,7,5,0.3700090141005197
469420,1,7,10,5.904193778511022
469424,1,7,9,23.838517198551873
469431,1,7,7,3.8161165681601874
469432,1,7,9,33.72324792307134
469466,1,7,10,12.427160763344618
469479,1,7,9,33.296797567078244
469483,1,7,1,18.903107856882727
469485,1,7,6,25.563252938527384
469487,1,7,1,4.528759646369781
469520,1,7,4,0.3700090657260609
469533,1,7,6,29.715268765194946
469558,1,7,6,21.067756656647454
469615,1,7,9,6.4389248261565974
469617,1,7,7,6.460539349521082
469618,1,7,5,0.3700090141005197
469643,1,7,10,11.510580238335978
469663,1,7,6,18.117058202843726
469688,1,7,10,18.668667890362183
469709,1,7,8,11.411511604346298
469719,1,7,8,25.424068287492673
469720,0,7,0,0.035765355923365716
469727,1,7,6,10.436552736832455
469738,1,7,2,14.796658405895178
469747,1,7,4,0.3700090657260609
469752,1,7,6,27.823290250310272
469753,1,7,6,27.377951817231857
469756,1,7,5,0.3700090141005197
469768,1,7,5,0.3700090141005197
469770,1,7,8,30.959885895278138
469775,1,7,6,10.990478315349032
469779,1,7,4,0.3700090657260609
469797,1,7,8,8.484702282028936
469798,1,7,9,20.033029651040096
469800,1,7,6,13.549113151881969
469808,1,7,10,17.622105407420385
469811,1,7,5,0.3700090141005197
469812,1,7,4,0.3700090657260609
469841,1,7,4,0.3700090656202526
469849,1,7,8,30.419869237756526
469858,1,7,4,0.3700090657260609
469860,1,7,4,0.3700090657260609
469862,1,7,6,16.473293624108642
469863,1,7,9,25.1942649825482
469867,1,7,9,29.977594419007588
469875,1,7,6,6.946750653848853
469896,1,7,4,0.3700090657260609
469912,1,7,4,0.3700090657260609
469916,1,7,9,3.8805750442323053
469918,1,7,5,0.3700090141005197
469920,1,7,10,17.585088172816786
469957,0,7,0,0.04410419438282925
469978,1,7,4,0.3700090657260609
469990,1,7,9,23.848537647416695
469999,1,7,5,0.3700090141005197
470000,1,7,7,4.525281283855487
470049,1,7,8,31.119173988249855
470054,1,7,10,10.62745671610714
470056,1,7,8,14.366143629752527
470057,1,7,6,20.642136831430527
470075,1,7,8,30.414114585804004
470101,1,7,9,27.254885185319736
470103,1,7,6,14.4144940749705
470109,1,7,3,1.0463600173652754
470110,1,7,6,29.647213225256284
470117,1,7,10,4.927772040075524
470119,1,7,3,3.116652238701475
470146,1,7,6,28.65077892173732
470152,1,7,9,19.419306776734604
470160,1,7,9,13.53640827014264
470200,1,7,6,23.309065803394173
470209,1,7,9,27.976300974162026
470224,1,7,8,17.262210969904796
470234,1,7,8,32.13376058617303
470250,1,7,2,8.454113136833143
470251,1,7,1,18.61728661880764
470254,1,7,5,0.3700090141005197
470256,1,7,10,14.316231712496243
470262,1,7,5,0.3700090141005197
470265,1,7,5,0.3700090141005197
470281,0,7,0,0.09638693457597171
470292,1,7,3,3.1735137047675845
470298,1,7,4,0.3700090657260609
470303,1,7,9,25.04740417307026
470305,1,7,9,11.90942267243785
470306,1,7,1,19.02871977147498
470313,1,7,5,0.3700090141005197
470322,1,7,8,14.916013692659336
470332,1,7,10,8.766305618813243
470336,1,7,3,1.915617281665142
470362,1,7,4,0.3700090657260609
470370,1,7,3,3.107499672164408
470372,1,7,10,16.879025727227717
470393,1,7,5,0.3700090141005197
470394,1,7,9,15.41924687123793
470396,1,7,8,25.456606856384802
470413,1,7,9,25.005179056035477
470421,1,7,8,6.041783595102457
470425,1,7,1,14.083211593682389
470432,1,7,8,22.9200934998231
470437,1,7,1,12.63426807204362
470448,1,7,7,4.541079534125535
470451,1,7,10,13.629724321512514
470452,1,7,8,31.626326021044715
470472,1,7,3,2.5136477502408745
470512,1,7,9,21.786177397567545
470524,1,7,10,26.032142291907682
470538,1,7,5,0.3700090141005197
470546,1,7,9,11.45742003866396
470554,1,7,6,15.523678453483793
470559,1,7,9,3.7909574317439145
470561,1,7,1,21.963012509962503
470563,1,7,6,27.486642202969602
470564,1,7,1,11.538892120817394
470570,0,7,0,0.06788689275338682
470571,1,7,10,13.011890989084204
470584,1,7,3,1.1684260595181981
470607,1,7,9,23.54476149326639
470620,1,7,8,15.792876023858753
470645,1,7,9,22.451524659847934
470647,1,7,9,7.723773942495708
470650,1,7,5,0.3700090141005197
470667,1,7,8,9.90839565296822
470693,1,7,6,15.098179981889814
470696,1,7,8,35.41152782970561
470701,1,7,9,28.856373780526166
470724,0,7,0,0.0353992538356386
470725,1,7,9,26.06967921890237
470748,1,7,8,32.1073940175434
470772,1,7,9,33.05378554776461
470784,1,7,4,0.3700090657260609
470787,0,7,0,0.047262416213634424
470788,1,7,5,0.3700090141005197
470791,1,7,3,3.1122838473056507
470804,1,7,9,16.75423658021053
470806,1,7,2,12.261605112870193
470810,1,7,4,0.3700090657260609
470829,1,7,5,0.3700090141005197
470835,1,7,5,0.3700090141005197
470837,1,7,2,12.699020335801253
470839,0,7,0,0.044752656807499507
470843,1,7,8,20.78019836547444
470851,1,7,4,0.3700090657260609
470856,1,7,7,3.0055067929629735
470862,1,7,8,24.593526718703483
470866,1,7,5,0.3700090141005197
470877,1,7,4,0.3700090657260609
470888,1,7,8,3.3556166488337063
470895,1,7,1,15.248425965007808
470901,1,7,5,0.3700090141005197
470920,1,7,9,32.422609166039564
470936,1,7,6,28.967326362227077
470945,1,7,6,13.05623599501783
470949,1,7,10,23.670709790620162
470958,1,7,10,12.980656910249875
470964,1,7,8,36.0925609875668
470977,1,7,1,20.70494378347397
470982,1,7,4,0.3700090657260609
470992,1,7,6,25.061473142783516
471016,1,7,4,0.3700090657260609
471024,1,7,10,9.360562852491896
471028,1,7,9,32.4579140436849
471037,1,7,1,5.6120044085977
471061,1,7,8,20.268668834293006
471063,1,7,3,2.7999202289350786
471076,1,7,8,24.882177885305573
471086,1,7,4,0.3700090656202526
471088,1,7,8,17.0181023396805
471089,0,7,0,0.04025442689251904
471097,1,7,7,4.56902792655362
471106,1,7,10,19.724750235525185
471107,1,7,8,31.64614867001654
471118,1,7,3,1.903221543408894
471124,1,7,4,0.3700090657260609
471132,1,7,5,0.3700090141005197
471136,1,7,5,0.3700090141005197
471147,1,7,5,0.3700090141005197
471148,1,7,1,16.920020727778553
471152,1,7,8,4.10998670713569
471172,1,7,8,34.52401880630794
471190,1,7,1,15.509964500341948
471221,1,7,7,0.46960865017873793
471224,1,7,4,0.3700090657260609
471230,1,7,8,31.083312970103062
471232,1,7,10,7.104587324447126
471238,1,7,5,0.3700090141005197
471258,1,7,6,18.329649858684917
471260,1,7,7,4.158260121515659
471263,1,7,1,19.532834026981845
471265,1,7,1,9.39177576729571
471274,1,7,9,30.824892694896747
471278,1,7,9,33.43920654232448
471311,1,7,9,11.041512965131542
471340,1,7,10,9.321697657904167
471341,1,7,9,6.022852680969406
471349,1,7,9,30.495123097298375
471375,1,7,6,29.763084492131693
471392,1,7,8,30.400478052932144
471397,1,7,5,0.37000902039789374
471399,1,7,9,24.646627929139374
471404,1,7,5,0.3700090141005197
471410,1,7,5,0.3700090141005197
471414,1,7,10,10.723135503450312
471429,1,7,9,33.72603052286856
471440,1,7,9,7.302560271996736
471453,1,7,8,13.215922170595732
471465,1,7,6,13.049424461898472
471471,1,7,7,4.178589007844227
471481,1,7,4,0.3700090657260609
471484,1,7,6,17.91528078112413
471502,1,7,6,16.867505470913667
471505,1,7,10,20.874995804120303
471529,1,7,1,16.43318143886856
471537,1,7,7,0.9151954554564182
471541,1,7,8,6.303442832952358
471566,1,7,6,22.781519323081195
471576,1,7,9,23.663667395746927
471579,1,7,8,22.014090524829516
471591,1,7,6,19.614735807640844
471600,1,7,9,9.483539861228836
471605,1,7,1,7.585065463521208
471620,1,7,4,0.3700090657260609
471628,1,7,8,15.541675399139281
471632,1,7,9,13.455594660427522
471638,0,7,0,0.04826457195422502
471642,1,7,8,4.979218294156452
471646,1,7,9,17.774480953459587
471675,1,7,4,0.3700090657260609
471683,1,7,9,20.527796916111217
471703,1,7,8,32.04536429289766
471709,1,7,4,0.3700090656202526
471716,1,7,6,25.415400881608438
471722,1,7,1,22.457786051031036
471752,1,7,1,6.924663944364097
471754,1,7,1,6.484288899230936
471756,1,7,6,9.751570689798312
471772,1,7,10,17.31957798154873
471827,1,7,7,5.012326797977538
471829,1,7,4,0.3700090657260609
471833,1,7,6,8.721363623100167
471857,1,7,2,12.945258546578556
471870,1,7,1,15.884332038576396
471871,1,7,2,7.809711394738598
471891,1,7,8,3.197091250654962
471900,1,7,6,11.82243444836577
471904,1,7,10,10.803186154643186
471914,1,7,4,0.3700090657260609
471934,1,7,2,15.117300850002596
471951,1,7,5,0.3700090141005197
471956,1,7,8,7.441202904252619
471961,1,7,9,24.01898901979403
471963,1,7,6,18.877454379074333
471971,1,7,2,7.310431158692213
471982,1,7,9,24.756967043298822
471994,1,7,6,16.76327092743793
471997,1,7,3,3.109318323415875
471998,1,7,6,22.751236571646864
471999,1,7,9,14.183346284060637
472003,1,7,4,0.3700090657260609
472005,1,7,10,23.897754912089873
472009,1,7,8,15.586558334282286
472010,1,7,8,24.527087286114142
472018,1,7,9,6.3060741087429415
472021,1,7,1,25.154490506180288
472022,1,7,9,27.973780353901983
472024,1,7,8,17.05463223691058
472029,1,7,8,25.450935723214087
472039,1,7,10,14.618577879937062
472051,1,7,10,13.887786043326
472058,1,7,2,8.38008433823931
472064,1,7,5,0.3700090141005197
472099,1,7,9,31.09978699339986
472103,1,7,4,0.3700090657260609
472104,1,7,10,14.773970475155249
472119,0,7,0,0.031228628816297944
472126,1,7,7,1.5221329677040818
472127,1,7,8,35.69811236904987
472137,1,7,10,16.551906072287718
472143,1,7,5,0.3700090141005197
472145,1,7,8,11.412959826667901
472183,1,7,9,3.853711823627498
472192,1,7,9,8.677822143344526
472199,1,7,5,0.3700090141005197
472202,1,7,7,4.109833063825155
472206,1,7,9,30.99585457059738
472207,1,7,8,4.28685898048683
472210,1,7,1,18.579450931046807
472215,1,7,10,18.10281013644624
472217,1,7,4,0.3700090657260609
472220,1,7,5,0.3700090141005197
472260,1,7,8,29.926834722501376
472273,1,7,4,0.3700090657260609
472274,1,7,1,4.126884220561237
472276,0,7,0,0.03369533032376421
472278,1,7,6,24.606679755606308
472284,0,7,0,0.03827284105290551
472287,1,7,5,0.3700090141005197
472293,1,7,8,28.12076824439768
472304,1,7,5,0.3700090141005197
472308,1,7,8,11.000854381088235
472310,1,7,6,21.987388953974662
472319,1,7,2,4.5127951381620885
472321,1,7,2,13.929444444330782
472332,1,7,6,7.845590290271795
472333,1,7,6,23.914441528629688
472337,1,7,4,0.3700090657260609
472361,1,7,1,21.73415362261447
472379,1,7,1,11.98285655572437
472400,1,7,7,0.3415722419475524
472404,1,7,7,0.5989022159815085
472406,1,7,7,0.3489395331936669
472407,1,7,8,31.119677013153385
472413,1,7,7,6.454150859476458
472419,1,7,4,0.3700090657260609
472423,1,7,3,3.054702362795281
472437,1,7,5,0.3700090141005197
472439,1,7,8,15.535171999009002
472442,1,7,9,16.55590162817525
472451,1,7,8,18.161406821145547
472464,1,7,8,25.06654806383744
472500,1,7,10,9.22139137247391
472505,1,7,5,0.3700090141005197
472508,1,7,9,17.87022675927241
472512,0,7,0,0.03888151668335341
472515,1,7,10,6.573062345937344
472519,1,7,8,32.04011960021707
472529,1,7,9,29.94120032478979
472558,1,7,10,5.58783535187025
472583,1,7,4,0.3700090657260609
472594,1,7,9,24.72995118754795
472614,1,7,4,0.3700090657260609
472628,1,7,4,0.3700090657260609
472635,1,7,4,0.3700090657260609
472641,1,7,8,35.3567669530077
472647,1,7,9,29.49111255890223
472651,1,7,6,30.501653643089227
472671,1,7,3,2.8187787111341343
472694,1,7,4,0.3700090657260609
472695,0,7,0,0.03748182188391788
472705,1,7,8,15.796353719639773
472709,1,7,6,13.076953610339691
472716,1,7,9,3.0351748246134775
472736,1,7,4,0.3700090657260609
472742,1,7,8,31.369681619215854
472764,1,7,10,15.819709527789954
472778,1,7,9,23.75877652705209
472805,1,7,9,4.706197192829878
472815,1,7,1,8.105583756773143
472827,1,7,5,0.3700090141005197
472831,1,7,5,0.3700090141005197
472843,1,7,9,30.998367646900615
472851,1,7,6,27.51625405449998
472852,1,7,1,25.911196655172034
472857,1,7,3,2.6996252625074937
472866,1,7,5,0.3700090141005197
472867,1,7,8,18.895286045734046
472882,1,7,9,8.67165647294568
472883,1,7,4,0.3700090657260609
472897,1,7,9,25.36930875224234
472903,1,7,4,0.3700090656202526
472908,1,7,7,0.847188450807457
472913,1,7,3,3.185727774705069
472923,1,7,5,0.3700090141005197
472924,1,7,1,10.643650880242863
472955,1,7,9,33.13391381629585
472958,1,7,1,9.100098622112656
472960,1,7,3,3.2770218943690335
472973,1,7,7,5.97528003942081
472982,1,7,5,0.3700090141005197
473007,1,7,9,28.45013841364085
473011,1,7,9,32.311252374142725
473015,1,7,9,13.890806656126141
473042,1,7,6,14.496773847480847
473059,1,7,10,8.573596610813741
473061,1,7,8,29.107133369249123
473082,1,7,6,18.479003312741483
473110,1,7,10,23.558676948081086
473112,1,7,6,5.602499190864065
473116,1,7,8,9.724425239829584
473120,1,7,8,32.14710500304177
473122,1,7,6,12.311668959634058
473126,1,7,8,21.21615181014142
473133,1,7,4,0.3700090657260609
473134,1,7,4,0.3700090657260609
473155,1,7,1,13.211921134738887
473164,1,7,6,4.297412910393736
473168,1,7,10,8.464320980854858
473169,1,7,6,15.59421330529952
473172,1,7,6,27.386405302200778
473182,1,7,3,3.14749776098537
473192,1,7,1,18.535755138080916
473194,1,7,9,23.632243593494696
473215,1,7,9,25.160535195668967
473234,1,7,7,3.532077463540293
473257,1,7,6,10.276126852975485
473269,1,7,3,0.7553661318266566
473274,1,7,4,0.3700090657260609
473293,1,7,5,0.3700090141005197
473305,1,7,8,24.75183606154895
473337,1,7,5,0.3700090141005197
473353,1,7,5,0.3700090141005197
473354,1,7,8,24.42638839277511
473368,1,7,6,22.774521888638724
473371,1,7,9,31.192662661248278
473396,1,7,10,24.944535607952083
473439,1,7,8,31.85934629440341
473440,1,7,10,18.17123095382039
473441,1,7,5,0.3700090141005197
473482,0,7,0,0.029988816911357522
473483,0,7,0,0.03615392421429202
473487,0,7,0,0.04421961619864603
473505,1,7,4,0.3700090657260609
473517,1,7,8,35.62539675820396
473528,1,7,8,26.82687548580796
473549,1,7,9,4.668952222944748
473555,1,7,8,12.251203871717735
473557,1,7,4,0.3700090657260609
473561,1,7,10,10.246595547519952
473570,1,7,4,0.3700090657260609
473574,1,7,9,24.091291363981135
473579,1,7,9,19.511777219590982
473584,0,7,0,0.03372701662657186
473592,1,7,9,33.612314039812446
473595,1,7,9,25.6568335152721
473621,1,7,10,18.514600167141495
473643,1,7,7,4.44551109965368
473648,1,7,8,7.285091851528176
473659,1,7,9,10.923123584998272
473660,1,7,1,20.05438683360389
473683,0,7,0,0.0287099732408329
473685,1,7,5,0.3700090141005197
473688,1,7,3,3.229742828063652
473690,1,7,7,2.7318479078832723
473693,1,7,1,21.903267797636577
473707,1,7,3,2.9969851708035358
473727,1,7,4,0.3700090657260609
473738,1,7,6,9.395159838311251
473750,1,7,7,0.597115537504173
473758,1,7,7,0.6693952684952151
473760,1,7,9,20.18203602723719
473775,1,7,6,22.8919931071401
473777,1,7,3,1.6901884188848335
473785,1,7,7,4.9164330343567215
473786,1,7,3,2.978198895917551
473801,1,7,9,24.653903658470597
473846,1,7,10,24.994359638889183
473847,1,7,5,0.3700090141005197
473848,0,7,0,0.03207568570767586
473864,1,7,10,13.540645673479656
473881,1,7,4,0.3700090657260609
473897,1,7,1,12.172713446921552
473901,1,7,9,16.242201141463553
473905,1,7,7,4.84558324941172
473920,1,7,4,0.3700090657260609
473941,1,7,7,1.4127145049661922
473952,1,7,1,6.865705453102676
473958,1,7,5,0.3700090141005197
473967,1,7,5,0.3700090141005197
473971,1,7,5,0.3700090141005197
473975,1,7,10,14.988091761413713
473985,1,7,8,18.680820316454657
473986,1,7,9,33.43522654887006
473994,1,7,8,34.3791007199114
474006,1,7,8,25.453537929807922
474014,1,7,9,26.38144235615149
474018,1,7,6,15.959741411177411
474019,1,7,10,18.314627021688363
474036,1,7,8,25.10575562074588
474041,1,7,9,24.399575066314274
474043,1,7,4,0.3700090657260609
474091,1,7,10,17.65759678235181
474103,1,7,5,0.3700090141005197
474116,1,7,8,19.746626639538253
474122,1,7,8,17.14020805999807
474123,1,7,6,11.255147489825575
474131,1,7,3,2.2833458789636882
474135,1,7,10,16.942282977922293
474136,1,7,10,3.516174393937518
474137,1,7,9,10.917415508513836
474139,1,7,5,0.3700090141005197
474140,1,7,9,33.25943632004539
474180,1,7,8,2.7294322792520953
474186,1,7,2,12.968168783168565
474189,0,7,0,0.06158769109965805
474213,1,7,6,29.52775340372038
474238,1,7,4,0.3700090657260609
474259,1,7,1,19.334914152533933
474265,1,7,8,20.48920443170359
474268,1,7,9,22.28815640986562
474275,1,7,9,28.051508937294148
474279,0,7,0,0.033011268749568404
474296,1,7,9,29.952683034756518
474305,1,7,9,20.860679298630558
474310,0,7,0,0.03894500684813136
474353,1,7,8,23.58562784008844
474373,1,7,7,5.945757519818048
474399,1,7,4,0.3700090657260609
474400,1,7,8,24.953285911905606
474413,1,7,10,14.145363839555449
474425,1,7,5,0.3700090141005197
474444,0,7,0,0.038830213382247784
474449,1,7,8,10.019829863736765
474463,1,7,5,0.3700090141005197
474465,1,7,8,36.12398279996476
474474,1,7,4,0.3700090657260609
474494,1,7,8,18.585898941702936
474501,1,7,1,23.770314413084538
474516,1,7,5,0.3700090141005197
474518,1,7,4,0.3700090657260609
474523,1,7,9,21.66872679982015
474528,1,7,4,0.3700090657260609
474610,1,7,9,24.410817350948307
474613,1,7,9,30.475938286011267
474638,1,7,9,22.696049205175576
474649,1,7,8,8.415528555502812
474650,1,7,5,0.3700090141005197
474653,1,7,2,13.922190070384746
474658,1,7,6,27.281017881600807
474667,1,7,1,11.640925312754302
474684,1,7,4,0.3700090656202526
474698,1,7,10,6.573103995462938
474702,1,7,5,0.3700090141005197
474704,1,7,9,32.87165381986875
474714,1,7,8,28.336051896281184
474717,1,7,9,31.34385944778999
474731,1,7,4,0.3700090657260609
474737,1,7,5,0.3700090141005197
474742,1,7,8,29.101365231772828
474748,1,7,9,28.85168601313999
474751,1,7,7,1.4077865196811477
474780,1,7,2,14.023096730915782
474799,1,7,1,21.18911219163585
474809,0,7,0,0.03402783381303801
474811,1,7,6,25.059560575812554
474813,1,7,7,3.2238840463559475
474818,1,7,5,0.3700090141005197
474825,1,7,3,3.0395050634589076
474836,1,7,6,23.385269173056265
474843,1,7,4,0.3700090657260609
474846,1,7,6,30.243324464289554
474848,1,7,4,0.3700090657260609
474856,1,7,8,17.887927804817643
474859,1,7,4,0.3700090657260609
474878,1,7,8,25.39761575791986
474879,1,7,4,0.3700090657260609
474892,1,7,10,18.06388687041113
474917,1,7,6,9.009737151255237
474927,0,7,0,0.03286128147875992
474936,1,7,6,16.657675483067102
474938,1,7,2,5.951650278750678
474956,1,7,7,2.120111497821532
474958,1,7,5,0.37000902039789374
474969,1,7,10,17.13237904829733
474972,1,7,5,0.3700090141005197
474974,0,7,0,0.041829009491102305
474979,1,7,8,13.248892232693828
474985,1,7,7,6.447568800414561
474992,1,7,1,24.15892204433634
474997,1,7,5,0.3700090141005197
475000,1,7,3,1.0685339317562814
475011,1,7,5,0.3700090141005197
475019,1,7,9,22.694028523794216
475033,1,7,4,0.3700090657260609
475041,1,7,9,19.65029738083523
475050,1,7,9,29.231224281436084
475051,1,7,9,30.498107784320567
475068,1,7,9,6.365994584459693
475074,1,7,9,21.029034078771826
475077,1,7,7,1.982387061599651
475084,1,7,6,29.650020252119603
475092,1,7,6,17.607729555756855
475126,1,7,4,0.3700090657260609
475133,1,7,8,24.868316230864444
475148,1,7,5,0.3700090141005197
475151,1,7,6,18.858774960379474
475152,1,7,10,12.721655689406012
475155,1,7,5,0.3700090141005197
475160,1,7,10,14.993049452757473
475179,1,7,8,16.748593439636473
475180,0,7,0,0.033880562272941395
475207,0,7,0,0.04315421414777567
475216,1,7,9,30.237784786901546
475223,1,7,9,31.281986353418024
475224,1,7,6,23.81136085480727
475225,1,7,10,23.59902788734824
475261,1,7,8,23.62868020690913
475275,1,7,5,0.3700090141005197
475292,1,7,4,0.3700090657260609
475294,1,7,6,20.174811687998226
475306,1,7,9,30.186980553450965
475328,1,7,5,0.3700090141005197
475332,1,7,8,10.487969856223582
475345,1,7,5,0.3700090141005197
475349,1,7,4,0.3700090657260609
475386,1,7,8,18.48335162698484
475399,1,7,9,30.833398177255916
475400,1,7,9,21.800961725464198
475414,1,7,5,0.3700090141005197
475428,1,7,5,0.3700090141005197
475448,1,7,6,15.580492375651474
475465,1,7,5,0.3700090141005197
475474,1,7,8,3.1455746688114252
475475,1,7,5,0.3700090141005197
475480,1,7,6,21.22552624514622
475488,1,7,4,0.3700090657260609
475496,1,7,9,22.251467270284017
475516,1,7,6,17.941668154495012
475528,1,7,6,17.17863770307109
475540,1,7,10,17.704274008496213
475541,1,7,1,23.3130477424417
475549,1,7,7,4.521946402343558
475552,1,7,10,12.2814228620128
475590,1,7,9,8.981587632914108
475594,1,7,10,3.4237111488863774
475597,1,7,10,14.916904100555726
475601,1,7,9,6.45766227031511
475602,1,7,8,15.782985491240003
475613,1,7,7,6.491432617846693
475618,1,7,5,0.3700090141005197
475625,1,7,5,0.3700090141005197
475631,1,7,9,28.360071485076926
475642,1,7,2,4.693957587972162
475665,1,7,6,20.463901247617564
475666,1,7,2,15.802896477887822
475670,0,7,0,0.03683340090005344
475671,1,7,1,26.588101404903217
475677,1,7,6,20.08461781132456
475678,1,7,5,0.3700090141005197
475684,1,7,8,8.163760981386043
475697,1,7,10,3.5474588079678573
475723,1,7,6,18.767254514894372
475737,1,7,8,29.222213055902195
475742,1,7,6,29.25064448322737
475746,1,7,5,0.3700090141005197
475753,1,7,9,2.5831747696422775
475766,1,7,2,16.409500800465743
475767,1,7,4,0.3700090657260609
475792,1,7,2,0.8335936449057672
475812,0,7,0,0.031507780601329576
475822,1,7,6,10.379036933805894
475832,1,7,1,22.911246349731602
475841,1,7,1,16.07845053759334
475849,1,7,9,30.142962762221845
475875,1,7,8,34.84289959187679
475890,1,7,5,0.3700090141005197
475897,1,7,4,0.3700090657260609
475918,1,7,5,0.37000902039789374
475931,1,7,10,4.914461251081918
475956,1,7,10,23.414479198776455
475977,1,7,6,29.31858208358898
475983,1,7,4,0.3700090657260609
475993,1,7,9,22.36694407855354
476002,1,7,10,8.12112839943352
476011,1,7,10,13.806749564244205
476016,1,7,1,6.832862408430067
476037,1,7,8,22.44547264930318
476064,1,7,5,0.3700090141005197
476065,1,7,8,28.80435264683471
476075,1,7,6,10.19702414753117
476076,1,7,8,28.85672212159109
476101,1,7,6,12.118963916109617
476125,1,7,5,0.3700090141005197
476126,1,7,2,15.29439667884028
476128,1,7,3,3.1922767583074383
476157,1,7,9,29.177861535612358
476176,1,7,8,7.116002959668335
476181,1,7,5,0.3700090141005197
476194,1,7,5,0.3700090141005197
476212,1,7,10,19.95962344725793
476218,1,7,10,16.300810818899222
476223,1,7,9,32.62413529597229
476233,1,7,8,28.877688282531764
476250,1,7,9,11.362374222230242
476285,0,7,0,0.03297232011028113
476309,1,7,1,17.413566020224252
476327,1,7,9,24.9839845975255
476329,1,7,9,32.018586747326246
476340,1,7,9,28.15308836581302
476341,1,7,4,0.3700090656202526
476348,1,7,9,5.907351957322534
476349,1,7,1,9.639968821653518
476352,1,7,6,29.888965761920225
476365,1,7,3,3.1979758026525777
476377,1,7,8,27.309201934173636
476387,1,7,9,25.09349403629546
476394,1,7,9,26.057561575439504
476398,1,7,10,7.465440068481199
476403,1,7,8,30.750484070694927
476444,1,7,6,21.183487628968667
476452,1,7,4,0.3700090657260609
476458,1,7,8,26.49092277377192
476459,0,7,0,0.03479304255881285
476467,1,7,9,29.76946938917721
476471,1,7,6,23.11743283656781
476494,1,7,8,25.2590916210631
476522,1,7,6,29.07796304438127
476535,1,7,8,13.405449944570664
476538,1,7,6,6.724926301236092
476540,1,7,9,22.262848484223436
476561,1,7,6,21.813282080395613
476568,1,7,4,0.3700090657260609
476577,1,7,6,22.09620412097074
476590,1,7,10,23.3041782479698
476591,1,7,10,9.667746820902508
476592,1,7,5,0.3700090141005197
476594,0,7,0,0.14739405433313976
476598,1,7,10,17.6567014023533
476604,1,7,6,29.409013815803327
476610,1,7,4,0.3700090657260609
476628,1,7,9,26.230494562916896
476631,1,7,7,3.094793518625098
476638,1,7,8,26.31645268868244
476674,1,7,6,22.990990724101827
476681,1,7,8,25.190096481936713
476691,1,7,6,24.19302392614489
476726,1,7,9,33.36940332338712
476729,1,7,4,0.3700090657260609
476731,1,7,9,26.104744771991157
476738,1,7,6,28.777141242135354
476756,1,7,8,19.880016924037875
476764,1,7,2,11.944842531475127
476771,1,7,9,28.691183697062797
476777,1,7,6,29.440268018279266
476787,1,7,9,13.16826745946523
476793,1,7,1,18.64516321333562
476794,1,7,9,11.191694210855172
476801,1,7,8,6.69221311633554
476804,1,7,6,24.39699961451103
476808,1,7,8,18.8995074680955
476818,1,7,9,30.480988107379712
476845,1,7,9,21.716224225173725
476852,1,7,10,26.045294980828142
476855,1,7,10,5.783796847536011
476869,1,7,9,32.70162099060566
476880,1,7,10,16.920239131954276
476885,1,7,9,33.02049296998419
476891,1,7,5,0.3700090141005197
476894,1,7,9,29.181414229100263
476897,1,7,5,0.3700090141005197
476906,1,7,10,15.225912786076313
476912,1,7,4,0.3700090657260609
476917,1,7,8,6.634341785300777
476923,1,7,2,6.2206648548202494
476944,1,7,6,19.55539684153091
476947,1,7,10,16.265711075283704
476949,1,7,5,0.3700090141005197
476951,1,7,6,14.628101586850837
476954,1,7,5,0.3700090141005197
476955,1,7,6,21.909114424337623
476956,1,7,6,25.013509415556328
476964,1,7,10,21.770844125128555
476973,1,7,4,0.3700090657260609
476977,1,7,5,0.3700090141005197
476978,1,7,9,32.851007775389334
476987,1,7,6,13.978829862777667
477012,1,7,8,21.887624609155456
477016,1,7,8,13.374768621800722
477032,1,7,5,0.3700090141005197
477048,1,7,9,18.53135295340318
477057,1,7,7,4.424289240620431
477059,1,7,6,12.560961840033926
477061,1,7,7,3.718303263522182
477073,1,7,2,12.9586905322597
477095,1,7,4,0.3700090657260609
477100,1,7,6,29.65887947263643
477127,1,7,8,19.642831276722887
477133,1,7,6,16.47901006983339
477136,1,7,5,0.3700090141005197
477142,1,7,4,0.3700090657260609
477157,1,7,8,35.34951206093401
477179,1,7,5,0.3700090141005197
477182,1,7,5,0.3700090141005197
477186,1,7,5,0.3700090141005197
477194,1,7,9,18.095217245009117
477201,1,7,8,35.94807815555433
477211,1,7,10,17.587777694405652
477229,1,7,4,0.3700090657260609
477236,1,7,8,27.445001258397436
477247,1,7,8,16.92183577543752
477249,1,7,5,0.3700090141005197
477252,1,7,5,0.3700090141005197
477255,1,7,8,5.108207413234051
477268,1,7,5,0.3700090141005197
477274,1,7,5,0.3700090141005197
477278,1,7,5,0.3700090141005197
477311,1,7,9,33.04391142865601
477315,1,7,1,26.139505985793484
477316,1,7,5,0.3700090141005197
477320,1,7,5,0.3700090141005197
477321,1,7,8,17.516950331289664
477322,1,7,5,0.3700090141005197
477325,1,7,4,0.3700090657260609
477327,1,7,5,0.3700090141005197
477338,1,7,9,25.314189722256653
477341,1,7,7,5.198984578588424
477346,1,7,4,0.3700090657260609
477352,1,7,8,18.293565248732158
477355,1,7,10,13.084663672122877
477401,1,7,10,23.41390450465201
477426,1,7,8,12.723366041424754
477431,1,7,4,0.3700090657260609
477432,1,7,5,0.3700090141005197
477452,1,7,9,20.715038557837065
477453,1,7,6,22.49732277146799
477458,1,7,8,25.950359067176137
477466,1,7,7,6.292010885089842
477470,1,7,1,25.99369471603408
477478,1,7,6,17.895744225433532
477491,1,7,10,9.530500453780052
477500,1,7,3,3.2152314861263105
477509,1,7,2,11.240950780782786
477512,1,7,9,26.143749492904696
477517,1,7,10,20.34058059771569
477542,1,7,9,24.651074869602486
477553,1,7,5,0.3700090141005197
477555,1,7,6,28.99350658528079
477556,1,7,6,22.168922083659623
477583,1,7,8,3.975856217017061
477594,1,7,6,15.641760782626939
477596,1,7,5,0.3700090141005197
477622,1,7,5,0.3700090141005197
477628,1,7,8,27.717845463271473
477637,1,7,6,21.331986535079743
477638,1,7,6,20.233426407738936
477650,1,7,1,10.197276965667676
477655,1,7,4,0.3700090657260609
477668,1,7,2,5.402158470694807
477675,1,7,7,0.3422036432343925
477684,1,7,1,21.551417740982064
477708,1,7,9,20.678092151188324
477714,1,7,10,23.146683222817
477723,1,7,5,0.3700090141005197
477742,1,7,6,11.992444616819656
477743,1,7,8,35.33342368194444
477745,1,7,9,13.135308685553511
477747,1,7,10,16.49485275647873
477752,1,7,6,17.092636283582557
477758,1,7,4,0.3700090657260609
477766,1,7,10,19.737533314510113
477775,1,7,9,24.641533248951745
477778,1,7,8,16.504419089992385
477780,1,7,5,0.3700090141005197
477785,1,7,1,25.470862409712453
477831,1,7,9,22.74339815208521
477845,1,7,9,32.81675400681715
477863,1,7,7,4.386859220201052
477869,1,7,10,11.99803651221928
477873,1,7,4,0.3700090657260609
477875,1,7,1,18.382129870303434
477878,1,7,5,0.3700090141005197
477899,1,7,5,0.3700090141005197
477927,1,7,5,0.3700090141005197
477931,1,7,6,22.303884529332297
477933,0,7,0,0.09434877373738475
477941,1,7,4,0.3700090657260609
477944,1,7,6,15.58398730366411
477953,1,7,4,0.3700090657260609
477957,1,7,8,24.996856435894035
477982,1,7,9,18.17243666068909
477987,1,7,5,0.3700090141005197
477991,1,7,8,33.1029453311412
478013,1,7,8,35.33794756096859
478050,1,7,4,0.3700090657260609
478060,1,7,2,2.717613941589062
478073,1,7,6,17.66738886485017
478092,0,7,0,0.03259785351432087
478098,1,7,3,1.8661410050977556
478100,1,7,10,8.560126638251624
478102,1,7,6,30.061833461936114
478103,1,7,8,16.66592157195533
478108,1,7,5,0.37000902039789374
478110,1,7,9,32.823546374335415
478112,1,7,8,35.200876796301536
478115,1,7,8,14.359845273560072
478127,1,7,4,0.3700090657260609
478150,1,7,9,21.3171458668685
478167,1,7,4,0.3700090657260609
478187,1,7,9,33.03053875872342
478202,1,7,4,0.3700090657260609
478206,1,7,8,8.788679330843406
478207,1,7,8,19.976370796066863
478211,1,7,5,0.3700090141005197
478222,1,7,5,0.3700090141005197
478229,1,7,10,16.989507998874227
478242,1,7,8,32.68954508766483
478249,1,7,1,27.31897160678325
478266,1,7,7,2.997130970818474
478274,1,7,9,30.705100866633607
478275,1,7,4,0.3700090657260609
478283,1,7,10,20.974732755418344
478290,1,7,6,21.02870750750548
478298,1,7,5,0.3700090141005197
478299,1,7,10,25.846955130252265
478319,1,7,8,15.263660829850293
478330,1,7,4,0.3700090657260609
478335,1,7,10,15.014484431479248
478346,1,7,2,2.085365997515455
478374,1,7,6,19.89706994470879
478392,1,7,6,21.812609659616456
478399,1,7,8,22.969102171014143
478402,1,7,3,1.6893565223161195
478409,1,7,10,20.41054158392666
478425,1,7,1,27.379141647000584
478438,1,7,4,0.3700090656202526
478442,1,7,9,9.522139792703097
478452,1,7,9,25.547077464084097
478458,0,7,0,0.039307981889673216
478462,1,7,9,25.255207664577938
478473,1,7,6,11.323466772104826
478474,1,7,10,9.49238748837133
478476,1,7,5,0.3700090141005197
478479,1,7,8,18.18679533166234
478483,1,7,5,0.3700090141005197
478495,1,7,9,33.014807085695324
478503,1,7,6,30.517840118086603
478504,1,7,4,0.3700090657260609
478545,1,7,10,13.325547298153628
478551,1,7,8,21.474231391559517
478554,1,7,10,6.916407750953552
478562,0,7,0,0.033161969612272565
478582,1,7,6,23.04600973875353
478596,1,7,6,17.494107434266812
478599,1,7,10,22.74615202988619
478600,1,7,5,0.3700090141005197
478602,1,7,5,0.3700090141005197
478612,1,7,5,0.3700090141005197
478620,1,7,5,0.3700090141005197
478622,1,7,5,0.3700090141005197
478623,1,7,9,33.27723647709742
478629,1,7,9,22.163659139879723
478651,1,7,9,11.112123762808718
478654,1,7,10,22.05683446628706
478676,1,7,9,33.719812423917624
478691,1,7,9,12.185229013288913
478698,1,7,7,2.7203470453973897
478730,1,7,1,27.418225614478615
478732,1,7,4,0.3700090657260609
478745,1,7,8,22.995986287913077
478751,1,7,6,29.322604014967247
478757,1,7,9,11.688477995584538
478759,1,7,6,24.616425481696865
478778,1,7,9,20.260604272330134
478780,0,7,0,0.035264282144746646
478785,1,7,2,15.320438217031839
478791,1,7,9,28.516179902891793
478816,1,7,9,33.71253140922383
478829,1,7,9,28.36404205731222
478832,1,7,6,17.625429365126813
478834,1,7,4,0.3700090657260609
478879,1,7,4,0.3700090657260609
478891,1,7,5,0.3700090141005197
478922,1,7,10,16.806596639308935
478925,1,7,6,5.977627894709744
478928,1,7,5,0.3700090141005197
478939,1,7,6,28.852278735694004
478961,1,7,3,3.0506466540694763
478974,1,7,10,25.74032154008533
478979,1,7,6,22.998234168408977
478983,1,7,8,30.994856289621627
479006,1,7,9,7.195357187947303
479012,1,7,7,5.489798423330087
479014,1,7,1,13.323923720652898
479015,1,7,2,11.494661663237626
479031,1,7,9,29.91755455397243
479035,1,7,4,0.3700090657260609
479040,1,7,9,31.52249728124646
479045,1,7,5,0.37000902039789374
479051,1,7,1,21.203221604103554
479061,1,7,6,25.190325266776505
479071,1,7,9,27.800639396689338
479075,1,7,10,11.952228985641591
479081,1,7,9,5.436066726003664
479083,1,7,5,0.3700090141005197
479099,1,7,5,0.3700090141005197
479110,1,7,4,0.3700090657260609
479114,1,7,4,0.3700090657260609
479128,1,7,5,0.3700090141005197
479132,1,7,9,4.683495571730079
479134,1,7,10,16.259892701385997
479160,1,7,6,24.210120857751114
479161,1,7,7,1.5745669718033337
479166,1,7,8,23.07609257881493
479175,1,7,7,5.415211750934847
479179,1,7,6,29.32708923737531
479187,1,7,9,18.88276376656282
479204,1,7,6,22.19263951164257
479206,1,7,8,30.457831893008812
479231,1,7,1,21.64040635833108
479258,1,7,9,15.85136974389557
479261,0,7,0,0.02667996849830323
479282,1,7,8,21.38251002151597
479293,1,7,4,0.3700090657260609
479304,1,7,8,21.82877194884183
479305,0,7,0,0.032623924786423196
479321,1,7,2,10.880980895957153
479326,1,7,4,0.3700090657260609
479327,1,7,5,0.3700090141005197
479329,1,7,10,18.055824393504114
479330,1,7,8,8.998706632006906
479337,1,7,9,14.107935250212943
479349,1,7,8,6.584756006717623
479354,1,7,6,27.90644789756379
479367,1,7,1,23.475169336710408
479374,1,7,2,15.96620724338027
479381,1,7,9,22.903945226931125
479386,1,7,5,0.3700090141005197
479395,1,7,6,18.59252957601108
479437,0,7,0,0.03876143689998258
479438,1,7,9,14.900170761756181
479450,1,7,10,15.125200466732432
479455,1,7,9,10.506790786042908
479473,1,7,9,32.788589962527
479488,1,7,10,9.256758406379952
479505,1,7,9,33.84299374714344
479544,1,7,9,6.188479810592199
479545,1,7,10,6.499328088927449
479600,1,7,6,30.500696273164934
479601,1,7,5,0.3700090141005197
479623,1,7,9,22.97415391414883
479635,1,7,10,23.257237672422338
479641,1,7,8,23.202805415683624
479645,1,7,8,21.989693789722843
479656,1,7,5,0.3700090141005197
479669,1,7,10,13.073823084081564
479675,1,7,5,0.3700090141005197
479683,1,7,4,0.3700090657260609
479684,1,7,9,22.17560390292563
479694,1,7,8,21.402703235820493
479700,1,7,2,14.096478314445793
479704,1,7,3,3.1059077762282614
479709,1,7,5,0.37000902039789374
479713,1,7,9,5.281573726391656
479736,1,7,9,17.665669944512327
479741,0,7,0,0.11410869933274147
479748,1,7,5,0.3700090141005197
479756,1,7,2,11.750041161337236
479771,1,7,9,27.49941632940443
479801,1,7,5,0.3700090141005197
479824,1,7,8,25.575099309754677
479825,1,7,8,11.387698528880787
479826,1,7,7,2.4005335151008045
479827,1,7,5,0.3700090141005197
479835,1,7,9,1.9831936323188921
479838,1,7,8,27.374233762989885
479841,1,7,6,27.56178634016008
479847,1,7,1,7.648916708232464
479868,1,7,9,23.67721643183962
479888,1,7,3,3.2499253824881547
479894,1,7,8,21.547971903660013
479900,1,7,8,28.00790095196395
479901,1,7,7,6.312329762356311
479906,0,7,0,0.01988426570793159
479916,1,7,6,12.677909334553444
479920,1,7,8,12.360918272008654
479921,1,7,1,8.891014857698861
479926,1,7,4,0.3700090657260609
479946,1,7,10,26.052392836333503
479967,1,7,9,23.8369953747114
479971,1,7,7,2.691376075055825
479989,1,7,9,16.410244067829723
480022,1,7,1,26.305160534575393
480045,1,7,10,16.692193885474186
480068,1,7,10,15.86126737780649
480077,1,7,8,9.096622373385173
480081,1,7,2,6.212129344197758
480088,1,7,6,25.30205129265622
480099,0,7,0,0.032786088865144135
480133,1,7,1,16.486394790920674
480152,1,7,8,13.732483451885948
480161,1,7,1,18.99531429009832
480163,1,7,9,17.639922852392637
480164,1,7,4,0.3700090657260609
480168,1,7,5,0.3700090141005197
480169,1,7,10,18.711150742824124
480172,1,7,5,0.3700090141005197
480173,1,7,4,0.3700090657260609
480198,1,7,4,0.3700090657260609
480199,1,7,6,10.96783680065129
480215,1,7,1,11.682596981467974
480217,1,7,7,3.551395222404927
480229,1,7,6,29.308910927559864
480232,1,7,1,27.902862085089005
480266,1,7,9,3.9187712511148485
480281,1,7,4,0.3700090657260609
480307,1,7,8,15.781103069838194
480318,1,7,9,21.08204417145774
480321,1,7,10,26.00499127101218
480335,1,7,5,0.3700090141005197
480343,1,7,4,0.3700090657260609
480347,1,7,7,3.914409036203152
480352,1,7,3,3.1847888872075454
480354,1,7,6,27.780561398960632
480378,0,7,0,0.04140609476874073
480386,1,7,4,0.3700090657260609
480387,1,7,4,0.3700090656202526
480425,1,7,6,20.082454944002077
480429,1,7,9,20.551442635741157
480432,1,7,9,27.446908167297767
480457,1,7,6,23.125411970239774
480465,1,7,5,0.3700090141005197
480476,1,7,9,30.721117133399066
480497,1,7,6,13.37233837535569
480500,1,7,4,0.3700090657260609
480503,1,7,4,0.3700090657260609
480504,1,7,2,2.756684986140474
480508,1,7,9,24.17461468427278
480509,1,7,7,5.638949037629183
480511,1,7,6,12.239507845510682
480525,1,7,8,17.939279876078064
480549,1,7,5,0.3700090141005197
480551,1,7,5,0.3700090141005197
480559,1,7,9,17.518170452818783
480576,1,7,9,26.274380651374127
480578,1,7,9,25.379448057631585
480586,1,7,4,0.3700090657260609
480587,1,7,5,0.3700090141005197
480623,1,7,7,4.018221011290188
480628,1,7,1,14.211244967342038
480660,1,7,4,0.3700090657260609
480683,1,7,6,21.390416468955674
480691,1,7,6,26.98598529066593
480701,0,7,0,0.038658363453652755
480705,1,7,10,25.62951751375924
480721,0,7,0,0.04172182864435089
480736,1,7,6,19.41664045408556
480738,1,7,4,0.3700090657260609
480739,1,7,5,0.37000902039789374
480750,1,7,10,7.331639364271828
480758,1,7,1,9.31388801136512
480766,1,7,10,23.512898285304402
480787,1,7,9,11.941903127853188
480789,1,7,9,16.54058626914563
480813,1,7,7,5.7888896019049225
480830,1,7,5,0.3700090141005197
480835,1,7,6,29.50677806300066
480839,1,7,2,2.2876560950892344
480842,1,7,5,0.3700090141005197
480851,0,7,0,0.033417101886657835
480864,1,7,6,21.98007854229112
480865,1,7,9,31.110794077025556
480866,1,7,5,0.3700090141005197
480869,1,7,10,14.189988240512566
480870,1,7,5,0.3700090141005197
480889,1,7,10,13.981054181925387
480897,1,7,6,21.023473782620503
480899,1,7,9,9.275748928775256
480902,1,7,8,26.030871225509394
480905,1,7,10,20.736511272224437
480956,0,7,0,0.03846483836050595
480978,1,7,6,19.69822442790703
480981,1,7,4,0.3700090657260609
480987,0,7,0,0.0361442518580518
480989,1,7,6,12.618435558949065
480992,1,7,5,0.3700090141005197
480999,1,7,8,21.63375187775601
481000,1,7,1,21.676223259264095
481013,1,7,10,20.223362596770656
481021,1,7,7,3.90188372165556
481026,1,7,8,21.257272597880178
481029,1,7,4,0.3700090656202526
481038,1,7,7,6.104023986063489
481056,1,7,6,26.596607919388457
481063,1,7,10,26.05809138696003
481064,1,7,10,15.287656419407247
481071,1,7,5,0.3700090141005197
481085,1,7,8,8.417580506155497
481106,1,7,9,26.68676982033325
481108,1,7,8,14.37223526852637
481116,1,7,4,0.3700090657260609
481132,1,7,9,30.71575486400428
481135,1,7,2,7.637432169298639
481137,1,7,8,34.714766502489184
481141,1,7,6,22.281229218808623
481149,1,7,5,0.3700090141005197
481174,1,7,5,0.3700090141005197
481182,1,7,5,0.3700090141005197
481189,1,7,9,28.852939520420872
481192,1,7,8,9.059913938523573
481219,1,7,8,28.549424925178986
481223,0,7,0,0.04067664920683952
481228,1,7,9,26.589766925502378
481229,1,7,9,16.739535499671053
481237,1,7,1,4.184014795042884
481239,1,7,9,31.57911124408449
481241,1,7,8,25.239092108023595
481244,1,7,2,5.787101329512581
481248,1,7,7,5.005700153871786
481270,1,7,6,14.463990708315901
481271,1,7,7,5.25865538727993
481281,1,7,4,0.3700090657260609
481288,1,7,8,35.39094994453588
481306,1,7,8,24.72503696860686
481318,1,7,6,21.944171511621533
481329,1,7,10,21.937864283694303
481330,1,7,9,30.377428702577586
481333,1,7,4,0.3700090657260609
481334,1,7,4,0.3700090657260609
481351,1,7,4,0.3700090657260609
481352,1,7,9,25.545428967177937
481355,0,7,0,0.03941259161755686
481368,1,7,9,16.549295534748204
481384,1,7,8,10.80824073929685
481387,1,7,6,21.41056240511755
481394,1,7,6,22.654264180531204
481400,1,7,4,0.3700090657260609
481414,1,7,2,3.415065161454981
481425,1,7,9,28.7950461741593
481427,1,7,6,9.324812466251293
481428,1,7,10,7.449420818532078
481441,1,7,5,0.3700090141005197
481465,1,7,5,0.3700090141005197
481478,1,7,8,31.908575945588517
481485,1,7,8,9.905719052186456
481494,1,7,6,29.53321809004734
481500,1,7,7,4.908373694950696
481507,0,7,0,0.30092064113442163
481508,1,7,4,0.3700090657260609
481528,1,7,4,0.3700090657260609
481531,1,7,4,0.3700090657260609
481553,0,7,0,0.03487993991029072
481554,1,7,10,26.012575708485432
481562,1,7,10,23.41207409744192
481574,1,7,3,1.7442545621091563
481579,1,7,5,0.37000902039789374
481631,1,7,4,0.3700090657260609
481634,1,7,10,15.054532822123196
481643,0,7,0,0.030893409511033778
481658,1,7,4,0.3700090657260609
481666,1,7,4,0.3700090657260609
481681,1,7,9,32.25289018115243
481687,1,7,4,0.3700090657260609
481688,1,7,5,0.3700090141005197
481689,1,7,4,0.3700090657260609
481691,1,7,5,0.3700090141005197
481693,1,7,9,24.359233728692466
481717,1,7,8,7.78170797165317
481727,1,7,5,0.3700090141005197
481738,1,7,5,0.3700090141005197
481748,1,7,6,10.442566835273047
481794,1,7,6,28.052413375581434
481828,1,7,8,17.133316178834875
481844,1,7,9,19.885411699110172
481848,1,7,10,11.95098397142763
481877,1,7,9,25.238710353033195
481886,0,7,0,0.031677489180253995
481910,1,7,6,10.732944375904824
481913,1,7,6,29.587801861629636
481917,1,7,4,0.3700090657260609
481929,1,7,5,0.3700090141005197
481937,1,7,8,11.363748723645308
481946,1,7,4,0.3700090657260609
481957,1,7,7,4.155389737088681
481959,1,7,10,18.52489194011322
481961,1,7,6,6.5643562876962855
481969,1,7,9,21.205080390618456
481972,1,7,5,0.37000902039789374
481978,1,7,10,17.685723747996377
481983,1,7,8,3.5004826726971845
481996,1,7,1,9.864397468969793
482010,1,7,9,20.24220042763097
482021,1,7,4,0.3700090657260609
482023,1,7,9,26.48518438403526
482038,1,7,9,24.324271752793837
482040,1,7,4,0.3700090657260609
482049,1,7,2,2.0375205194914705
482058,1,7,10,23.494936653900382
482071,1,7,2,9.375737480291429
482075,1,7,9,22.773214608212346
482085,0,7,0,0.039625978091627816
482088,1,7,10,5.049943276610263
482136,1,7,10,7.557605467824112
482139,1,7,10,24.386948436945392
482141,1,7,1,7.333780006499714
482161,1,7,4,0.3700090657260609
482163,1,7,5,0.3700090141005197
482171,1,7,9,21.401287148111813
482188,1,7,6,26.666380329679008
482200,1,7,6,6.570173446653245
482218,1,7,6,9.77883062956265
482240,1,7,8,22.447921382815096
482244,1,7,5,0.3700090141005197
482259,1,7,9,2.910699369547316
482264,1,7,8,5.133753255418852
482276,1,7,8,29.453606284563104
482328,0,7,0,0.08748281321424717
482336,1,7,4,0.3700090657260609
482344,1,7,6,16.742521345987235
482350,1,7,4,0.3700090656202526
482366,1,7,4,0.3700090657260609
482393,1,7,7,6.187975013927539
482395,1,7,5,0.3700090141005197
482400,1,7,5,0.3700090141005197
482402,1,7,4,0.3700090657260609
482420,1,7,9,24.776496968924356
482423,1,7,8,24.75806562412966
482451,1,7,4,0.3700090657260609
482463,1,7,6,18.11349700703514
482465,1,7,9,29.92761098161843
482468,1,7,5,0.3700090141005197
482473,1,7,8,13.748893749743019
482487,1,7,6,13.562643836218461
482488,1,7,8,5.377875215546684
482498,1,7,10,14.702270748531246
482504,1,7,8,6.7135055995709365
482505,1,7,8,10.031134289594913
482511,1,7,8,25.610296949744633
482513,1,7,5,0.3700090141005197
482514,1,7,2,12.807942985268113
482518,1,7,3,2.9908865796066073
482528,1,7,4,0.3700090657260609
482537,1,7,4,0.3700090657260609
482538,1,7,2,13.100710862180211
482539,1,7,5,0.3700090141005197
482546,1,7,8,7.331805498417969
482557,1,7,9,32.83886903780671
482571,1,7,4,0.3700090657260609
482574,1,7,3,3.0473915308267965
482578,1,7,8,8.109742667809133
482586,1,7,4,0.3700090656202526
482587,1,7,4,0.3700090656202526
482627,1,7,7,6.075074681303654
482655,1,7,8,27.651416268577425
482668,1,7,5,0.3700090141005197
482676,1,7,4,0.3700090657260609
482691,1,7,8,18.505624257048044
482694,0,7,0,0.03907182504909316
482722,1,7,1,24.72924092274143
482730,1,7,8,5.087145665492069
482736,1,7,6,29.513831777454477
482740,1,7,5,0.3700090141005197
482745,1,7,5,0.3700090141005197
482773,1,7,6,29.123899059978466
482775,1,7,5,0.3700090141005197
482784,1,7,9,3.3561310110585816
482806,1,7,6,23.744641164849956
482854,1,7,4,0.3700090657260609
482876,1,7,2,15.96278685394639
482877,1,7,5,0.3700090141005197
482878,1,7,6,9.048160754174901
482886,1,7,9,15.541698240705314
482896,1,7,3,1.9163322000608827
482899,1,7,2,16.069501502521454
482916,1,7,5,0.3700090141005197
482922,1,7,2,16.46938165942531
482926,1,7,8,28.397868536208975
482943,1,7,10,19.697896979449844
482946,1,7,2,15.131098851751378
482951,1,7,9,21.428056458029538
482963,1,7,9,27.500899832105187
482971,1,7,8,19.63350253397447
482973,1,7,2,5.914161432264092
482977,1,7,6,30.635505890901953
482980,1,7,7,0.9842487883005988
482984,1,7,10,5.603561608548012
482988,1,7,9,28.402341759152193
483016,1,7,9,12.846085427649502
483045,1,7,7,5.555516157925218
483047,1,7,6,24.843037102876174
483062,1,7,8,23.681716647544
483081,1,7,10,3.3741222255692764
483083,1,7,7,2.3390481987403744
483086,1,7,5,0.3700090141005197
483109,1,7,1,26.710508623857933
483121,1,7,9,6.235261678703704
483125,1,7,10,24.380682064189383
483150,1,7,10,6.869109154818382
483151,1,7,6,20.70542792592509
483159,1,7,9,31.087527713487717
483171,1,7,5,0.3700090141005197
483177,1,7,1,25.722134811794884
483201,1,7,4,0.3700090657260609
483223,1,7,5,0.3700090141005197
483227,1,7,2,4.063204397342966
483228,1,7,6,27.89550946445333
483252,1,7,9,18.852099894652472
483277,1,7,9,24.836074933543173
483291,1,7,1,4.831246306916205
483318,1,7,6,21.410973125109976
483325,1,7,10,24.256932294068204
483327,1,7,9,22.947255197743228
483338,1,7,10,7.98811999191338
483349,1,7,5,0.3700090141005197
483361,1,7,8,3.1059952393882058
483367,1,7,2,8.53813477749216
483383,1,7,9,26.40770864328273
483416,1,7,1,16.756424972250638
483429,1,7,2,14.370563128979702
483438,1,7,10,12.476699437002372
483441,1,7,7,2.1359981144173803
483452,1,7,6,26.146876108341853
483470,1,7,8,7.999157802487861
483478,1,7,6,28.04453785327378
483482,1,7,5,0.3700090141005197
483502,1,7,5,0.3700090141005197
483506,1,7,9,5.542283040908387
483512,1,7,10,15.217226508545098
483519,1,7,1,14.43311623399516
483558,0,7,0,0.036699363941727826
483570,1,7,4,0.3700090657260609
483575,1,7,2,2.245473473344517
483588,1,7,2,9.012060638154493
483607,1,7,6,14.806227293286527
483610,1,7,6,29.651058374248418
483613,1,7,6,14.825271739568723
483624,1,7,8,5.122675137493585
483632,1,7,9,31.09224781617132
483640,1,7,10,4.6454934151857294
483655,1,7,10,21.55617554487286
483665,0,7,0,0.02695121046218443
483679,1,7,9,29.888170148800207
483684,1,7,6,11.980826010966211
483685,0,7,0,0.029894337275938744
483692,1,7,3,1.351176390687016
483697,1,7,9,32.83770277383289
483698,1,7,6,30.582694367735247
483704,0,7,0,0.04147710296390998
483707,1,7,3,2.6160092502656696
483728,1,7,3,3.003047508775371
483743,1,7,10,9.508924191915222
483746,1,7,6,18.15534407316425
483750,1,7,9,6.537348299019006
483755,1,7,10,11.030378139635188
483761,1,7,8,14.276071485132887
483783,1,7,8,9.414263159045397
483791,1,7,6,21.11240935825515
483861,1,7,4,0.3700090657260609
483867,1,7,9,17.117615162390404
483934,1,7,6,5.315176041958815
483942,0,7,0,0.03570429459548726
483945,1,7,5,0.3700090141005197
483948,1,7,7,3.246793993330635
483949,1,7,9,14.595220278705044
483950,1,7,9,17.610723682358202
483957,1,7,4,0.3700090657260609
483980,1,7,10,14.500338937797407
483981,1,7,10,12.784246865857428
483983,1,7,5,0.3700090141005197
483984,1,7,10,6.303897828958769
483990,1,7,5,0.3700090141005197
483991,1,7,3,0.8183344889158572
483994,1,7,5,0.3700090141005197
484005,1,7,4,0.3700090657260609
484011,1,7,7,3.8111459414406545
484013,1,7,9,32.257985387349365
484037,1,7,3,1.4322380786856437
484042,1,7,2,15.706253533157868
484058,1,7,6,29.424997429596026
484068,1,7,6,19.075045390912955
484082,1,7,6,6.338560870633672
484093,1,7,3,2.922517922490324
484100,1,7,9,17.47947977167601
484103,1,7,6,17.654471753768085
484128,1,7,6,22.999493855164925
484150,1,7,9,17.348776965869565
484178,1,7,1,21.473916443544592
484210,1,7,8,29.431077794146255
484227,1,7,8,15.964003650846529
484229,1,7,9,33.31847355896659
484233,1,7,10,13.16919737450284
484244,1,7,4,0.3700090657260609
484249,1,7,9,33.618424915830154
484275,1,7,9,28.578201416552844
484281,1,7,6,25.790373643082486
484293,1,7,10,7.95134322111114
484323,1,7,9,11.007549983246314
484343,1,7,4,0.3700090657260609
484349,1,7,10,15.542137565403737
484355,1,7,9,20.159085172011544
484358,1,7,9,32.68229928880438
484361,1,7,10,4.47145721099053
484386,1,7,8,30.214893613118438
484407,0,7,0,0.0392905846649223
484411,1,7,6,17.618915204776314
484432,1,7,3,1.8993415873075705
484438,1,7,10,3.5673910384600522
484456,1,7,8,8.199447729271116
484467,1,7,6,27.38772637736421
484484,1,7,3,3.2299113972745164
484485,1,7,5,0.37000902039789374
484486,1,7,5,0.37000902039789374
484489,1,7,9,25.252354454826087
484521,1,7,1,26.881573766859322
484524,1,7,6,9.662556476481358
484536,1,7,7,1.7304114404718247
484551,1,7,4,0.3700090657260609
484579,1,7,7,3.670598018721565
484581,1,7,9,28.253930004495942
484601,1,7,6,12.376815240744541
484612,1,7,5,0.3700090141005197
484625,1,7,6,18.548834070496394
484626,1,7,4,0.3700090657260609
484627,1,7,8,36.0798855188383
484633,1,7,6,30.102485320246192
484636,1,7,8,6.445796013677663
484639,1,7,2,0.969208580794184
484650,1,7,7,2.0550627445588248
484656,1,7,8,33.97685182678237
484663,1,7,8,28.65870133761498
484678,1,7,8,10.928824212447267
484681,1,7,8,4.231855710405435
484684,1,7,1,20.834611952297575
484685,1,7,7,2.6746384829328194
484691,1,7,1,16.995448702690858
484696,1,7,5,0.3700090141005197
484698,1,7,8,24.284263852172696
484714,1,7,5,0.3700090141005197
484742,1,7,8,36.019652326977806
484750,1,7,4,0.3700090657260609
484772,1,7,1,19.926595115802417
484791,1,7,8,14.717698895531079
484795,1,7,8,11.948117129159888
484817,1,7,10,15.677861435818185
484819,1,7,10,13.065832545531492
484824,1,7,9,29.804734774299405
484840,1,7,1,15.843709207817545
484854,1,7,1,5.204335633541966
484858,1,7,1,6.260612038110626
484865,1,7,9,7.909480508644505
484874,1,7,9,23.50713220450008
484886,1,7,9,23.557822245105427
484892,1,7,7,6.172573755642167
484921,1,7,6,11.115992902860786
484934,1,7,8,17.74026888162775
484936,1,7,9,24.79172610268167
484941,1,7,5,0.3700090141005197
484950,1,7,9,16.168723150907056
484957,1,7,8,5.170698388514966
484965,1,7,10,14.13531476741443
484970,1,7,6,22.263253406533902
484977,1,7,8,28.65357991986725
484985,1,7,1,14.424284205518557
484988,1,7,5,0.3700090141005197
484999,1,7,6,26.734726256765363
485012,1,7,10,6.329021796803205
485015,1,7,10,25.228842067684283
485055,1,7,10,25.3790346322539
485057,1,7,6,23.642740069014184
485095,1,7,6,22.466792766095896
485117,0,7,0,0.044886710594482654
485135,1,7,7,4.309596675748158
485155,1,7,6,22.652142631041407
485160,1,7,4,0.3700090657260609
485166,1,7,7,3.8818663228029173
485173,1,7,8,32.56120055844452
485177,1,7,5,0.3700090141005197
485182,1,7,9,30.065433255942715
485192,1,7,8,25.009890404205184
485232,1,7,9,18.54176552503224
485251,1,7,10,9.15881636910868
485253,1,7,8,25.417227462163726
485263,1,7,1,13.507359748687714
485277,1,7,10,14.464168940591303
485292,1,7,8,26.94103434471575
485304,1,7,9,33.638099135417114
485308,1,7,5,0.3700090141005197
485324,0,7,0,0.05728596294947559
485336,1,7,8,16.622181804696023
485343,1,7,8,4.228834491697957
485362,1,7,5,0.3700090141005197
485381,1,7,9,22.314766906435132
485398,1,7,4,0.3700090657260609
485417,1,7,5,0.3700090141005197
485426,1,7,5,0.3700090141005197
485430,1,7,2,16.234708656380466
485431,1,7,10,17.934247300791558
485434,1,7,8,20.41302880439273
485451,1,7,6,11.515439559734732
485457,1,7,1,25.213920549582657
485466,1,7,1,25.49875254941173
485468,1,7,9,20.719849916287686
485470,1,7,9,31.87345829066601
485478,1,7,3,1.6899112171182116
485491,1,7,10,14.221707484600607
485506,1,7,5,0.3700090141005197
485519,1,7,10,10.284149669414491
485528,1,7,6,19.649970898244973
485529,1,7,4,0.3700090657260609
485532,1,7,6,5.805990824009126
485543,1,7,8,15.564655371062463
485554,1,7,1,9.609971725777745
485557,1,7,5,0.3700090141005197
485561,1,7,9,20.013915587764277
485573,1,7,8,35.63954136998575
485575,1,7,2,5.712316334475901
485582,1,7,2,9.965605760149634
485587,1,7,5,0.3700090141005197
485598,1,7,9,33.3070591929981
485600,1,7,8,29.204338842623173
485623,1,7,9,15.989447066924622
485639,1,7,6,25.779010019728137
485650,1,7,6,18.759632181110753
485654,1,7,9,24.39297480190809
485658,1,7,8,2.6828805585475566
485659,1,7,8,20.59696162482142
485671,1,7,4,0.3700090657260609
485684,1,7,10,18.270527754742076
485694,1,7,8,28.60722754982186
485696,1,7,1,21.75985708254051
485698,1,7,7,6.1455921862664695
485703,1,7,7,5.77797200917616
485713,1,7,8,20.622623818927345
485726,1,7,4,0.3700090657260609
485754,1,7,9,30.92946125678938
485775,1,7,9,14.802140078644108
485786,0,7,0,0.04782912537215869
485801,1,7,4,0.3700090657260609
485802,1,7,9,17.77362381488741
485823,1,7,8,26.97566094594776
485826,1,7,5,0.3700090141005197
485833,1,7,4,0.3700090657260609
485834,1,7,6,26.243078726679386
485848,1,7,5,0.3700090141005197
485852,1,7,8,17.93869702942486
485858,1,7,4,0.3700090657260609
485862,1,7,6,21.079326912555388
485868,1,7,6,29.4722793943148
485875,1,7,8,33.88602683181788
485881,1,7,4,0.3700090657260609
485885,1,7,6,8.151703622971214
485906,1,7,4,0.3700090657260609
485912,1,7,6,30.376800942410206
485921,1,7,5,0.3700090141005197
485925,0,7,0,0.18542478083871508
485934,1,7,8,7.9118891048605455
485937,1,7,6,12.285375984921249
485953,1,7,8,30.379260263859322
485976,1,7,6,30.312201019514355
485984,1,7,9,15.611678089125817
485988,1,7,1,17.22765440768478
485990,1,7,6,16.21010901947478
485994,1,7,4,0.3700090657260609
486002,1,7,2,9.44894406156198
486010,1,7,9,28.149601029006238
486015,1,7,2,9.679209146804805
486026,1,7,9,25.20874273859725
486035,1,7,8,18.955296433756175
486040,1,7,5,0.3700090141005197
486066,1,7,5,0.3700090141005197
486096,1,7,9,6.048318642706929
486108,1,7,2,1.1235371661698932
486117,1,7,8,25.611284160164775
486124,1,7,5,0.3700090141005197
486131,1,7,9,24.24902413993613
486133,1,7,4,0.3700090657260609
486144,1,7,8,5.9319653360947076
486148,0,7,0,0.047327965041087536
486167,1,7,8,18.990755644562878
486181,1,7,1,15.651637089113105
486199,1,7,5,0.3700090141005197
486203,1,7,9,33.70658642280934
486213,1,7,10,17.490897272558147
486226,1,7,8,25.414485835013178
486228,1,7,8,31.339493685417644
486234,1,7,4,0.3700090657260609
486236,1,7,9,14.616031283502313
486237,1,7,6,28.653909021339928
486241,1,7,3,3.0301046080027962
486246,1,7,8,32.469498338541364
486268,1,7,9,26.295178221436434
486272,1,7,8,12.333044781135884
486276,1,7,4,0.3700090657260609
486294,1,7,6,27.38858964771
486302,1,7,9,23.46544660773908
486325,1,7,9,14.519383930456739
486336,1,7,1,19.549601214841356
486352,1,7,5,0.3700090141005197
486356,1,7,5,0.3700090141005197
486375,1,7,6,27.644623778037932
486380,1,7,5,0.3700090141005197
486408,1,7,9,24.885136159482773
486450,1,7,8,18.474950333456075
486455,1,7,2,7.9893442591547785
486492,1,7,1,11.14875814322702
486514,1,7,5,0.3700090141005197
486542,1,7,5,0.3700090141005197
486646,1,7,1,7.4510711477035425
486660,1,7,1,20.949945476379277
486674,1,7,8,25.752809058311005
486676,1,7,7,0.33851563286652364
486677,1,7,5,0.3700090141005197
486681,1,7,8,3.5521044036798672
486687,1,7,5,0.3700090141005197
486741,1,7,9,11.962819615701681
486744,1,7,1,17.674586045262
486758,1,7,9,16.436981951081556
486784,0,7,0,0.03354395535675256
486796,1,7,8,35.828577214946144
486799,1,7,9,30.331934005705126
486811,1,7,10,17.126565709391866
486822,1,7,6,16.70007289031557
486823,1,7,9,28.687414042253597
486831,1,7,5,0.3700090141005197
486838,1,7,6,22.379185956362704
486851,1,7,8,21.582429848070536
486873,1,7,8,10.03013042816773
486875,1,7,9,15.231158991756592
486877,1,7,10,7.661382866161902
486880,1,7,8,16.84967890932047
486888,1,7,10,22.353095431997488
486893,1,7,10,22.34684235555664
486900,1,7,5,0.3700090141005197
486907,1,7,9,21.517970922864983
486917,1,7,6,21.69711332597685
486929,1,7,8,17.662559735292863
486947,0,7,0,0.031907796831599396
486948,1,7,8,23.673236960834977
486961,1,7,8,25.395772343604985
486969,1,7,5,0.3700090141005197
486976,1,7,8,33.375895919647405
486999,1,7,7,4.816794961930942
487011,0,7,0,0.04661176382382267
487017,1,7,1,19.164663220078605
487022,1,7,3,1.0786562063056682
487027,1,7,2,8.908207960767555
487040,1,7,4,0.3700090657260609
487053,1,7,8,32.64555595878951
487054,1,7,8,11.753416746361035
487055,1,7,10,21.018315228058334
487066,1,7,1,19.088658059600736
487068,1,7,7,4.722778224567579
487070,1,7,6,19.04476884475487
487094,1,7,4,0.3700090657260609
487101,1,7,6,7.774552073977416
487120,1,7,4,0.3700090657260609
487122,1,7,4,0.3700090657260609
487127,1,7,9,12.69973886089646
487129,1,7,6,28.01910604632743
487136,1,7,8,32.0075358523959
487137,1,7,9,22.459649322154235
487140,1,7,5,0.3700090141005197
487143,1,7,9,31.02968808012342
487160,1,7,5,0.3700090141005197
487161,1,7,10,21.597632625295887
487164,1,7,9,8.231927105117247
487167,1,7,7,5.115416634794989
487178,1,7,6,23.27117627347157
487185,1,7,5,0.3700090141005197
487191,1,7,9,7.1098280928928554
487201,1,7,6,29.359471614418965
487209,1,7,4,0.3700090657260609
487231,1,7,5,0.3700090141005197
487239,1,7,1,3.736543639767412
487248,1,7,8,4.254406317221223
487252,1,7,10,13.81190152954729
487262,1,7,4,0.3700090657260609
487263,1,7,10,26.000978615983353
487264,1,7,4,0.3700090657260609
487296,1,7,8,10.745424228755603
487307,1,7,2,15.576466291064362
487309,1,7,4,0.3700090657260609
487318,1,7,8,27.17816821237902
487339,1,7,4,0.724721961298266
487376,0,7,0,0.06461994946912104
487380,1,7,10,16.773553999196768
487399,1,7,5,0.3700090141005197
487434,1,7,7,4.643303462666509
487438,1,7,6,16.859031443995832
487445,1,7,10,7.630391476090118
487456,1,7,9,22.85476747840664
487457,1,7,6,24.066484880649252
487459,1,7,9,30.733392385571722
487465,1,7,2,10.405038958712684
487473,1,7,3,1.7231445473264915
487483,1,7,3,3.1154123523471613
487488,1,7,8,26.49220583475665
487500,1,7,4,0.3700090657260609
487506,1,7,9,5.05354694823878
487508,1,7,7,2.0965370915666552
487525,1,7,8,22.98046950069221
487527,1,7,4,0.3700090657260609
487533,1,7,1,15.396912816831822
487539,1,7,5,0.3700090141005197
487579,1,7,6,18.071498418516555
487586,1,7,5,0.3700090141005197
487592,1,7,9,15.184156589802742
487593,1,7,9,16.559321744149376
487601,1,7,4,0.3700090657260609
487605,0,7,0,0.035339223470956936
487609,1,7,6,11.732242188271705
487612,1,7,4,0.3700090657260609
487624,1,7,9,19.931457414225502
487646,1,7,8,27.075814124374855
487647,1,7,9,8.929249941258437
487659,1,7,9,28.616168847464923
487671,1,7,1,26.634960494210393
487678,1,7,2,13.176448970961298
487689,1,7,9,14.84884735406405
487693,1,7,6,23.18251254087635
487694,1,7,9,33.307957009046824
487707,1,7,6,29.098998842315126
487709,1,7,6,22.858561460795222
487716,1,7,3,1.537926572553164
487723,1,7,8,23.75318056911553
487740,1,7,5,0.3700090141005197
487746,1,7,1,25.208462925057674
487748,1,7,7,1.8472137750257056
487756,1,7,8,15.621966985821082
487758,1,7,10,18.231566924207705
487770,1,7,6,23.720462150092775
487786,1,7,6,27.817839356052108
487800,1,7,9,6.699818434773154
487804,1,7,7,2.1043872646893855
487805,1,7,7,3.0425343474171207
487808,1,7,5,0.3700090141005197
487809,1,7,10,12.03112237739168
487813,1,7,8,13.710573067137721
487821,1,7,3,1.7277787919376624
487829,1,7,8,5.876137986776618
487848,1,7,1,14.229095344696734
487870,1,7,5,0.3700090141005197
487884,1,7,5,0.3700090141005197
487891,1,7,4,0.3700090657260609
487905,1,7,6,29.727882082127252
487926,1,7,5,0.3700090141005197
487927,1,7,1,22.708878057328338
487928,0,7,0,0.036842921838436904
487931,1,7,8,5.476170299772122
487933,1,7,7,5.628359239781508
487940,1,7,9,27.60328484983291
487954,1,7,4,0.3700090657260609
487959,1,7,5,0.3700090141005197
487966,1,7,8,17.585977317693143
487973,1,7,10,13.44573489313041
487986,1,7,5,0.3700090141005197
488025,1,7,5,0.3700090141005197
488026,0,7,0,0.06239598196309107
488036,1,7,3,3.191436772577385
488056,1,7,8,24.154798756148967
488060,1,7,9,18.890823197400547
488064,1,7,5,0.3700090141005197
488078,1,7,8,10.110745620463677
488082,1,7,9,3.027432422340044
488086,1,7,7,1.110474836061275
488103,1,7,9,3.8714086028953356
488120,1,7,7,4.498452201348379
488123,1,7,9,18.846274024010366
488136,1,7,6,21.549411603597445
488150,1,7,8,4.071429029259327
488154,1,7,8,23.53348631750668
488162,1,7,6,22.15152455505964
488170,1,7,1,14.557946328033106
488176,1,7,8,34.19943834284991
488182,1,7,8,30.732379239346574
488189,1,7,3,3.1194842192423993
488201,1,7,1,27.90516290268457
488202,1,7,4,0.3700090657260609
488203,1,7,3,2.6382457143140496
488206,1,7,1,11.910453001622892
488215,1,7,9,33.350823290981886
488238,1,7,1,23.375146428367927
488239,1,7,9,32.61892004119056
488251,1,7,9,22.389277801981795
488259,1,7,10,18.8050914502476
488260,1,7,5,0.3700090141005197
488267,1,7,9,20.807034138119608
488269,1,7,6,28.971343054953458
488274,1,7,9,18.381442635745625
488280,1,7,6,22.504308106476632
488287,1,7,6,16.46092623535345
488293,1,7,10,5.802730982742122
488311,1,7,4,0.3700090657260609
488345,1,7,9,24.376211699117903
488358,1,7,6,13.243838118326094
488363,1,7,7,3.3893602561300793
488410,1,7,9,18.586268569005988
488424,0,7,0,0.029415514423873655
488425,1,7,9,32.18747869594422
488434,1,7,10,13.753672005234584
488444,1,7,5,0.3700090141005197
488447,1,7,4,0.3700090657260609
488459,1,7,5,0.3700090141005197
488465,1,7,4,0.3700090657260609
488480,1,7,6,25.31195876320033
488501,1,7,8,18.30211192975853
488502,1,7,10,18.504031950873824
488506,1,7,5,0.3700090141005197
488521,1,7,9,32.85671937816425
488557,1,7,5,0.3700090141005197
488558,1,7,9,13.095096940016917
488561,1,7,1,20.788176624810653
488566,1,7,2,10.628732219554058
488579,0,7,0,0.047017817936805505
488590,1,7,6,14.382524658590603
488596,1,7,7,5.849474147698566
488601,1,7,5,0.3700090141005197
488642,1,7,3,3.0420245763570763
488655,1,7,6,26.76488319543813
488679,1,7,8,33.18388545749684
488689,0,7,0,0.033735245845848943
488694,1,7,9,29.331578977123815
488708,1,7,2,5.124686934579172
488710,1,7,4,0.3700090657260609
488715,1,7,9,31.581967555731932
488724,1,7,9,15.546280179138677
488725,1,7,4,0.3700090656202526
488726,0,7,0,0.13114695006835497
488733,1,7,5,0.3700090141005197
488741,0,7,0,0.04398219558408562
488758,1,7,4,0.3700090657260609
488796,1,7,4,0.3700090657260609
488805,1,7,6,14.505243848383047
488827,1,7,10,10.054901069857262
488831,1,7,4,0.3700090657260609
488871,1,7,8,19.598669353616266
488885,1,7,4,0.3700090657260609
488892,1,7,8,33.33814596552849
488910,1,7,8,18.14557000243305
488929,1,7,5,0.3700090141005197
488953,1,7,2,5.906351250833561
488964,1,7,3,2.259996070922997
488966,1,7,1,25.489466911256276
488989,1,7,4,0.3700090657260609
489000,1,7,9,13.063795236203678
489026,1,7,4,0.3700090657260609
489035,1,7,5,0.3700090141005197
489040,1,7,8,34.077972831323294
489071,1,7,6,22.893422631907168
489073,1,7,8,24.69309000264493
489077,1,7,8,5.135242100065213
489084,1,7,9,22.630129017880257
489092,1,7,9,11.712932870941259
489097,1,7,5,0.3700090141005197
489102,1,7,8,25.948272599808064
489105,0,7,0,0.04536004307546038
489110,1,7,2,15.30375177865103
489113,1,7,9,31.52777560627661
489114,1,7,8,14.358034770438508
489115,1,7,8,22.5072700437611
489139,1,7,5,0.3700090141005197
489140,0,7,0,0.03890329407846617
489155,1,7,10,14.42251380099924
489159,1,7,8,28.84778909036148
489181,1,7,3,1.4153743168894999
489207,1,7,9,22.999152391394947
489217,1,7,9,27.09591303525816
489220,1,7,9,23.85110758106067
489225,1,7,6,13.088553359140404
489233,1,7,5,0.3700090141005197
489241,1,7,10,13.338057568680952
489242,1,7,1,13.043784581713393
489256,1,7,3,3.208392703479061
489261,1,7,4,0.3700090657260609
489267,1,7,9,15.289943879520324
489268,1,7,9,3.577472326677171
489274,1,7,5,0.3700090141005197
489277,1,7,10,18.012947771755965
489313,0,7,0,0.034229619041520505
489325,1,7,4,0.3700090657260609
489333,0,7,0,0.03380212208256702
489349,1,7,5,0.3700090141005197
489351,1,7,1,10.395031367519655
489352,1,7,8,23.200769315237366
489396,1,7,5,0.3700090141005197
489397,1,7,1,21.602487590474418
489403,1,7,5,0.3700090141005197
489417,0,7,0,0.04694735116942275
489421,1,7,4,0.3700090657260609
489423,1,7,3,2.844519933437132
489426,1,7,4,0.3700090656202526
489431,1,7,10,14.296883028852191
489459,1,7,4,0.3700090657260609
489470,1,7,7,1.848124005742329
489475,1,7,4,0.3700090657260609
489496,1,7,3,2.3051164035705134
489497,1,7,6,30.12996744103611
489510,1,7,5,0.3700090141005197
489511,1,7,10,12.201573820550662
489525,1,7,6,27.227023319602417
489528,1,7,8,21.991515425467362
489555,1,7,8,22.23600662057626
489556,1,7,5,0.3700090141005197
489561,1,7,5,0.3700090141005197
489588,1,7,7,4.946760727654518
489594,1,7,8,34.45142364849547
489595,0,7,0,0.030051262126996072
489602,1,7,4,0.3700090657260609
489633,1,7,7,5.041144662960234
489647,0,7,0,0.040376432848105596
489651,1,7,1,18.927517283615845
489671,1,7,10,24.058923959593418
489673,0,7,0,0.03345073805134661
489674,1,7,3,2.4541981671666675
489685,1,7,8,14.717237946557589
489691,1,7,8,26.937320250281093
489712,1,7,9,30.658060660057778
489719,1,7,1,10.409950598624075
489721,1,7,8,33.93243272886143
489723,1,7,9,28.971220849888162
489724,1,7,9,19.102694243100725
489731,1,7,1,26.833392029393142
489732,1,7,6,30.23180295301629
489739,1,7,1,24.34868312795742
489745,1,7,5,0.3700090141005197
489751,1,7,1,20.121947960659003
489755,1,7,10,4.387454939493332
489757,1,7,6,29.332211644918736
489760,1,7,9,21.98778888776966
489776,0,7,0,0.03831700073715036
489791,1,7,8,33.30026558267439
489795,1,7,7,2.784531597092113
489824,1,7,9,31.773429087399265
489847,1,7,10,4.821918785704078
489856,1,7,4,0.3700090657260609
489869,1,7,9,30.230061107911588
489873,1,7,7,1.4204102541665802
489882,1,7,6,24.601335909897195
489888,1,7,10,22.596351823165914
489891,1,7,8,8.135627020634402
489897,1,7,6,16.952896624224433
489919,1,7,5,0.3700090141005197
489923,1,7,10,8.99277985334312
489936,1,7,1,6.638151126137642
489942,1,7,4,0.3700090657260609
489952,1,7,6,29.71441857764516
489961,1,7,5,0.3700090141005197
489966,1,7,8,15.055537636098379
490007,1,7,1,4.949993757014508
490009,1,7,6,29.042745669823972
490021,1,7,4,0.3700090657260609
490022,1,7,2,15.999534519446826
490041,0,7,0,0.038625281008860056
490053,1,7,6,26.95482103457998
490061,1,7,7,0.35995748879490413
490091,1,7,5,0.37000902039789374
490093,1,7,6,7.659434289523656
490094,1,7,9,33.08406197254657
490103,1,7,5,0.3700090141005197
490126,1,7,4,0.3700090657260609
490148,1,7,9,24.767572789111153
490162,1,7,8,18.578181415610096
490167,1,7,6,15.480884742772314
490177,1,7,8,22.234210598821594
490185,1,7,8,5.984716435466441
490187,1,7,4,0.3700090657260609
490190,1,7,8,22.168481049520878
490201,1,7,9,30.838691555140123
490205,0,7,0,0.02514490734394865
490223,1,7,9,27.59067610246382
490242,1,7,8,8.83546929487874
490252,1,7,6,28.57512789419254
490259,1,7,3,1.5626980696686508
490267,1,7,9,13.010228961838234
490270,1,7,5,0.3700090141005197
490291,1,7,7,6.080694864695817
490302,1,7,3,0.648648806804679
490303,1,7,10,9.17857567777384
490306,1,7,5,0.3700090141005197
490310,1,7,8,35.536348975274876
490328,1,7,5,0.3700090141005197
490337,1,7,9,33.70291064961919
490341,1,7,6,29.446788411110354
490373,1,7,1,26.67427325238159
490378,1,7,9,27.304424649625126
490385,1,7,4,0.3700090657260609
490394,1,7,6,12.805886114226562
490431,1,7,1,11.153259899609704
490451,1,7,1,16.48583604115609
490457,1,7,4,0.3700090657260609
490463,1,7,5,0.3700090141005197
490469,1,7,6,12.51876941657797
490484,1,7,6,29.363676163458162
490485,1,7,4,0.3700090657260609
490490,1,7,6,8.265886413150518
490500,1,7,9,15.220960396611625
490549,1,7,10,4.227194109843989
490555,1,7,6,27.775289851060485
490565,1,7,5,0.3700090141005197
490568,1,7,4,0.3700090657260609
490578,1,7,9,18.005527412747348
490593,1,7,9,31.71583706995969
490601,1,7,8,6.704991990887251
490605,1,7,8,23.21396297733977
490619,1,7,9,29.378702632326352
490620,1,7,4,0.3700090657260609
490633,1,7,4,0.3700090657260609
490646,1,7,4,0.3700090657260609
490649,1,7,4,0.3700090657260609
490665,1,7,7,0.3630280180122174
490695,0,7,0,0.038259004565930024
490707,1,7,9,20.30341198777996
490716,1,7,6,12.399227269393666
490724,1,7,8,18.26975047370284
490728,1,7,2,13.030113967821274
490754,1,7,9,30.59760883127124
490768,1,7,6,27.22758551968083
490772,1,7,5,0.3700090141005197
490778,1,7,1,24.30124133994982
490825,1,7,10,14.122085525170583
490829,1,7,10,16.890689214510477
490830,1,7,4,0.3700090657260609
490835,1,7,6,15.84589323468634
490837,1,7,9,4.729053005310184
490842,1,7,8,14.930149462139823
490843,1,7,6,29.52777670127808
490872,1,7,9,23.985368924249794
490876,1,7,9,23.694570719859783
490897,0,7,0,0.041307979315422176
490900,1,7,7,2.348266895799159
490901,1,7,9,24.067291574896913
490903,1,7,8,32.67928631348572
490913,1,7,6,8.615283434651444
490918,1,7,10,15.14901404821841
490934,1,7,10,18.317658851697637
490940,1,7,6,11.319140402852609
490954,1,7,9,30.703018476659434
490957,1,7,8,17.275102411350293
490959,1,7,8,35.53571036843775
490962,1,7,8,26.2830959475197
490970,1,7,5,0.3700090141005197
490999,1,7,2,12.701513025832542
491004,1,7,9,33.70224270975211
491008,1,7,8,32.465482130409825
491042,1,7,4,0.3700090657260609
491043,1,7,10,5.18707289535211
491052,1,7,1,25.33281912112963
491060,1,7,8,11.34738497428013
491062,1,7,9,25.031971511015904
491067,1,7,6,29.11221593403578
491080,1,7,9,33.12727023107225
491089,1,7,1,18.156275148878727
491113,1,7,9,24.711665764876084
491117,1,7,9,22.75065131504088
491129,1,7,4,0.3700090657260609
491135,1,7,9,32.756516195090015
491155,1,7,4,0.3700090657260609
491160,1,7,9,18.058946914659554
491168,1,7,9,18.374008878122517
491186,0,7,0,0.04302954634121173
491192,1,7,10,19.813433967248923
491198,1,7,8,4.44523403537864
491212,0,7,0,0.036463120278957796
491222,1,7,7,5.123042751860672
491225,1,7,9,4.614265983438378
491235,1,7,6,24.786777976288025
491267,1,7,6,17.54419184452037
491275,1,7,8,21.31326237297649
491279,1,7,8,34.868727648477126
491282,1,7,9,22.022341950934013
491285,1,7,8,18.448704339148744
491288,1,7,8,3.733854446286082
491303,1,7,5,0.3700090141005197
491308,1,7,3,1.638539896447145
491320,1,7,3,3.124838383899474
491338,1,7,4,0.3700090657260609
491351,1,7,9,30.621942312540313
491355,1,7,6,27.589586725673552
491356,1,7,5,0.3700090141005197
491363,1,7,4,0.3700090657260609
491372,1,7,4,0.3700090657260609
491383,1,7,6,16.493028830312568
491384,1,7,9,20.0236221296745
491386,1,7,4,0.3700090656202526
491392,1,7,3,3.221551320319084
491401,1,7,4,0.3700090657260609
491402,1,7,8,6.877276586658402
491406,1,7,2,14.338038065612652
491408,1,7,6,24.575979727348944
491416,1,7,3,1.3961413700159293
491421,1,7,9,25.674228862451482
491428,1,7,6,20.865850824107476
491433,1,7,6,18.930522346606026
491434,1,7,7,3.496816700640616
491448,1,7,4,0.3700090657260609
491457,1,7,8,33.493624754130856
491461,1,7,7,3.977767802768009
491469,1,7,4,0.3700090657260609
491471,1,7,4,0.3700090657260609
491486,1,7,2,12.549292897273034
491503,1,7,10,10.37016492478566
491519,1,7,2,11.93643609316274
491520,1,7,8,33.29647235819526
491555,1,7,5,0.3700090141005197
491563,1,7,2,2.4956840405631313
491569,1,7,8,31.86184960234058
491583,1,7,6,26.542088051008648
491584,1,7,6,22.0194675450481
491599,1,7,5,0.3700090141005197
491601,1,7,9,22.269876154188893
491610,1,7,9,20.97829819240658
491611,1,7,8,24.866848219538035
491619,1,7,6,5.553637929574708
491629,1,7,5,0.3700090141005197
491635,1,7,10,19.447348055849456
491636,1,7,8,12.483269753393085
491651,1,7,2,14.58284872654015
491653,1,7,7,6.280352697802742
491666,1,7,6,11.837928460309266
491669,0,7,0,0.046847931068073945
491671,1,7,10,19.114679908359015
491680,1,7,5,0.3700090141005197
491688,1,7,5,0.3700090141005197
491697,1,7,5,0.3700090141005197
491708,1,7,9,27.567534201233084
491716,1,7,4,0.3700090657260609
491722,1,7,2,13.079561231516223
491728,1,7,8,32.29194078871627
491734,1,7,4,0.3700090657260609
491760,1,7,9,30.149452421089908
491761,1,7,4,0.3700090657260609
491763,1,7,5,0.3700090141005197
491780,1,7,8,33.466669105165934
491789,1,7,3,3.2263074789230686
491823,0,7,0,0.04074529546153966
491827,1,7,8,3.858390722053942
491835,1,7,9,20.13141555330367
491854,1,7,2,13.579009131730029
491860,1,7,8,35.696344742619885
491869,1,7,8,27.28883131649659
491885,1,7,4,0.3700090657260609
491890,1,7,9,24.676134678438718
491891,1,7,5,0.3700090141005197
491901,1,7,5,0.3700090141005197
491921,1,7,1,20.590919333102104
491933,1,7,3,3.2709569853246316
491955,1,7,2,11.876682391489243
491962,1,7,8,30.627039685368118
491970,1,7,5,0.3700090141005197
491976,1,7,7,6.136520237324242
491981,0,7,0,0.026488715318537307
491989,1,7,7,6.126411189392036
491999,1,7,6,29.493250563407596
492007,1,7,6,23.884066976898602
492011,1,7,6,18.78139674889111
492013,1,7,5,0.3700090141005197
492026,1,7,6,11.655845643195915
492029,1,7,4,0.3700090657260609
492042,1,7,10,9.338139272018497
492043,1,7,8,8.072624108020475
492052,1,7,8,36.05780005848447
492058,1,7,9,29.707704135019444
492067,1,7,9,19.838559216971486
492074,1,7,1,9.679637936094135
492078,1,7,8,36.08760396411607
492100,1,7,9,14.113861045803242
492120,1,7,4,0.3700090657260609
492122,1,7,6,29.53813936936174
492155,1,7,10,8.95016824698815
492165,1,7,4,0.3700090657260609
492167,1,7,1,13.55659939544195
492170,1,7,5,0.3700090141005197
492171,1,7,9,16.173564602591433
492174,1,7,8,26.550520027829325
492208,1,7,8,19.741194010873418
492210,1,7,5,0.3700090141005197
492211,1,7,8,32.476534606898745
492217,1,7,6,22.568527127112837
492223,1,7,9,27.815745417261414
492225,0,7,0,0.047194400667873754
492226,1,7,1,7.833569779158164
492236,1,7,5,0.3700090141005197
492268,1,7,9,9.463327398031648
492289,1,7,10,15.049421518409064
492302,1,7,8,27.315570831100384
492304,1,7,6,20.376640367407187
492306,1,7,4,0.3700090657260609
492316,1,7,3,3.2372514562778405
492318,1,7,7,0.923113152277827
492322,1,7,9,24.623587351831716
492340,1,7,5,0.3700090141005197
492353,1,7,8,10.051055422719013
492379,1,7,9,25.007048323793708
492386,1,7,8,8.187405531543789
492415,1,7,6,28.328982240425862
492443,1,7,6,28.41705642716555
492457,1,7,1,19.62775492108237
492466,1,7,4,0.3700090657260609
492472,0,7,0,0.03958850658193166
492485,1,7,7,2.6598826239043483
492498,1,7,8,21.85706846788394
492500,1,7,1,21.736732815190287
492503,1,7,10,18.110311793059267
492510,1,7,9,24.550440305952744
492526,1,7,7,1.3966069258080318
492530,1,7,5,0.3700090141005197
492545,1,7,8,20.688639094467497
492558,1,7,8,25.24719159218813
492593,1,7,2,11.19013302221507
492595,1,7,9,4.132651112200997
492614,1,7,9,18.677911563977275
492616,1,7,9,31.120475914208367
492618,1,7,6,22.399423923899167
492637,1,7,6,22.9263887677237
492639,1,7,7,1.8712099151816788
492649,1,7,8,5.785303666488428
492678,1,7,9,26.95515222875781
492683,1,7,8,18.280562189606417
492689,1,7,4,0.3700090657260609
492691,1,7,6,29.863597209225464
492703,1,7,10,13.596588758212617
492708,1,7,8,10.849029298981787
492730,1,7,6,15.360167793348165
492751,1,7,5,0.3700090141005197
492756,1,7,4,0.3700090657260609
492799,1,7,4,0.3700090657260609
492800,1,7,7,6.4197720784026036
492810,1,7,10,16.814546222681493
492812,1,7,5,0.3700090141005197
492815,1,7,9,20.63511711464041
492828,1,7,9,33.153187934810354
492832,1,7,8,23.392347582551775
492837,1,7,5,0.3700090141005197
492839,1,7,9,10.406959102461263
492881,1,7,5,0.3700090141005197
492893,1,7,1,23.72702322120959
492895,1,7,7,1.8287041011064833
492899,1,7,9,23.80205965897377
492919,1,7,6,20.63016174264723
492924,1,7,7,5.814096417596941
492932,1,7,4,0.3700090657260609
492977,1,7,5,0.3700090141005197
492980,1,7,9,32.6869750865527
492986,1,7,6,16.929569932515037
492991,1,7,5,0.3700090141005197
492992,1,7,7,4.035454265462139
493001,0,7,0,0.034684211967761565
493018,1,7,1,19.334255312502222
493023,1,7,3,2.9250367788512603
493042,1,7,9,2.8912021276524307
493064,1,7,6,12.634967065705775
493067,1,7,8,15.795513670596913
493075,1,7,6,18.00609226907235
493081,1,7,7,0.8726682950591511
493103,1,7,5,0.3700090141005197
493119,1,7,9,2.930283737784856
493124,1,7,5,0.3700090141005197
493125,1,7,9,24.854651417858758
493131,1,7,9,25.22200457477229
493132,1,7,8,30.485719526645298
493136,1,7,1,19.283605413960185
493138,1,7,9,4.986845701737845
493141,1,7,9,30.516808823575634
493143,1,7,6,29.302866358691006
493146,1,7,1,16.12122559184879
493194,1,7,8,20.67318919109501
493204,1,7,8,29.664219469750417
493208,1,7,9,31.438978059051514
493210,1,7,8,2.3491783771451353
493247,1,7,4,0.3700090657260609
493251,1,7,8,13.408363534349917
493256,1,7,10,16.88028334130763
493288,1,7,9,29.246146721351757
493290,1,7,6,6.675539245843589
493292,1,7,9,18.287915278900318
493297,1,7,6,9.123810473947527
493299,1,7,8,22.228174822763254
493302,1,7,8,36.020270443895164
493310,1,7,4,0.3700090657260609
493311,1,7,4,0.3700090657260609
493346,1,7,9,30.23739477635118
493371,1,7,6,24.904457648228995
493372,1,7,5,0.3700090141005197
493379,1,7,10,4.618641820916274
493387,1,7,7,6.06343997717532
493390,1,7,10,18.223777020139053
493393,1,7,9,15.624206528247147
493408,1,7,9,24.745246040157223
493412,1,7,10,5.432935072616525
493413,1,7,5,0.3700090141005197
493424,1,7,7,5.332464179727321
493429,1,7,9,32.25288560341035
493432,0,7,0,0.031127838607190754
493439,1,7,10,17.425042517113365
493467,1,7,2,8.99989616839737
493513,1,7,6,13.263824934641107
493514,1,7,6,25.944554717307284
493518,1,7,7,0.4238022040126611
493525,1,7,3,3.2295040690825125
493526,1,7,4,0.3700090657260609
493527,1,7,8,32.12505800023169
493530,1,7,5,0.3700090141005197
493539,1,7,5,0.3700090141005197
493567,1,7,6,12.474754561063445
493580,1,7,1,24.671292812987602
493584,1,7,6,16.299640318289498
493592,1,7,7,2.5369550484908476
493602,1,7,3,3.114582152788699
493608,1,7,9,20.335541594873
493611,1,7,10,26.067405109964238
493612,1,7,10,23.449473506330413
493613,1,7,3,0.9739098659031075
493643,1,7,9,13.706260106199213
493651,0,7,0,0.029868307260235646
493676,1,7,2,12.81466616656839
493683,1,7,1,20.084165107312078
493698,1,7,6,22.428768428084336
493734,1,7,4,0.3700090657260609
493784,1,7,3,0.7513499109461033
493815,1,7,8,32.79976527222296
493817,1,7,10,19.586284138084604
493847,1,7,1,26.08473315512896
493863,1,7,9,32.699695777559775
493901,1,7,5,0.3700090141005197
493902,1,7,1,14.201131876590205
493911,1,7,1,15.244377497745914
493913,1,7,10,9.175938496930451
493915,0,7,0,0.03358967544209712
493916,1,7,2,3.84789514243921
493921,1,7,5,0.3700090141005197
493929,1,7,2,13.181150945375832
493933,1,7,5,0.3700090141005197
493939,1,7,5,0.3700090141005197
493961,1,7,9,30.83909653543056
493973,1,7,3,2.460045795520944
493978,1,7,9,33.65932923351658
494001,1,7,3,1.0353923540489414
494018,1,7,6,6.211499088416679
494022,1,7,6,29.86395411518835
494024,1,7,4,0.3700090656202526
494035,1,7,9,30.047487492468935
494042,1,7,9,16.197056364649434
494044,1,7,7,6.306691338038057
494057,1,7,9,25.024190590820762
494066,1,7,10,8.604040868033163
494069,0,7,0,0.023314720549628846
494072,1,7,4,0.3700090657260609
494076,1,7,4,0.3700090657260609
494105,1,7,9,30.490806322626263
494132,1,7,5,0.3700090141005197
494145,1,7,4,0.3700090657260609
494147,0,7,0,0.03924065428834939
494182,1,7,5,0.3700090141005197
494217,1,7,6,29.754377108731973
494248,1,7,10,13.73041698771648
494250,1,7,9,30.681452794425883
494270,1,7,5,0.3700090141005197
494278,1,7,1,27.36429806764471
494308,1,7,4,0.3700090657260609
494314,1,7,8,34.624287526240735
494333,1,7,2,8.659352077875814
494335,1,7,6,30.312146467848496
494337,1,7,5,0.3700090141005197
494344,1,7,7,1.2820183448218514
494346,1,7,8,22.265809532521455
494350,1,7,1,10.256319464469447
494359,1,7,9,22.692679320891873
494364,1,7,4,0.3700090657260609
494365,1,7,7,2.700570827503978
494370,1,7,3,1.777249423324838
494383,1,7,2,8.4251788831376
494387,1,7,2,11.02178049567437
494392,1,7,9,24.435971450619647
494411,1,7,4,0.3700090657260609
494414,1,7,9,33.48677187060395
494423,1,7,9,9.51268730269023
494427,1,7,10,17.80207016528697
494439,1,7,10,15.399050789094236
494448,1,7,5,0.3700090141005197
494465,1,7,10,10.161032892831868
494486,1,7,5,0.3700090141005197
494495,1,7,4,0.3700090657260609
494509,1,7,8,16.847974285494068
494518,1,7,8,29.6326786159085
494578,1,7,8,29.353850258359138
494580,1,7,10,12.703378831199037
494583,1,7,9,7.9079174667143
494592,1,7,2,4.078050576581018
494602,1,7,9,26.574147678980335
494662,0,7,0,0.03383426292540664
494666,1,7,6,22.682451007691448
494668,1,7,1,13.357509001375922
494678,1,7,8,33.28608389011272
494680,1,7,9,25.048073652731944
494691,1,7,8,27.314320195642214
494695,1,7,5,0.3700090141005197
494711,1,7,8,11.475090330152739
494723,1,7,6,9.917329565407154
494726,1,7,5,0.3700090141005197
494728,1,7,4,0.3700090657260609
494793,1,7,6,15.229247894604288
494805,1,7,8,16.53445405019723
494812,1,7,5,0.37000902039789374
494819,1,7,6,22.746615478635693
494833,1,7,1,26.12205577061378
494839,1,7,9,25.093464208866397
494867,1,7,8,30.365256005361896
494874,1,7,10,10.43217733656575
494885,1,7,4,0.3700090657260609
494909,1,7,7,1.6979642421281267
494916,1,7,6,28.857848370425014
494917,1,7,10,17.723850731403537
494923,1,7,9,21.638052971520462
494924,1,7,8,27.927615964502156
494926,1,7,1,26.239528275003277
494930,1,7,5,0.3700090141005197
494936,1,7,4,0.3700090657260609
494943,1,7,10,19.79218350842105
494954,1,7,8,34.51253025989337
494959,1,7,1,17.34014429022445
494965,1,7,8,20.843195793432102
495001,1,7,6,29.58592415477209
495020,1,7,2,5.602534498244631
495033,1,7,10,15.789228096827394
495034,1,7,4,0.3700090657260609
495035,1,7,6,17.794053603670715
495061,1,7,6,15.319076701918691
495086,1,7,1,19.247121838303293
495109,1,7,8,35.67839767655429
495114,1,7,6,10.289554627800563
495117,1,7,8,22.22381132800557
495137,1,7,8,10.250182086698613
495140,1,7,1,25.68752954360523
495154,1,7,8,31.087748672596195
495156,1,7,9,32.0676177453054
495172,1,7,9,10.235460660543392
495173,1,7,4,0.3700090657260609
495175,1,7,4,0.3700090657260609
495191,1,7,9,7.881374457234854
495219,1,7,10,16.9290493199322
495246,1,7,7,2.917614098688101
495250,1,7,2,15.070203698588662
495255,1,7,8,27.782298020350122
495261,1,7,10,18.844059323828013
495264,1,7,1,27.62810662351076
495265,1,7,4,0.3700090657260609
495272,1,7,8,23.62051206549114
495273,1,7,5,0.3700090141005197
495297,1,7,1,17.40548812705768
495314,1,7,4,0.3700090657260609
495315,1,7,1,27.06028762136514
495322,1,7,4,0.3700090657260609
495337,1,7,1,24.63267389900114
495340,1,7,4,0.3700090657260609
495351,1,7,4,0.3700090657260609
495362,1,7,7,1.3729646026329652
495379,1,7,10,8.704673171044698
495391,1,7,4,0.3700090657260609
495399,1,7,8,26.286572650525184
495406,1,7,1,12.334272221846517
495413,1,7,1,16.961846295998086
495414,1,7,7,5.577556270777232
495417,1,7,4,0.3700090657260609
495418,1,7,2,4.711434254039951
495425,1,7,4,0.3700090657260609
495432,1,7,1,16.939300667379563
495438,1,7,8,25.090616970565492
495439,1,7,5,0.37000902039789374
495445,1,7,3,3.259234894414936
495486,1,7,9,9.517555618946751
495489,1,7,8,19.446950980653185
495490,1,7,4,0.3700090657260609
495498,1,7,5,0.3700090141005197
495504,1,7,5,0.3700090141005197
495508,1,7,5,0.3700090141005197
495511,1,7,5,0.3700090141005197
495513,1,7,6,24.560474883134845
495529,1,7,9,20.99693948511147
495539,1,7,7,3.8190741431094395
495546,1,7,9,24.983935002189543
495548,1,7,10,4.061424797568731
495577,1,7,7,3.5362210729932935
495579,0,7,0,0.038653697475157504
495581,0,7,0,0.154530340748359
495592,1,7,6,15.028202931854814
495594,1,7,6,17.11734314822839
495605,1,7,10,10.7453624315563
495607,1,7,9,32.67678518150141
495615,1,7,4,0.3700090657260609
495629,1,7,7,3.0525005129797593
495632,1,7,9,27.769647618617423
495637,1,7,3,2.866777652456048
495642,1,7,1,3.7504013242263117
495660,1,7,5,0.3700090141005197
495662,1,7,6,17.52053324142326
495671,1,7,10,10.4256793178114
495676,1,7,5,0.3700090141005197
495677,1,7,9,8.282894920503844
495691,1,7,9,5.290046444130293
495700,1,7,8,28.65266592904908
495705,1,7,6,23.74019331452609
495717,1,7,7,2.6326577686616535
495725,1,7,2,12.692788699191773
495728,1,7,6,29.332369331526216
495729,1,7,5,0.3700090141005197
495732,1,7,7,6.37523361851288
495772,1,7,8,6.002419587592164
495791,1,7,4,0.3700090657260609
495803,0,7,0,0.0444247150038312
495825,1,7,9,28.987882357511104
495828,1,7,8,24.021584380381697
495829,0,7,0,0.09779045684360785
495831,1,7,2,2.6597071434119677
495834,1,7,1,20.79487497766106
495835,1,7,5,0.3700090141005197
495843,1,7,5,0.3700090141005197
495872,1,7,4,0.3700090657260609
495879,1,7,6,30.34410073379654
495880,0,7,0,0.11055519959733603
495889,1,7,10,12.13385700881183
495894,1,7,7,0.3914771468080139
495905,1,7,7,2.147268836964938
495915,1,7,9,31.02523734492223
495941,1,7,10,17.814845785872283
495943,1,7,6,29.65675241224205
495944,1,7,9,18.698719951840676
495947,1,7,10,17.976336404072327
495952,1,7,10,8.644637624745423
495953,1,7,6,7.544174967643548
495970,1,7,5,0.3700090141005197
495999,1,7,9,13.721471114408054
496008,1,7,5,0.37000902039789374
496017,1,7,8,35.34660185180822
496018,1,7,9,24.354037352290995
496027,1,7,6,26.495342791464875
496031,1,7,10,19.57009801339094
496032,1,7,9,30.72781874099963
496040,1,7,9,8.916705860997947
496048,1,7,8,24.17498126772826
496095,1,7,6,30.47781103149227
496101,1,7,6,18.476215238077238
496105,1,7,4,0.3700090657260609
496118,1,7,8,33.882824772815304
496132,1,7,10,17.165721803643873
496169,0,7,0,0.03417892392833672
496177,1,7,4,0.3700090657260609
496197,1,7,8,33.24014852058306
496203,1,7,9,29.930177844592027
496210,1,7,8,24.347361192900042
496220,1,7,6,6.430365344699479
496223,1,7,9,30.235768294184705
496239,1,7,6,24.99999974482707
496255,1,7,6,10.948946036447328
496277,1,7,8,17.010376402963214
496286,1,7,4,0.3700090657260609
496290,1,7,9,32.24201904035075
496296,1,7,4,0.3700090657260609
496314,1,7,8,17.651212500731994
496320,1,7,6,21.097791846156163
496324,1,7,10,23.29626624851638
496343,1,7,4,0.3700090657260609
496351,1,7,5,0.3700090141005197
496357,1,7,6,23.940023026619627
496359,1,7,6,26.847571428493968
496402,1,7,5,0.3700090141005197
496425,1,7,6,10.006374122652932
496441,1,7,9,17.581868572048766
496442,1,7,8,15.293552940357484
496446,1,7,10,18.39100215919999
496459,1,7,1,27.2739678538326
496463,1,7,4,0.3700090657260609
496464,1,7,5,0.3700090141005197
496495,1,7,9,32.02951845656451
496503,1,7,7,4.39516805671096
496505,1,7,8,18.446800920092166
496511,1,7,1,23.059652145647654
496520,1,7,10,21.383077270611572
496535,1,7,10,20.991436725007187
496547,1,7,6,19.95934252732205
496551,1,7,9,21.901746983592137
496590,1,7,8,32.78580052261494
496594,1,7,4,0.3700090657260609
496624,1,7,7,4.330761279844295
496650,1,7,6,24.609633150089927
496678,1,7,7,1.3634403673040902
496683,1,7,4,0.3700090657260609
496692,1,7,9,7.82398198007236
496707,1,7,4,0.3700090657260609
496712,1,7,2,13.008561741581165
496718,1,7,9,25.172545076473618
496731,1,7,8,28.315242051568042
496734,1,7,5,0.3700090141005197
496753,1,7,8,28.495372296754166
496754,1,7,8,35.34806637222947
496756,1,7,4,0.3700090656202526
496778,1,7,6,14.937057715953111
496782,1,7,7,6.37201448905348
496785,0,7,0,0.038772756764051494
496816,1,7,8,25.99130614428967
496822,1,7,8,22.72145953000966
496824,0,7,0,0.03468595585513369
496845,1,7,8,10.863294947679567
496847,0,7,0,0.04572704799024157
496857,1,7,4,0.3700090657260609
496882,1,7,6,18.911718154302378
496904,1,7,10,22.362955033416476
496927,1,7,1,17.316911549007948
496929,1,7,9,18.060632404344183
496935,1,7,6,24.39404116803014
496967,1,7,1,16.42269776735812
496968,1,7,1,22.753515747552573
496972,1,7,5,0.3700090141005197
496979,1,7,10,26.023133376098205
496988,1,7,6,12.027949588639753
496990,1,7,6,18.755933635485782
496993,1,7,10,15.113700862869393
497005,1,7,10,12.873930966344082
497026,1,7,8,14.964104701019313
497034,1,7,5,0.3700090141005197
497040,1,7,9,18.877579298338528
497042,1,7,6,25.101464012108867
497048,1,7,8,19.726655279593597
497055,1,7,8,28.50382811070337
497067,1,7,9,22.16020794354127
497093,1,7,8,18.328990998021634
497096,1,7,9,17.784292503772484
497109,1,7,7,4.794096423063477
497133,0,7,0,0.032705330577325484
497142,1,7,9,18.4023263978629
497152,1,7,9,23.280733932618503
497154,1,7,8,28.43091977288546
497160,1,7,8,27.263933126019275
497172,1,7,8,18.372940701056038
497173,1,7,1,26.678045345052055
497176,1,7,4,0.3700090657260609
497183,1,7,4,0.3700090657260609
497188,1,7,8,18.86999003209265
497205,1,7,6,18.714229130202927
497213,1,7,6,25.088429762916263
497233,1,7,6,18.58494567046092
497237,1,7,5,0.3700090141005197
497249,1,7,4,0.3700090657260609
497252,1,7,7,5.507447558372645
497254,1,7,7,6.010933298430013
497270,1,7,9,27.509615015909077
497272,1,7,2,7.243856019669874
497278,1,7,5,0.3700090141005197
497280,1,7,4,0.3700090657260609
497281,1,7,9,21.662813713573883
497286,1,7,4,0.3700090657260609
497304,0,7,0,0.04202005433515405
497305,1,7,10,26.03223890766286
497316,1,7,4,0.3700090657260609
497319,1,7,4,0.3700090657260609
497320,1,7,9,29.91318148165665
497321,1,7,5,0.3700090141005197
497322,1,7,8,12.691378521004026
497362,1,7,4,0.3700090657260609
497371,1,7,8,9.28603665785742
497376,1,7,4,0.3700090656202526
497391,1,7,4,0.3700090657260609
497409,1,7,10,17.43914959495409
497421,1,7,9,29.160605710466434
497436,1,7,9,11.309292409017381
497450,1,7,8,26.619772886208636
497459,1,7,3,2.919376023281565
497460,1,7,6,29.79488842388386
497469,1,7,10,24.81784231524899
497476,1,7,5,0.3700090141005197
497480,1,7,7,5.64279307652847
497484,1,7,10,9.330742590693115
497488,1,7,6,12.012235349106781
497493,1,7,5,0.3700090141005197
497521,1,7,9,21.95112413328758
497527,1,7,6,30.4751320050892
497549,0,7,0,0.03141679265444374
497557,1,7,8,25.884342621105464
497573,1,7,4,0.3700090657260609
497580,1,7,9,31.2944531651222
497593,1,7,10,18.87863122570731
497601,1,7,5,0.3700090141005197
497610,1,7,9,18.284909822520728
497613,1,7,4,0.3700090657260609
497619,1,7,10,17.201310319116924
497657,1,7,9,18.87174593238415
497679,1,7,10,8.964279410466387
497688,1,7,4,0.3700090657260609
497689,1,7,6,22.072336236175186
497692,1,7,3,3.278763631780558
497697,1,7,5,0.3700090141005197
497711,1,7,8,20.89350375731614
497738,1,7,8,30.830408677526794
497744,0,7,0,0.03379013598603176
497761,1,7,1,24.912134618689397
497763,1,7,6,26.680452859970153
497771,1,7,1,13.527721799243198
497780,1,7,4,0.3700090657260609
497782,1,7,6,18.922759744949833
497821,1,7,1,8.106796587244688
497824,1,7,8,16.318008953475474
497831,1,7,4,0.3700090657260609
497878,1,7,6,13.267643224212335
497898,1,7,6,14.177048571781937
497900,1,7,6,22.523751215551716
497907,1,7,3,2.973515074008538
497909,1,7,9,24.024158825991616
497915,1,7,6,23.810633196161277
497924,1,7,2,10.781932973466583
497930,1,7,9,25.009014331387117
497935,1,7,7,4.605351867905597
497953,1,7,5,0.3700090141005197
497972,1,7,7,4.995977821423731
497974,1,7,5,0.3700090141005197
497977,1,7,6,30.506104153893027
497978,1,7,9,19.281263824380662
497990,1,7,5,0.3700090141005197
498017,1,7,5,0.3700090141005197
498027,1,7,6,4.939528685757362
498030,1,7,8,22.466095686493098
498036,1,7,3,1.3371331262947415
498065,1,7,6,30.43759653654502
498066,1,7,9,16.55381944179839
498072,1,7,6,25.716336532072763
498073,1,7,9,30.892617082900134
498077,1,7,6,22.44228731766576
498078,1,7,1,4.564593938920642
498099,1,7,5,0.3700090141005197
498104,1,7,8,19.667398104433854
498105,1,7,10,23.51813698965572
498112,1,7,5,0.3700090141005197
498146,1,7,6,19.51999672850917
498152,1,7,6,22.750202389128102
498169,1,7,4,0.3700090657260609
498202,1,7,5,0.3700090141005197
498227,1,7,1,20.287344903336294
498229,1,7,1,21.585669508008888
498230,1,7,8,2.023198729021649
498245,1,7,7,2.1883763738762076
498248,1,7,6,25.058553895905817
498249,1,7,6,23.058258608315363
498253,0,7,0,0.03460956734684426
498262,1,7,2,11.03247235254818
498264,1,7,4,0.3700090657260609
498266,1,7,6,29.421826432015663
498274,1,7,6,29.719124141912324
498279,1,7,6,25.062601272167793
498288,1,7,1,23.60380092025069
498301,1,7,4,0.3700090657260609
498304,1,7,9,31.37864151178269
498326,1,7,8,7.032787832437423
498330,1,7,10,16.58851543005827
498340,1,7,10,17.06044862123994
498347,1,7,6,26.38727986434226
498358,1,7,3,1.6647945767541175
498362,1,7,10,9.189425368772447
498369,1,7,8,23.778558751708356
498376,1,7,1,22.794673398781786
498414,1,7,6,13.258344286490054
498419,1,7,5,0.3700090141005197
498433,1,7,4,0.3700090657260609
498452,1,7,8,29.078922561758503
498458,1,7,4,0.3700090657260609
498472,1,7,10,4.748270331495931
498473,1,7,10,18.461928269631905
498479,1,7,8,26.16848876802648
498480,1,7,4,0.3700090657260609
498485,1,7,4,0.3700090657260609
498508,1,7,8,7.760834947005695
498523,1,7,9,4.865989341120605
498529,1,7,6,29.42325646878645
498531,1,7,5,0.3700090141005197
498537,1,7,5,0.3700090141005197
498550,1,7,7,5.552084593447329
498554,1,7,9,29.18761256193751
498561,1,7,9,29.68110687785666
498564,1,7,3,2.2235881587543145
498568,1,7,10,16.759730380464596
498575,1,7,9,26.94322667703781
498578,0,7,0,0.035647287676365186
498589,1,7,6,16.46932128122411
498591,1,7,6,21.027804687933443
498600,1,7,6,29.410479734635878
498608,1,7,6,25.530806998551725
498631,1,7,10,14.214932661490819
498642,1,7,10,12.985055879344504
498663,1,7,2,7.944186872758431
498665,1,7,5,0.37000902039789374
498668,1,7,6,25.404094013307816
498670,0,7,0,0.03421390058520858
498689,1,7,4,0.3700090657260609
498692,1,7,5,0.3700090141005197
498696,1,7,9,11.060313611651551
498703,1,7,5,0.3700090141005197
498728,1,7,9,25.176477659024595
498731,1,7,4,0.3700090657260609
498740,1,7,5,0.3700090141005197
498742,1,7,8,18.039194195299405
498746,1,7,8,25.343790350013112
498754,1,7,7,2.6760265481592924
498767,1,7,7,0.9769521564787347
498778,1,7,9,22.879139107781242
498783,1,7,1,27.666405809531447
498803,1,7,2,3.371808179440031
498813,1,7,6,25.32690664615151
498818,1,7,8,25.943328025039463
498819,1,7,8,27.220264756669234
498825,1,7,6,19.83984362284542
498830,1,7,4,0.3700090657260609
498837,1,7,2,8.859719637470308
498839,1,7,6,20.831841549143647
498892,1,7,8,27.354047740332152
498908,1,7,5,0.3700090141005197
498917,1,7,10,5.428663567258355
498920,1,7,4,0.3700090657260609
498941,1,7,4,0.3700090657260609
498948,1,7,8,32.20739497100654
498964,1,7,5,0.3700090141005197
498983,1,7,8,24.846710560885803
498988,1,7,1,17.958922480385098
498997,1,7,9,32.799613708443246
499015,1,7,8,2.6641752529077074
499021,1,7,9,18.574667049135606
499060,1,7,9,25.210489316878057
499089,1,7,5,0.3700090141005197
499099,1,7,1,27.829444398641126
499109,1,7,6,25.00597277853861
499114,1,7,9,31.280264430762497
499119,1,7,5,0.3700090141005197
499124,1,7,9,24.811578798568174
499135,1,7,8,18.16562856745508
499140,1,7,4,0.3700090657260609
499141,1,7,9,28.104807019993878
499142,0,7,0,0.029809580805428112
499173,1,7,8,27.332312902925228
499180,1,7,5,0.3700090141005197
499204,1,7,4,0.3700090657260609
499211,1,7,6,15.69040257608041
499225,1,7,9,28.097013676348823
499239,1,7,9,19.077000777543066
499255,1,7,6,22.212821787676155
499258,1,7,6,9.634938228525765
499278,1,7,9,4.667370049800228
499294,1,7,4,0.3700090657260609
499309,1,7,3,3.220156842466886
499312,1,7,6,29.420013025087474
499322,1,7,7,3.469996113259499
499345,1,7,5,0.3700090141005197
499351,1,7,9,16.098489967261383
499353,1,7,6,29.67190137404611
499378,1,7,6,21.57682965103701
499381,1,7,9,31.86410671865404
499409,1,7,4,0.3700090656202526
499411,1,7,6,17.1671153295834
499413,1,7,1,19.18032619315733
499415,1,7,9,14.896861772946814
499429,1,7,8,19.71796937846572
499430,1,7,5,0.3700090141005197
499435,1,7,9,33.238141414155905
499439,1,7,8,12.10523285149497
499444,1,7,9,4.992958801744027
499487,1,7,4,0.3700090657260609
499492,1,7,8,20.52254601769933
499495,1,7,4,0.3700090657260609
499526,1,7,7,1.9409922194027671
499533,1,7,9,15.36788990680453
499550,1,7,3,2.202874076707431
499553,0,7,0,0.039121920518578185
499562,1,7,4,0.3700090657260609
499570,1,7,5,0.3700090141005197
499582,1,7,5,0.3700090141005197
499583,1,7,6,27.808507829587672
499593,1,7,6,20.817650252076056
499604,1,7,9,17.073738216698494
499611,1,7,8,16.92841168177693
499614,1,7,10,25.279128307778947
499625,1,7,2,10.914424982571104
499628,1,7,9,30.497434338108583
499675,1,7,6,27.54891091109449
499693,1,7,6,20.17570846106963
499695,1,7,9,27.842958552384076
499697,1,7,10,23.94810741103023
499708,1,7,10,13.720704477316774
499715,1,7,6,5.772893018813201
499719,1,7,5,0.37000902039789374
499721,1,7,5,0.3700090141005197
499722,1,7,4,0.3700090657260609
499724,1,7,10,21.736909574930753
499734,1,7,10,4.221629400130407
499737,1,7,5,0.3700090141005197
499739,1,7,6,5.356769782334213
499749,1,7,10,25.83966608828262
499754,1,7,8,23.86992095381047
499757,1,7,8,22.33342906406847
499759,1,7,5,0.3700090141005197
499769,1,7,4,0.3700090657260609
499770,1,7,9,19.492974625260576
499771,1,7,10,18.20376092676544
499775,1,7,9,18.604261310296017
499776,1,7,6,23.33426989679453
499780,1,7,6,16.62433002999481
499785,1,7,9,31.550517593109056
499790,1,7,8,10.061593586346516
499794,1,7,6,9.538801092851925
499797,1,7,9,24.856643350652156
499808,1,7,5,0.3700090141005197
499826,1,7,4,0.3700090657260609
499845,1,7,9,33.058459155264224
499866,1,7,6,16.13943802715777
499881,1,7,6,18.064540795605147
499893,1,7,10,4.462959689775161
499904,1,7,1,14.78155300298063
499910,1,7,5,0.3700090141005197
499914,1,7,7,5.857276691842164
499957,1,7,2,16.273282289969973
499995,1,7,9,18.723677598530866
499997,0,7,0,0.1326742656607005
499998,1,7,9,19.78963467814509
500005,1,7,5,0.3700090141005197
500017,1,7,10,26.020062172011574
500018,1,7,9,33.77341275385734
500025,1,7,10,21.750660900414655
500026,1,7,5,0.3700090141005197
500028,1,7,10,16.21086125331161
500052,1,7,8,23.120245609199575
500059,1,7,9,25.128100589543866
500060,1,7,6,29.70834680104098
500066,1,7,9,9.490660272632594
500084,1,7,9,33.250521413000776
500087,1,7,10,17.052313737076
500093,1,7,8,28.027308137665592
500100,1,7,9,9.919759466834606
500136,1,7,7,5.931114355002908
500150,1,7,8,23.884264727726833
500151,1,7,9,19.2223115918429
500155,1,7,9,17.402363162206267
500156,1,7,10,7.5645124139937625
500166,1,7,1,16.167187352600553
500172,1,7,5,0.3700090141005197
500181,1,7,2,6.7864034121594345
500186,1,7,9,24.810082084902266
500189,1,7,2,6.629739636817472
500191,1,7,10,16.496671531485042
500193,1,7,6,14.54615573603758
500207,1,7,8,30.150114152715723
500216,1,7,5,0.3700090141005197
500232,1,7,6,13.338390036730155
500263,1,7,8,22.498579313612723
500267,1,7,4,0.3700090656202526
500277,1,7,9,25.232392000019516
500282,1,7,2,15.564850957765662
500317,1,7,1,22.132286901894606
500334,1,7,5,0.3700090141005197
500346,1,7,10,16.194617260386256
500355,1,7,1,20.541506246620745
500374,1,7,9,33.06113470944675
500406,1,7,8,22.508290694704737
500408,1,7,5,0.3700090141005197
500414,1,7,5,0.3700090141005197
500420,1,7,9,30.222172015689974
500422,1,7,8,31.546175616554113
500428,1,7,8,28.219860420999016
500436,1,7,2,6.789444002051157
500437,1,7,10,14.68950145339355
500439,1,7,6,5.714056103345124
500472,1,7,9,17.37008220325297
500484,1,7,9,14.162384788315439
500506,1,7,7,6.148602111253276
500513,1,7,5,0.3700090141005197
500515,1,7,1,17.35602583027299
500516,1,7,9,30.82767589362946
500518,1,7,4,0.3700090657260609
500524,1,7,4,0.3700090657260609
500527,1,7,7,3.157338149272054
500532,1,7,8,26.94219367899303
500540,1,7,5,0.3700090141005197
500545,1,7,8,21.77070985500501
500555,1,7,9,25.46685635790742
500558,1,7,4,0.3700090657260609
500573,1,7,5,0.37000902039789374
500575,1,7,6,22.92523325753041
500593,1,7,4,0.3700090657260609
500597,1,7,5,0.3700090141005197
500632,1,7,1,6.483890255836092
500639,1,7,9,8.273205129453158
500647,1,7,4,0.3700090657260609
500654,1,7,1,7.8435116356246715
500673,1,7,10,24.12262995782883
500686,1,7,9,26.132304920033413
500707,1,7,9,22.22412126924877
500723,1,7,4,0.3700090657260609
500739,1,7,6,25.097800281228285
500748,1,7,10,18.169517695184325
500757,1,7,7,2.027435594555207
500760,1,7,8,35.34390427403961
500769,1,7,10,13.257369513283962
500773,1,7,9,22.155702036945893
500801,1,7,8,13.845896411943544
500826,1,7,5,0.3700090141005197
500842,0,7,0,0.125074310797087
500865,1,7,6,29.5283963989135
500867,0,7,0,0.03995913066156261
500876,1,7,9,29.21811078983153
500894,1,7,4,0.3700090657260609
500897,1,7,9,31.848303019898058
500913,1,7,8,26.297756052476505
500916,1,7,4,0.3700090657260609
500922,1,7,7,4.551086966183471
500947,1,7,7,5.261253206172371
500948,1,7,5,0.3700090141005197
500955,1,7,1,14.80353321206623
500958,1,7,4,0.3700090656202526
500966,1,7,7,2.323132444295874
500970,1,7,6,26.969974646930375
500972,1,7,1,9.937115085941425
500974,1,7,10,6.702665106614345
500977,1,7,5,0.3700090141005197
500978,1,7,9,21.491219594742546
500990,1,7,4,0.3700090657260609
500991,1,7,4,0.3700090657260609
501019,1,7,4,0.3700090657260609
501024,1,7,4,0.3700090657260609
501028,1,7,1,19.883531127595095
501050,0,7,0,0.030897348083149135
501059,1,7,7,5.1421477310708825
501062,1,7,6,5.400210644873734
501069,1,7,5,0.3700090141005197
501080,1,7,8,16.1353673749351
501087,1,7,3,1.3223514470907238
501108,1,7,9,32.67836396987675
501110,1,7,10,25.65059799472973
501112,0,7,0,0.035069437089410876
501118,1,7,8,29.40648463599923
501119,1,7,4,0.3700090657260609
501168,1,7,9,32.43304340671749
501179,1,7,7,0.34598826649930847
501180,0,7,0,0.04605198772680253
501183,1,7,9,29.224527647551128
501206,1,7,7,2.7307549706090875
501210,1,7,5,0.3700090141005197
501228,0,7,0,0.046411300846157036
501239,0,7,0,0.03899508797004724
501271,1,7,8,10.068801784554894
501276,1,7,1,22.008133604191332
501278,1,7,9,32.21044247863338
501281,0,7,0,0.03806100088195052
501289,1,7,1,6.889916738110779
501290,1,7,9,3.150020627705551
501294,1,7,9,21.16199099982426
501299,1,7,6,25.612740489412666
501305,1,7,9,20.30663443350123
501311,1,7,8,11.015059603249526
501314,1,7,5,0.3700090141005197
501316,1,7,5,0.3700090141005197
501319,1,7,4,0.3700090657260609
501323,1,7,6,30.1046607068442
501329,1,7,4,0.3700090657260609
501330,1,7,8,24.105617232834
501346,1,7,10,11.071066086138014
501350,1,7,5,0.3700090141005197
501351,1,7,4,0.3700090657260609
501356,1,7,8,23.890350157978176
501365,1,7,5,0.3700090141005197
501375,1,7,5,0.3700090141005197
501383,1,7,6,30.355058574097214
501388,1,7,8,11.819478784948963
501399,1,7,1,21.431979295747645
501401,1,7,3,3.0197156563196375
501404,1,7,1,13.82582066340378
501430,1,7,4,0.3700090657260609
501445,1,7,7,2.661842425502653
501446,1,7,10,5.281274028222497
501448,1,7,4,0.3700090657260609
501462,0,7,0,0.138470930057028
501464,1,7,8,10.395225310368216
501469,1,7,9,28.708035051815674
501516,1,7,9,24.09605376417477
501525,1,7,9,31.551458948806097
501548,1,7,5,0.3700090141005197
501557,1,7,8,34.83620296045654
501559,1,7,5,0.3700090141005197
501582,1,7,5,0.3700090141005197
501583,1,7,4,0.3700090657260609
501584,1,7,9,29.342482343243656
501598,1,7,1,8.661473095096474
501610,1,7,1,13.327971816849892
501611,1,7,6,7.069817465057766
501616,1,7,6,11.438905414178365
501619,1,7,10,7.729728692212243
501625,1,7,8,28.17285917273548
501626,1,7,2,15.79483076190494
501628,1,7,8,27.525879892385312
501631,1,7,9,29.939034400878736
501672,1,7,9,24.298794946707293
501708,1,7,9,31.145135553877623
501718,1,7,7,5.876121903813437
501728,1,7,8,26.412555060387295
501731,1,7,9,31.681846277243206
501745,1,7,9,22.933053890954632
501748,1,7,8,11.283501412250436
501753,1,7,9,11.054920171452448
501777,1,7,6,25.7713611369615
501837,1,7,9,29.562343240965838
501847,1,7,5,0.3700090141005197
501849,1,7,9,25.038950113409303
501860,1,7,8,29.071193978271147
501877,1,7,8,30.420414585112187
501880,1,7,8,14.013945162847573
501896,1,7,6,30.296093112515937
501901,1,7,4,0.3700090657260609
501903,1,7,1,15.885194287046206
501910,1,7,4,0.3700090657260609
501924,1,7,10,22.401254489727403
501949,1,7,7,3.7000671739989
501950,1,7,6,10.192238158015366
501953,1,7,9,3.5581773826988172
501963,1,7,1,7.446556173865467
501972,1,7,10,16.248762171344268
501982,1,7,8,35.3305965610164
501987,1,7,10,23.434865892801547
501996,1,7,9,12.39343299157271
501998,1,7,8,11.042941887612331
501999,1,7,8,15.356922041366404
502003,1,7,8,35.34192962651705
502006,1,7,5,0.3700090141005197
502013,1,7,9,17.646734489421647
502015,1,7,7,3.3068948509240688
502017,1,7,8,24.566874861649087
502028,0,7,0,0.03170784175627094
502044,1,7,10,12.835074546930416
502048,1,7,8,17.888220767778325
502052,1,7,9,32.8065597417207
502066,1,7,5,0.3700090141005197
502118,1,7,4,0.3700090657260609
502137,1,7,8,7.160068318529013
502171,1,7,9,31.862738006906728
502186,1,7,9,24.896937281967677
502187,1,7,4,0.3700090657260609
502193,1,7,2,9.487303241010798
502200,1,7,8,27.2663329998672
502205,1,7,1,19.101712838101776
502208,1,7,5,0.3700090141005197
502214,1,7,4,0.3700090657260609
502228,1,7,6,27.921743112547215
502239,1,7,6,19.414757507201045
502258,1,7,4,0.3700090657260609
502265,1,7,4,0.3700090657260609
502283,1,7,8,13.137730375084612
502286,1,7,10,14.143141575643874
502301,1,7,10,5.247976657294822
502302,1,7,9,22.99399929926627
502310,1,7,9,33.60148738033584
502313,1,7,6,30.02480110746901
502316,0,7,0,0.03475555058998582
502320,1,7,6,11.841039726457963
502327,1,7,7,3.530770006042357
502328,1,7,8,28.280068503331655
502336,1,7,5,0.3700090141005197
502346,1,7,1,26.588189100346415
502347,1,7,9,14.847452457686824
502362,1,7,4,0.3700090657260609
502372,1,7,9,33.205152576635236
502415,1,7,5,0.3700090141005197
502427,1,7,5,0.3700090141005197
502445,1,7,5,0.3700090141005197
502464,1,7,9,3.406962277120431
502475,1,7,5,0.3700090141005197
502510,1,7,6,22.0546018256887
502522,1,7,9,22.37429119371737
502524,1,7,4,0.3700090657260609
502548,1,7,7,1.2837560952205067
502555,1,7,10,5.613160059990736
502562,1,7,9,7.211387218219724
502571,1,7,9,26.082399907418893
502583,1,7,9,16.177607872394855
502590,1,7,6,26.963157947360973
502594,1,7,4,0.3700090657260609
502603,1,7,8,16.241865842385852
502605,1,7,6,29.210645123542086
502614,1,7,10,19.057957880935952
502621,1,7,8,25.415953730193912
502633,1,7,4,0.3700090657260609
502634,1,7,6,18.277779534900212
502639,1,7,6,17.343644689361643
502663,1,7,6,6.772669423924422
502664,1,7,8,24.239567803223387
502668,1,7,9,32.62490373167562
502669,1,7,8,29.22913788975257
502686,1,7,8,17.810198652214073
502694,1,7,4,0.3700090657260609
502698,1,7,1,16.204755037449555
502729,1,7,7,6.480150964856034
502732,1,7,8,28.44188926886522
502742,1,7,7,2.2373764397990406
502771,1,7,6,28.460815814630433
502780,0,7,0,0.02695320000229125
502783,1,7,7,6.511957881951802
502790,1,7,8,32.58434967679212
502794,1,7,6,16.632969912162263
502803,1,7,9,11.944314952046165
502809,1,7,5,0.3700090141005197
502829,1,7,8,28.34881438922864
502840,1,7,7,5.20794467554961
502843,1,7,4,0.3700090656202526
502879,1,7,7,6.026922597153022
502885,1,7,6,26.258274124845354
502901,1,7,5,0.3700090141005197
502913,1,7,9,33.43379687106213
502943,1,7,6,26.88733797035328
502953,1,7,8,22.498325706651993
502955,1,7,9,21.728388680462874
502963,1,7,3,2.926241833339261
502964,1,7,5,0.3700090141005197
502967,1,7,10,20.528922097709348
502968,1,7,6,8.102065183560702
502980,1,7,3,3.0100266328696095
502989,1,7,5,0.3700090141005197
502993,1,7,5,0.3700090141005197
503002,1,7,3,3.2121055950118516
503005,1,7,3,1.3811216496276588
503019,1,7,4,0.3700090657260609
503032,1,7,9,19.570445880504725
503033,1,7,6,23.324903943992684
503058,1,7,10,13.177539379958525
503063,1,7,10,24.376932682714017
503065,1,7,9,24.914198651491173
503072,1,7,9,16.68851655304055
503077,1,7,6,13.9904265482249
503080,1,7,9,26.257875789022417
503084,1,7,6,19.82850171315883
503086,1,7,3,2.2786242340301266
503091,1,7,9,8.228087824380493
503092,1,7,5,0.3700090141005197
503116,1,7,5,0.3700090141005197
503123,1,7,4,0.3700090657260609
503124,1,7,9,16.1205836320965
503137,1,7,8,23.531465190743308
503147,1,7,6,29.036651143297163
503149,1,7,9,30.337179359796103
503154,1,7,2,7.736840247851464
503164,1,7,10,10.424821894288112
503166,1,7,9,22.623446204902212
503175,1,7,5,0.3700090141005197
503177,1,7,10,10.218163389859862
503188,0,7,0,0.0678358717514389
503191,1,7,9,19.921831319627113
503196,1,7,9,17.686163053931466
503203,1,7,4,0.3700090657260609
503215,1,7,6,19.534537424741437
503221,1,7,8,27.199813507010433
503232,1,7,5,0.3700090141005197
503235,1,7,9,33.71010923086697
503248,1,7,9,23.70610261206781
503275,1,7,1,13.503426414597223
503285,1,7,2,16.331328213902452
503303,1,7,4,0.3700090657260609
503304,1,7,6,14.216627425339901
503322,1,7,4,0.3700090657260609
503323,0,7,0,0.034859422708595045
503337,1,7,6,6.323032659636208
503339,1,7,9,30.605343640357344
503352,1,7,2,6.683480733471517
503357,1,7,9,24.444795769232336
503362,1,7,9,21.319592943707047
503387,1,7,5,0.3700090141005197
503391,1,7,1,25.32848953581801
503396,1,7,3,3.1309849779178967
503419,1,7,9,31.098716404592075
503430,1,7,4,0.3700090656202526
503432,1,7,2,14.748314109516617
503434,1,7,9,33.13348063040454
503441,1,7,8,23.029445487750067
503448,1,7,9,31.06824090950684
503490,1,7,9,29.583479777408765
503501,1,7,9,31.612728403006667
503503,1,7,6,20.1190732261491
503508,1,7,8,34.84169607640916
503525,0,7,0,0.04040695563693466
503534,1,7,8,17.647524422836316
503537,1,7,7,6.249523174319193
503548,1,7,2,4.480202054888323
503554,1,7,6,26.987989161148743
503589,1,7,4,0.3700090657260609
503618,1,7,4,0.3700090657260609
503627,1,7,4,0.3700090657260609
503656,1,7,8,22.641609651124973
503657,1,7,8,23.865654316350437
503661,1,7,6,16.25867706675269
503692,1,7,4,0.3700090657260609
503696,1,7,4,0.3700090657260609
503711,1,7,4,0.3700090657260609
503717,1,7,10,14.84349366670577
503741,0,7,0,0.04255933702505829
503743,1,7,10,9.066660248279058
503750,1,7,4,0.3700090657260609
503757,0,7,0,0.03492803899561514
503770,1,7,5,0.3700090141005197
503778,1,7,5,0.3700090141005197
503780,1,7,3,3.0585048290688785
503791,1,7,10,13.532568921070052
503793,1,7,4,0.3700090656202526
503798,1,7,6,18.364734811677657
503804,1,7,1,21.6352490348851
503807,1,7,6,6.292765512044012
503832,1,7,9,33.493832790051734
503838,1,7,6,26.66875125864786
503855,1,7,7,1.8298252453660484
503858,1,7,7,5.278352226354177
503861,1,7,10,18.9249152155941
503862,1,7,6,8.327391982094168
503865,1,7,8,13.751519793795211
503913,1,7,10,20.071038338071453
503920,1,7,5,0.3700090141005197
503927,1,7,5,0.3700090141005197
503930,1,7,1,27.14439805110129
503931,1,7,5,0.3700090141005197
503938,0,7,0,0.038220147698344156
503939,1,7,1,14.734795722041047
503943,1,7,9,17.68645791522613
503947,1,7,6,19.945204000103512
503948,1,7,4,0.3700090657260609
503959,1,7,9,13.852108508345266
503980,1,7,5,0.3700090141005197
503990,1,7,1,23.714679453231746
503992,1,7,8,19.43245206948041
503996,1,7,4,0.3700090657260609
504006,1,7,5,0.3700090141005197
504009,1,7,2,7.974194221898717
504040,1,7,8,23.846854451113625
504041,1,7,9,4.046818495538769
504043,1,7,8,14.481138934445884
504057,1,7,5,0.37000902039789374
504063,1,7,7,6.2008620294499295
504069,1,7,9,18.4385402118867
504095,1,7,6,11.729158897272239
504107,1,7,8,26.759734062123552
504110,1,7,8,30.613028444478253
504133,1,7,9,22.96455872136057
504145,1,7,8,21.469912802645243
504147,1,7,9,32.520818250374276
504150,1,7,9,33.12788491701699
504158,1,7,5,0.3700090141005197
504170,1,7,8,31.335780695523532
504193,1,7,10,17.783987725885655
504215,1,7,6,28.660505323331936
504217,1,7,7,2.3747978139399937
504231,1,7,4,0.3700090657260609
504253,1,7,4,0.3700090657260609
504255,1,7,5,0.3700090141005197
504259,1,7,4,0.3700090657260609
504262,1,7,9,29.837075200703975
504266,1,7,6,7.863973657568315
504272,1,7,5,0.3700090141005197
504275,1,7,7,5.150958545268191
504280,1,7,6,6.113689224089489
504310,1,7,4,0.3700090657260609
504315,1,7,10,6.747464883336628
504316,1,7,8,14.07754766168224
504320,1,7,6,22.81062923468507
504321,1,7,9,28.43985691590151
504327,1,7,10,7.699774082970051
504332,1,7,10,4.8392441548336915
504364,1,7,3,3.0189342172540963
504368,1,7,8,30.306414454076794
504381,1,7,4,0.3700090656202526
504384,1,7,8,12.805958665542587
504404,1,7,9,23.760422076259793
504408,1,7,7,6.010421970908001
504431,1,7,9,21.206640465216925
504432,1,7,9,30.522882397802295
504434,1,7,6,27.97827697288746
504441,1,7,7,6.348365707843431
504444,1,7,6,20.255698925621765
504458,1,7,4,0.3700090657260609
504479,1,7,7,5.885473121239819
504502,1,7,1,19.48847289676201
504535,1,7,7,5.5197043816875535
504578,1,7,5,0.3700090141005197
504579,1,7,10,24.63541041570441
504587,1,7,6,18.55293556974736
504591,1,7,8,29.994352629157504
504598,1,7,9,32.89223350397093
504623,1,7,8,8.904086794918104
504628,1,7,9,14.05116146763857
504649,0,7,0,0.02116377948001848
504651,1,7,7,3.534532354458199
504657,1,7,1,23.785936966649537
504702,1,7,10,15.964222938680996
504717,1,7,10,11.50672813950517
504723,1,7,5,0.3700090141005197
504727,1,7,2,13.396534221521355
504729,1,7,7,4.140290302865025
504738,1,7,10,25.507142502993258
504744,1,7,8,33.32237155951452
504745,1,7,9,29.840424516409396
504762,1,7,9,6.453334669263174
504779,1,7,8,6.515213608124935
504795,1,7,8,17.672669176758664
504799,1,7,5,0.3700090141005197
504804,1,7,9,17.59274577299508
504812,1,7,7,2.129608935943942
504814,1,7,3,2.9759171859835107
504819,1,7,2,3.1756986570233185
504825,1,7,6,19.954556791191184
504835,1,7,6,6.617494372631718
504841,1,7,1,27.65249613727639
504844,1,7,4,0.3700090657260609
504851,1,7,8,20.242763268615963
504854,1,7,6,13.261937769195397
504855,1,7,6,17.174298234303517
504896,1,7,10,13.46036843140308
504908,1,7,2,10.59700748091796
504926,1,7,10,18.172683087824627
504932,1,7,5,0.3700090141005197
504935,1,7,9,24.250468874664122
504937,1,7,7,5.7753525041995335
504944,1,7,9,28.448214129428955
504954,1,7,6,14.289061177810732
504989,0,7,0,0.03683566450749815
504991,1,7,9,31.410921450608992
504996,1,7,10,17.370911236323323
504998,1,7,10,22.745321934042284
504999,1,7,9,12.380786905858594
505003,1,7,6,22.385735493117974
505018,1,7,8,30.206675489331626
505020,1,7,1,25.510273861789887
505021,1,7,8,33.340323074393844
505028,1,7,5,0.37000902039789374
505032,1,7,8,31.440966140987943
505034,1,7,10,18.433001776596658
505057,1,7,6,6.558665754298324
505059,1,7,8,29.791585917836215
505061,1,7,8,29.401221093102713
505064,1,7,4,0.3700090657260609
505069,1,7,7,2.974738239760343
505076,1,7,8,33.97641286929538
505077,1,7,5,0.3700090141005197
505095,1,7,5,0.3700090141005197
505097,1,7,4,0.3700090657260609
505138,1,7,4,0.3700090657260609
505147,1,7,6,28.99027578015572
505160,1,7,10,6.321022817369485
505166,1,7,9,20.147836687808148
505184,1,7,7,6.012952866171208
505190,1,7,5,0.3700090141005197
505195,1,7,1,18.296514874718376
505204,1,7,6,20.29070279937797
505208,1,7,8,7.943544333982738
505211,1,7,8,34.362816411708856
505223,1,7,5,0.3700090141005197
505229,1,7,6,20.722990423699585
505236,1,7,10,15.132089892058556
505239,1,7,7,6.517756219173152
505253,1,7,5,0.3700090141005197
505289,1,7,9,6.529547682277292
505309,1,7,8,14.086773318048072
505326,1,7,8,4.63610199905379
505327,1,7,7,5.071996272844125
505329,1,7,8,36.10238367113406
505331,0,7,0,0.02773916111246887
505334,1,7,4,0.3700090656202526
505345,1,7,10,15.400044228318839
505367,1,7,4,0.3700090657260609
505375,1,7,5,0.3700090141005197
505378,1,7,1,20.791745071193546
505396,1,7,8,19.223943131456846
505397,1,7,5,0.3700090141005197
505401,1,7,6,25.506895866004747
505402,1,7,9,24.85755125680611
505413,1,7,8,21.33899788259313
505420,1,7,8,25.089045660915875
505433,1,7,6,15.604355263465163
505439,1,7,8,20.92686878418983
505448,1,7,9,31.558780576587406
505463,1,7,5,0.3700090141005197
505465,1,7,4,0.3700090657260609
505485,1,7,10,6.0455783039663755
505492,1,7,8,32.70149920835106
505495,1,7,7,6.264291351215961
505525,1,7,2,3.6132406576251377
505571,1,7,1,6.715537989067638
505587,1,7,4,0.3700090657260609
505592,1,7,8,19.13760094805524
505607,1,7,10,22.060718009348655
505613,0,7,0,0.02491695352949601
505624,1,7,10,15.814634211324888
505626,1,7,5,0.3700090141005197
505636,1,7,9,14.283028129230717
505637,1,7,9,25.079120546804223
505648,0,7,0,0.03456857749361559
505675,1,7,9,33.253124439298404
505679,1,7,5,0.37000902039789374
505700,1,7,7,6.367735465288062
505704,1,7,9,14.706328874296794
505708,1,7,1,23.652366528513703
505710,1,7,6,28.884344377534923
505715,1,7,4,0.3700090657260609
505738,1,7,3,3.2657471113350325
505739,1,7,6,15.325442283067796
505762,1,7,4,0.3700090657260609
505763,1,7,10,21.377310975746333
505767,1,7,10,10.145386700786831
505777,1,7,4,0.3700090657260609
505784,1,7,5,0.3700090141005197
505807,1,7,5,0.3700090141005197
505808,1,7,5,0.3700090141005197
505816,1,7,7,6.377986262947599
505825,1,7,1,25.827695538972613
505834,1,7,10,19.490125567701785
505840,1,7,5,0.3700090141005197
505850,1,7,10,18.508056225887284
505854,1,7,10,25.3762371299917
505856,1,7,8,19.25927138905224
505860,1,7,8,10.484285715564061
505870,1,7,5,0.3700090141005197
505872,1,7,5,0.3700090141005197
505875,1,7,9,25.570521563314834
505882,1,7,7,3.1298467257652023
505883,1,7,9,31.35780189351679
505887,1,7,7,2.8220032463417795
505894,1,7,5,0.3700090141005197
505923,1,7,8,29.23103105140312
505930,0,7,0,0.09978140782365287
505939,1,7,3,2.2273358099993015
505955,1,7,9,29.739217098992086
505973,0,7,0,0.04105790257828001
505984,1,7,5,0.3700090141005197
505995,1,7,1,27.206357202750734
506018,1,7,6,22.63733717689192
506019,1,7,1,21.71526891550671
506022,1,7,8,27.802493639235013
506023,1,7,10,26.047363324725765
506031,1,7,8,25.102443682393215
506033,1,7,8,31.61021791973529
506059,1,7,6,17.166663998124445
506066,1,7,6,28.78746755242375
506109,1,7,5,0.3700090141005197
506126,1,7,7,0.5535543515768911
506129,1,7,7,3.530702775594069
506131,1,7,9,4.885621480054673
506132,0,7,0,0.034730022452231044
506157,1,7,4,0.3700090657260609
506163,1,7,6,30.642102074980613
506178,1,7,8,7.712980815050385
506181,1,7,1,21.127351885466954
506189,1,7,4,0.3700090657260609
506205,1,7,8,23.711719750675954
506213,1,7,1,23.11668468392825
506216,1,7,4,0.3700090657260609
506255,1,7,4,0.3700090657260609
506260,1,7,7,2.976686352724866
506267,1,7,6,22.79584195621049
506276,1,7,9,31.07338980339277
506310,1,7,5,0.3700090141005197
506314,1,7,8,25.393554914096377
506318,1,7,5,0.37000902039789374
506323,1,7,3,2.855430260934499
506329,1,7,5,0.3700090141005197
506340,1,7,2,15.82434146280134
506351,1,7,6,26.63869760052717
506356,1,7,9,33.36188076464375
506361,1,7,4,1.3144074499530987
506388,1,7,4,0.3700090657260609
506390,1,7,9,10.220908013700495
506402,1,7,7,6.307805073303575
506417,1,7,3,3.1455035730776646
506420,1,7,9,22.632200828087026
506428,1,7,9,32.18664553785316
506455,1,7,9,8.041573438716563
506462,1,7,5,0.3700090141005197
506463,1,7,10,26.04047153924811
506464,1,7,6,24.557059829127542
506504,1,7,6,29.079489389997512
506511,1,7,5,0.3700090141005197
506519,0,7,0,0.04657448276635723
506524,1,7,6,18.693570792614324
506544,1,7,1,11.735837010131885
506564,1,7,8,21.5938811302744
506575,1,7,3,2.6137135245680514
506584,1,7,6,22.02080770120297
506597,1,7,9,21.50561909650751
506608,1,7,6,27.062012001031224
506610,1,7,5,0.3700090141005197
506619,0,7,0,0.0312648173326554
506624,1,7,5,0.3700090141005197
506629,1,7,6,15.688966732150304
506638,1,7,9,27.889618415259097
506660,1,7,9,15.37462014529545
506674,1,7,9,5.0731983395724445
506684,1,7,4,0.3700090657260609
506699,0,7,0,0.028918092509774958
506701,1,7,9,12.992327506248389
506707,1,7,1,12.735218170359163
506719,1,7,9,5.554414469562762
506770,1,7,8,15.64180521302066
506775,1,7,5,0.3700090141005197
506788,1,7,7,1.2433861758439984
506801,1,7,4,0.3700090657260609
506819,1,7,6,28.840583323120924
506829,1,7,8,10.884155047747043
506831,1,7,10,13.150357995712978
506856,1,7,4,0.3700090657260609
506857,1,7,6,20.198748140084362
506874,1,7,10,17.564247633890577
506884,0,7,0,0.03838005702351694
506901,1,7,8,23.255277580237905
506909,1,7,4,0.3700090657260609
506917,1,7,4,0.3700090657260609
506925,0,7,0,0.042430996611426214
506942,1,7,8,34.31553836437351
506943,1,7,3,3.16389999500505
506947,1,7,4,0.3700090657260609
506949,1,7,4,0.3700090657260609
506970,1,7,9,27.297434152022795
506972,1,7,5,0.3700090141005197
506986,1,7,10,11.735488397371986
506988,1,7,3,3.231651876569962
507008,1,7,10,16.456041753206044
507011,1,7,3,3.129476477289571
507027,1,7,5,0.37000902039789374
507037,1,7,9,24.723973297751005
507057,1,7,8,4.1511482158944535
507064,1,7,9,28.927741384067282
507065,1,7,1,21.626002258118426
507077,1,7,5,0.3700090141005197
507080,1,7,9,19.34074669526234
507100,1,7,10,8.4250425490338
507153,1,7,7,5.440525946165105
507184,1,7,6,28.16384652224471
507187,1,7,6,10.528467745619421
507191,1,7,9,9.947670910534168
507192,1,7,7,5.839474326382542
507195,1,7,7,6.434845724568605
507230,1,7,9,32.44476440668096
507231,1,7,7,2.2845045944516236
507232,1,7,1,9.85859753526872
507233,1,7,7,3.426659919437491
507246,1,7,9,15.667282682807148
507252,1,7,7,2.037601815124602
507255,1,7,8,24.632322991264648
507292,1,7,10,13.626375916876944
507297,0,7,0,0.04287055164952248
507298,1,7,10,16.731809611635576
507303,1,7,8,24.754903701913733
507317,1,7,9,19.165873688337623
507326,1,7,3,1.6940142206279747
507329,1,7,9,17.74333498109224
507339,1,7,7,3.935627844571177
507342,1,7,10,15.805853352380117
507343,1,7,9,19.057542647446827
507345,1,7,6,18.102207091131675
507348,1,7,9,11.481247861331285
507360,1,7,7,0.3432966800955213
507361,1,7,8,31.283883909380165
507366,1,7,6,21.406556069928865
507376,1,7,1,10.708929364463952
507384,1,7,1,15.914200570251158
507385,1,7,9,32.68333232664313
507386,1,7,6,28.638546004687964
507411,0,7,0,0.031434354801095195
507421,1,7,8,20.955585263885144
507425,0,7,0,0.03607886336763404
507427,1,7,9,21.92337212411424
507432,1,7,9,13.220035343289453
507440,1,7,4,0.3700090657260609
507442,1,7,8,29.310209486868672
507453,1,7,8,3.321123708679021
507478,0,7,0,0.10841497759226608
507495,1,7,10,7.631072963743515
507496,1,7,9,33.5442016810873
507517,1,7,9,20.71343226449434
507519,1,7,8,31.376476309536223
507533,1,7,10,11.07120509246772
507534,1,7,5,0.3700090141005197
507536,1,7,5,0.3700090141005197
507551,1,7,8,25.256633593315748
507562,1,7,6,7.588931749726634
507563,0,7,0,0.044353657186724633
507566,1,7,7,5.336020788208641
507571,1,7,6,5.839800432243156
507582,0,7,0,0.039130159411349986
507608,1,7,5,0.3700090141005197
507625,1,7,8,19.41139144559005
507638,1,7,4,0.3700090656202526
507642,1,7,4,0.3700090656202526
507654,1,7,9,28.242176969181003
507657,1,7,9,29.82461114977101
507664,0,7,0,0.03389414833307063
507679,1,7,7,2.992597270777208
507714,1,7,6,27.992803559311927
507739,1,7,6,9.278727506071817
507772,1,7,4,0.3700090657260609
507774,1,7,8,13.621470463511146
507778,1,7,1,22.235288618476435
507799,1,7,5,0.3700090141005197
507808,1,7,7,3.730532954573461
507830,1,7,7,0.6003858644580902
507845,1,7,5,0.3700090141005197
507867,1,7,9,16.719653252016606
507882,1,7,7,0.5075828320260295
507893,1,7,6,26.98960752742545
507896,1,7,1,24.1893246524482
507900,1,7,5,0.3700090141005197
507901,1,7,8,29.834529488414756
507918,1,7,4,0.3700090657260609
507921,0,7,0,0.035552737368034285
507947,1,7,3,1.8976356925802427
507953,1,7,9,24.621014110562868
507962,0,7,0,0.057507866843986906
507966,1,7,7,3.6541982301647256
507977,1,7,6,22.020994931590938
507988,1,7,8,8.425695441455424
507993,1,7,7,2.1152257502547935
507995,1,7,1,26.970402452883295
507999,1,7,6,10.700746388612249
508011,1,7,5,0.37000902039789374
508027,1,7,5,0.37000902039789374
508028,1,7,8,11.659554498185456
508049,1,7,4,0.3700090657260609
508050,1,7,5,0.3700090141005197
508066,1,7,8,27.152977228898653
508069,1,7,8,29.39132660750565
508074,1,7,10,18.51547860732646
508075,1,7,9,12.974964166956445
508079,1,7,4,0.3700090657260609
508083,1,7,10,16.127129807395427
508084,1,7,6,24.179909640867205
508094,0,7,0,0.03953059545253495
508101,1,7,3,0.6754160661242367
508106,1,7,2,12.7522199516068
508137,1,7,9,24.517264817639017
508156,1,7,10,12.274621165570938
508159,1,7,9,32.61695756973704
508160,0,7,0,0.02707008246652817
508164,1,7,4,0.3700090657260609
508172,1,7,7,3.162704516882506
508174,1,7,8,8.631835989633135
508213,1,7,6,27.248603019077024
508225,1,7,6,29.083372817420656
508228,1,7,2,8.40049386417469
508236,1,7,5,0.3700090141005197
508237,1,7,8,27.329438410009033
508241,1,7,7,4.3353541043811505
508247,1,7,7,3.0337787411132964
508254,1,7,5,0.3700090141005197
508257,1,7,9,32.069350644273115
508258,1,7,9,18.72656175638176
508278,1,7,7,2.456938830444293
508286,1,7,10,10.498949032256276
508320,1,7,8,17.069504535289052
508326,1,7,10,9.794377752895683
508327,1,7,4,0.3700090657260609
508342,1,7,8,23.59068831237632
508363,1,7,3,3.067986733615352
508366,1,7,10,10.26873156250471
508379,1,7,6,7.263307089728138
508397,1,7,7,1.0142885735227503
508399,1,7,3,3.1431583065396134
508400,1,7,6,23.233065319386437
508406,1,7,10,20.506777452823783
508423,1,7,6,20.868519702016616
508431,1,7,1,22.564956066810062
508455,0,7,0,0.043641190179729804
508457,1,7,5,0.3700090141005197
508475,0,7,0,0.0329719683509179
508488,1,7,9,11.44476836653818
508489,1,7,1,6.447103079037181
508497,1,7,4,0.3700090657260609
508504,1,7,1,9.324291464317186
508507,1,7,10,7.02374701683428
508528,1,7,5,0.3700090141005197
508534,1,7,9,32.80789775100411
508535,1,7,9,15.096962505039597
508543,1,7,6,26.604026570835526
508554,1,7,9,33.48232888442292
508556,1,7,9,13.748844216917174
508573,1,7,5,0.3700090141005197
508575,1,7,6,16.83445060015787
508580,1,7,7,6.323784995151258
508591,1,7,9,22.784404762776436
508599,1,7,9,24.250491711952495
508601,1,7,7,0.8490533270354115
508606,1,7,4,0.3700090657260609
508635,1,7,10,13.800449970187639
508647,1,7,4,0.3700090657260609
508652,1,7,9,5.187530465209818
508663,1,7,8,3.0869484872833928
508683,1,7,5,0.3700090141005197
508688,1,7,8,35.37004391799975
508692,1,7,9,25.633257678183636
508705,1,7,9,22.327627664006975
508706,1,7,8,20.415998631376688
508707,1,7,6,15.17574164297809
508738,1,7,2,14.81307706419116
508753,1,7,5,0.3700090141005197
508757,1,7,8,18.257933842898417
508760,1,7,5,0.3700090141005197
508767,1,7,4,0.3700090657260609
508778,1,7,8,14.05736407021918
508782,1,7,5,0.3700090141005197
508801,1,7,7,5.720107326903484
508804,0,7,0,0.12907183555454876
508807,1,7,1,27.496191257079015
508834,1,7,9,8.799150396791989
508887,1,7,9,15.013475120110346
508888,1,7,9,22.778118832942383
508890,1,7,9,29.48219976543589
508894,1,7,10,23.122331025151105
508907,1,7,5,0.3700090141005197
508933,1,7,5,0.3700090141005197
508961,1,7,1,17.856945986436415
508974,1,7,9,23.898436871920307
508978,1,7,3,3.103728972962308
508982,1,7,5,0.3700090141005197
508986,1,7,9,33.512820614820065
508993,1,7,1,25.118946366330057
508994,1,7,10,19.340967380110417
508996,1,7,4,0.3700090657260609
509003,1,7,8,26.721791353748987
509014,1,7,8,17.232734018250298
509020,1,7,2,1.715467429646826
509023,1,7,2,3.7490353755846844
509026,1,7,4,0.3700090657260609
509035,1,7,9,31.195438329601625
509036,1,7,4,0.3700090657260609
509074,1,7,9,6.664920861618266
509082,0,7,0,0.03489409306592589
509092,1,7,5,0.3700090141005197
509110,1,7,9,11.25006901312838
509111,1,7,8,13.120569107940536
509123,1,7,3,3.0900556578735645
509149,1,7,1,9.887624135956774
509150,1,7,6,6.835128470714571
509157,1,7,9,27.86879474640341
509169,1,7,3,3.247310464354342
509173,1,7,8,25.985626911826138
509193,0,7,0,0.032570105403574044
509212,1,7,8,34.79844835355803
509220,1,7,4,0.3700090657260609
509229,1,7,9,31.890319666187022
509255,1,7,7,2.108745770678317
509263,1,7,8,17.939031190171264
509264,1,7,9,24.612703343065974
509277,0,7,0,0.0367581010894122
509293,1,7,6,29.368142787559766
509295,1,7,10,14.212825864255251
509302,1,7,7,1.1898945988257006
509309,1,7,4,0.3700090657260609
509311,1,7,9,19.572916136118472
509322,1,7,4,0.3700090657260609
509323,1,7,10,21.768877556127926
509324,1,7,3,3.095147447810395
509327,1,7,8,3.02615812465345
509331,1,7,1,9.304223873797937
509337,1,7,5,0.3700090141005197
509376,1,7,5,0.3700090141005197
509380,1,7,4,0.3700090657260609
509381,1,7,6,27.25082681615408
509388,1,7,5,0.3700090141005197
509391,1,7,9,3.733567205669085
509407,1,7,9,15.148613103972966
509408,1,7,7,3.1686205964112504
509416,1,7,10,7.346704718160664
509444,1,7,6,23.83453220722623
509459,1,7,9,32.74005726761221
509472,1,7,2,1.747142818942925
509475,1,7,4,0.3700090657260609
509494,1,7,9,8.49224648757926
509499,1,7,2,6.283503575493437
509511,1,7,10,24.379357851891847
509518,1,7,8,29.807022093173806
509523,0,7,0,0.038201375445013515
509534,1,7,10,25.264834565322893
509575,1,7,9,5.856081336341162
509588,1,7,10,16.606866914398054
509601,1,7,4,0.3700090656202526
509603,1,7,9,30.33313067092292
509606,1,7,3,1.678721756720755
509608,1,7,6,13.867069698464208
509614,1,7,10,25.905526175511323
509624,1,7,5,0.3700090141005197
509626,1,7,8,33.853847301620846
509648,1,7,2,13.390111951030994
509650,1,7,1,10.819426468595713
509660,1,7,9,14.441183742615877
509677,1,7,1,12.545010317681713
509686,1,7,8,32.419228319705944
509690,1,7,6,6.592501686116838
509695,1,7,10,17.425627532819057
509697,1,7,9,30.374905516748278
509702,1,7,1,23.673779426822456
509726,1,7,5,0.3700090141005197
509727,1,7,9,22.93533980352115
509729,1,7,9,22.5987653421423
509737,1,7,4,0.3700090657260609
509745,1,7,1,26.57814114716072
509758,1,7,8,20.656037381166513
509763,1,7,6,13.4762356302447
509783,1,7,1,23.867016661794498
509784,1,7,1,20.89538798188512
509793,1,7,9,8.19664538807708
509794,1,7,6,29.480010825980557
509811,1,7,1,17.119821484429078
509829,1,7,8,30.432796924151997
509837,1,7,3,2.2271641180645974
509838,1,7,8,18.96912673433515
509858,1,7,10,23.2550391968517
509860,1,7,3,3.214510748563116
509869,1,7,9,19.804894120344187
509898,1,7,6,23.248086329199136
509911,1,7,10,6.7043540411089
509912,1,7,5,0.3700090141005197
509913,1,7,4,0.3700090657260609
509921,1,7,9,30.96846499232014
509930,1,7,9,32.52883789830016
509947,1,7,10,16.173910805346736
509954,1,7,2,6.893939341507522
509961,1,7,8,29.223823734641158
509966,1,7,5,0.3700090141005197
509968,1,7,1,3.8811208801968036
509997,1,7,9,26.534331112306187
510017,1,7,9,15.024696885911736
510027,1,7,9,30.876989679895296
510035,1,7,8,27.86967360678313
510061,1,7,1,14.054192650709188
510077,1,7,6,19.41568492914739
510079,1,7,6,5.571752533726864
510080,0,7,0,0.03872341920742756
510085,1,7,6,27.583590282892203
510104,1,7,7,2.347004979044792
510113,1,7,6,12.608347857468782
510122,1,7,8,26.562093958260135
510123,1,7,6,28.614013360152953
510139,1,7,4,0.3700090657260609
510148,1,7,9,27.44134942327864
510151,1,7,10,20.362592680073192
510160,1,7,9,33.0594365010898
510166,1,7,6,27.63191836575867
510167,1,7,9,30.941215264535856
510169,1,7,5,0.37000902039789374
510174,1,7,4,0.3700090656202526
510175,1,7,1,24.276618474006398
510179,1,7,9,20.067225087746515
510185,1,7,8,36.07610594176403
510189,1,7,9,29.637439927256814
510204,1,7,9,22.024185548631774
510206,1,7,6,29.770313309155025
510214,1,7,4,0.3700090657260609
510216,1,7,10,8.172651828693294
510220,0,7,0,0.03745292223363806
510226,1,7,9,26.818403568433705
510233,1,7,10,5.268006792492104
510241,1,7,8,29.99950242255262
510255,1,7,9,24.261201287168316
510265,1,7,8,5.334484613095659
510267,1,7,9,27.847861916206625
510309,1,7,6,12.64095265813077
510324,1,7,5,0.3700090141005197
510325,1,7,8,10.734805837347057
510355,1,7,4,0.3700090657260609
510359,1,7,3,2.7188262547683206
510363,1,7,5,0.3700090141005197
510376,1,7,9,12.330681786542334
510381,1,7,9,14.914984121240451
510383,1,7,5,0.3700090141005197
510423,1,7,4,0.3700090657260609
510428,1,7,9,26.028804863338806
510444,1,7,7,4.092257594049086
510450,1,7,10,17.37584677279579
510455,1,7,1,9.333060997071637
510477,1,7,4,0.3700090657260609
510481,1,7,7,5.75887013073901
510491,1,7,2,8.914031205832254
510505,1,7,6,27.741967845960986
510508,1,7,6,22.093489160240672
510520,1,7,4,0.3700090657260609
510537,1,7,4,0.3700090657260609
510562,1,7,8,10.178470811098986
510572,1,7,8,22.02084614228417
510574,1,7,9,31.8651536161557
510577,1,7,9,22.296003385919533
510581,1,7,10,9.553572923389074
510588,1,7,9,20.20854019921928
510618,1,7,1,22.759891975851637
510619,1,7,4,0.3700090657260609
510627,1,7,4,0.3700090657260609
510648,1,7,9,32.5976094822407
510651,1,7,1,11.750712022999753
510663,1,7,9,33.17088519948599
510676,1,7,6,22.135738843698114
510680,1,7,10,7.392831022943638
510692,1,7,9,32.32983107237363
510694,1,7,6,8.833073368548066
510705,1,7,9,17.29072594743665
510734,1,7,10,26.074746420610683
510735,1,7,10,4.128772756089023
510741,1,7,8,5.706499522137411
510744,1,7,9,33.70260168056748
510747,1,7,6,30.244876289104898
510772,1,7,8,19.815812477833344
510774,1,7,4,0.3700090657260609
510777,1,7,6,29.53460328014502
510793,1,7,6,28.649368729894277
510802,1,7,10,24.356523374891225
510803,1,7,6,20.92035299828137
510819,1,7,9,13.940986573590214
510829,1,7,5,0.3700090141005197
510830,1,7,1,14.111045280772476
510834,1,7,4,0.3700090657260609
510838,1,7,9,28.69579153641946
510874,1,7,5,0.3700090141005197
510880,1,7,5,0.3700090141005197
510890,1,7,8,22.246514393970397
510967,1,7,10,26.023181585980065
510968,1,7,2,8.362606979321777
510994,1,7,9,23.61341301237521
511008,1,7,9,22.705298607852885
511011,1,7,6,29.385849327900694
511015,1,7,7,6.32716432526094
511016,1,7,10,10.666126627135052
511018,1,7,8,21.319040494181777
511021,1,7,9,30.862313479006456
511025,1,7,9,31.50658351212473
511028,1,7,10,25.12063905700305
511039,1,7,6,9.585620132202838
511048,1,7,1,6.789917862272811
511059,1,7,5,0.3700090141005197
511063,1,7,6,29.362788330006296
511067,1,7,9,28.983736912551965
511070,1,7,8,35.77598343894117
511090,1,7,8,11.698654124996608
511113,1,7,3,2.4737708764110247
511118,1,7,9,22.983779183156066
511159,1,7,8,11.749792540463254
511162,1,7,3,3.197677623301291
511172,1,7,2,1.8308297292907103
511175,1,7,8,9.47973731146041
511181,1,7,4,0.3700090657260609
511191,1,7,2,15.715899105094119
511199,1,7,8,10.467226855851802
511201,1,7,7,4.563945781081531
511202,1,7,6,16.62451857618876
511209,1,7,8,16.236822066038165
511211,1,7,6,16.636910889207464
511218,1,7,6,16.97375842144131
511221,1,7,10,15.37709364824243
511233,1,7,5,0.3700090141005197
511235,1,7,1,10.472559896278298
511239,1,7,2,4.2335781515926145
511241,1,7,5,0.3700090141005197
511244,1,7,1,6.418135349283152
511245,1,7,7,3.2603709787378796
511248,1,7,10,22.790063232595465
511250,1,7,9,30.048113448995576
511299,1,7,9,26.904983811559628
511301,1,7,6,7.056531321144771
511303,1,7,10,18.2306025816981
511308,0,7,0,0.02853923925415103
511323,1,7,8,16.438432305061365
511336,1,7,8,30.484166049702534
511346,1,7,5,0.3700090141005197
511347,1,7,9,20.28140303065804
511363,1,7,7,6.035064763327293
511374,1,7,8,13.96600596342831
511376,0,7,0,0.09872830757017442
511378,1,7,5,0.3700090141005197
511379,1,7,8,22.973730390422723
511387,1,7,9,21.312255751374707
511410,1,7,7,2.429364095027263
511416,1,7,10,17.15701164539967
511439,1,7,6,29.759768148662257
511461,1,7,6,7.010590427240036
511470,1,7,10,16.315552612066206
511486,1,7,9,19.387139126818877
511503,1,7,9,25.37964163309569
511524,1,7,9,21.45130218621739
511527,1,7,9,15.297504490653708
511554,1,7,8,6.524815497745302
511563,1,7,6,19.55265578162305
511565,1,7,6,16.754181701243258
511570,1,7,4,0.3700090657260609
511571,1,7,4,0.3700090657260609
511573,0,7,0,0.04101121422045633
511574,1,7,8,24.68313070210021
511591,1,7,5,0.3700090141005197
511606,1,7,10,4.836197166892797
511607,1,7,5,0.3700090141005197
511612,1,7,5,0.3700090141005197
511620,1,7,5,0.3700090141005197
511622,1,7,8,13.25721642176084
511647,1,7,6,16.03344217298282
511659,1,7,8,23.403208291504992
511689,1,7,9,22.921045971830228
511696,1,7,5,0.3700090141005197
511700,1,7,1,5.9840527897055305
511709,1,7,9,25.076474524511735
511726,1,7,10,16.906185555786255
511730,0,7,0,0.06079021274332107
511732,1,7,8,21.427760660042328
511734,1,7,9,24.639396432149532
511748,1,7,3,3.201069722584329
511749,1,7,6,22.557973135231684
511750,1,7,6,29.66274742742481
511755,1,7,8,22.331268911490913
511757,0,7,0,0.03613026531902721
511768,1,7,9,33.09143228413032
511773,1,7,3,1.2533917151821468
511774,0,7,0,0.039463005417797514
511781,1,7,8,19.505352315135784
511783,1,7,6,19.909708333186938
511798,1,7,2,9.072276426363644
511802,1,7,6,16.681161245405555
511811,1,7,2,3.335880109238271
511814,1,7,4,0.3700090657260609
511816,1,7,8,7.1506900138036436
511817,1,7,1,23.71628000593205
511829,1,7,9,31.246316380115637
511837,1,7,7,5.194944789785898
511855,1,7,5,0.3700090141005197
511857,0,7,0,0.03625528443546735
511913,1,7,8,4.8951830043826625
511939,1,7,9,30.3515619958117
511956,1,7,9,22.134822817329503
511970,1,7,10,18.33999148553155
511976,1,7,1,9.905744487557197
511980,1,7,9,23.304945576673482
511997,1,7,5,0.3700090141005197
512000,1,7,4,0.3700090657260609
512004,1,7,9,27.0563453713266
512010,1,7,8,24.557030253179914
512012,1,7,9,12.547653591793937
512021,1,7,7,6.417613584555118
512027,0,7,0,0.029289193268730192
512033,1,7,8,17.279512894119147
512040,1,7,4,0.3700090657260609
512042,1,7,2,8.35148848741797
512046,0,7,0,0.03440039978406137
512060,1,7,6,28.554762219395464
512077,1,7,9,4.068235258720793
512089,1,7,9,32.70568167258809
512107,1,7,5,0.3700090141005197
512109,1,7,6,28.185579686787477
512110,1,7,6,30.137565921916266
512113,1,7,6,29.356661035087907
512125,1,7,9,2.5642625194607342
512134,1,7,5,0.3700090141005197
512135,1,7,3,1.3528883642415825
512138,1,7,9,15.611275017920535
512163,1,7,2,13.874388361757685
512164,1,7,9,24.09202710828157
512168,1,7,6,13.549862609032717
512171,1,7,7,3.3754427236210107
512178,1,7,9,5.044927924873291
512183,1,7,8,5.080219784176639
512186,1,7,2,5.328296007657284
512193,0,7,0,0.09873362700097842
512198,1,7,9,25.266410236711195
512207,1,7,6,14.213681547024736
512210,1,7,10,13.945523553915368
512216,1,7,8,27.860152421737485
512228,1,7,9,22.380034647134657
512234,0,7,0,0.04719960742203354
512237,1,7,9,26.482191859664884
512241,1,7,6,25.0402441620499
512247,1,7,9,30.480249000992302
512253,1,7,9,12.392509315520813
512264,1,7,8,20.944924030476585
512267,1,7,5,0.3700090141005197
512280,1,7,10,10.461198851271647
512303,1,7,10,15.373194815550523
512305,1,7,7,1.9901475094579262
512308,1,7,9,32.99916282850487
512314,1,7,9,30.491401747284012
512324,1,7,4,0.3700090657260609
512327,1,7,1,8.19426102808288
512340,0,7,0,0.02393485315219718
512351,1,7,6,8.27907811874637
512357,1,7,4,0.3700090657260609
512361,0,7,0,0.03395953356087077
512371,1,7,5,0.3700090141005197
512387,1,7,10,6.585707277724621
512405,1,7,5,0.3700090141005197
512409,1,7,9,24.911962837785403
512412,1,7,7,2.725799079704509
512418,1,7,5,0.3700090141005197
512424,1,7,2,5.67101442827644
512440,1,7,9,25.815979452651145
512442,1,7,6,19.150166871316706
512443,1,7,9,4.824219729252165
512447,0,7,0,0.023089254441631513
512470,1,7,8,18.976117806550057
512474,1,7,8,5.079139176634481
512480,1,7,5,0.3700090141005197
512496,1,7,6,22.943214315181848
512497,1,7,9,25.31278812611813
512500,1,7,6,8.57455768079436
512506,1,7,7,0.3622211274647206
512523,1,7,7,6.404144762300767
512532,1,7,9,31.33152152781482
512537,1,7,3,2.828653304543712
512540,1,7,5,0.3700090141005197
512545,1,7,6,5.429050400482839
512555,1,7,4,0.3700090657260609
512570,1,7,1,6.848368735102346
512576,1,7,1,3.641122673497884
512578,1,7,5,0.3700090141005197
512581,1,7,9,29.179116541145707
512588,1,7,4,0.3700090657260609
512595,1,7,5,0.3700090141005197
512601,1,7,6,19.705412698018105
512602,1,7,10,19.935320984190245
512607,1,7,4,0.3700090657260609
512609,1,7,9,5.194622283910656
512613,1,7,5,0.3700090141005197
512615,1,7,6,17.493120949657392
512637,1,7,1,4.661490497806906
512638,0,7,0,0.028865905443891362
512659,1,7,10,17.228966178074504
512670,0,7,0,0.036653089109581594
512728,1,7,2,16.479164349259342
512738,1,7,1,6.859136288280272
512760,1,7,9,25.0794690657054
512761,1,7,2,13.088843301131574
512764,0,7,0,0.0718619154018539
512767,1,7,7,5.5955375415072846
512774,1,7,1,4.6419176854683695
512782,1,7,4,0.3700090657260609
512806,1,7,7,5.579149753311451
512807,1,7,6,19.41497080299087
512814,1,7,5,0.3700090141005197
512842,1,7,3,2.8178617675006556
512880,1,7,5,0.3700090141005197
512893,0,7,0,0.0368969352349117
512901,1,7,9,23.864657794272695
512915,1,7,9,27.150271110331563
512927,1,7,8,16.271337127078716
512938,1,7,5,0.3700090141005197
512942,1,7,6,22.899982728864387
512945,1,7,6,26.79461102867833
512952,1,7,5,0.3700090141005197
512975,1,7,5,0.3700090141005197
512993,1,7,3,3.0917813017120963
513002,0,7,0,0.029589621112866313
513009,1,7,5,0.3700090141005197
513026,1,7,10,20.498522853209813
513028,1,7,5,0.3700090141005197
513039,1,7,9,23.58382678776603
513040,1,7,6,30.257055911820157
513050,1,7,6,23.714379492532004
513072,1,7,5,0.3700090141005197
513078,1,7,9,22.641172286456413
513087,1,7,9,26.978608025715946
513114,1,7,2,6.052793155074501
513116,1,7,4,0.3700090657260609
513118,1,7,8,31.26735457876286
513125,1,7,9,29.12332352939031
513130,1,7,9,24.035855555946544
513141,1,7,3,3.2289639218305224
513152,1,7,9,22.01319902347044
513155,1,7,6,14.293826639684257
513161,1,7,4,0.3700090656202526
513163,1,7,2,10.814885004885687
513168,1,7,9,18.822267232436726
513172,1,7,7,4.135154018197242
513175,1,7,4,0.3700090657260609
513183,1,7,10,23.415944366401845
513201,1,7,6,18.367556219798143
513207,1,7,5,0.3700090141005197
513215,1,7,5,0.3700090141005197
513236,1,7,4,0.3700090657260609
513246,1,7,4,0.3700090657260609
513251,1,7,8,11.906421507756574
513273,1,7,7,3.3117418890502854
513301,1,7,6,9.927989786549755
513331,1,7,5,0.3700090141005197
513339,1,7,1,27.739546044011277
513342,1,7,9,29.102491872563014
513355,1,7,8,29.945250450291237
513388,1,7,6,20.130353990844885
513402,1,7,5,0.3700090141005197
513416,1,7,4,0.3700090657260609
513425,1,7,4,0.3700090657260609
513429,1,7,2,0.881603759803351
513431,1,7,2,6.3389243222755445
513440,1,7,6,16.256089403741104
513445,0,7,0,0.03411351902796459
513447,1,7,1,19.768494145526198
513455,1,7,5,0.3700090141005197
513462,1,7,9,33.06347752099031
513468,1,7,7,5.343268431919315
513469,1,7,7,0.34741520575440527
513478,1,7,1,7.0975266490557924
513480,0,7,0,0.13222327391700586
513487,1,7,5,0.3700090141005197
513489,1,7,8,31.396342678161762
513491,1,7,7,4.133776946003273
513521,1,7,10,7.025163756068179
513522,1,7,8,14.22560635935286
513532,1,7,1,16.541193888176274
513535,1,7,8,29.53605373564817
513539,1,7,7,6.283614320877483
513561,1,7,10,25.129641180898307
513566,1,7,8,2.5253341309718036
513633,1,7,10,21.090075552095314
513634,1,7,5,0.3700090141005197
513639,1,7,9,8.23481777027441
513665,1,7,1,26.84092839928924
513669,0,7,0,0.041567850937316
513675,1,7,7,0.9348039119431776
513685,1,7,8,35.63471153192931
513686,1,7,10,25.657313031203547
513712,1,7,9,11.466817171233574
513715,1,7,5,0.3700090141005197
513723,1,7,10,18.305667053074437
513736,1,7,3,1.7684704316923339
513750,1,7,5,0.3700090141005197
513780,1,7,5,0.3700090141005197
513792,1,7,9,25.244631514152392
513798,1,7,1,25.115289245159477
513800,1,7,5,0.3700090141005197
513807,1,7,9,18.890708571828608
513814,1,7,8,20.240297919224005
513820,1,7,1,21.12526381722826
513829,1,7,9,16.861271610971496
513830,1,7,2,8.371202648349614
513832,1,7,9,32.17221781578253
513843,1,7,9,12.502339967970135
513856,1,7,6,11.484378969424244
513860,1,7,9,32.9195811049773
513861,1,7,8,32.43493658833052
513869,1,7,7,0.6036657782149192
513872,1,7,1,22.858867760237665
513873,1,7,9,31.03643972515014
513874,1,7,9,29.845934396076036
513875,1,7,6,30.17093594463251
513884,1,7,4,0.3700090657260609
513893,1,7,3,3.20883673218222
513894,1,7,6,24.525451628089183
513909,1,7,6,29.793361366526362
513927,1,7,9,15.08270097510071
513942,1,7,1,10.7446755557558
513950,1,7,8,22.590106159278953
513952,1,7,9,25.90715992248496
513955,1,7,6,9.500372865986083
513968,1,7,4,0.3700090657260609
513969,1,7,5,0.3700090141005197
513991,1,7,4,0.3700090657260609
513997,1,7,8,31.258192725097057
514015,1,7,9,23.036647189192838
514025,1,7,1,27.629312675742487
514030,1,7,8,34.79466877574572
514032,1,7,7,1.044139756243259
514034,1,7,3,3.221306589754854
514059,1,7,7,5.763005917915742
514066,0,7,0,0.03077047534699278
514072,1,7,7,3.598512062291616
514080,1,7,9,21.524451162438112
514090,0,7,0,0.047234188303826787
514105,1,7,1,11.682941538372464
514125,1,7,5,0.3700090141005197
514151,1,7,6,14.85889243592037
514174,1,7,9,33.2614863065372
514175,1,7,9,8.865849628346911
514178,1,7,7,2.897416198668896
514181,1,7,5,0.3700090141005197
514188,1,7,8,9.286323979997276
514198,1,7,2,8.138547407791506
514213,1,7,8,27.455473904722513
514217,1,7,10,18.954356415950027
514244,1,7,9,21.50632494336509
514250,1,7,10,18.176384342110744
514279,0,7,0,0.04390328096771244
514285,1,7,3,2.0139976173102285
514290,1,7,2,15.273104378208256
514293,1,7,5,0.3700090141005197
514296,1,7,9,18.94188941780614
514323,1,7,8,17.932585605818137
514337,1,7,6,27.015642698457228
514354,0,7,0,0.04490413477851223
514360,1,7,6,25.527217159338587
514370,1,7,1,8.804577904032598
514375,1,7,8,26.141140096405557
514390,1,7,9,9.89534141065434
514396,1,7,2,12.707207283379747
514399,1,7,7,0.8751009335132134
514406,1,7,8,34.89810907249585
514408,1,7,9,22.548605950533982
514418,1,7,4,0.3700090656202526
514425,1,7,7,2.0302747183624428
514433,1,7,7,3.8115498876874616
514441,0,7,0,0.03896224236779795
514452,1,7,7,6.213732788207394
514460,1,7,9,28.14807838199706
514464,1,7,6,30.24222249101647
514466,1,7,10,17.327341089452815
514468,1,7,8,21.542849085833545
514470,1,7,4,0.3700090657260609
514476,1,7,2,1.039701733418613
514493,1,7,9,29.197664916680882
514502,1,7,5,0.3700090141005197
514504,1,7,9,31.028503329660406
514532,1,7,9,23.380151337280275
514538,1,7,6,8.344526719927098
514544,1,7,5,0.3700090141005197
514545,1,7,6,28.278587697908215
514547,1,7,4,0.3700090657260609
514568,1,7,7,4.458361428870927
514573,1,7,4,0.3700090657260609
514574,1,7,5,0.3700090141005197
514578,1,7,8,19.285672808242875
514605,1,7,9,20.500087335856808
514613,1,7,10,17.047581442695712
514627,1,7,9,3.086841136484781
514650,1,7,1,14.37360791011218
514658,0,7,0,0.03057063493304071
514667,1,7,6,29.953306809057384
514668,1,7,2,14.994798309469356
514671,1,7,9,32.99335465366925
514672,1,7,2,4.059219496876585
514683,1,7,10,12.597214253629573
514718,1,7,9,33.069778815424456
514730,1,7,9,24.065357473774668
514735,1,7,9,32.8399986529771
514741,1,7,8,20.232805027990718
514753,1,7,10,13.014475543164266
514766,1,7,5,0.3700090141005197
514769,1,7,6,29.882958625198917
514784,1,7,5,0.3700090141005197
514797,1,7,9,33.45033711707635
514819,1,7,9,22.160747549439627
514827,1,7,1,15.61004720327333
514831,1,7,8,33.83846512312122
514835,1,7,1,20.122849177070528
514841,0,7,0,0.027113713112364782
514848,1,7,9,31.8837851507242
514849,1,7,8,18.832696163609718
514857,1,7,1,7.377285206992741
514876,1,7,10,22.734730062982784
514882,1,7,1,21.98004038834829
514884,1,7,9,25.570516392122702
514908,1,7,10,14.824818939227354
514911,1,7,7,2.6886883607215304
514930,1,7,3,3.207404009285503
514931,1,7,8,36.11268354160914
514933,1,7,6,8.267418159292966
514945,1,7,5,0.3700090141005197
514960,1,7,1,19.748038918697958
514966,1,7,4,0.3700090657260609
514985,1,7,5,0.3700090141005197
514987,1,7,10,5.543998174384012
514994,1,7,8,17.1054365990242
514997,1,7,4,0.3700090656202526
515011,1,7,8,5.2521560548570365
515026,1,7,8,29.23252853970099
515033,1,7,7,1.7188880378172138
515044,1,7,9,9.132901798014917
515050,1,7,2,14.109574487620373
515055,1,7,3,1.108206238371486
515061,1,7,7,5.523204941335474
515062,1,7,8,13.247911946927593
515085,1,7,8,13.639784961751278
515107,1,7,8,13.573757854720565
515112,1,7,6,12.151204788690801
515117,1,7,6,23.742722441362897
515127,1,7,6,19.413242481199017
515141,1,7,6,27.88703459747218
515145,1,7,3,0.5927896388749353
515160,0,7,0,0.03027286678440579
515170,1,7,10,15.546351132425645
515174,1,7,6,27.362089680220684
515175,1,7,7,4.607724187209317
515176,1,7,8,34.928851671888886
515199,1,7,6,30.369629776560842
515202,1,7,2,5.074601746335638
515266,1,7,6,8.773649220481293
515273,1,7,5,0.3700090141005197
515283,1,7,8,18.5529105948183
515288,1,7,8,34.159859559841266
515328,1,7,9,23.55808937815908
515335,1,7,6,26.0740235650915
515355,1,7,1,18.22748879745578
515367,1,7,10,15.65258979883792
515368,1,7,10,15.753833864123143
515385,1,7,8,14.527488391619828
515393,1,7,7,1.7150532528099105
515401,1,7,6,28.552679545284423
515403,1,7,9,7.541535897777768
515405,1,7,8,23.835435479635525
515413,1,7,8,30.497773345735766
515426,1,7,10,15.866512991175965
515432,1,7,4,0.3700090657260609
515435,1,7,7,3.772926324335922
515455,1,7,5,0.3700090141005197
515463,1,7,1,23.73931813297364
515473,1,7,9,20.3986677432462
515496,1,7,6,28.968213432442557
515504,1,7,8,30.98424425843777
515524,1,7,9,26.918911659479637
515545,1,7,8,35.83962539402628
515552,1,7,4,0.3700090657260609
515562,1,7,9,28.13612653189118
515566,1,7,10,17.37274754267601
515579,1,7,8,22.20942132444992
515580,1,7,8,21.734160477235893
515581,1,7,3,2.9768676006278696
515587,1,7,8,22.500416241744208
515591,1,7,4,0.3700090657260609
515613,1,7,8,10.965146223085629
515615,1,7,7,5.0337285281605295
515652,1,7,5,0.3700090141005197
515659,1,7,1,23.507375051859114
515663,1,7,9,33.06171471888261
515672,1,7,9,15.857076988192246
515678,1,7,4,0.3700090657260609
515710,1,7,2,13.051574151501125
515722,1,7,5,0.37000902039789374
515727,1,7,3,1.6651654786588796
515731,1,7,4,0.3700090657260609
515733,1,7,6,14.141711665984095
515734,1,7,8,7.297431241102892
515743,1,7,6,13.076628942238163
515754,0,7,0,0.05509755286359326
515802,1,7,7,5.2968028996934535
515813,1,7,9,33.225751066866195
515829,1,7,5,0.3700090141005197
515833,1,7,4,0.3700090657260609
515840,1,7,5,0.3700090141005197
515841,1,7,1,7.215355178062546
515854,1,7,9,9.638332508640453
515865,1,7,5,0.3700090141005197
515866,1,7,9,7.678681467073472
515874,1,7,8,16.384071623093426
515881,1,7,4,0.3700090657260609
515889,1,7,4,0.3700090657260609
515922,1,7,5,0.3700090141005197
515932,1,7,10,14.993960687713033
515947,1,7,8,28.558474955494734
515950,1,7,4,0.3700090657260609
515965,1,7,1,13.923451718237422
515970,1,7,4,0.3700090657260609
515977,1,7,9,25.176504612812213
515983,1,7,9,20.00872681237071
515990,1,7,10,10.937469888738411
515992,1,7,9,33.43573447260867
516004,1,7,2,13.77418676935847
516007,1,7,10,23.38480396430009
516008,1,7,5,0.3700090141005197
516014,1,7,6,25.908530562214242
516022,1,7,9,26.067256478904923
516023,1,7,5,0.3700090141005197
516028,1,7,9,33.49564568396844
516029,1,7,5,0.3700090141005197
516041,1,7,7,1.6964879974866471
516082,1,7,9,32.4513550281983
516092,1,7,9,18.146589246772965
516099,1,7,8,35.40129669467333
516105,1,7,6,17.32244228837072
516125,1,7,8,24.234791957937592
516128,1,7,5,0.3700090141005197
516143,1,7,6,16.16526019458826
516164,1,7,3,2.5194829869248045
516167,1,7,9,10.725958887677548
516187,0,7,0,0.03599101404039001
516201,1,7,10,16.771739742120563
516239,0,7,0,0.03993517509578955
516250,1,7,9,21.21627613719071
516281,1,7,6,10.034714855412057
516282,1,7,5,0.3700090141005197
516297,1,7,6,18.019440697001816
516301,1,7,6,29.270798176498477
516310,1,7,10,13.927658412686004
516331,1,7,9,24.687906690303063
516336,1,7,9,13.392181994877983
516342,1,7,5,0.3700090141005197
516353,1,7,5,0.3700090141005197
516355,1,7,8,20.27998768100892
516369,1,7,8,13.001638955661406
516375,1,7,9,33.07908335222323
516377,1,7,9,5.5004465872148565
516385,1,7,6,27.627903327659862
516389,1,7,7,6.020908659369154
516390,1,7,9,30.170464203444
516407,1,7,4,0.3700090657260609
516433,1,7,8,28.250591187601863
516435,1,7,8,25.31738954392921
516448,1,7,9,13.090894632419836
516455,1,7,10,4.138063150494694
516464,1,7,2,14.872162858719252
516504,1,7,8,6.953529005269011
516509,1,7,7,0.8048192522403698
516510,1,7,7,5.906378173330561
516511,1,7,9,21.689286668509826
516514,1,7,1,21.734659104582903
516543,1,7,4,0.3700090657260609
516551,1,7,5,0.3700090141005197
516553,1,7,8,22.683919457660835
516555,1,7,8,14.195305595577445
516559,1,7,6,26.281648567915507
516596,1,7,4,0.3700090657260609
516603,1,7,1,12.948862287877628
516611,1,7,4,0.3700090657260609
516623,0,7,0,0.03143272085138239
516635,1,7,6,30.01601892924542
516650,1,7,1,17.365610434846673
516655,1,7,7,6.000468480896144
516683,1,7,9,31.547932522864578
516685,1,7,4,0.3700090657260609
516690,1,7,5,0.3700090141005197
516719,1,7,4,0.3700090657260609
516726,1,7,9,19.889221076692444
516758,1,7,5,0.3700090141005197
516773,1,7,6,21.65978549603273
516780,1,7,5,0.37000902039789374
516783,1,7,2,11.1289514932301
516787,1,7,5,0.3700090141005197
516793,1,7,2,16.55048990298053
516815,1,7,9,15.230411381346968
516840,1,7,6,11.658882117778306
516842,1,7,7,5.659159698353372
516864,1,7,8,29.42217143835388
516882,1,7,8,33.46240529953512
516898,1,7,2,8.354266398079483
516912,1,7,10,16.56039362926411
516945,1,7,1,22.044568392573012
516946,1,7,8,26.453980568743546
516948,1,7,8,21.58677998808722
516951,1,7,1,17.64632133460822
516957,1,7,6,22.3525251311001
516973,1,7,9,16.19179133676924
516986,1,7,6,25.485179006381845
517002,1,7,9,28.931242560829315
517011,1,7,9,29.704584172480555
517017,1,7,6,16.147158776282325
517021,1,7,9,27.017313461707477
517026,1,7,9,15.644315035061558
517067,1,7,6,30.04175181835077
517068,1,7,6,7.2359070599477855
517083,1,7,9,9.524488626956781
517086,1,7,9,5.644159985111335
517087,1,7,10,26.0508104001513
517091,1,7,8,24.963061920135914
517095,1,7,6,25.54790479364617
517097,1,7,1,10.428350839263615
517107,1,7,8,30.72580260861752
517116,1,7,8,6.481106380507128
517117,1,7,9,14.433098608654689
517130,1,7,8,25.603596487975146
517133,1,7,6,12.535528257268629
517136,1,7,3,1.7688974386485061
517173,1,7,3,2.9867801547343067
517174,1,7,1,13.741359956526326
517176,1,7,1,20.290457089622365
517177,1,7,10,8.16111182610833
517183,1,7,9,30.167510078231835
517186,1,7,7,5.662184324439906
517204,1,7,5,0.3700090141005197
517205,1,7,6,28.87398841731486
517218,1,7,8,19.30244558543359
517227,1,7,8,34.497068680818586
517231,1,7,3,2.652473286240531
517233,1,7,5,0.3700090141005197
517247,1,7,5,0.3700090141005197
517262,1,7,5,0.3700090141005197
517271,1,7,5,0.3700090141005197
517273,1,7,9,21.745588641018205
517282,1,7,8,11.617674945877226
517299,1,7,6,20.878388937872202
517319,1,7,8,2.605296081717304
517341,1,7,9,16.170973238719974
517343,1,7,9,33.28308874007117
517355,1,7,9,3.8884717307425136
517381,1,7,4,0.3700090657260609
517395,0,7,0,0.039664516023827916
517400,1,7,10,3.5861027157656484
517401,1,7,5,0.3700090141005197
517404,0,7,0,0.038283556419798734
517412,1,7,3,1.375709923843064
517417,1,7,6,21.698565707992778
517430,1,7,4,0.3700090657260609
517447,1,7,9,13.888264989810882
517455,1,7,5,0.3700090141005197
517459,1,7,6,13.029941095454975
517468,1,7,6,26.77322675907868
517517,1,7,8,13.229950761085199
517518,1,7,8,15.34505323344485
517519,1,7,8,21.08688707841958
517528,1,7,6,15.543850825761892
517544,1,7,9,31.783742824059363
517552,1,7,5,0.3700090141005197
517553,1,7,4,0.3700090657260609
517555,1,7,9,20.00306961631007
517559,1,7,5,0.3700090141005197
517561,1,7,7,3.2886602962583296
517574,1,7,1,23.593814014275914
517581,1,7,8,11.998998584692268
517591,1,7,9,29.6324436535698
517592,1,7,4,0.3700090657260609
517598,1,7,3,1.3638029146328774
517599,1,7,5,0.3700090141005197
517608,1,7,7,5.082327984660729
517614,1,7,1,20.166043874208388
517617,1,7,4,0.3700090657260609
517623,1,7,4,0.3700090657260609
517645,0,7,0,0.04729066662875183
517647,1,7,9,7.7822907322760955
517649,1,7,10,12.535261737433276
517661,1,7,7,2.470380633296598
517666,1,7,9,19.93281091806549
517671,1,7,5,0.37000902039789374
517674,1,7,8,35.13798669650623
517711,1,7,8,26.8531225078912
517752,1,7,9,24.830689087002327
517764,1,7,10,16.573928837236327
517789,1,7,10,20.832495546906312
517794,1,7,2,7.742813622178472
517799,1,7,1,6.385415141915493
517802,1,7,5,0.3700090141005197
517804,0,7,0,0.03867066762473315
517814,1,7,6,22.84573948350384
517828,1,7,6,30.275623968435298
517830,0,7,0,0.0364852889141593
517844,1,7,8,19.640617423056167
517847,1,7,9,33.342814416975415
517860,1,7,7,6.387759733302277
517864,1,7,9,29.609433254532476
517871,1,7,10,22.340121940551484
517875,1,7,1,15.344723306959393
517879,1,7,1,26.58163341547048
517887,1,7,9,10.222333560899804
517888,1,7,6,27.985643284409253
517900,1,7,1,26.552087717809123
517912,1,7,7,5.914225186442297
517914,1,7,7,0.9529811029734891
517916,0,7,0,0.037339028258598965
517918,1,7,10,18.66023414862277
517923,1,7,5,0.3700090141005197
517931,1,7,1,15.752955674706854
517953,1,7,6,12.102179942971825
517970,1,7,7,5.429105486767442
517973,1,7,5,0.37000902039789374
517982,1,7,6,11.734525194053933
518003,1,7,8,35.501417183291046
518011,1,7,4,0.3700090657260609
518030,1,7,2,15.372840211614434
518038,1,7,6,15.531556501634277
518045,1,7,5,0.3700090141005197
518051,1,7,8,35.645261159789726
518052,1,7,6,18.86431334361906
518053,1,7,2,8.049804398746279
518061,1,7,5,0.3700090141005197
518067,1,7,5,0.3700090141005197
518071,1,7,2,14.768396045332251
518073,1,7,6,17.811785509102407
518087,0,7,0,0.03902501709777188
518089,1,7,3,1.0043871094014578
518090,1,7,9,8.824341649107833
518114,1,7,4,0.3700090657260609
518118,1,7,4,0.3700090657260609
518122,1,7,5,0.3700090141005197
518127,1,7,6,29.32106903290572
518133,1,7,6,6.837494443946163
518145,1,7,8,23.901177058412276
518146,1,7,8,24.784390047786964
518148,1,7,9,28.098977403778253
518154,1,7,5,0.3700090141005197
518176,1,7,8,5.152485254241132
518179,1,7,8,4.891595680180941
518204,1,7,7,0.9374179349766449
518208,1,7,1,20.416532286410188
518227,1,7,10,20.831635789169287
518251,1,7,9,33.71545582198674
518265,1,7,5,0.37000902039789374
518272,1,7,2,9.787841900266743
518273,1,7,6,13.075946262473835
518288,1,7,8,23.39643091836957
518289,0,7,0,0.03509498943194635
518311,1,7,8,21.942607077510946
518315,1,7,5,0.3700090141005197
518326,1,7,6,19.157164882799677
518341,1,7,9,33.042687270297215
518348,1,7,8,15.958524134036704
518367,1,7,5,0.3700090141005197
518368,1,7,9,14.763711580095181
518380,1,7,4,0.3700090657260609
518388,1,7,8,7.562641038812929
518391,1,7,4,0.3700090657260609
518417,1,7,4,0.3700090657260609
518419,1,7,10,16.070549791134837
518442,0,7,0,0.026180093579916047
518454,1,7,5,0.3700090141005197
518460,1,7,8,15.944148446470805
518467,1,7,4,0.3700090657260609
518480,1,7,6,16.891907713395337
518481,1,7,5,0.3700090141005197
518493,1,7,4,0.3700090657260609
518505,1,7,8,31.50241405846469
518528,1,7,6,22.530420383426826
518530,1,7,6,7.566580094862883
518549,1,7,1,17.646648082706538
518562,1,7,5,0.3700090141005197
518564,1,7,8,15.650579302460747
518577,1,7,7,3.144351796599727
518602,1,7,8,24.640229427248606
518646,1,7,9,31.992169145893225
518652,1,7,7,6.080440486538836
518653,1,7,8,33.13586968643013
518666,0,7,0,0.030618707008363465
518670,1,7,2,6.015191956018192
518682,1,7,10,22.801926922448054
518690,1,7,7,0.5907389050633606
518702,1,7,5,0.3700090141005197
518715,1,7,9,29.49251316029182
518726,1,7,9,21.66856396909628
518759,1,7,7,0.34103318593109194
518761,1,7,1,17.19409499261822
518787,1,7,9,32.760337993845354
518795,1,7,6,27.102337615802693
518813,1,7,9,33.730269316470114
518818,1,7,6,27.380954407368
518854,1,7,6,28.700442345915487
518878,1,7,3,0.7255040244723627
518879,1,7,5,0.3700090141005197
518890,1,7,8,13.109870433131977
518904,1,7,8,33.42511543335005
518934,1,7,1,18.472377894742696
518939,1,7,1,19.340250955916847
518946,1,7,10,15.458436401650577
518952,0,7,0,0.03831871425795153
518958,0,7,0,0.031500752830345105
518964,1,7,6,12.128438053861933
518978,1,7,2,1.874843420259879
518987,1,7,5,0.3700090141005197
518990,0,7,0,0.11585776690928677
518999,1,7,5,0.3700090141005197
519004,1,7,2,9.548645052161744
519016,1,7,7,5.208331583829481
519025,1,7,6,17.341057170668307
519037,1,7,6,25.035130313926548
519044,1,7,8,31.064837592340137
519048,1,7,4,0.3700090657260609
519052,1,7,6,25.074810293553725
519055,1,7,9,33.77587744633383
519056,1,7,10,22.255438764353478
519063,1,7,8,26.05520347713936
519067,0,7,0,0.035224235918983944
519070,1,7,4,0.3700090657260609
519077,1,7,3,3.102978081043625
519086,1,7,6,27.910064948135545
519092,1,7,6,23.80949355510852
519094,1,7,9,8.326072584787935
519100,1,7,6,10.883471261956906
519120,1,7,8,13.727603899756003
519138,1,7,5,0.3700090141005197
519161,1,7,6,30.127143407194726
519180,1,7,5,0.3700090141005197
519186,1,7,5,0.3700090141005197
519202,1,7,5,0.3700090141005197
519212,1,7,7,4.320075161395527
519217,1,7,5,0.3700090141005197
519242,1,7,6,20.31750280258237
519246,1,7,6,27.286495327502415
519288,1,7,4,0.3700090657260609
519295,1,7,6,29.79548914809654
519297,1,7,5,0.3700090141005197
519300,1,7,10,18.471930828650517
519315,1,7,8,14.506056570916542
519318,1,7,9,21.916635862322707
519319,1,7,7,0.3465936663206061
519323,1,7,8,33.225389646687276
519329,1,7,4,0.3700090657260609
519334,1,7,7,4.265138626067864
519340,1,7,8,10.483537845403056
519356,1,7,9,21.222361708798758
519369,1,7,8,23.05786079525688
519371,1,7,10,9.92939558680196
519410,1,7,5,0.3700090141005197
519416,1,7,4,0.3700090657260609
519421,1,7,9,30.752352775682017
519427,1,7,2,15.877039198288184
519428,1,7,8,11.478985031115416
519430,1,7,9,32.17503769098659
519438,1,7,9,30.65051770058116
519453,1,7,6,22.818509060576865
519458,1,7,1,16.53351814138752
519459,1,7,8,6.552864701831744
519465,1,7,10,14.587652137084138
519469,1,7,2,13.921447537603044
519496,1,7,8,18.73537188065543
519505,0,7,0,0.03397240737086632
519517,0,7,0,0.030300716558480302
519519,1,7,9,6.719512494917061
519524,1,7,7,1.7512376847560795
519530,1,7,7,2.205468984378291
519537,1,7,9,22.95371437711984
519544,0,7,0,0.03624272600761061
519547,1,7,1,13.316642563004198
519561,1,7,3,1.4856531384585496
519565,1,7,5,0.3700090141005197
519570,1,7,9,16.5252006731065
519571,1,7,1,22.48532039894739
519577,1,7,6,17.34280450401399
519579,1,7,9,29.17549680171971
519583,1,7,4,0.3700090657260609
519584,1,7,10,25.664629336812936
519593,0,7,0,0.0389611834556746
519602,1,7,8,32.59862040997206
519615,1,7,7,0.3894267117260355
519616,1,7,2,16.103636986998858
519619,1,7,9,25.35144876394102
519629,1,7,6,21.69803037544776
519634,1,7,9,10.391825922992
519635,1,7,4,0.3700090657260609
519646,1,7,2,9.523347101125223
519651,1,7,10,18.442554917741667
519666,1,7,9,19.777441811307973
519687,1,7,4,0.3700090657260609
519707,1,7,5,0.3700090141005197
519709,1,7,4,0.3700090657260609
519716,1,7,6,29.634138940713985
519732,1,7,10,9.061949674570197
519735,1,7,5,0.3700090141005197
519739,1,7,10,5.210270742039442
519746,1,7,6,10.204252577857043
519747,1,7,6,18.881775129156864
519756,1,7,6,14.937244062112857
519760,1,7,8,4.331456182714537
519774,1,7,5,0.3700090141005197
519775,1,7,6,18.844199016071435
519777,1,7,8,24.073845676672534
519806,1,7,8,29.23124514019609
519807,0,7,0,0.03411601408422846
519809,1,7,6,28.325997727144475
519814,1,7,9,17.598408179033772
519834,1,7,10,18.509116982077593
519857,1,7,1,16.99472505840805
519885,1,7,8,6.360033990670828
519892,1,7,2,14.008291966978932
519909,1,7,9,22.84021229108155
519917,1,7,9,24.545668290622856
519925,1,7,8,32.41077574426356
519948,1,7,9,23.95895364665829
519952,1,7,4,0.3700090657260609
519958,1,7,10,9.569655579809263
519964,1,7,4,0.3700090657260609
519973,1,7,6,29.93045935146283
520016,1,7,7,3.1212832709428464
520019,1,7,6,22.59920954542222
520027,1,7,10,18.184876815354638
520034,1,7,4,0.3700090657260609
520049,1,7,9,23.85637237928162
520069,1,7,9,25.551293136652358
520079,1,7,4,0.3700090657260609
520081,1,7,1,3.802231941652599
520106,1,7,6,19.0704022930923
520118,1,7,6,15.886778436813541
520120,1,7,1,28.023369863792695
520135,1,7,6,9.667735356021065
520141,1,7,10,26.001774975608917
520144,1,7,6,10.537543199208672
520151,1,7,5,0.3700090141005197
520154,1,7,6,28.445881399097154
520159,1,7,1,5.105120880394288
520165,1,7,8,31.583449423119596
520178,1,7,1,24.660261144738108
520188,1,7,10,25.365814756094622
520208,1,7,2,5.644572478350024
520209,1,7,9,33.41720276307171
520218,1,7,4,0.3700090657260609
520222,0,7,0,0.027824611207043517
520224,1,7,2,13.666511980948277
520230,1,7,4,0.3700090657260609
520234,1,7,3,2.983253279732482
520237,1,7,8,35.31717770628516
520249,1,7,3,3.0714728810527747
520254,1,7,7,4.023844718747809
520264,0,7,0,0.030712887592951165
520277,1,7,9,17.433060675252705
520304,1,7,5,0.3700090141005197
520305,1,7,9,10.47556387173562
520329,1,7,8,24.5514920484173
520332,1,7,9,32.970728427161774
520344,1,7,3,0.9233912657732678
520354,1,7,5,0.3700090141005197
520368,1,7,9,24.85312235902932
520369,1,7,9,14.097177667936425
520377,1,7,6,19.20876822081665
520403,1,7,6,12.107885025855065
520405,1,7,9,22.018419498179885
520438,1,7,9,32.676210772278765
520444,1,7,6,6.840104702729696
520453,0,7,0,0.03301777814006002
520480,1,7,4,0.3700090657260609
520481,1,7,3,2.089042188502142
520489,1,7,10,13.278709487541937
520495,1,7,10,17.825570437728256
520504,1,7,9,29.058559119934667
520533,1,7,9,5.996608228474596
520541,1,7,6,22.416312209605724
520561,1,7,1,20.311716960635913
520563,1,7,4,0.3700090657260609
520568,1,7,6,6.288106319573908
520597,1,7,3,2.7915239193209938
520624,1,7,9,30.625220446929237
520642,1,7,4,0.3700090657260609
520644,1,7,10,10.052627126787284
520648,1,7,9,25.218223832294477
520658,1,7,4,0.3700090657260609
520660,1,7,5,0.3700090141005197
520666,1,7,8,30.805158458569625
520672,1,7,10,10.743395440808499
520691,1,7,5,0.3700090141005197
520695,1,7,6,14.145358923427763
520705,1,7,1,25.66450221002901
520709,1,7,10,17.712323199831992
520712,1,7,4,0.3700090657260609
520720,1,7,8,20.007822695281742
520732,1,7,6,5.714717056730272
520740,1,7,10,26.01409836076001
520741,1,7,9,9.313769911311972
520743,1,7,5,0.3700090141005197
520750,1,7,8,12.864310915248426
520759,1,7,5,0.3700090141005197
520784,1,7,4,0.3700090657260609
520790,1,7,6,19.9592703051048
520796,1,7,4,0.3700090657260609
520798,1,7,5,0.3700090141005197
520800,1,7,9,24.810692201755902
520810,1,7,9,27.4304589487255
520813,1,7,3,3.0268508406032777
520834,0,7,0,0.03367280158990216
520836,1,7,8,17.46760708940529
520837,1,7,6,27.97197276284428
520854,1,7,5,0.3700090141005197
520865,1,7,6,13.987425494994453
520869,1,7,10,14.935534915012026
520879,1,7,4,0.3700090657260609
520905,1,7,4,0.3700090657260609
520918,1,7,9,31.603244413030456
520920,1,7,9,17.96527392801642
520922,1,7,6,30.530437334084244
520931,1,7,4,0.3700090657260609
520933,1,7,6,25.197721982715773
520934,1,7,3,0.8312601123895903
520936,1,7,7,4.011487017774929
520938,1,7,6,26.724619860753997
520943,1,7,3,2.2894750050888106
520953,1,7,5,0.3700090141005197
520956,1,7,8,19.31741823970345
520962,1,7,8,36.04625326735126
520973,1,7,10,12.524125554736683
521011,1,7,8,5.350331024864664
521029,1,7,8,28.591530361479833
521038,1,7,10,15.09777458077863
521058,1,7,8,34.571714169788144
521066,1,7,8,9.100983517562826
521082,1,7,8,24.334850935711945
521096,1,7,7,0.6108193960323337
521106,1,7,5,0.3700090141005197
521113,1,7,1,19.95030801071806
521121,1,7,4,0.3700090656202526
521125,1,7,4,0.3700090656202526
521151,1,7,5,0.3700090141005197
521160,1,7,8,31.12048479567292
521168,0,7,0,0.07345605750893944
521177,1,7,5,0.3700090141005197
521182,0,7,0,0.03352911983170029
521194,1,7,10,17.163113612579735
521213,1,7,9,20.81998669022239
521220,1,7,6,22.11992660323368
521228,1,7,9,16.03778663158977
521235,1,7,2,5.2073297232312115
521253,0,7,0,0.049024192970444545
521262,1,7,5,0.3700090141005197
521274,1,7,6,27.564039332746795
521279,1,7,6,22.739260327625388
521283,1,7,3,2.5939323255602496
521302,1,7,9,30.730753703001994
521308,1,7,4,0.3700090657260609
521315,1,7,10,25.761877861949113
521324,1,7,8,7.730476468739719
521326,1,7,8,22.493839215704376
521327,1,7,1,18.304478074234755
521332,1,7,8,23.837330830061536
521346,1,7,8,27.309223199198875
521352,1,7,6,11.611897263904764
521356,1,7,8,6.3545038630259745
521364,1,7,2,11.317990525019079
521367,1,7,5,0.3700090141005197
521393,1,7,7,6.162459885198306
521409,1,7,4,0.3700090657260609
521414,1,7,10,17.92215991271628
521417,1,7,4,0.3700090656202526
521418,1,7,2,2.918626993469662
521421,1,7,7,6.356112312408984
521424,1,7,1,14.108679707647454
521436,1,7,4,0.3700090657260609
521449,1,7,10,22.8588337607407
521482,1,7,6,28.97967972122407
521504,1,7,1,15.676896764440988
521510,1,7,1,18.912458331226176
521512,1,7,8,5.134827750477818
521523,0,7,0,0.02884688207542893
521526,1,7,8,12.079916670709846
521530,1,7,8,9.408696720949024
521546,1,7,8,23.282832981130262
521569,1,7,5,0.3700090141005197
521581,1,7,3,3.091493049010803
521585,1,7,9,33.362172126678715
521607,1,7,9,23.033007680555485
521612,1,7,9,32.6878462905191
521627,1,7,7,4.3082612720845805
521629,0,7,0,0.028683225060142196
521644,0,7,0,0.033634141355954744
521657,1,7,9,7.043551885182289
521681,1,7,9,29.97444701929067
521691,1,7,8,12.072953654177205
521710,1,7,5,0.3700090141005197
521711,1,7,5,0.3700090141005197
521720,1,7,9,23.580857571021436
521723,1,7,7,3.7007871491828177
521732,1,7,3,1.3892643114569905
521743,1,7,4,0.3700090657260609
521750,1,7,6,30.025382200211183
521752,1,7,5,0.37000902039789374
521756,1,7,1,27.974836178845127
521764,1,7,6,30.614307933389448
521784,1,7,6,11.840417579094636
521787,1,7,1,21.55220207065622
521798,1,7,6,21.518827797584127
521799,1,7,8,18.292529680363174
521812,1,7,9,18.0328305954568
521830,0,7,0,0.04555235761985176
521834,1,7,4,0.3700090657260609
521837,1,7,5,0.3700090141005197
521840,1,7,6,9.700513585790315
521848,1,7,8,33.74293653231419
521851,1,7,10,25.6958027089709
521863,1,7,4,0.3700090657260609
521865,1,7,6,22.390061544952225
521871,1,7,6,12.831398420731947
521880,1,7,4,0.3700090657260609
521885,1,7,4,0.3700090657260609
521891,1,7,6,18.017575948815335
521892,1,7,6,27.900125386681385
521895,1,7,4,0.3700090657260609
521901,1,7,4,0.3700090657260609
521912,1,7,8,28.881867778790863
521914,1,7,8,32.71938011244339
521924,1,7,2,7.986197563915013
521933,1,7,4,0.3700090657260609
521937,1,7,9,29.98924561035226
521956,1,7,7,5.033065369615324
521994,1,7,6,30.26688761076632
522000,1,7,9,26.817155566790568
522001,1,7,9,21.762723632585704
522012,1,7,9,9.409410826366514
522025,1,7,9,18.602911814953124
522034,1,7,9,22.830055652404344
522045,1,7,4,0.3700090657260609
522048,1,7,9,24.602730161618748
522052,1,7,4,0.3700090657260609
522074,1,7,8,12.719483280918274
522081,1,7,1,18.49663816238384
522084,1,7,8,25.616151069593602
522129,1,7,6,22.468303810934447
522159,1,7,5,0.3700090141005197
522168,1,7,4,0.3700090657260609
522190,1,7,4,0.3700090657260609
522194,1,7,1,14.71996423381524
522200,1,7,4,0.3700090657260609
522205,1,7,5,0.3700090141005197
522210,1,7,3,3.137166931496138
522212,1,7,10,5.068130216380214
522221,1,7,7,2.012406807458908
522224,1,7,5,0.3700090141005197
522225,0,7,0,0.03358668675761579
522243,1,7,4,0.3700090657260609
522249,1,7,5,0.3700090141005197
522253,1,7,9,30.83022914105704
522254,1,7,1,21.710680796972593
522312,1,7,5,0.3700090141005197
522329,1,7,9,22.99721044109119
522334,1,7,4,0.3700090657260609
522351,1,7,10,24.445261590055924
522359,1,7,9,31.09205822115312
522385,1,7,6,26.101810172926154
522390,1,7,4,0.3700090657260609
522392,1,7,8,32.4789230992057
522402,1,7,4,0.3700090656202526
522446,1,7,10,21.5979915897874
522470,1,7,9,33.586908987799966
522509,1,7,10,24.49486175595306
522529,1,7,9,32.72411924706251
522533,1,7,2,9.876344273327835
522546,1,7,7,4.5364888493190145
522559,1,7,9,23.868544192952555
522591,1,7,9,18.009067575579895
522621,0,7,0,0.04195104120642013
522624,1,7,8,18.813248213093004
522652,1,7,1,23.860355315357204
522656,1,7,8,27.15867823526861
522667,1,7,7,5.947978873511231
522673,1,7,9,4.73690113555875
522674,1,7,8,31.802103332572656
522693,1,7,6,20.429255834038244
522722,1,7,9,26.282173540266943
522729,1,7,10,23.206559528665448
522732,1,7,5,0.3700090141005197
522757,1,7,7,2.919672587448881
522767,1,7,8,18.368321049066246
522783,1,7,1,4.943998627788145
522788,1,7,10,11.429339728297995
522811,1,7,7,2.9267088952309877
522812,1,7,8,10.027112046137635
522852,1,7,9,26.88270462341345
522856,1,7,9,19.041757824178728
522864,1,7,5,0.3700090141005197
522865,1,7,7,4.809773183444447
522884,1,7,10,8.120093930874264
522891,1,7,9,11.884032926524748
522906,1,7,10,24.989433732114687
522910,1,7,2,14.17233063907241
522918,1,7,6,29.072859162840807
522919,1,7,4,0.3700090657260609
522920,1,7,8,26.13825378233617
522956,0,7,0,0.08587278895927701
522966,1,7,9,8.23844516637768
522970,1,7,3,1.2651973094965756
522972,1,7,8,4.734771272515531
522986,1,7,10,15.8207400634037
522990,1,7,5,0.3700090141005197
523013,1,7,5,0.3700090141005197
523023,1,7,9,17.549347016615698
523035,1,7,5,0.3700090141005197
523044,1,7,8,29.867827101526668
523046,1,7,6,28.181404821590498
523054,1,7,10,7.575936239613633
523079,1,7,8,28.14306706345523
523090,1,7,9,23.81831344281533
523091,1,7,1,6.737358895706802
523099,1,7,7,6.42585114099107
523106,1,7,5,0.3700090141005197
523112,1,7,4,0.3700090657260609
523132,1,7,3,3.0783591383756583
523134,1,7,7,6.050703016055877
523142,1,7,9,11.300153544475736
523144,1,7,9,8.210664560941847
523145,1,7,9,24.465250480718026
523147,1,7,9,17.708614701836215
523170,0,7,0,0.027757754068539562
523183,1,7,5,0.3700090141005197
523185,1,7,10,18.840577038642486
523197,1,7,10,20.25229784426422
523206,1,7,6,30.37446160935109
523208,1,7,9,20.747347187545106
523230,1,7,5,0.3700090141005197
523253,1,7,5,0.3700090141005197
523254,1,7,8,13.367190185809234
523260,1,7,8,22.493846465270092
523270,1,7,9,17.97642707017586
523277,1,7,6,22.397354781487625
523280,1,7,10,15.916034276867514
523293,1,7,9,4.7275980903454355
523313,1,7,9,12.400500620803488
523319,1,7,7,1.3010680204389304
523321,1,7,5,0.3700090141005197
523347,1,7,2,14.374068400910112
523368,1,7,5,0.3700090141005197
523375,1,7,2,7.834051676535416
523383,1,7,9,24.324237176410573
523394,1,7,10,25.506796235264975
523396,1,7,9,33.59424733316815
523397,1,7,10,22.17387906729823
523412,1,7,7,3.1212216827032186
523419,1,7,6,29.70136503060333
523423,1,7,10,7.7678056980444365
523432,1,7,10,16.343330067452086
523441,1,7,1,9.658770962908827
523446,1,7,7,0.3466464008394773
523451,1,7,5,0.3700090141005197
523473,1,7,3,3.1157928837565585
523480,1,7,6,18.917272867679397
523484,1,7,10,18.028576300581406
523489,1,7,6,19.07705102118744
523490,1,7,4,0.3700090656202526
523518,1,7,6,6.83519082656471
523538,1,7,2,11.881875793640285
523539,1,7,8,21.28280487862516
523564,1,7,4,0.3700090657260609
523569,1,7,4,0.3700090657260609
523580,1,7,9,20.661379279583866
523582,1,7,6,29.935168045627247
523590,1,7,4,0.3700090657260609
523609,1,7,8,22.073316399759975
523610,1,7,9,32.1941241083762
523615,1,7,1,19.853917948257457
523616,1,7,5,0.3700090141005197
523625,1,7,4,0.3700090657260609
523629,1,7,6,15.299848302165437
523630,1,7,10,19.385817589795888
523675,1,7,4,0.3700090657260609
523677,0,7,0,0.035236237137258486
523681,1,7,1,26.219817569189694
523689,1,7,9,32.03520830144261
523708,1,7,3,3.236830310520217
523716,1,7,8,18.01481525448177
523738,1,7,4,0.3700090657260609
523750,1,7,6,22.84744074525998
523780,1,7,8,25.888524992204697
523794,1,7,8,17.894350340399438
523803,1,7,6,5.121852542332506
523826,1,7,4,0.3700090657260609
523847,1,7,9,19.945214621703823
523849,1,7,10,25.963692185879058
523855,1,7,1,14.815740258927434
523864,1,7,8,20.36679863392576
523870,1,7,4,0.3700090656202526
523872,1,7,10,9.525197299318503
523880,1,7,5,0.3700090141005197
523885,1,7,9,22.959622946144044
523889,1,7,8,25.709422506748002
523922,1,7,4,0.3700090657260609
523926,1,7,8,26.477823638856716
523935,1,7,8,16.52909392929979
523936,1,7,8,30.424245607745664
523939,1,7,9,25.003989374138555
523942,1,7,1,18.59525373214743
523944,1,7,9,16.704748188920814
523978,1,7,9,12.908594201590457
523981,1,7,5,0.3700090141005197
524003,1,7,7,4.095856578911864
524004,1,7,8,33.860324306023074
524033,1,7,10,4.618806899261109
524036,1,7,3,0.676181793971947
524050,1,7,4,0.3700090657260609
524091,1,7,6,30.543979433199976
524094,1,7,10,18.392464514733987
524122,1,7,9,18.884538777856736
524142,1,7,6,22.40741529681617
524144,1,7,5,0.3700090141005197
524146,1,7,8,29.94035538111979
524147,1,7,10,9.939804337055241
524153,1,7,9,31.027643152858275
524162,0,7,0,0.03938505630006671
524171,1,7,9,30.44692215290642
524173,1,7,10,9.970688373570725
524179,1,7,9,33.0865605148364
524193,1,7,5,0.37000902039789374
524211,1,7,6,6.909992154261592
524213,1,7,5,0.3700090141005197
524214,1,7,10,25.116296859658313
524243,1,7,8,15.417816116595946
524246,1,7,6,12.272158532594807
524250,1,7,8,18.292143037897453
524259,0,7,0,0.04031894270212998
524261,1,7,9,17.66979615542728
524271,1,7,6,18.016372971192276
524281,1,7,9,33.22740668912731
524293,1,7,5,0.3700090141005197
524301,1,7,5,0.3700090141005197
524318,1,7,8,31.493728376604917
524332,1,7,9,25.83423255463762
524347,1,7,9,8.225771990452147
524411,1,7,9,16.381982411305863
524434,1,7,7,6.0315694116374035
524440,1,7,4,0.3700090657260609
524442,1,7,4,0.3700090657260609
524448,1,7,1,14.378578665290512
524449,1,7,5,0.3700090141005197
524461,1,7,10,23.269327718429672
524464,1,7,6,21.164935450121078
524467,1,7,10,25.995088811553956
524469,1,7,8,32.88044130670011
524473,1,7,10,4.048449424063019
524506,1,7,3,3.28009915270316
524517,1,7,9,12.367457427829502
524538,1,7,8,18.83637747635581
524545,1,7,9,32.70104916186484
524549,1,7,10,16.446056208433664
524563,1,7,5,0.37000902039789374
524566,1,7,7,4.2307400113189315
524583,1,7,8,34.97814732437509
524590,1,7,5,0.3700090141005197
524600,1,7,8,29.238646226823985
524608,1,7,6,15.502478187808807
524630,1,7,2,15.501133019820816
524635,1,7,1,23.96924559994062
524641,1,7,8,22.558239736341918
524646,1,7,4,0.3700090657260609
524662,1,7,5,0.3700090141005197
524683,1,7,7,5.901642583818996
524691,1,7,4,0.3700090657260609
524719,1,7,4,0.3700090657260609
524720,1,7,9,31.571636788435388
524730,1,7,5,0.3700090141005197
524748,1,7,5,0.3700090141005197
524755,1,7,9,13.38610327852193
524764,1,7,2,7.850684739626716
524781,1,7,1,24.11321447181099
524786,1,7,10,3.303986736996697
524790,1,7,10,24.150691447785253
524791,1,7,2,13.130850771406843
524792,0,7,0,0.03470090631540611
524803,1,7,2,4.492263237955171
524810,1,7,6,29.494589088938714
524818,1,7,10,18.885832716559094
524832,1,7,8,18.602473759834947
524835,1,7,9,21.716629909466217
524848,1,7,1,18.874382756833445
524852,1,7,6,4.649975436017377
524857,1,7,5,0.3700090141005197
524880,1,7,5,0.37000902039789374
524884,1,7,6,23.809182204493734
524885,0,7,0,0.04004735742209153
524898,1,7,4,0.3700090657260609
524900,1,7,6,25.198129135263123
524901,1,7,7,5.90456944157052
524911,1,7,8,22.50435213132689
524922,1,7,9,4.428354013954304
524931,1,7,3,2.205551804766156
524935,1,7,10,26.0174808218057
524949,1,7,9,10.481021370271504
524960,1,7,6,30.00979741355035
524977,1,7,4,0.3700090657260609
524986,1,7,8,24.92379712846845
525001,1,7,4,0.3700090657260609
525003,1,7,9,11.764855341698265
525004,1,7,10,17.68351855534265
525008,1,7,7,5.930915195405335
525013,1,7,9,18.15340937932398
525017,1,7,8,30.941878401285095
525028,1,7,8,21.469011663025835
525033,1,7,8,30.92484539579229
525037,1,7,9,15.159070386999412
525041,1,7,8,29.72075306226127
525042,1,7,8,16.993860161266362
525054,1,7,9,24.745375110327213
525084,1,7,10,22.758218097224287
525113,1,7,8,20.779066749617872
525121,1,7,8,4.442684907953066
525127,1,7,9,21.965126859593884
525129,1,7,2,6.762588720716087
525138,1,7,8,19.742818434180663
525144,1,7,8,22.754564700362554
525150,1,7,6,26.92751584740638
525178,1,7,6,22.08498395320295
525185,1,7,4,0.3700090657260609
525191,1,7,5,0.3700090141005197
525198,0,7,0,0.03248249007315488
525201,1,7,3,2.913366249617968
525211,1,7,4,0.3700090657260609
525227,1,7,9,29.33402808637696
525236,1,7,10,4.570181188304038
525238,1,7,5,0.3700090141005197
525248,1,7,6,11.725084079646281
525255,1,7,10,14.978638632050586
525265,1,7,1,5.921204638017913
525305,1,7,4,0.3700090657260609
525317,1,7,5,0.3700090141005197
525319,1,7,10,24.064495314625077
525346,1,7,9,3.2138992223577842
525347,1,7,8,9.382088496535289
525352,1,7,7,3.827337868418297
525354,1,7,6,27.941626220591054
525362,1,7,4,0.3700090657260609
525365,0,7,0,0.03219707201595716
525402,1,7,3,2.751498037805117
525409,1,7,6,26.277412545732457
525414,1,7,8,10.052273225720496
525415,1,7,10,13.944065470539845
525422,1,7,5,0.3700090141005197
525426,1,7,8,23.319217031919504
525461,1,7,6,7.419133847823363
525488,1,7,1,25.212151423242787
525503,1,7,2,13.501884380233363
525504,1,7,10,23.29318342254184
525506,1,7,9,14.642614829277619
525513,1,7,9,24.069077527382053
525514,1,7,6,24.606136223532456
525526,1,7,7,3.8758226200865318
525528,1,7,5,0.3700090141005197
525539,1,7,2,14.100668428881825
525547,1,7,3,2.707823088362337
525562,1,7,4,0.3700090657260609
525574,1,7,9,32.07028085889328
525577,1,7,9,21.228700224079148
525580,1,7,8,14.889595816765832
525585,1,7,4,0.3700090657260609
525586,1,7,9,21.05214149844136
525587,1,7,7,5.035028656052538
525614,1,7,5,0.3700090141005197
525618,1,7,5,0.3700090141005197
525631,1,7,7,1.7852963006754892
525647,1,7,8,24.72336537120939
525660,0,7,0,0.026403026025647366
525663,1,7,10,25.5342070106307
525684,1,7,4,0.3700090657260609
525722,1,7,6,24.88245497532247
525727,1,7,7,4.089672788774814
525735,1,7,8,2.680336043982226
525738,0,7,0,0.04657036277727543
525750,1,7,5,0.3700090141005197
525763,1,7,10,25.989728769789128
525766,1,7,10,24.38178948308804
525773,0,7,0,0.03896184634128945
525781,1,7,6,8.81144465898241
525783,1,7,5,0.3700090141005197
525786,1,7,9,15.674857928585103
525791,1,7,8,29.194564136649753
525794,1,7,9,33.09585063150601
525800,1,7,8,35.525337904791
525810,1,7,6,22.694365588965944
525811,1,7,3,3.0343542816345495
525817,1,7,3,2.4027781001499813
525848,1,7,8,21.096297055756146
525871,1,7,1,21.535468695318738
525875,1,7,8,24.913140896210617
525877,1,7,9,29.989590733944578
525888,0,7,0,0.04384331465977199
525896,1,7,6,6.903228281787681
525904,1,7,9,25.47322770818874
525912,1,7,1,24.679789640875626
525937,1,7,3,3.1365984607210833
525976,1,7,5,0.3700090141005197
525982,1,7,8,23.379314842149967
525986,0,7,0,0.11213370280865387
525989,1,7,9,29.76025835093981
526006,1,7,8,9.045720615204056
526007,1,7,1,7.993383748435764
526028,1,7,5,0.3700090141005197
526033,1,7,6,21.9701968811329
526047,1,7,10,17.73233689345937
526049,1,7,8,25.235315577413893
526060,1,7,5,0.3700090141005197
526063,0,7,0,0.062372061515027596
526074,1,7,4,0.3700090657260609
526075,1,7,1,14.490401339997408
526080,1,7,8,3.688416570010179
526083,1,7,9,31.444241653517782
526093,1,7,9,7.77493230020392
526100,1,7,6,26.989096679997758
526122,1,7,9,22.491316763129056
526152,1,7,5,0.3700090141005197
526156,1,7,6,13.916142589084487
526158,1,7,6,19.390712469237403
526184,1,7,9,4.621175548570528
526205,1,7,1,5.65372714680334
526212,1,7,7,3.356379771205838
526221,1,7,2,11.507403960472303
526232,1,7,2,1.5284246104213215
526247,1,7,9,10.309969837742447
526249,1,7,1,23.886117107904862
526264,1,7,3,2.919383916813466
526272,1,7,10,4.2366314520205846
526283,1,7,8,31.091078726912684
526284,1,7,10,17.46290070315012
526288,1,7,9,14.253423572355157
526302,0,7,0,0.02442693605762476
526320,1,7,4,0.3700090657260609
526328,1,7,10,4.651449456949399
526358,1,7,5,0.3700090141005197
526380,1,7,1,26.323588015961217
526389,1,7,1,26.516777000211476
526393,1,7,10,13.631851180939123
526394,1,7,5,0.3700090141005197
526396,1,7,1,16.283278844639742
526424,1,7,5,0.3700090141005197
526433,0,7,0,0.04667815632252934
526445,1,7,5,0.3700090141005197
526458,1,7,7,5.614297806804741
526463,1,7,6,30.287699298204643
526477,1,7,10,20.734793649787115
526479,1,7,9,32.52047409824932
526486,1,7,9,15.993931953372398
526498,1,7,10,25.980226484355
526499,1,7,4,0.3700090657260609
526501,1,7,9,3.3663375425563005
526512,1,7,6,30.304142811960798
526527,0,7,0,0.028503893287027387
526548,1,7,9,13.718195928950331
526550,1,7,5,0.3700090141005197
526553,1,7,8,9.68690381110477
526571,1,7,9,26.741241886510835
526578,1,7,6,25.189481441385595
526579,1,7,5,0.3700090141005197
526584,1,7,9,23.710042516289946
526594,1,7,8,32.8968067211707
526605,1,7,5,0.3700090141005197
526607,1,7,6,19.400462065513807
526608,1,7,10,19.735542577878373
526629,1,7,4,0.3700090657260609
526636,1,7,5,0.3700090141005197
526637,1,7,3,2.817281000055625
526640,1,7,3,3.2339454312571654
526650,1,7,6,16.54032351267213
526674,1,7,10,20.471281155896577
526687,1,7,2,10.65015030574997
526688,1,7,3,2.9562198422854182
526697,1,7,3,2.4538614738740567
526716,1,7,9,20.22097358103885
526720,1,7,7,2.178382115586537
526721,1,7,10,16.35524110362547
526728,1,7,5,0.3700090141005197
526730,1,7,10,12.255333142476054
526745,1,7,9,6.389448975453838
526766,1,7,5,0.3700090141005197
526772,1,7,7,1.6617731134725342
526773,1,7,9,32.70414195909105
526775,1,7,9,27.011875420815105
526779,1,7,6,8.82199640397825
526793,1,7,10,22.972122844972205
526795,1,7,4,0.3700090657260609
526827,1,7,5,0.3700090141005197
526837,1,7,8,26.03893208304862
526853,1,7,8,17.647162967632912
526854,0,7,0,0.035383549578508464
526855,1,7,6,20.355071385283157
526869,1,7,1,19.344622770502085
526875,1,7,9,17.23918353012386
526894,1,7,8,14.437625185931667
526902,1,7,5,0.3700090141005197
526905,0,7,0,0.035576323786425876
526906,1,7,4,0.3700090657260609
526908,1,7,10,15.400401584882921
526923,1,7,4,0.3700090657260609
526928,0,7,0,0.03098098242260785
526932,1,7,5,0.3700090141005197
526935,1,7,9,5.260331477859812
526949,1,7,5,0.3700090141005197
526954,1,7,6,29.839406082159385
526963,1,7,9,28.774243255250305
526966,1,7,7,3.214179577839988
526975,1,7,5,0.3700090141005197
526982,1,7,1,22.48775189420138
526991,1,7,5,0.3700090141005197
527001,1,7,8,26.088078525269946
527004,1,7,8,19.2958539900305
527013,1,7,10,11.73124126186702
527014,1,7,9,26.214871768465528
527016,0,7,0,0.03624779376325602
527032,1,7,10,17.9014193819383
527033,1,7,5,0.3700090141005197
527054,1,7,1,11.431223936552547
527062,1,7,7,3.994312985057602
527084,1,7,7,3.660316868425752
527091,1,7,9,32.65580680168376
527096,1,7,5,0.3700090141005197
527105,1,7,4,0.3700090657260609
527111,1,7,8,34.635575881685384
527121,1,7,9,31.81978085320527
527134,1,7,1,7.440670640272198
527147,1,7,10,17.882218042425187
527148,1,7,10,15.3404303584911
527153,1,7,4,0.3700090657260609
527156,1,7,6,10.694494308002525
527162,1,7,9,30.808614966442878
527163,1,7,10,22.336811844833548
527174,1,7,3,2.7818441638121554
527179,1,7,6,15.088178663934118
527193,1,7,9,28.145050282653244
527196,1,7,8,17.3492097550556
527209,1,7,1,22.45008522935849
527211,1,7,5,0.3700090141005197
527229,1,7,5,0.3700090141005197
527231,1,7,6,21.391721385673204
527247,1,7,8,12.906170912489051
527250,0,7,0,0.040097800301080386
527256,1,7,10,11.493871705003857
527262,1,7,5,0.37000902039789374
527263,1,7,2,9.038940330148383
527264,1,7,10,12.014998371666264
527276,0,7,0,0.046961621377204964
527293,1,7,4,0.3700090657260609
527324,1,7,6,25.973239224102922
527332,1,7,6,27.47723053060139
527349,1,7,4,0.3700090657260609
527354,1,7,9,28.22548030774674
527382,1,7,8,24.871231443306982
527393,0,7,0,0.03456465414678392
527402,1,7,4,0.3700090657260609
527406,1,7,6,24.033086441766397
527412,1,7,5,0.3700090141005197
527414,1,7,1,21.62571175079192
527416,1,7,1,10.224262099743656
527429,1,7,1,8.614738400103697
527431,1,7,5,0.3700090141005197
527435,1,7,8,17.38300899924805
527450,1,7,6,14.216070364203123
527451,1,7,10,26.036742902255508
527464,1,7,4,0.3700090657260609
527465,1,7,4,0.3700090657260609
527466,1,7,5,0.3700090141005197
527476,1,7,9,27.71550565872805
527478,1,7,1,23.30635765909956
527484,1,7,4,0.3700090657260609
527485,1,7,5,0.3700090141005197
527511,1,7,2,14.931268535636077
527520,0,7,0,0.03765852063986231
527526,1,7,8,28.44688032140799
527528,1,7,4,0.3700090656202526
527542,1,7,9,5.777934209088233
527574,1,7,1,5.671550300839828
527591,1,7,5,0.3700090141005197
527595,1,7,5,0.3700090141005197
527597,1,7,4,0.3700090657260609
527607,1,7,1,22.110260649629435
527631,1,7,9,32.623916874543085
527651,1,7,9,21.464761794448414
527653,1,7,8,24.965959615670382
527661,1,7,8,20.64925328661156
527664,1,7,6,29.72310637217261
527666,1,7,6,11.346649280544744
527671,1,7,9,29.796911097045395
527684,1,7,2,12.529023261555423
527686,1,7,8,24.535213359027033
527687,1,7,9,30.15531806306942
527689,1,7,9,25.082290267149414
527696,1,7,6,28.135627119727545
527706,1,7,3,3.066073281359265
527710,1,7,4,0.3700090657260609
527725,1,7,9,33.47154671696804
527741,1,7,9,29.520622608521865
527767,0,7,0,0.04920173176585611
527809,1,7,10,18.11909171245407
527823,1,7,1,21.684482343506247
527834,1,7,9,18.59571353689332
527842,1,7,5,0.3700090141005197
527848,1,7,7,1.8052134178760768
527863,1,7,8,16.527666895554923
527866,1,7,4,0.3700090657260609
527873,1,7,6,19.997034121023248
527885,1,7,2,5.664479552018822
527886,1,7,8,35.633307917166604
527893,1,7,2,3.100393008165895
527900,1,7,8,8.779545276959542
527934,1,7,3,1.8615920454861206
527939,0,7,0,0.03307943156277513
527941,1,7,1,22.16977982175025
527951,1,7,8,9.43555296386237
527956,1,7,6,18.04609983093354
527970,1,7,7,2.5130449619257638
527994,1,7,1,14.687833523320727
528012,1,7,3,3.2278041175216226
528044,1,7,4,0.3700090657260609
528046,1,7,8,22.506663675573297
528060,1,7,6,29.057926937825687
528087,1,7,8,5.332990206196625
528116,1,7,9,12.14154083382155
528124,1,7,8,23.998313121199896
528125,1,7,4,0.3700090657260609
528141,1,7,8,21.58854255139033
528143,1,7,3,3.2167911091405244
528148,1,7,9,13.205415337195351
528155,1,7,7,3.4936230220419975
528160,1,7,9,31.552723481278687
528161,1,7,6,14.173471336157752
528173,1,7,10,12.755841948346394
528175,1,7,9,17.04666519069839
528178,0,7,0,0.046942474634859364
528190,1,7,9,22.834572455139536
528192,1,7,7,2.8429552956971484
528209,1,7,6,20.06070641280913
528215,1,7,5,0.3700090141005197
528224,1,7,6,16.735371246624958
528228,1,7,9,14.16580808724185
528229,1,7,5,0.3700090141005197
528232,1,7,3,3.181537668288648
528233,1,7,1,5.776011851088449
528266,1,7,7,0.3652967726402086
528267,1,7,10,16.90822926221204
528286,1,7,1,27.839976228761543
528311,1,7,6,25.524095966765103
528315,1,7,9,27.010725086937093
528323,1,7,10,12.98477465932693
528329,1,7,4,0.3700090657260609
528331,1,7,9,29.111514441767426
528346,1,7,9,24.43900046811868
528356,1,7,7,4.902982444963659
528366,1,7,5,0.3700090141005197
528381,1,7,10,9.675314616293742
528386,1,7,5,0.3700090141005197
528387,1,7,8,20.593930922314204
528391,0,7,0,0.09291413571254643
528406,1,7,5,0.3700090141005197
528427,1,7,10,22.81682204416369
528429,1,7,10,13.724458633885817
528434,1,7,8,28.160333589619288
528443,1,7,5,0.3700090141005197
528446,1,7,9,10.91540992368143
528460,1,7,1,26.558943814636955
528469,1,7,10,5.574790008402761
528472,1,7,10,24.995731731333503
528477,0,7,0,0.03140598804361277
528483,1,7,4,0.3700090657260609
528493,0,7,0,0.029376631777551752
528494,1,7,8,34.289214922236674
528499,1,7,9,28.685611400847602
528504,1,7,10,14.11663222241043
528506,1,7,6,10.525367432046265
528511,1,7,9,11.314637564865349
528518,1,7,5,0.3700090141005197
528523,1,7,9,14.836169989202213
528531,1,7,9,30.64898619193248
528532,1,7,7,4.49125172984019
528535,1,7,9,20.808896397723704
528541,1,7,9,25.094396971441633
528552,1,7,9,18.134097147980672
528560,1,7,5,0.3700090141005197
528576,1,7,5,0.3700090141005197
528587,1,7,6,28.993921113572046
528602,1,7,8,21.78789606662407
528611,1,7,7,5.461085514886784
528640,1,7,7,1.3795970581004515
528655,1,7,6,13.79186990312475
528664,1,7,6,20.05768906206459
528665,1,7,5,0.3700090141005197
528674,1,7,9,30.89481938210809
528679,1,7,9,25.08843335062288
528688,1,7,5,0.3700090141005197
528698,1,7,6,24.844935883578074
528703,1,7,1,13.307559554734718
528710,1,7,4,0.3700090657260609
528715,0,7,0,0.041512012861174785
528718,1,7,9,23.10359643414249
528739,1,7,5,0.3700090141005197
528742,1,7,5,0.3700090141005197
528755,1,7,8,13.990622593954983
528763,1,7,8,31.069961920505435
528764,1,7,4,0.3700090656202526
528778,1,7,6,25.9343326538476
528781,1,7,6,16.834784078710225
528784,0,7,0,0.03532329541922747
528787,1,7,1,6.914352700998593
528804,1,7,10,17.101411841165493
528818,0,7,0,0.04619239293774097
528821,0,7,0,0.03152297272030896
528822,1,7,4,0.3700090657260609
528842,1,7,6,6.374033509477453
528857,1,7,1,18.93307959843904
528868,1,7,9,2.0152677050816457
528877,1,7,6,25.786110900700272
528894,1,7,9,29.769443999722892
528898,1,7,5,0.3700090141005197
528923,0,7,0,0.03612789405225239
528927,1,7,10,11.236087524737268
528958,1,7,6,9.850550658276438
528959,1,7,1,10.783904675672241
528969,1,7,8,32.49695996638934
528977,1,7,4,0.3700090657260609
528982,1,7,6,11.111955504042596
528987,1,7,8,17.134484934386318
529016,1,7,6,10.524947974327336
529029,1,7,5,0.3700090141005197
529035,1,7,5,0.3700090141005197
529043,1,7,2,14.668918084424316
529068,1,7,9,21.461926875526636
529072,1,7,6,29.417748157687253
529106,1,7,8,20.980040471711447
529128,1,7,6,21.911730687583372
529129,1,7,9,30.722668553155643
529131,1,7,7,6.498759073237178
529137,1,7,1,8.494538396510064
529176,1,7,8,4.181636687807331
529180,1,7,5,0.3700090141005197
529186,1,7,7,1.7368099458481927
529201,1,7,5,0.3700090141005197
529206,1,7,9,12.183865811881995
529214,1,7,7,2.6274531477039433
529221,1,7,7,2.0116355643867445
529232,1,7,6,20.18344250666191
529279,1,7,1,17.987490400331662
529293,1,7,10,10.923866964620242
529301,1,7,1,18.02275905888329
529305,1,7,4,0.3700090657260609
529307,1,7,5,0.3700090141005197
529314,1,7,9,25.827052610443864
529315,1,7,9,32.692691515355236
529324,1,7,6,29.518487545012206
529334,1,7,5,0.3700090141005197
529348,1,7,9,9.746243335915272
529363,1,7,9,32.467104574886314
529374,1,7,5,0.3700090141005197
529377,1,7,9,18.283460668943427
529383,1,7,9,32.69224559710373
529392,1,7,6,12.703519345732595
529403,1,7,6,9.840591474716076
529411,1,7,9,33.74392950366273
529413,1,7,7,4.9591262807746475
529419,1,7,7,5.462085706009398
529420,0,7,0,0.03632270063220134
529421,1,7,7,4.861052039028377
529427,1,7,5,0.37000902039789374
529436,1,7,6,24.564981105440147
529461,1,7,10,16.543962700604936
529467,1,7,8,11.22367801459134
529472,1,7,9,13.946122667549343
529483,1,7,10,8.534327584336053
529492,1,7,7,2.5650357752692288
529497,1,7,10,5.424540726008184
529510,1,7,6,29.200867950516123
529517,0,7,0,0.2363908937306874
529524,1,7,6,24.27402546514895
529534,1,7,5,0.3700090141005197
529540,1,7,9,8.689318279828264
529543,1,7,5,0.3700090141005197
529587,1,7,2,8.658298956693942
529601,1,7,10,20.064021597228884
529603,1,7,1,27.978312228903896
529633,1,7,8,31.15777517355763
529634,1,7,4,0.3700090657260609
529646,1,7,8,23.947776019091762
529647,1,7,6,29.39989457242168
529657,1,7,8,18.63239360258715
529661,1,7,9,32.23455091047714
529681,1,7,5,0.3700090141005197
529687,1,7,8,24.21312127871339
529689,1,7,5,0.3700090141005197
529695,1,7,8,17.257761502955777
529703,1,7,8,27.595319187269254
529704,1,7,7,6.449797996401354
529712,1,7,4,0.3700090657260609
529727,0,7,0,0.02926301785991421
529729,1,7,5,0.3700090141005197
529760,1,7,8,15.859507052870976
529799,1,7,5,0.37000902039789374
529835,1,7,9,20.151456093382194
529875,1,7,8,30.822003722605405
529889,1,7,1,21.528331631549094
529905,1,7,4,0.3700090657260609
529906,1,7,8,7.869402959029266
529926,1,7,5,0.3700090141005197
529950,1,7,5,0.3700090141005197
529957,1,7,6,22.293559570200745
529965,1,7,4,0.3700090657260609
529970,1,7,2,4.784531948267941
529979,1,7,2,12.710906358955972
529985,0,7,0,0.09843347810071947
529993,1,7,1,26.608494749518446
530008,1,7,6,20.91500685386923
530030,0,7,0,0.04284376915062171
530054,1,7,9,12.914244881639183
530071,1,7,8,4.427372933482855
530073,1,7,5,0.3700090141005197
530093,1,7,5,0.3700090141005197
530104,1,7,9,26.483237237585225
530115,0,7,0,0.046788428824400076
530121,1,7,1,9.985596018396706
530125,1,7,6,12.862731472219409
530130,1,7,9,28.6837835051071
530145,1,7,10,20.239864307580863
530160,1,7,8,25.236853213930065
530186,1,7,9,13.893572583326115
530202,1,7,9,33.548134297861786
530212,1,7,1,5.316292719690635
530239,1,7,9,19.239561371189385
530242,1,7,10,16.016541999566424
530243,1,7,8,32.566144297480776
530245,1,7,10,14.510893432278941
530252,1,7,5,0.3700090141005197
530259,1,7,4,0.3700090657260609
530279,1,7,5,0.3700090141005197
530301,1,7,8,14.058211792698035
530303,1,7,1,6.775795318625892
530308,1,7,7,0.3392629492479899
530327,1,7,1,19.67282784102546
530333,1,7,9,22.460730070523542
530335,1,7,9,22.84995547338663
530337,1,7,6,24.736035468003465
530340,1,7,5,0.3700090141005197
530345,1,7,6,30.292024282377245
530350,1,7,3,3.0453510228754315
530371,1,7,6,7.773658276550921
530373,1,7,9,15.849580379917953
530374,1,7,9,24.568139414022646
530377,1,7,5,0.3700090141005197
530379,1,7,4,0.3700090657260609
530381,1,7,10,16.89124332365061
530387,0,7,0,0.046985576711713446
530391,1,7,5,0.3700090141005197
530424,1,7,3,2.7785461508741736
530434,1,7,3,2.9548313917607305
530469,1,7,7,2.7125506766744607
530472,1,7,6,19.056461366447035
530478,1,7,9,21.650663455220137
530480,1,7,1,27.233217929832044
530492,1,7,6,30.231658779074223
530508,1,7,9,17.212263591756642
530510,1,7,5,0.37000902039789374
530513,1,7,6,29.220256850924212
530531,1,7,9,17.524946011424948
530534,1,7,5,0.3700090141005197
530540,1,7,3,1.052166770969322
530558,1,7,6,27.255725757000764
530585,1,7,5,0.3700090141005197
530586,1,7,6,15.8640017142151
530598,1,7,8,23.805148125489417
530618,0,7,0,0.0317638630778842
530633,1,7,8,10.272236649989663
530658,1,7,6,28.983417071636406
530695,1,7,7,1.5408309890936787
530697,1,7,5,0.3700090141005197
530705,1,7,10,12.242834127391374
530716,1,7,6,26.87826724707655
530719,1,7,2,13.200479161765514
530720,1,7,9,19.092871305133425
530728,1,7,6,22.41615265274411
530736,1,7,6,12.621035106344458
530741,1,7,9,13.9997920005039
530748,1,7,3,3.2326382900194037
530749,0,7,0,0.03878957785386135
530757,1,7,9,23.017230012000585
530774,1,7,6,28.32245695886493
530785,1,7,1,19.005667995512717
530790,1,7,6,26.98077717700994
530797,1,7,5,0.3700090141005197
530802,1,7,10,24.066962131195858
530809,1,7,10,18.876532587481584
530812,1,7,1,21.5496526131721
530814,1,7,1,5.45388201170239
530819,1,7,1,15.182778317453158
530850,1,7,8,33.09603998245462
530854,1,7,10,17.340369716179776
530855,1,7,8,11.454686193594279
530874,1,7,5,0.3700090141005197
530879,1,7,6,16.658866677270076
530885,1,7,5,0.3700090141005197
530892,1,7,4,0.3700090657260609
530921,1,7,6,11.688256220988936
530926,1,7,4,0.3700090657260609
530927,1,7,4,0.3700090657260609
530929,1,7,9,8.753832194666975
530935,1,7,9,22.84816336806674
530936,1,7,6,16.96835328909775
530937,1,7,5,0.3700090141005197
530938,1,7,4,0.3700090657260609
530943,1,7,8,29.975961491435346
530950,1,7,9,30.69583868844649
530952,1,7,10,25.889438658520515
530962,1,7,7,1.5713976923179678
530974,1,7,1,24.910366901945988
530980,1,7,5,0.3700090141005197
530993,1,7,9,29.18685489296233
530996,1,7,10,14.790641755335777
531002,1,7,10,20.724402183421624
531008,1,7,10,25.688062771677835
531022,1,7,6,16.928716592152266
531023,1,7,4,0.3700090657260609
531033,1,7,1,24.78541805740156
531034,1,7,9,11.787381532308148
531039,1,7,2,11.154640938779874
531042,1,7,7,6.035755743886942
531046,1,7,6,28.375587160551135
531053,1,7,9,33.046779741366116
531077,1,7,9,17.72450972523848
531089,1,7,2,16.29572136135473
531106,1,7,8,11.451829367442079
531126,1,7,4,0.3700090657260609
531130,1,7,10,18.517723162289762
531146,1,7,4,0.3700090657260609
531178,1,7,4,0.3700090657260609
531201,1,7,2,16.289212357288715
531217,1,7,9,24.425923123942205
531219,1,7,5,0.3700090141005197
531232,1,7,1,27.29222032656656
531240,1,7,3,1.2644936506186197
531243,1,7,9,13.87143072361251
531286,1,7,10,8.76808317318596
531287,1,7,8,18.435040188516147
531307,0,7,0,0.062117337406694485
531328,1,7,8,28.514204580829272
531340,1,7,8,30.8476529992087
531370,1,7,6,26.987189551145786
531387,1,7,7,0.9789023738711999
531395,1,7,9,12.30979231600861
531404,1,7,8,13.120546382183159
531409,1,7,8,14.29998075398449
531445,1,7,5,0.3700090141005197
531463,1,7,4,0.3700090657260609
531465,1,7,6,23.31970543825193
531483,1,7,7,1.8672082547831623
531489,1,7,3,3.181954578143935
531499,1,7,10,26.029951668893656
531503,1,7,9,32.21175022416184
531562,1,7,10,23.134459209480205
531563,1,7,6,24.80036462822042
531565,1,7,9,22.9611117752715
531570,1,7,2,16.24684502245038
531577,1,7,10,17.5829530694494
531583,1,7,1,12.028478834038768
531589,1,7,5,0.3700090141005197
531611,1,7,8,19.861124327229444
531628,1,7,9,14.982623235891957
531631,1,7,7,0.3418046297487366
531632,1,7,10,22.847521316765235
531645,1,7,8,4.55220332168573
531673,1,7,8,22.509824003163907
531681,1,7,4,0.3700090657260609
531702,1,7,9,15.569426121558205
531705,1,7,4,0.3700090657260609
531717,1,7,8,34.955264849174625
531718,1,7,9,25.928238973749608
531722,1,7,4,0.3700090657260609
531732,1,7,8,13.044849189441562
531734,1,7,5,0.3700090141005197
531750,1,7,4,0.3700090657260609
531781,1,7,10,11.70958980612091
531783,1,7,10,20.22348239497354
531786,1,7,4,0.3700090657260609
531791,0,7,0,0.07885351234407838
531794,1,7,4,0.3700090657260609
531800,1,7,6,10.85195504375096
531816,1,7,9,16.135402922212837
531823,1,7,3,1.7246986651366782
531827,1,7,6,19.430096350405027
531833,1,7,10,26.02515495349129
531848,1,7,9,12.403538837348139
531851,1,7,6,24.011464717220544
531872,0,7,0,0.03455047713268518
531887,1,7,2,8.363023433025488
531888,1,7,9,18.82652683953733
531913,1,7,9,22.692305649571615
531925,1,7,4,0.3700090657260609
531928,1,7,6,15.763668391995779
531939,1,7,8,28.67849404441734
531952,0,7,0,0.04543485598653781
531967,1,7,7,2.7845167159997577
531973,1,7,9,25.007063548701534
531988,1,7,5,0.3700090141005197
532006,1,7,6,23.741542630673997
532007,1,7,9,17.93796821368246
532023,1,7,8,17.471523573179937
532032,1,7,9,32.9958137601703
532041,1,7,9,27.909512853999317
532072,1,7,4,0.3700090657260609
532074,1,7,9,23.22134107155494
532080,1,7,8,32.69182882952196
532081,1,7,2,9.849335914360756
532093,1,7,4,0.3700090657260609
532106,1,7,9,30.05267412156149
532108,1,7,3,1.0763174423576731
532115,1,7,8,13.823393672540497
532117,1,7,1,24.14085100409059
532166,1,7,8,30.55221323072641
532202,1,7,7,2.3588520356476725
532211,1,7,6,25.079381325169688
532227,1,7,6,30.186828572330317
532238,1,7,5,0.3700090141005197
532267,1,7,5,0.37000902039789374
532274,1,7,9,31.40739462531226
532276,1,7,8,13.498449341273627
532282,1,7,9,17.964935493606895
532292,1,7,10,9.0436126523422
532319,1,7,10,4.224383600104101
532322,1,7,1,8.871264121460152
532328,1,7,7,6.440485567472495
532329,1,7,1,16.881683347464357
532335,1,7,1,12.337895553327082
532363,1,7,9,18.856071466431377
532365,1,7,10,24.420776167731887
532369,1,7,6,24.882377397826
532375,0,7,0,0.04091504103434811
532377,1,7,3,1.081750429245668
532378,1,7,8,12.039841931537081
532380,1,7,5,0.3700090141005197
532391,1,7,4,0.3700090657260609
532395,1,7,7,0.341881721997388
532401,1,7,9,22.42231245558646
532423,1,7,8,25.570222081570797
532427,1,7,5,0.3700090141005197
532430,1,7,5,0.3700090141005197
532442,1,7,10,4.588752360218764
532460,1,7,4,0.3700090657260609
532464,1,7,10,18.442265632300956
532467,1,7,7,2.732254436260495
532484,1,7,8,8.41009473841153
532490,1,7,4,0.3700090657260609
532492,1,7,8,26.61749555208505
532493,1,7,5,0.3700090141005197
532494,1,7,8,26.42134833913201
532508,1,7,5,0.37000902039789374
532526,1,7,7,2.472344210824324
532570,0,7,0,0.03568793428961481
532575,1,7,8,31.663360467050946
532577,1,7,9,25.001853077468535
532592,1,7,5,0.3700090141005197
532614,1,7,6,27.975833258302
532621,1,7,9,32.829122134453755
532632,1,7,7,5.381572548959272
532644,1,7,1,21.18523340570609
532667,1,7,6,17.84817019074535
532678,1,7,5,0.3700090141005197
532687,1,7,10,26.017193049019053
532696,1,7,5,0.3700090141005197
532702,1,7,5,0.3700090141005197
532720,0,7,0,0.03314946479181116
532723,1,7,9,22.278944502029795
532727,1,7,5,0.3700090141005197
532732,1,7,7,5.234542332196585
532750,0,7,0,0.033059393300865526
532768,1,7,4,0.3700090657260609
532783,1,7,8,26.21949046446423
532794,1,7,9,22.392113234096
532816,1,7,8,26.191363224297895
532826,1,7,10,6.293371058888042
532839,1,7,9,14.10050611379116
532840,1,7,4,0.3700090657260609
532842,1,7,8,21.740538474556963
532844,1,7,10,4.504580974922179
532853,1,7,8,19.423043203332163
532862,1,7,1,21.498028888515833
532870,1,7,9,27.432518669906973
532872,1,7,8,12.378773069557656
532890,1,7,4,0.3700090656202526
532892,1,7,6,12.975623264447279
532893,1,7,2,16.332080722330343
532921,1,7,9,25.87023108802423
532929,1,7,8,26.93856664907407
532934,1,7,4,0.3700090657260609
532935,1,7,6,21.385011151347136
532972,1,7,5,0.3700090141005197
532985,1,7,5,0.3700090141005197
532991,1,7,9,16.721733513211078
533000,1,7,9,30.688709490509837
533001,1,7,4,0.3700090657260609
533067,1,7,10,26.009966823188595
533068,1,7,9,32.92827185684574
533079,1,7,4,0.3700090657260609
533081,1,7,4,0.3700090657260609
533098,1,7,8,6.910046053542372
533103,1,7,9,25.714069224012583
533107,1,7,7,1.1723627033009114
533109,0,7,0,0.027455172337544482
533111,1,7,5,0.3700090141005197
533135,1,7,8,24.453265369544493
533140,1,7,4,0.3700090657260609
533141,1,7,6,30.014259488600388
533145,1,7,9,27.967131288463623
533167,1,7,6,20.080498550544288
533168,1,7,4,0.3700090657260609
533169,1,7,8,32.40876237113391
533174,0,7,0,0.1096489089234043
533185,1,7,6,29.333411764134016
533192,1,7,4,0.3700090657260609
533200,1,7,6,9.5250062257625
533201,1,7,2,6.879928334849105
533204,1,7,8,31.0674682885359
533211,1,7,8,21.42187947635939
533216,1,7,7,5.929412376248873
533220,1,7,8,22.136748593955144
533228,1,7,9,7.663443739566584
533230,1,7,10,24.64309580847557
533231,1,7,2,11.750770523188361
533244,1,7,4,0.3700090657260609
533272,1,7,9,18.848310345739588
533280,1,7,10,8.419772966275785
533297,1,7,4,0.3700090657260609
533299,1,7,5,0.3700090141005197
533316,1,7,8,17.984073591868313
533319,1,7,9,14.557355753379996
533336,1,7,9,21.229983018349323
533351,1,7,5,0.3700090141005197
533356,1,7,6,17.94475141425426
533364,1,7,8,35.66504866773646
533372,1,7,1,19.041651915310524
533373,1,7,10,25.47848803726637
533379,1,7,4,0.3700090657260609
533385,1,7,5,0.3700090141005197
533387,1,7,9,19.079676885274097
533392,1,7,9,31.926059458211494
533420,1,7,1,22.972698474538856
533438,1,7,6,18.089308038710012
533456,1,7,5,0.3700090141005197
533461,1,7,5,0.3700090141005197
533478,1,7,10,25.98576167292481
533488,1,7,4,0.3700090657260609
533496,1,7,10,22.328213768794466
533514,1,7,8,26.43814788289916
533521,1,7,9,24.00765707642349
533522,1,7,6,16.83517511287959
533531,1,7,6,10.52758131791152
533537,1,7,9,20.29154998412933
533550,1,7,10,18.316016777175204
533586,1,7,4,0.3700090657260609
533598,1,7,3,3.1845240692402608
533612,1,7,6,26.676387609404443
533616,1,7,9,6.072919903620233
533625,1,7,5,0.3700090141005197
533629,1,7,10,22.823943682668315
533639,1,7,4,0.3700090657260609
533640,1,7,2,13.402385755549068
533657,1,7,4,0.3700090657260609
533668,1,7,4,0.3700090657260609
533679,1,7,5,0.3700090141005197
533683,1,7,4,0.3700090657260609
533687,1,7,4,0.3700090657260609
533690,1,7,4,0.3700090657260609
533699,1,7,8,4.8801004688361065
533701,1,7,3,3.1275089422016005
533702,1,7,9,8.953392808987312
533733,1,7,3,3.2251312902941596
533740,1,7,8,35.341856180936325
533743,1,7,1,14.614487656764087
533757,1,7,10,12.489749844153849
533768,1,7,6,30.32175642084963
533772,1,7,6,29.27077731313484
533776,1,7,8,30.076773882683213
533783,1,7,8,17.889973544893305
533800,1,7,5,0.37000902039789374
533822,1,7,5,0.37000902039789374
533827,1,7,6,10.141649533958633
533841,0,7,0,0.031385874305168954
533855,1,7,8,32.285365820123225
533867,1,7,7,6.002322348194225
533880,1,7,8,18.72969693721394
533890,1,7,7,6.132188526344379
533894,1,7,4,0.3700090657260609
533921,1,7,9,13.134417262660518
533933,1,7,10,23.823195739940296
533936,1,7,3,1.531861860393144
533945,1,7,2,11.710757617371975
533948,1,7,6,28.97960956496555
533956,1,7,5,0.3700090141005197
533961,1,7,8,9.739537555357423
533978,1,7,1,4.530634971847712
533989,1,7,10,11.366523138216557
533994,1,7,6,22.4928170782655
533999,0,7,0,0.03919562514128018
534004,1,7,8,22.54097083654095
534013,1,7,9,18.37841962723445
534022,1,7,9,30.346267131732642
534028,1,7,9,27.12878760076455
534029,1,7,4,0.3700090657260609
534031,1,7,5,0.3700090141005197
534045,0,7,0,0.038415370566570864
534065,1,7,1,12.77683709043767
534071,1,7,10,11.615546249625517
534076,1,7,7,1.733019561087614
534088,1,7,9,12.62989165924706
534097,1,7,2,9.496784919852255
534103,1,7,10,11.24896955129664
534108,1,7,9,33.41893872011005
534115,1,7,4,0.3700090657260609
534164,1,7,6,29.376168249828407
534165,1,7,5,0.3700090141005197
534171,1,7,3,3.222463774623724
534176,1,7,8,28.49442562856585
534178,0,7,0,0.03304536122797776
534186,1,7,6,28.70397008286778
534234,1,7,8,25.062061264272465
534241,1,7,4,0.3700090657260609
534262,1,7,4,0.3700090657260609
534275,1,7,7,5.3077253483725055
534276,1,7,1,19.40498076851656
534278,1,7,2,8.96226522890571
534295,1,7,9,22.72283937660554
534302,1,7,10,20.06609773185572
534306,1,7,10,18.873109075128323
534324,1,7,4,0.3700090657260609
534327,1,7,10,18.532709777005415
534332,1,7,2,13.833755588357045
534334,1,7,4,0.3700090657260609
534346,1,7,1,26.221556636472933
534347,1,7,8,24.538252123016893
534350,1,7,5,0.3700090141005197
534354,1,7,6,29.77702480711033
534355,1,7,8,21.88224980883275
534360,1,7,6,18.501586124922962
534378,1,7,4,0.3700090657260609
534385,1,7,8,21.2054381270139
534405,1,7,6,20.100461645404128
534410,1,7,5,0.3700090141005197
534415,1,7,8,33.99035733318695
534433,1,7,6,11.618267798899536
534455,1,7,4,0.3700090657260609
534456,1,7,4,0.3700090657260609
534459,1,7,8,25.03077093811498
534461,1,7,9,19.912943260811275
534465,1,7,10,13.564671030177898
534466,1,7,8,35.6471569949161
534469,1,7,5,0.3700090141005197
534486,1,7,8,30.410917250882093
534505,0,7,0,0.04639470689475035
534507,1,7,3,3.139627393522767
534508,1,7,2,11.538838857895943
534518,1,7,6,18.73943034764633
534533,1,7,6,11.867128912523079
534542,0,7,0,0.1252054501354693
534573,1,7,9,24.130181943573586
534586,1,7,5,0.3700090141005197
534599,1,7,8,22.59071734843577
534618,0,7,0,0.03787107342101841
534625,1,7,9,25.861301620130437
534642,1,7,8,25.772047329806558
534648,1,7,9,28.094219043570625
534664,1,7,8,17.37970257486254
534687,1,7,8,26.474244606515995
534692,1,7,9,23.629468029157085
534705,1,7,6,25.038299870698758
534730,1,7,6,22.99759640425709
534737,1,7,5,0.3700090141005197
534744,1,7,8,26.147537697055437
534750,1,7,3,2.941704608795894
534753,1,7,5,0.3700090141005197
534757,1,7,6,21.646595085877482
534764,1,7,6,22.929421513750377
534768,1,7,6,14.388310515462834
534769,1,7,2,5.271253874477802
534800,1,7,2,1.335662009843241
534822,1,7,6,22.833181139995762
534825,1,7,9,22.458952343578513
534827,0,7,0,0.03325742903295823
534832,1,7,5,0.3700090141005197
534833,0,7,0,0.03538513650812622
534844,0,7,0,0.05529081729034074
534849,1,7,7,1.8861853371070396
534856,1,7,6,10.946275227207456
534858,1,7,8,21.947232794214866
534869,1,7,5,0.3700090141005197
534882,1,7,6,24.430329954096674
534889,1,7,10,8.27940558506453
534896,1,7,8,26.895922097906436
534898,1,7,5,0.3700090141005197
534900,1,7,6,29.900961539629765
534907,1,7,3,3.2793182975303714
534917,1,7,5,0.3700090141005197
534925,0,7,0,0.04646083860060565
534942,1,7,9,23.96740242768237
534943,1,7,1,13.628924652283633
534954,1,7,1,4.40348142042438
534957,1,7,1,13.366976869017844
534975,1,7,7,6.359173341398458
534977,1,7,7,6.377684923272546
534991,1,7,8,7.8706622226180105
534992,1,7,8,26.7753938508295
535007,1,7,8,26.778703566519866
535015,1,7,10,25.246514617127794
535027,1,7,9,22.83761949341727
535063,1,7,6,29.175229546712075
535070,1,7,6,30.64822691884589
535080,1,7,7,1.8923012085873003
535109,1,7,7,5.330891561255979
535111,1,7,5,0.3700090141005197
535113,1,7,9,32.577693792433585
535122,1,7,8,29.043198719961946
535127,1,7,6,12.654933785435961
535149,1,7,8,20.491897869575027
535156,1,7,4,0.3700090657260609
535159,1,7,4,0.3700090657260609
535163,1,7,7,5.777522167421012
535175,1,7,6,10.9368963180283
535177,1,7,10,9.43708537823928
535217,0,7,0,0.03163598358407057
535219,1,7,9,9.96062993335457
535221,1,7,1,25.321373572273167
535222,1,7,10,5.155295850191912
535238,1,7,4,0.3700090657260609
535240,1,7,10,7.284676834603473
535300,1,7,1,9.051526635446496
535302,1,7,8,27.28235710538956
535310,1,7,6,27.781021015205713
535330,1,7,5,0.3700090141005197
535365,1,7,8,21.288592019175184
535369,1,7,3,1.0807128385278004
535379,1,7,6,11.779775413126103
535382,1,7,5,0.3700090141005197
535394,1,7,6,7.879773198347306
535401,1,7,5,0.3700090141005197
535424,1,7,8,23.050649661689594
535426,1,7,9,19.51997211628809
535429,1,7,6,23.379897378951334
535437,1,7,10,22.343455885159745
535444,1,7,8,24.536132799067968
535447,0,7,0,0.038667241596048826
535470,1,7,6,16.028021392978943
535472,1,7,9,7.219682096070085
535478,1,7,5,0.3700090141005197
535508,1,7,9,16.39878844550165
535509,1,7,6,19.11794671454269
535534,1,7,1,17.225352593119283
535538,1,7,8,17.128269703139363
535547,1,7,3,2.5981671453623316
535562,1,7,5,0.3700090141005197
535570,1,7,5,0.3700090141005197
535580,1,7,9,32.30364417021863
535581,1,7,9,12.067254297970644
535592,1,7,9,26.636713006277013
535602,1,7,5,0.3700090141005197
535612,1,7,7,2.9963424104773035
535616,1,7,4,0.3700090657260609
535617,1,7,1,21.352987244658184
535643,1,7,8,20.98280764261977
535648,1,7,7,3.3922955036046964
535665,1,7,8,27.358649822688136
535677,1,7,10,23.415353762589596
535678,1,7,1,18.350450858806987
535680,1,7,9,32.52074637869089
535696,1,7,4,0.3700090657260609
535701,1,7,6,9.727695922236602
535724,1,7,8,7.148629403683771
535737,1,7,9,29.90359690054882
535738,1,7,8,19.953104348569624
535750,1,7,7,2.3391091669157555
535775,1,7,5,0.3700090141005197
535803,1,7,6,19.680686886224763
535814,1,7,3,2.7411776613536945
535824,1,7,9,12.191644312423012
535829,1,7,7,2.7194702061128306
535830,1,7,5,0.3700090141005197
535833,1,7,6,10.013711887494894
535860,1,7,10,23.609375159437977
535863,1,7,8,23.180408053157816
535878,1,7,1,21.200055913285794
535894,1,7,1,19.73447155780495
535896,1,7,5,0.3700090141005197
535903,1,7,5,0.3700090141005197
535906,1,7,8,26.081187268292442
535913,1,7,2,1.9363737124928462
535914,1,7,6,10.213116904378362
535917,1,7,8,22.19119890454461
535923,1,7,3,3.1995835062009546
535926,1,7,6,19.76128088770791
535928,1,7,5,0.3700090141005197
535930,1,7,8,30.39945009861604
535948,1,7,8,26.084376858930188
535962,1,7,5,0.3700090141005197
535969,1,7,5,0.3700090141005197
535973,1,7,8,25.291557704684028
536020,1,7,10,7.218575367768056
536041,1,7,9,30.84708317558722
536044,1,7,3,2.7046647231584107
536049,1,7,2,5.2551131168942415
536050,1,7,5,0.37000902039789374
536051,1,7,9,29.342006458754646
536066,0,7,0,0.034966023103014485
536068,1,7,6,19.596895632344832
536080,1,7,8,21.429635739202254
536095,1,7,9,14.562836344943367
536109,1,7,9,33.078718357228304
536115,1,7,9,23.03783730403329
536130,1,7,9,3.5370533363226087
536137,1,7,1,24.752140464441066
536150,1,7,9,26.563035682682454
536159,1,7,7,1.109337702278873
536187,1,7,8,12.539701218889148
536216,1,7,4,0.3700090657260609
536239,1,7,10,17.12034797316922
536249,1,7,9,31.771282025410674
536253,1,7,5,0.3700090141005197
536274,1,7,8,35.536638118653734
536279,1,7,5,0.3700090141005197
536336,1,7,4,0.3700090657260609
536340,0,7,0,0.20664623198675383
536341,1,7,9,25.559535362541055
536344,1,7,10,11.303379500868543
536345,1,7,9,23.85430787003659
536347,1,7,9,23.67247682143475
536351,1,7,9,18.864058932181134
536352,1,7,5,0.3700090141005197
536359,1,7,6,24.311251240147325
536366,1,7,9,11.719485139645625
536377,1,7,5,0.3700090141005197
536380,0,7,0,0.040693904791943354
536381,0,7,0,0.03193039121810302
536386,1,7,9,29.503318024142814
536392,1,7,1,24.754870498310368
536402,1,7,1,21.71259892903335
536406,1,7,9,30.741417331171952
536411,1,7,9,6.658760586857093
536416,1,7,8,18.293791466685256
536417,1,7,9,25.186218878075373
536432,1,7,10,13.61314621658571
536453,1,7,4,0.3700090657260609
536454,1,7,10,24.039076798612623
536456,1,7,9,28.967985290469716
536461,1,7,5,0.3700090141005197
536462,1,7,5,0.3700090141005197
536469,1,7,8,32.65655597240909
536485,1,7,6,26.23384033888157
536509,1,7,6,24.59817698531228
536514,1,7,8,28.639089760680125
536515,1,7,9,22.994667250663124
536528,1,7,2,8.013572353111284
536531,1,7,8,21.14959576193383
536532,1,7,10,18.661475412070114
536559,1,7,10,8.552191606386112
536568,1,7,5,0.3700090141005197
536591,1,7,8,30.428257176089375
536595,1,7,8,36.01435656491128
536603,1,7,4,0.3700090657260609
536605,0,7,0,0.0340249808618201
536622,1,7,3,2.4523813770979634
536631,1,7,6,11.241423890953133
536662,1,7,10,15.585084335224606
536682,1,7,4,0.3700090657260609
536698,1,7,9,8.799674643059323
536701,1,7,8,18.02187508197886
536707,1,7,8,26.20145205975271
536736,1,7,6,22.781398861360913
536742,1,7,6,9.117062144051117
536749,1,7,7,0.9193559938929672
536767,1,7,8,27.315042039532706
536774,1,7,9,31.084352949278472
536801,1,7,9,27.12237214321084
536806,1,7,1,12.329753675678463
536815,1,7,8,18.510430058314398
536828,0,7,0,0.035296148709621195
536834,1,7,6,25.83316083267445
536836,1,7,10,15.432342394749636
536843,0,7,0,0.04529621203036505
536844,1,7,5,0.3700090141005197
536855,1,7,6,17.869224554081093
536871,0,7,0,0.03261248215374649
536875,1,7,6,27.735060120150102
536890,1,7,10,5.993799961433317
536923,1,7,1,24.3686663249065
536945,0,7,0,0.09791591088668983
536947,1,7,2,13.0354104474706
536990,1,7,8,21.699095841479558
536998,0,7,0,0.03307880303944241
536999,1,7,5,0.3700090141005197
537010,1,7,6,30.5029129794709
537046,1,7,7,4.654359373061246
537055,1,7,1,27.763125386774053
537057,1,7,8,26.76716575422832
537068,1,7,10,12.844212936050528
537078,1,7,8,24.601902923164637
537081,1,7,8,6.390429447726731
537093,1,7,4,0.3700090656202526
537095,0,7,0,0.06167589180956298
537099,1,7,5,0.3700090141005197
537100,1,7,9,31.77171167113727
537101,1,7,8,14.98348951733253
537115,1,7,10,18.427539947918735
537123,1,7,6,24.605572185647834
537125,0,7,0,0.033380572326995574
537135,0,7,0,0.03930619761638855
537140,1,7,10,5.344833323893118
537154,1,7,2,7.672074577837301
537155,1,7,6,9.486256874942098
537165,1,7,8,21.651799371120816
537167,1,7,3,0.8196487158533653
537172,1,7,9,24.945959735004795
537173,1,7,6,17.461307109980275
537189,1,7,5,0.3700090141005197
537204,1,7,7,0.9898312241585298
537208,1,7,10,8.771785305220906
537212,1,7,4,0.3700090657260609
537223,1,7,8,4.671921058616507
537229,0,7,0,0.029918529476205977
537231,1,7,5,0.3700090141005197
537236,1,7,9,33.78442600461982
537238,1,7,6,29.786092840284574
537256,1,7,4,0.3700090657260609
537265,1,7,10,9.79884596047398
537267,1,7,10,5.600282722519871
537274,1,7,6,25.413812098478985
537286,1,7,10,16.102509519879256
537298,1,7,8,21.203232176461935
537391,1,7,9,26.902627336402496
537392,1,7,4,0.3700090656202526
537403,1,7,9,19.535307837702312
537416,1,7,9,3.59190933222557
537429,1,7,4,0.3700090657260609
537437,1,7,9,32.707235088404026
537442,1,7,1,22.67595413187861
537448,1,7,10,6.414778528696238
537467,1,7,1,19.398150990620238
537468,1,7,9,19.647569413304407
537469,1,7,2,16.134387541011105
537478,1,7,1,18.382422911373144
537479,1,7,3,3.2012676908058024
537480,1,7,8,2.5278542887556457
537496,1,7,6,14.299657702710412
537502,1,7,1,13.846608845141006
537504,1,7,1,20.351215077796073
537535,1,7,8,26.48205910939978
537541,1,7,7,6.370923637951283
537545,1,7,9,25.025830732083886
537553,1,7,7,4.38605146958669
537579,1,7,4,0.3700090657260609
537592,0,7,0,0.04321915544671912
537596,1,7,9,29.910875234070563
537599,1,7,5,0.3700090141005197
537605,1,7,9,10.094165832231448
537609,0,7,0,0.0321277278401039
537611,1,7,8,2.6926416334341554
537639,1,7,8,18.57028645209212
537646,1,7,8,35.65605538321734
537658,1,7,8,11.218060177060059
537674,1,7,5,0.3700090141005197
537676,1,7,4,0.3700090657260609
537733,1,7,5,0.37000902039789374
537741,1,7,5,0.37000902039789374
537744,1,7,6,24.88461134897908
537753,0,7,0,0.03712622163764455
537770,1,7,5,0.3700090141005197
537771,1,7,5,0.3700090141005197
537775,1,7,10,17.812182433789918
537789,1,7,8,31.329257359422755
537791,1,7,9,32.63686671325306
537799,1,7,9,21.778353806237565
537803,1,7,10,18.50452536310287
537817,1,7,8,23.8532056067273
537837,1,7,8,35.618675090181185
537850,1,7,1,24.976471732706415
537851,1,7,1,5.6930386621792035
537854,1,7,5,0.3700090141005197
537860,1,7,8,29.21689472691665
537869,1,7,10,25.11629282608468
537884,1,7,10,20.538169817185075
537889,1,7,10,13.946361626878863
537910,1,7,9,29.98143728867079
537914,1,7,3,2.9130261998102434
537916,1,7,9,16.85660730424719
537923,1,7,6,7.171935468432222
537925,1,7,6,22.779932773808365
537929,1,7,8,28.78164379784183
537931,1,7,10,4.763246048758408
537948,1,7,8,30.440480227127356
537949,1,7,5,0.3700090141005197
537953,1,7,1,18.246050334358642
537954,1,7,6,18.67632391931727
537966,1,7,4,0.3700090657260609
537991,1,7,8,29.242977114814263
537994,1,7,5,0.37000902039789374
538005,1,7,4,0.3700090657260609
538014,1,7,5,0.3700090141005197
538017,1,7,5,0.3700090141005197
538018,1,7,5,0.3700090141005197
538022,1,7,1,16.005782647757126
538030,1,7,4,0.3700090657260609
538034,1,7,9,21.61379562839755
538035,0,7,0,0.02918511868176209
538043,1,7,10,16.574984822071176
538048,1,7,6,29.701736319070527
538068,1,7,1,17.264993634765826
538095,1,7,5,0.3700090141005197
538105,1,7,10,18.321327966257286
538121,1,7,9,26.139527741842787
538126,1,7,9,33.3781912551777
538128,1,7,5,0.3700090141005197
538141,1,7,9,30.622233841629843
538156,1,7,9,21.48344408347263
538163,0,7,0,0.15328957431289972
538179,1,7,4,0.3700090657260609
538183,1,7,6,25.8463349175914
538204,1,7,5,0.3700090141005197
538216,1,7,3,3.1865291351330645
538219,1,7,5,0.3700090141005197
538224,1,7,9,8.471653474414932
538228,0,7,0,0.06457472237663485
538243,1,7,9,24.655636668867672
538264,1,7,6,13.357421293695655
538268,1,7,9,23.58328184747979
538275,1,7,8,14.083436541261669
538277,1,7,2,14.627056553540424
538281,1,7,6,23.482772596613092
538298,0,7,0,0.10945299741106301
538299,1,7,6,22.557211339640947
538317,1,7,9,30.87669438149235
538322,1,7,6,20.877569138089378
538323,1,7,6,7.909676024470541
538328,1,7,10,15.510129089045112
538344,1,7,4,0.3700090657260609
538373,1,7,6,29.194034834432205
538382,1,7,10,16.902001743060744
538385,1,7,9,18.576572584919187
538387,1,7,9,32.94266259460948
538397,1,7,7,3.2916796016414183
538402,1,7,6,19.960239752798913
538418,1,7,1,7.104037978734708
538434,1,7,9,30.809499207190388
538441,1,7,10,10.426068323782996
538451,1,7,9,21.51932659824869
538453,1,7,10,23.743005774187896
538457,1,7,5,0.3700090141005197
538468,1,7,8,19.644695460259282
538486,1,7,8,16.545435844637304
538495,1,7,5,0.3700090141005197
538518,1,7,10,15.915973191773617
538523,1,7,10,14.854752985155269
538536,1,7,6,25.440757925442497
538545,1,7,10,21.483171397874937
538546,1,7,6,7.5975603414312465
538556,1,7,10,20.994439850095272
538561,1,7,6,17.101464609944554
538579,1,7,9,31.355471901384963
538594,1,7,8,9.565374257424956
538602,1,7,5,0.37000902039789374
538606,1,7,5,0.3700090141005197
538612,1,7,3,1.1021780053849146
538615,1,7,10,24.54332023088366
538622,1,7,4,0.3700090657260609
538628,1,7,9,31.148151171870172
538633,1,7,1,19.54997719789634
538640,1,7,5,0.3700090141005197
538660,1,7,9,21.057864915054648
538676,1,7,5,0.3700090141005197
538682,1,7,4,0.3700090657260609
538696,1,7,6,14.020216999007832
538714,1,7,9,29.644727779575447
538716,1,7,4,0.3700090657260609
538719,1,7,7,6.518280431289425
538738,1,7,10,16.20750988943761
538745,1,7,3,2.348651361530581
538754,1,7,6,19.2872165171094
538761,1,7,3,3.1094160903644728
538763,1,7,6,30.18208357356609
538786,1,7,10,15.925525756074189
538797,1,7,6,30.404112980483003
538819,1,7,3,3.1430400760726096
538839,1,7,9,16.110381961568407
538851,1,7,8,31.336351815194647
538856,1,7,5,0.3700090141005197
538860,1,7,5,0.3700090141005197
538868,1,7,7,6.325961978590408
538878,1,7,10,25.200871965563376
538882,1,7,9,18.63274399169548
538900,1,7,9,25.006226370842413
538906,1,7,4,0.3700090656202526
538910,1,7,8,24.247464771079503
538922,1,7,8,6.714293436898829
538925,1,7,7,5.185639916912665
538945,1,7,9,20.664422926777174
538950,1,7,1,5.937027531123809
538965,1,7,4,0.3700090657260609
538988,1,7,5,0.3700090141005197
539000,1,7,10,8.948331156654293
539001,1,7,4,0.3700090657260609
539006,1,7,5,0.3700090141005197
539008,1,7,7,2.0993689327414
539017,1,7,1,21.242847372497717
539022,1,7,6,18.80443973403717
539038,1,7,8,10.033883134052248
539039,1,7,9,32.51818037763674
539075,1,7,4,0.3700090657260609
539082,1,7,7,5.855551732594515
539092,1,7,2,16.3521803164013
539095,1,7,8,4.6427862980653964
539129,1,7,1,12.462802149972564
539130,0,7,0,0.03233485956220469
539133,0,7,0,0.04684332215229642
539152,1,7,3,3.115362120525271
539156,1,7,6,11.409775816335731
539166,1,7,9,33.715188253114135
539181,1,7,9,25.32895427398332
539186,1,7,2,13.243828563821578
539191,1,7,4,0.3700090657260609
539193,1,7,5,0.3700090141005197
539195,1,7,8,20.114170650342704
539237,1,7,9,33.05738320390466
539242,1,7,6,26.37171195283665
539258,1,7,8,26.025020953393756
539261,1,7,1,14.520597259017974
539287,1,7,2,10.963218128143058
539292,1,7,6,28.97154939813841
539299,1,7,1,26.7730118650032
539308,1,7,4,0.3700090657260609
539310,1,7,10,26.02994307001903
539334,1,7,10,15.994998375232594
539337,1,7,10,13.223677626287904
539343,1,7,6,23.991837208955708
539370,1,7,1,14.961452343439621
539380,1,7,8,7.535216406544165
539384,1,7,6,21.521682406155772
539409,1,7,6,27.389495660779588
539413,1,7,8,20.55787432232589
539418,1,7,3,2.839067117471575
539419,1,7,8,9.042916986418994
539420,1,7,2,4.8171194741439
539428,1,7,6,21.41033019869426
539438,1,7,9,23.508680309324458
539443,1,7,4,0.3700090657260609
539448,1,7,6,24.639042778686324
539450,1,7,10,24.623240180514443
539458,1,7,10,13.228100686869055
539472,1,7,3,1.8729668034991755
539502,1,7,5,0.3700090141005197
539519,1,7,9,6.079883349376792
539524,1,7,6,14.21629897846339
539533,1,7,5,0.3700090141005197
539535,1,7,9,24.948035817729863
539558,1,7,10,26.02678440765457
539562,1,7,5,0.37000902039789374
539568,1,7,3,3.1278647069443273
539577,1,7,6,10.777404640711984
539580,1,7,4,0.3700090657260609
539581,1,7,10,6.584027086548242
539599,1,7,9,25.25174300113258
539639,1,7,6,20.35452720279808
539652,0,7,0,0.034072726769844984
539656,1,7,8,11.91696229228706
539670,1,7,5,0.3700090141005197
539672,1,7,5,0.3700090141005197
539689,1,7,1,7.295726018594495
539699,1,7,9,29.800008717322637
539700,1,7,8,35.41985577489617
539701,1,7,4,0.3700090657260609
539702,1,7,9,33.0446488960312
539713,1,7,2,12.7617664286512
539725,1,7,9,2.619822927468826
539734,1,7,4,0.3700090657260609
539735,1,7,8,21.21696762039358
539741,1,7,9,19.039497325228854
539751,1,7,8,4.0152225091397895
539764,0,7,0,0.03648316324021719
539776,1,7,7,3.301307961049612
539781,1,7,4,0.3700090657260609
539784,1,7,8,33.292244214271534
539787,1,7,10,14.649451020561676
539799,1,7,8,22.463463641859352
539802,1,7,5,0.3700090141005197
539811,1,7,6,16.300761821421613
539819,1,7,8,8.219373477322138
539822,1,7,8,29.033054658361554
539823,1,7,7,3.3191313795424437
539850,1,7,6,10.533910199727874
539862,1,7,5,0.3700090141005197
539895,1,7,5,0.3700090141005197
539901,1,7,1,25.500529592665025
539924,1,7,8,24.756616991597983
539927,1,7,5,0.3700090141005197
539930,1,7,8,19.26193277549916
539946,1,7,8,24.11646499340083
539967,1,7,5,0.3700090141005197
539983,1,7,4,0.3700090657260609
540000,1,7,10,11.958510608485486
540003,1,7,1,6.773433260489959
540011,1,7,5,0.3700090141005197
540012,1,7,8,8.067219453626493
540019,1,7,7,5.823571603049325
540024,1,7,10,10.069060167639428
540046,1,7,2,9.196318825522265
540056,1,7,10,24.058762588877066
540065,1,7,8,8.116628478293363
540068,1,7,7,6.251390884059179
540074,1,7,8,28.797257256466146
540108,1,7,6,26.22267720148445
540110,1,7,4,0.3700090657260609
540120,1,7,8,5.837801080939826
540121,1,7,4,0.3700090657260609
540122,1,7,9,33.314275150540674
540133,0,7,0,0.03490534347166391
540134,1,7,6,5.141592466875707
540135,1,7,9,29.91303024779246
540139,1,7,5,0.3700090141005197
540164,1,7,9,10.58185290564997
540174,1,7,8,24.425145154724575
540185,1,7,10,7.517992986244624
540187,0,7,0,0.036245613255568326
540190,1,7,6,7.42558981384965
540203,1,7,8,36.099578968638376
540213,1,7,3,1.8995465877305
540232,1,7,7,1.980702972452857
540243,1,7,4,0.3700090657260609
540253,1,7,8,17.197173316716665
540264,1,7,9,30.487892233541128
540272,1,7,7,3.0132367456045404
540280,1,7,4,0.3700090657260609
540287,0,7,0,0.04726490168159911
540290,1,7,10,16.63326991884176
540318,1,7,7,6.086869772489014
540319,1,7,9,25.407299155405887
540331,1,7,2,9.791058446110123
540343,1,7,5,0.3700090141005197
540346,1,7,4,0.3700090657260609
540358,1,7,4,0.3700090657260609
540362,1,7,7,6.038571508267512
540366,1,7,9,17.180786280509327
540374,0,7,0,0.045470981716600606
540383,1,7,9,18.860677609602675
540387,1,7,9,29.40168529466351
540395,1,7,10,9.583657819037075
540404,1,7,7,2.903963054310949
540411,1,7,3,1.5840036067338985
540440,1,7,10,26.007544904232613
540441,1,7,7,2.335512582652556
540447,1,7,4,0.3700090657260609
540459,1,7,9,7.128607759322926
540475,1,7,9,29.3961438042662
540487,1,7,9,29.777847163696148
540517,1,7,8,26.928994363562666
540520,0,7,0,0.047022311447916854
540561,1,7,5,0.3700090141005197
540570,1,7,5,0.3700090141005197
540571,1,7,5,0.3700090141005197
540577,1,7,6,10.172103548861893
540581,1,7,8,6.1546548166296455
540583,1,7,8,33.88218813333444
540589,1,7,9,25.017719628403583
540623,1,7,8,14.591044666411332
540630,1,7,1,5.515068300749804
540640,1,7,1,24.75685052483828
540657,1,7,9,14.418975154680773
540673,1,7,8,16.5475843974843
540681,1,7,5,0.3700090141005197
540714,1,7,8,31.221844069625792
540761,1,7,3,2.4674509076269806
540763,1,7,4,0.3700090657260609
540765,1,7,9,25.841413496385204
540777,1,7,9,24.306122032959003
540802,1,7,1,11.33970738123107
540816,1,7,5,0.3700090141005197
540818,1,7,7,5.634376009376419
540831,1,7,5,0.3700090141005197
540833,1,7,10,19.128114133462134
540835,1,7,6,18.739241163617557
540836,1,7,7,3.3274317185788327
540844,1,7,9,7.052842008798611
540845,1,7,9,27.851564689288583
540857,1,7,8,7.325594200923515
540873,1,7,9,30.589732217771427
540895,0,7,0,0.03596875643847678
540918,1,7,8,12.25512217381865
540946,1,7,5,0.3700090141005197
540970,1,7,9,12.122240866613751
540971,1,7,2,2.835302850296092
540980,1,7,4,0.3700090657260609
540987,1,7,5,0.3700090141005197
541002,1,7,4,0.3700090657260609
541005,1,7,9,29.121528986940984
541009,1,7,1,19.518033577784347
541018,1,7,5,0.3700090141005197
541024,1,7,9,18.252857848374486
541039,1,7,9,25.003914406683045
541042,1,7,8,11.53938481047466
541053,1,7,10,19.726616228087327
541081,1,7,5,0.3700090141005197
541100,1,7,2,1.6355751466624295
541112,1,7,1,14.384049153909954
541124,1,7,5,0.3700090141005197
541127,1,7,4,0.3700090657260609
541129,1,7,9,6.448133974766351
541137,1,7,8,18.47924018657868
541140,1,7,9,10.78931947226553
541166,1,7,4,0.3700090657260609
541198,1,7,3,3.1870155213741866
541224,1,7,6,19.086840253383578
541225,1,7,6,19.387001046203025
541232,1,7,4,0.3700090657260609
541234,1,7,8,24.334765807958988
541250,1,7,8,31.76365747773927
541254,1,7,5,0.3700090141005197
541259,0,7,0,0.07657921471372624
541269,1,7,10,13.283088309431463
541276,1,7,9,30.086908882996212
541281,1,7,9,18.393724667687827
541291,1,7,9,13.212716228346045
541297,1,7,2,16.400394829784652
541298,1,7,8,16.220608338601583
541314,1,7,10,12.757124930493138
541319,0,7,0,0.04526792793627051
541327,1,7,6,13.431197910767935
541339,1,7,6,4.367865543560892
541341,1,7,8,4.289669279290985
541345,1,7,1,4.732868075024506
541356,1,7,8,25.311130208086322
541360,1,7,8,30.73129211514796
541363,1,7,1,26.454070647282837
541369,1,7,6,20.163460070825074
541384,1,7,8,30.40325864625575
541386,1,7,5,0.3700090141005197
541389,1,7,9,4.047817946861891
541392,1,7,5,0.3700090141005197
541404,1,7,8,28.504340564553843
541418,1,7,6,21.192238368491527
541420,1,7,2,13.088681028115328
541425,1,7,8,18.177558671207052
541426,1,7,1,15.529798450106076
541435,1,7,4,0.3700090657260609
541436,1,7,9,6.614322538828939
541439,1,7,8,9.280294241342263
541445,1,7,6,29.19962320771426
541448,1,7,10,21.587567092795506
541454,1,7,10,20.65852881740623
541459,1,7,9,26.408966056398995
541468,1,7,4,0.3700090656202526
541473,1,7,5,0.3700090141005197
541497,1,7,10,7.157724393879617
541500,1,7,8,25.890818026481668
541501,0,7,0,0.14070097183322788
541505,1,7,4,0.3700090657260609
541509,1,7,10,18.410098963776644
541517,1,7,4,0.3700090657260609
541526,1,7,6,7.860053220564575
541530,1,7,1,7.910436675492453
541544,1,7,1,18.925427195435436
541553,1,7,6,15.722755006181895
541554,1,7,6,18.29397740697154
541555,1,7,5,0.3700090141005197
541563,1,7,7,6.3068003872226965
541565,1,7,9,10.800147183841581
541568,1,7,1,9.78399833924077
541571,1,7,3,3.0602406837191483
541578,1,7,6,28.306101607638723
541606,1,7,8,29.241918982004293
541612,1,7,10,13.745062736448487
541630,0,7,0,0.03608635807572333
541638,1,7,2,10.87644908767503
541645,1,7,5,0.3700090141005197
541651,1,7,9,12.08424017609681
541660,1,7,5,0.3700090141005197
541661,1,7,6,12.50536572516276
541667,1,7,5,0.3700090141005197
541680,1,7,10,12.95877147670846
541683,1,7,6,26.291467596156682
541700,1,7,10,5.625708714524869
541712,1,7,9,18.406427590306752
541716,1,7,6,30.520513649181982
541722,1,7,8,33.027957115465355
541741,1,7,8,25.011987624304435
541748,1,7,2,16.33068561148998
541753,1,7,10,16.20129557589489
541780,1,7,5,0.3700090141005197
541805,1,7,4,0.3700090657260609
541812,1,7,9,33.54584001251314
541829,1,7,8,15.81894227396464
541830,1,7,5,0.3700090141005197
541832,1,7,2,16.11214691930617
541867,1,7,6,29.452953890774687
541869,1,7,1,16.980277059921306
541870,1,7,9,26.574728271067578
541877,1,7,10,6.709465333089302
541883,1,7,9,23.816628276922383
541885,1,7,1,9.143096121248375
541894,1,7,10,13.314093990987208
541902,1,7,7,5.448353391497999
541905,1,7,5,0.3700090141005197
541913,1,7,6,27.780457543939487
541926,1,7,9,29.22038667737576
541927,1,7,4,0.3700090657260609
541946,1,7,4,0.3700090657260609
541957,1,7,4,0.3700090657260609
541965,1,7,5,0.3700090141005197
541967,1,7,1,7.119584093602226
541970,1,7,9,24.43598805330269
541987,1,7,8,26.53501987301193
541994,1,7,9,19.570841705186922
542002,1,7,7,1.4019226962869913
542017,1,7,4,0.3700090656202526
542032,1,7,3,3.1392100733806716
542035,1,7,7,3.503281983606772
542038,1,7,9,23.05169577852448
542042,1,7,5,0.3700090141005197
542043,1,7,6,19.290073403321344
542071,1,7,5,0.3700090141005197
542081,1,7,5,0.3700090141005197
542101,1,7,5,0.3700090141005197
542111,1,7,7,5.317659286927376
542115,1,7,5,0.3700090141005197
542118,1,7,6,5.385023022445184
542131,1,7,9,32.52772193293476
542139,1,7,6,25.009620214328272
542148,1,7,8,15.65202486101102
542155,1,7,3,2.8269384746030135
542173,1,7,8,28.505416505302378
542176,1,7,4,0.3700090657260609
542178,1,7,4,0.3700090657260609
542181,1,7,2,12.954392238306687
542182,1,7,4,0.3700090657260609
542186,1,7,10,22.268221976186677
542198,1,7,5,0.3700090141005197
542204,1,7,3,3.1882894695400514
542207,1,7,7,1.761720643494004
542210,1,7,1,11.855461345680217
542214,1,7,9,32.24005229633989
542216,1,7,8,14.135033744102293
542219,1,7,9,30.70828163442085
542220,0,7,0,0.09168420680322378
542222,1,7,6,7.01446938176025
542234,1,7,1,23.779435527256542
542238,1,7,2,4.8899100967241464
542260,1,7,1,26.482790960138352
542267,1,7,1,19.12415672537968
542268,1,7,5,0.3700090141005197
542278,1,7,1,18.536641340247655
542295,0,7,0,0.0385647459106799
542300,1,7,8,5.701418902935316
542304,1,7,6,21.70540567263437
542306,1,7,4,0.3700090657260609
542316,1,7,5,0.3700090141005197
542335,1,7,8,4.391903409742979
542340,1,7,9,15.037061405385339
542341,1,7,8,22.361100601291103
542355,1,7,1,27.34892471551605
542394,1,7,9,23.401150258244222
542400,1,7,6,18.796701739074486
542403,1,7,6,22.04982758914347
542422,1,7,6,20.721888872368417
542426,1,7,6,16.31061367737523
542431,1,7,8,30.198237351487393
542475,1,7,1,21.223981732539055
542480,1,7,7,5.468362423632239
542488,1,7,9,24.733943053206083
542492,1,7,10,9.145294445934727
542498,1,7,1,14.973898420508768
542499,1,7,9,5.11314730456248
542505,1,7,8,20.600884112717164
542510,1,7,1,21.482862549755723
542517,1,7,6,21.30879848254459
542525,1,7,8,24.696123935735454
542531,1,7,4,0.3700090657260609
542544,1,7,7,6.548298891246738
542564,1,7,6,28.161581644698888
542565,1,7,5,0.37000902039789374
542572,0,7,0,0.03466619569666568
542581,1,7,7,6.526445127911386
542583,1,7,2,2.1827233811872184
542607,1,7,10,4.702387989638525
542617,1,7,10,21.351027278552934
542618,1,7,6,29.061327102907878
542665,0,7,0,0.037620884764472125
542722,1,7,9,27.67166228745359
542730,1,7,8,24.756960872884914
542734,1,7,8,13.271042944477578
542739,1,7,6,16.386391344109988
542769,1,7,6,12.729799744295752
542787,1,7,6,26.397291598250728
542788,1,7,9,10.027648559675344
542794,1,7,6,23.707920913517384
542798,1,7,7,5.8881685678794184
542808,1,7,6,13.694338791753637
542810,1,7,6,12.614979830552237
542820,1,7,5,0.3700090141005197
542833,1,7,8,9.397787203872168
542837,1,7,5,0.3700090141005197
542844,0,7,0,0.03046980522346295
542852,0,7,0,0.03504410103443268
542856,1,7,9,32.69255505159654
542885,1,7,7,1.3680160708283502
542889,0,7,0,0.0346410306933961
542890,1,7,5,0.3700090141005197
542900,1,7,1,27.085876384051925
542913,1,7,7,4.971246542694097
542915,1,7,2,14.856301937626693
542942,1,7,8,24.603460602195213
542954,1,7,2,9.19528225179615
542957,1,7,5,0.3700090141005197
542959,1,7,10,26.004832539993384
542967,1,7,10,14.60332419636553
542989,0,7,0,0.03622878121630098
542999,1,7,7,6.371784591679922
543002,1,7,9,18.672518492693264
543008,1,7,1,17.824144766780954
543030,1,7,8,24.527704988533756
543046,1,7,8,27.86380282525865
543069,1,7,5,0.3700090141005197
543073,1,7,1,27.210690839258113
543100,1,7,6,23.039319030016753
543113,1,7,4,0.3700090657260609
543119,1,7,5,0.3700090141005197
543126,1,7,5,0.3700090141005197
543139,1,7,10,16.56935643924702
543140,1,7,4,0.3700090657260609
543160,1,7,5,0.3700090141005197
543164,1,7,5,0.3700090141005197
543174,1,7,10,14.41685321197236
543182,1,7,6,23.82684470395205
543194,1,7,5,0.3700090141005197
543205,1,7,7,0.6124530585165577
543211,1,7,5,0.3700090141005197
543212,1,7,2,12.592896748840817
543223,1,7,3,3.150981319399852
543225,1,7,10,13.790363561806723
543237,1,7,3,3.157813206468087
543252,1,7,1,13.661790817314598
543255,1,7,6,8.669058787849387
543268,1,7,9,8.636101007006854
543284,1,7,5,0.37000902039789374
543292,1,7,9,26.413061688514876
543331,1,7,10,17.844945678657528
543333,1,7,9,21.370357555263325
543347,1,7,10,7.494463374334377
543354,1,7,3,1.6743381584721244
543367,1,7,5,0.3700090141005197
543373,1,7,6,12.890252980006409
543374,1,7,4,0.3700090657260609
543381,1,7,9,15.626412484127233
543387,1,7,9,31.849180803160195
543392,1,7,10,16.890345793677074
543413,1,7,9,17.749571799742803
543415,1,7,8,12.397519331703792
543422,1,7,1,5.295616363203597
543423,1,7,5,0.3700090141005197
543426,1,7,4,0.3700090657260609
543438,0,7,0,0.02707760094693631
543454,1,7,8,17.34879950217988
543457,1,7,4,0.3700090657260609
543476,1,7,8,15.718738835516104
543482,1,7,1,15.12908373181744
543492,1,7,8,34.06976465840472
543496,1,7,1,15.44693344192393
543499,1,7,7,3.88560996951541
543516,1,7,8,22.914224206275133
543545,1,7,7,3.2891501326438144
543549,1,7,9,31.48639225291431
543554,1,7,8,9.551414821380668
543559,1,7,9,32.702417866323835
543560,1,7,3,2.3028581454339356
543561,1,7,7,6.369813964415403
543570,1,7,7,5.025084039743776
543577,1,7,8,31.024521640661884
543592,1,7,5,0.3700090141005197
543593,1,7,1,26.199582610892364
543604,1,7,5,0.3700090141005197
543611,1,7,9,31.797229677795475
543617,1,7,10,4.752333176780228
543618,1,7,1,6.932592661797052
543621,0,7,0,0.037671160521846055
543625,1,7,9,23.969386770173557
543638,0,7,0,0.07730638824097136
543641,1,7,4,0.3700090657260609
543645,1,7,6,27.622633023196272
543658,1,7,4,0.3700090657260609
543674,1,7,5,0.3700090141005197
543676,1,7,8,36.12594171048861
543677,1,7,5,0.3700090141005197
543686,1,7,6,19.025427235584495
543709,1,7,5,0.3700090141005197
543719,1,7,8,15.765792338232199
543720,1,7,8,5.706892393149877
543749,1,7,4,0.3700090657260609
543761,1,7,6,29.58284877425579
543765,1,7,8,20.118476813091938
543766,1,7,5,0.3700090141005197
543772,1,7,6,26.33655670516839
543777,1,7,10,12.025483154750278
543785,1,7,5,0.3700090141005197
543792,1,7,5,0.3700090141005197
543816,1,7,8,29.582318274318162
543840,1,7,5,0.3700090141005197
543849,1,7,5,0.37000902039789374
543858,1,7,5,0.37000902039789374
543861,1,7,8,35.436248288141556
543867,1,7,4,0.3700090657260609
543876,1,7,10,22.973894257739886
543879,1,7,6,27.55518485155022
543886,1,7,4,0.3700090657260609
543899,1,7,6,19.07237581876304
543935,0,7,0,0.03402028729791074
543950,1,7,2,13.479724691043385
543958,1,7,1,23.616298365772924
543961,1,7,6,10.725537607270866
543962,1,7,1,21.89620925737912
543974,1,7,9,22.68639056630815
543987,1,7,5,0.3700090141005197
544002,1,7,6,30.22620770764643
544013,1,7,9,23.287948474103867
544021,1,7,6,29.20814369284685
544022,1,7,10,9.53977626201976
544035,1,7,10,23.13643861354903
544047,1,7,4,0.3700090657260609
544058,1,7,6,22.895689123839723
544085,1,7,3,3.0848033006669686
544097,1,7,7,1.527630485812357
544120,1,7,8,7.5313734150563265
544126,1,7,6,11.088225025566972
544132,1,7,8,22.390250957013055
544135,1,7,4,0.3700090657260609
544136,1,7,8,3.9933096356124884
544147,1,7,8,18.772437065031234
544155,1,7,4,0.3700090657260609
544162,1,7,9,31.16231163065534
544168,1,7,8,29.214379345009725
544172,1,7,8,11.346678610433946
544173,1,7,6,20.892391445239717
544174,1,7,5,0.3700090141005197
544181,1,7,8,18.162502156113696
544185,1,7,2,2.732870313652946
544195,1,7,9,33.58295078970052
544200,1,7,10,8.734771138041939
544208,1,7,8,15.784111040358138
544235,1,7,8,27.389129247913964
544237,1,7,5,0.3700090141005197
544241,1,7,4,0.3700090657260609
544251,1,7,5,0.3700090141005197
544255,1,7,9,12.73822639640566
544281,1,7,2,1.0018600196669452
544291,1,7,1,13.463131637364786
544297,1,7,9,26.952976946334964
544312,1,7,5,0.3700090141005197
544318,1,7,1,16.947754550050306
544325,1,7,10,8.233333017623059
544331,1,7,5,0.3700090141005197
544333,1,7,8,30.511920762113142
544335,1,7,8,7.745756381534101
544340,1,7,8,19.33183005050533
544347,1,7,9,29.550400981225117
544360,0,7,0,0.04474601721876866
544398,1,7,2,7.8391957987439955
544400,1,7,9,19.803008337095143
544413,1,7,9,31.09373075582391
544417,1,7,9,33.51185693958159
544427,1,7,6,14.187927824095059
544455,1,7,5,0.3700090141005197
544492,1,7,5,0.37000902039789374
544509,1,7,6,21.993598551738472
544510,1,7,5,0.3700090141005197
544519,1,7,1,16.054201459571242
544531,1,7,1,14.387175121552515
544551,1,7,3,1.4791381294609613
544552,1,7,8,14.123257120827141
544553,1,7,8,6.257687213633633
544554,1,7,5,0.3700090141005197
544572,1,7,9,22.991945449728853
544589,1,7,6,16.66689334233082
544608,1,7,5,0.3700090141005197
544621,1,7,9,24.640851913165562
544629,1,7,9,6.325531660560049
544630,1,7,8,23.31780107814314
544639,1,7,1,24.625354925253742
544640,1,7,9,26.095375725631126
544643,1,7,6,22.069536728698736
544657,1,7,10,5.43225079107484
544675,1,7,2,12.817405340377986
544689,1,7,9,33.0041219116922
544692,1,7,9,24.88410535658011
544712,1,7,1,6.8837824392924025
544719,1,7,8,18.03158392487132
544727,1,7,9,15.886418253425996
544734,1,7,10,17.671614706953832
544750,1,7,8,20.95273007155897
544754,1,7,8,35.36863681142949
544755,1,7,4,0.3700090657260609
544783,1,7,9,19.827323350105534
544785,1,7,4,0.3700090657260609
544790,1,7,9,31.885644878668952
544825,1,7,10,13.289754912551492
544848,1,7,9,24.727491047182877
544851,1,7,6,29.787693460814324
544853,1,7,10,20.1094039793877
544873,1,7,9,22.197753995829636
544886,1,7,4,0.3700090657260609
544888,1,7,1,21.963854507585733
544897,1,7,3,2.7692604014091367
544914,1,7,10,18.240811038927514
544915,1,7,5,0.3700090141005197
544930,1,7,9,20.82302992045501
544934,1,7,2,7.041902348427577
544980,1,7,9,33.279719334544545
545003,1,7,8,32.69145641144908
545045,1,7,4,0.3700090657260609
545053,0,7,0,0.026424240029013026
545063,1,7,6,13.05533719207595
545078,1,7,9,33.437210839569026
545081,1,7,8,6.216032984817338
545082,1,7,8,21.143834135739805
545088,1,7,8,20.679792079514446
545118,1,7,6,16.396936696138845
545145,1,7,6,19.292472466559786
545161,1,7,8,15.95513014159556
545185,1,7,8,33.4208814417688
545210,1,7,8,11.730650166322265
545221,1,7,8,22.221674657809828
545237,1,7,9,13.849938454643508
545243,1,7,5,0.3700090141005197
545244,0,7,0,0.0982891941419488
545245,1,7,6,23.815958294008365
545251,1,7,4,0.3700090657260609
545261,1,7,6,29.45581818471161
545264,1,7,6,15.516447924176294
545274,1,7,6,28.413801495862224
545282,1,7,9,29.597028969303448
545290,1,7,4,0.3700090657260609
545299,1,7,4,0.3700090657260609
545311,1,7,6,10.87319414376915
545340,1,7,5,0.3700090141005197
545345,1,7,4,0.3700090657260609
545351,1,7,5,0.3700090141005197
545367,1,7,4,0.3700090657260609
545385,1,7,8,26.270412935977596
545391,1,7,10,26.042694683596565
545399,1,7,9,12.790881069681042
545406,1,7,10,16.199809717024987
545412,1,7,3,2.5329351089193826
545416,1,7,9,6.482107182926475
545421,1,7,8,9.967214008781303
545423,1,7,6,30.501710648887737
545425,1,7,9,10.127568615350567
545427,1,7,6,11.817614428123324
545448,1,7,7,5.660492220949383
545450,1,7,7,0.3478731515453738
545454,1,7,4,0.3700090657260609
545460,1,7,8,7.9046657305339645
545472,1,7,5,0.3700090141005197
545477,1,7,9,30.00089876125161
545502,1,7,4,0.3700090657260609
545522,1,7,10,10.268081688516888
545553,1,7,4,0.3700090657260609
545582,1,7,9,30.249961347199843
545586,1,7,4,0.3700090657260609
545599,1,7,9,20.57493330374036
545611,1,7,5,0.37000902039789374
545625,1,7,10,7.895493723694469
545628,1,7,1,15.313504448517621
545647,1,7,5,0.3700090141005197
545652,1,7,2,1.2944204768241685
545659,1,7,1,18.815893450893068
545661,1,7,7,6.493275389143526
545665,1,7,1,27.824513352467413
545667,1,7,9,33.345152815384175
545669,1,7,5,0.3700090141005197
545670,0,7,0,0.038132485236409046
545671,1,7,4,0.3700090657260609
545676,1,7,4,0.3700090657260609
545692,1,7,3,2.822070477194919
545703,1,7,8,12.913142908185916
545706,1,7,9,22.058709146891516
545708,1,7,8,29.67947984572606
545726,1,7,8,8.673782518087108
545731,1,7,3,2.585478161647565
545737,1,7,6,14.053074532705821
545753,1,7,6,12.331637730476425
545756,1,7,4,0.3700090657260609
545785,1,7,4,0.3700090657260609
545793,1,7,5,0.3700090141005197
545796,0,7,0,0.029075701301967172
545799,1,7,2,14.493927750668572
545804,1,7,9,13.21018932434327
545805,1,7,4,0.3700090657260609
545849,1,7,5,0.3700090141005197
545862,1,7,8,24.02670810604735
545867,1,7,9,18.901993578250245
545871,1,7,9,12.23900935619368
545873,1,7,9,27.846738005557143
545874,1,7,2,10.194723322251392
545876,1,7,1,16.98792937745648
545880,1,7,7,4.2954439885811535
545881,1,7,8,25.78170464532512
545898,1,7,9,33.133258101362166
545909,1,7,7,1.256124088132829
545912,1,7,9,30.928617153358942
545930,1,7,4,0.3700090657260609
545933,1,7,10,12.06407097446902
545940,1,7,10,18.191710257568694
545947,0,7,0,0.03292442952822825
545965,1,7,7,2.025316373227354
545966,1,7,6,22.85014629399574
545980,1,7,5,0.3700090141005197
545991,1,7,9,30.313037063153896
545992,1,7,1,9.724854990674523
545997,1,7,9,16.3232863170208
546018,1,7,8,3.023785500679588
546024,1,7,6,24.5743184641896
546038,1,7,5,0.3700090141005197
546044,1,7,9,24.704799654943642
546056,1,7,7,2.9803467234071017
546057,1,7,3,2.4993864131181365
546062,1,7,8,20.861423201833173
546065,1,7,6,13.863648801991813
546068,1,7,8,7.169956450827101
546073,1,7,9,33.05087959498224
546081,1,7,6,5.351343237741733
546090,1,7,10,7.490299186550704
546098,1,7,1,9.262659456587228
546109,1,7,8,23.614879781056924
546125,1,7,4,0.3700090656202526
546146,1,7,5,0.3700090141005197
546148,1,7,2,4.42296546658913
546153,1,7,9,9.303498945005307
546175,1,7,7,0.3904280796870214
546178,1,7,4,0.3700090657260609
546181,1,7,7,6.252902155417561
546191,1,7,5,0.3700090141005197
546206,1,7,7,3.4412019295577516
546211,1,7,9,31.35262591523272
546224,1,7,6,21.947307589424426
546225,1,7,6,21.05839481943346
546235,1,7,6,17.184398669268973
546243,1,7,9,31.32047090185453
546247,1,7,9,32.14316127368036
546263,1,7,2,5.82326125684584
546268,1,7,6,30.059093713786083
546277,1,7,4,0.3700090657260609
546278,1,7,4,0.3700090657260609
546306,1,7,9,30.135519430557693
546316,0,7,0,0.03761559971671337
546318,1,7,9,31.70339851971759
546323,1,7,3,2.946515203537635
546360,1,7,8,3.243033056863023
546375,1,7,8,36.02466979037419
546386,1,7,10,6.27532553127764
546395,1,7,10,9.924274752725786
546398,1,7,4,0.3700090657260609
546399,1,7,6,14.528662896274577
546405,1,7,8,22.63664574158484
546454,1,7,7,4.797777037190806
546461,1,7,3,2.4680933539076446
546483,1,7,6,19.47053425582335
546484,1,7,1,22.701379939048742
546486,1,7,9,9.676107259435573
546519,1,7,6,10.80200691304084
546525,1,7,1,23.199151991079518
546564,1,7,4,0.3700090657260609
546584,1,7,6,19.07564577867626
546589,1,7,10,12.376078139495739
546599,1,7,9,29.718486345015457
546602,1,7,8,32.79766505612727
546606,1,7,1,3.776025569063126
546615,1,7,8,17.450331856984317
546628,1,7,9,27.052290680212135
546645,1,7,9,16.247269589794076
546661,1,7,6,17.67316549783576
546686,1,7,6,28.75720657255797
546693,1,7,9,6.763726436028199
546697,1,7,9,8.826253550863044
546699,1,7,6,10.975476324519093
546728,1,7,1,26.72476860281031
546737,1,7,9,12.606526992352585
546738,1,7,7,6.024935755988261
546756,1,7,9,3.066438037544358
546770,1,7,1,23.971130197722243
546785,1,7,9,22.83917427550362
546797,1,7,6,23.50102760372609
546804,1,7,10,25.993488630115486
546805,1,7,10,15.376592869009198
546807,1,7,1,8.498075103611834
546815,1,7,7,6.260281340771158
546816,1,7,10,22.735261882012118
546843,1,7,6,26.64315012394055
546855,1,7,4,0.3700090656202526
546879,1,7,5,0.3700090141005197
546891,1,7,10,18.41843335443178
546907,1,7,7,4.93865833990574
546913,1,7,6,7.8219912309237944
546916,1,7,10,6.041964221331444
546954,1,7,7,6.14425556662729
546959,1,7,8,12.78398267419295
546961,1,7,8,18.73232265838037
546963,1,7,6,8.825254184127214
546967,1,7,2,2.2339515572598194
546975,1,7,3,3.230195336831155
546979,1,7,1,6.438058142167521
546996,1,7,10,7.325452144732187
547001,1,7,5,0.3700090141005197
547002,1,7,6,24.89197322169979
547010,1,7,1,7.378073419599473
547029,1,7,8,31.207779489804473
547030,1,7,6,13.947238993276034
547042,1,7,9,33.33013636939394
547086,1,7,6,24.218250097501585
547088,0,7,0,0.040424042416565144
547094,1,7,5,0.3700090141005197
547096,1,7,8,30.427177012987627
547111,1,7,5,0.3700090141005197
547129,1,7,5,0.3700090141005197
547132,1,7,10,22.238086985945806
547138,1,7,4,0.3700090657260609
547147,1,7,4,0.3700090657260609
547161,1,7,5,0.3700090141005197
547164,1,7,2,10.225306604728022
547167,1,7,8,22.75323297505127
547174,1,7,9,21.823270498548066
547178,1,7,4,0.3700090657260609
547183,1,7,9,30.19070833530654
547187,1,7,9,31.728320744935466
547194,1,7,5,0.3700090141005197
547209,1,7,8,25.98484366492504
547210,1,7,5,0.3700090141005197
547217,1,7,8,20.27007540160627
547251,1,7,1,25.62204435640014
547256,1,7,9,21.5424987099735
547276,1,7,5,0.3700090141005197
547308,1,7,8,18.025349254721053
547313,1,7,8,25.393013273216994
547314,1,7,6,29.636803055438545
547332,1,7,4,0.3700090657260609
547344,1,7,8,6.782992239159651
547345,1,7,3,3.2151756296119154
547363,1,7,9,18.35142703574921
547364,1,7,9,32.69157808667858
547375,1,7,8,1.972680778881198
547391,1,7,9,24.35835205415395
547417,1,7,8,24.523268025004416
547434,1,7,8,26.801118261123648
547452,1,7,5,0.3700090141005197
547458,1,7,1,10.241897217159565
547470,1,7,9,5.179719514807165
547499,1,7,8,22.52240070633798
547511,1,7,6,8.8353701124525
547521,1,7,3,3.1339300101412273
547525,1,7,2,16.319636470569506
547530,1,7,5,0.3700090141005197
547543,1,7,7,2.032306442881549
547550,1,7,8,35.26891979516939
547553,1,7,4,0.3700090657260609
547571,1,7,4,0.3700090657260609
547583,1,7,1,27.784961481546535
547611,1,7,9,24.67564707080983
547617,1,7,5,0.3700090141005197
547618,1,7,7,2.6361138841755807
547624,1,7,1,19.216578299883587
547631,0,7,0,0.0389437556958313
547644,1,7,8,29.076596246511258
547646,1,7,9,5.434551744865942
547653,0,7,0,0.032503939542107
547667,1,7,5,0.3700090141005197
547673,1,7,5,0.3700090141005197
547680,1,7,10,18.382272615300703
547682,1,7,7,4.552108468409571
547683,1,7,8,29.97517603469235
547689,1,7,10,24.459872768558448
547695,1,7,6,13.745585112226841
547715,1,7,1,21.527314575958755
547728,1,7,6,16.4691940980102
547742,1,7,5,0.3700090141005197
547760,1,7,4,0.3700090657260609
547766,1,7,6,23.852270899885415
547796,1,7,3,2.734609101999418
547798,1,7,4,0.3700090657260609
547799,1,7,8,9.64654105419873
547809,1,7,8,35.71402141244787
547810,0,7,0,0.04727137603908976
547812,1,7,8,27.667200003433972
547814,1,7,10,18.524005271892893
547816,1,7,9,20.73381844777915
547834,1,7,9,30.37872310547906
547839,1,7,9,31.29903525973102
547882,0,7,0,0.032844360038943116
547898,1,7,1,6.708164728451712
547938,1,7,7,2.9502748404422343
547941,1,7,4,0.3700090657260609
547945,1,7,7,0.20825735871201353
547946,1,7,5,0.3700090141005197
547947,1,7,10,4.77562515280538
547951,1,7,6,19.851753281046644
547962,1,7,4,0.3700090657260609
547964,1,7,8,34.83959929965321
547969,1,7,8,19.09916823188059
548002,1,7,10,16.01102167340974
548008,1,7,1,17.73081450664394
548009,0,7,0,0.036612291949397885
548016,1,7,8,35.52651351740928
548018,1,7,5,0.3700090141005197
548020,1,7,8,23.83812378854442
548030,1,7,6,21.907157023602963
548041,1,7,1,16.498770247360316
548044,1,7,9,33.61105961628583
548053,1,7,9,33.66321402084094
548068,1,7,9,23.210135265240236
548074,0,7,0,0.027958915203433195
548080,1,7,9,28.620707613151808
548083,1,7,9,33.178851891618564
548085,1,7,10,5.538518049121924
548095,1,7,6,18.916724813649147
548097,1,7,2,11.106417345530051
548109,1,7,8,8.4302302248659
548115,1,7,8,16.920232016370342
548118,1,7,8,8.826267456570587
548123,1,7,6,9.228586930568548
548140,1,7,10,19.693862354329305
548142,1,7,8,16.830747438812523
548146,1,7,5,0.3700090141005197
548157,1,7,5,0.3700090141005197
548182,1,7,10,6.085381883996419
548186,0,7,0,0.14553693305813142
548194,1,7,7,0.5592682274881872
548198,1,7,5,0.3700090141005197
548211,1,7,5,0.3700090141005197
548225,1,7,3,2.9811307783318104
548228,1,7,5,0.3700090141005197
548231,1,7,5,0.3700090141005197
548236,1,7,10,24.44986310262519
548250,1,7,2,5.1735539203546415
548277,1,7,5,0.3700090141005197
548291,1,7,9,13.329258455136447
548295,1,7,2,14.074131313569723
548297,1,7,10,16.924900460524906
548302,1,7,2,15.324572717425173
548334,1,7,1,20.655897617952938
548336,1,7,9,19.17866417210417
548355,1,7,8,17.601587973181452
548360,1,7,6,19.088465120877533
548369,1,7,5,0.3700090141005197
548377,1,7,5,0.3700090141005197
548378,1,7,1,12.58892856904832
548385,1,7,9,12.02697509385133
548390,1,7,9,19.95929298201793
548392,1,7,10,12.257962975786672
548400,1,7,7,4.258688189033203
548405,1,7,8,7.890252178039684
548409,1,7,4,0.3700090657260609
548416,1,7,7,5.003900152232399
548451,1,7,6,27.38752893314829
548460,1,7,2,5.822044739223375
548512,1,7,8,20.004976685666982
548565,1,7,9,5.2316862719566295
548569,1,7,6,15.080616902133919
548586,1,7,8,30.89347910933857
548591,1,7,2,12.936769900117156
548593,1,7,6,29.782824329695988
548595,1,7,9,7.846932178359438
548615,1,7,3,3.1949925855665695
548617,1,7,5,0.3700090141005197
548626,1,7,1,18.79301206397847
548636,1,7,7,0.3497731522434211
548643,1,7,4,0.3700090657260609
548646,1,7,9,16.59176779366341
548651,1,7,5,0.3700090141005197
548654,1,7,6,29.225721277054873
548664,1,7,1,26.578529850157643
548665,0,7,0,0.03793368788046756
548679,1,7,8,10.44246954207482
548694,1,7,1,24.06385247325227
548698,1,7,9,31.095535081713475
548701,1,7,8,25.624904076133326
548717,1,7,8,34.81096055515285
548723,1,7,8,27.310907259825576
548746,1,7,8,24.75298759505366
548747,1,7,4,0.3700090657260609
548750,1,7,10,16.560501644510676
548754,1,7,1,18.898482725084445
548761,1,7,1,22.58784562836221
548763,1,7,10,20.537326788828647
548768,1,7,9,21.81838134677274
548801,1,7,5,0.3700090141005197
548816,1,7,4,0.3700090657260609
548818,1,7,4,0.3700090657260609
548819,1,7,9,30.881434165577424
548821,1,7,8,18.284577117277717
548856,1,7,5,0.3700090141005197
548858,1,7,10,13.531903904200004
548867,1,7,10,19.723708276622318
548871,1,7,6,25.300940975012413
548889,1,7,2,13.76940259954844
548895,1,7,6,14.567071991840196
548905,1,7,5,0.3700090141005197
548907,1,7,4,0.3700090657260609
548910,1,7,9,19.286763303558143
548915,1,7,9,26.806296437321006
548916,1,7,8,22.01007695297867
548921,1,7,2,11.187810234827856
548924,1,7,9,33.13220838258306
548926,1,7,5,0.3700090141005197
548940,1,7,4,0.3700090657260609
548947,1,7,9,31.6499922347797
548949,1,7,6,26.270859516217755
548953,1,7,6,19.528506926322503
549003,1,7,9,18.854910591876262
549006,0,7,0,0.03317649809895104
549017,1,7,9,19.38629448377655
549025,1,7,10,16.06523424309788
549047,1,7,8,35.64407568768704
549053,1,7,8,34.20746869952144
549072,1,7,3,3.071529481853509
549103,1,7,1,18.352016517043786
549121,1,7,9,15.61824184761709
549127,1,7,5,0.3700090141005197
549141,1,7,10,15.70675271975661
549149,1,7,5,0.3700090141005197
549154,1,7,9,17.55685824698571
549167,1,7,10,14.432047373181984
549173,1,7,3,2.90879924157799
549174,1,7,6,17.351121897636638
549182,1,7,3,2.2324660638485545
549193,1,7,4,0.3700090657260609
549201,1,7,6,23.13081281434864
549203,1,7,6,17.13763341415611
549217,0,7,0,0.030448122531718115
549227,1,7,4,0.3700090657260609
549245,1,7,1,12.289866529795274
549278,1,7,5,0.3700090141005197
549279,1,7,6,13.494229998775843
549303,1,7,10,17.3621012625986
549317,1,7,7,5.998258986633324
549319,1,7,4,0.3700090657260609
549334,1,7,9,30.091462738667516
549338,1,7,4,0.3700090657260609
549345,1,7,4,0.3700090657260609
549360,1,7,6,29.541562687994677
549389,1,7,9,20.48547202400057
549390,1,7,7,4.3622735012759355
549394,1,7,9,32.44023898118592
549396,1,7,6,6.70765447716854
549400,1,7,8,22.499992954748496
549423,1,7,6,23.425935335122734
549424,1,7,1,9.336489328978189
549453,1,7,6,8.768822579576296
549459,1,7,9,29.057698777999473
549460,0,7,0,0.033341233290289124
549466,1,7,1,11.429527092500544
549470,1,7,6,29.426883822836892
549472,1,7,1,27.184137551824275
549475,1,7,9,13.867060740454168
549479,1,7,8,21.61508154483123
549481,1,7,6,23.50954418472692
549485,1,7,9,26.04461191566551
549490,1,7,8,26.5738646080564
549500,1,7,8,35.39472581244861
549535,1,7,1,24.808515412641164
549536,1,7,5,0.3700090141005197
549540,1,7,8,11.166340756469685
549543,1,7,10,18.841978953565924
549553,1,7,6,27.378987296631795
549559,1,7,6,19.68594790940659
549563,1,7,8,4.364299533872361
549612,1,7,9,2.5535800648700038
549613,1,7,8,29.207756170554575
549615,1,7,1,18.345595053987218
549617,1,7,7,1.416363223620714
549618,1,7,9,22.21807700427988
549622,1,7,5,0.3700090141005197
549631,1,7,7,2.707240652798097
549641,1,7,6,11.888020237493935
549642,1,7,10,24.603927287524826
549657,1,7,9,19.134963652981305
549672,1,7,9,23.448906288390095
549673,1,7,3,3.2113149995397703
549679,1,7,9,29.234381075614206
549706,1,7,5,0.3700090141005197
549712,1,7,10,20.438122432017302
549713,1,7,9,28.85113199413032
549716,1,7,8,27.68799694051375
549738,1,7,10,7.087323624972878
549739,1,7,7,6.200489745137224
549742,1,7,9,14.225115189506324
549748,1,7,5,0.3700090141005197
549749,1,7,4,0.3700090657260609
549775,1,7,10,5.567319359051302
549789,1,7,9,22.96363790979344
549797,1,7,3,3.1876960555852287
549800,1,7,9,3.7199624482772853
549854,1,7,5,0.3700090141005197
549878,1,7,9,33.41006296681787
549880,1,7,9,19.18161940956972
549889,1,7,9,31.604702501748363
549896,1,7,3,1.2386057709534357
549910,1,7,8,10.836690332218135
549920,1,7,8,11.370433708467713
549947,1,7,6,26.759405996301115
549965,1,7,7,2.4459504017558946
549968,1,7,5,0.3700090141005197
549981,1,7,9,19.962288316157053
549991,1,7,4,1.785086355324416
549998,1,7,5,0.3700090141005197
550030,1,7,10,13.49484507448029
550060,1,7,3,0.8471648307681017
550062,1,7,3,3.0937674968174202
550063,1,7,9,20.142184956137736
550089,1,7,9,31.53133042767834
550116,1,7,5,0.37000902039789374
550117,1,7,5,0.3700090141005197
550122,1,7,9,27.45065982157181
550125,1,7,8,26.059179939582112
550150,1,7,6,30.39268267996161
550190,1,7,6,18.796633716034048
550206,0,7,0,0.02664167347765024
550208,1,7,8,18.716119122287814
550209,1,7,9,6.7874417898401385
550223,0,7,0,0.047049995048419196
550232,1,7,7,2.1326371044852848
550245,1,7,9,13.241950178094365
550259,1,7,7,5.625037294251996
550297,1,7,5,0.3700090141005197
550309,0,7,0,0.03507173608717702
550311,1,7,2,8.912481434655598
550320,1,7,5,0.3700090141005197
550323,1,7,8,30.403534701266572
550334,0,7,0,0.036607734701104566
550336,1,7,1,8.822184521140487
550361,1,7,1,6.57722119327924
550367,1,7,5,0.3700090141005197
550370,1,7,8,16.102355311423967
550387,1,7,5,0.3700090141005197
550389,1,7,4,0.3700090657260609
550391,1,7,7,4.945314909072561
550402,1,7,5,0.3700090141005197
550403,1,7,6,21.825924979250367
550407,1,7,8,31.518671118590376
550416,1,7,4,0.3700090657260609
550419,1,7,4,0.3700090657260609
550426,0,7,0,0.03247305154766775
550451,1,7,1,27.481640525214782
550461,1,7,5,0.3700090141005197
550477,1,7,3,3.163849853016231
550518,0,7,0,0.031556620734840626
550520,1,7,5,0.3700090141005197
550529,1,7,9,23.238306790096473
550535,1,7,9,20.874424873793803
550537,1,7,4,0.3700090657260609
550539,1,7,2,5.85337711210715
550549,1,7,8,35.33085294043189
550550,1,7,9,20.785686387878556
550551,1,7,5,0.3700090141005197
550556,1,7,1,24.907201868819875
550559,1,7,6,22.591833725316757
550582,1,7,1,15.652582947707987
550583,1,7,5,0.3700090141005197
550586,1,7,5,0.3700090141005197
550590,1,7,9,9.341078335319255
550597,1,7,7,4.003559753660633
550601,1,7,8,31.328878750435575
550610,1,7,4,0.3700090657260609
550611,1,7,6,26.233398384638427
550612,1,7,6,17.72137844451625
550640,1,7,10,5.873835007361401
550641,1,7,9,17.29843081474337
550644,1,7,6,17.3137638711299
550650,1,7,6,23.390617464389116
550660,1,7,2,15.325064238712056
550661,1,7,8,29.100466691464504
550685,1,7,8,3.530894578734508
550702,1,7,8,17.383712386295063
550729,1,7,9,26.93282288318603
550730,1,7,9,32.85399730813476
550734,1,7,8,19.71059082350176
550755,1,7,1,11.197705568507422
550769,1,7,6,22.30450115735255
550790,1,7,1,15.422661386060966
550793,1,7,5,0.3700090141005197
550809,1,7,4,0.3700090657260609
550812,1,7,8,26.939914691686653
550827,1,7,9,29.848297273055206
550838,1,7,7,2.8438201139826815
550848,1,7,7,4.616482648299579
550854,1,7,8,15.54109245067171
550857,1,7,1,25.298865938118702
550865,1,7,5,0.3700090141005197
550870,1,7,9,28.103393051428057
550871,1,7,6,18.876612990584412
550872,1,7,9,6.763719828058915
550874,1,7,8,20.911690368024658
550877,1,7,9,32.849685139970916
550887,1,7,5,0.3700090141005197
550888,1,7,5,0.3700090141005197
550895,1,7,8,14.25397604958286
550897,1,7,4,0.3700090657260609
550905,1,7,5,0.3700090141005197
550908,1,7,1,23.31564732126276
550915,1,7,5,0.3700090141005197
550919,1,7,8,22.038860850642344
550924,1,7,2,11.444820326267747
550929,1,7,8,16.81482598697657
550933,1,7,5,0.3700090141005197
550936,1,7,5,0.3700090141005197
550941,1,7,9,31.476533654988824
550954,1,7,1,7.779132441851383
550962,1,7,9,33.50259988606511
550968,1,7,5,0.3700090141005197
550972,1,7,10,13.509898379736693
551002,1,7,9,21.17757896592884
551016,1,7,9,22.574766218866348
551035,1,7,4,0.3700090657260609
551044,1,7,5,0.3700090141005197
551046,1,7,5,0.3700090141005197
551057,1,7,5,0.3700090141005197
551060,1,7,7,5.573673338416647
551068,1,7,8,3.4794883868341895
551072,1,7,10,17.090735058205418
551078,1,7,6,16.085969303267746
551108,1,7,2,0.9508725929837658
551118,1,7,9,29.86302947776392
551131,0,7,0,0.02705415241595149
551137,1,7,8,9.0999994735528
551142,1,7,6,30.180563062600402
551145,1,7,8,35.90340021885791
551147,1,7,4,0.3700090657260609
551152,1,7,9,18.904859078300888
551162,1,7,5,0.3700090141005197
551169,1,7,4,0.3700090657260609
551177,1,7,2,3.3808165021423537
551178,1,7,6,29.17456830401739
551181,1,7,6,17.812382979882972
551182,1,7,9,23.480124928675515
551199,1,7,10,17.293893714492874
551205,1,7,1,12.662525111472755
551216,1,7,1,19.488720074645137
551218,1,7,4,0.3700090656202526
551229,1,7,5,0.37000902039789374
551231,1,7,5,0.3700090141005197
551264,1,7,5,0.3700090141005197
551277,1,7,9,9.884911336828445
551285,1,7,10,25.868636901923708
551319,1,7,7,3.0725870964893685
551328,1,7,3,1.0350353509759345
551337,1,7,4,0.3700090657260609
551356,1,7,6,24.095712221046046
551360,1,7,9,4.46530644595601
551362,1,7,4,0.3700090657260609
551364,1,7,4,0.3700090657260609
551380,1,7,10,13.916208153234564
551381,1,7,3,2.314215483498941
551388,1,7,6,13.04420532352181
551394,1,7,9,24.655125184198756
551395,1,7,9,3.684552427070785
551411,1,7,8,34.24352281499325
551415,1,7,9,15.705290073740164
551433,0,7,0,0.03939652220664044
551441,1,7,4,0.3700090657260609
551444,1,7,8,28.461177064695182
551467,1,7,9,29.222726034714068
551492,1,7,9,6.709141210783076
551503,1,7,8,26.536519292410933
551520,1,7,5,0.3700090141005197
551522,1,7,9,26.039030055518662
551535,1,7,7,2.5769396223812655
551545,1,7,7,5.535864920950564
551557,1,7,3,2.4757590231715993
551565,1,7,3,1.5577730058197468
551567,0,7,0,0.0347266413650245
551584,1,7,4,0.3700090656202526
551586,1,7,6,27.264397217730412
551589,1,7,3,3.0006458285027793
551590,1,7,3,1.9053259936798312
551606,1,7,6,16.171538607502825
551615,1,7,6,19.128723897327966
551624,1,7,6,29.03980386189939
551658,1,7,6,19.411795946727263
551679,1,7,6,27.505835599253555
551692,1,7,9,19.06471975929898
551701,1,7,5,0.3700090141005197
551709,1,7,4,0.3700090657260609
551714,1,7,4,0.3700090657260609
551722,1,7,8,31.254247663929934
551725,1,7,9,28.415429033949472
551733,1,7,1,24.937730121164822
551736,1,7,8,26.477631225855085
551742,1,7,6,22.71150018781242
551746,1,7,9,3.0023638933698944
551774,1,7,4,0.3700090657260609
551775,1,7,10,7.262443074634475
551787,1,7,2,9.997133172450312
551789,1,7,6,6.5652972136319985
551791,1,7,9,25.93908700715394
551795,1,7,5,0.3700090141005197
551799,1,7,9,20.763647214281104
551806,1,7,6,16.786899077229673
551818,1,7,4,0.3700090657260609
551823,1,7,9,24.090005830124444
551832,1,7,2,0.9667247371361193
551836,1,7,1,26.610391413504843
551838,0,7,0,0.033619534180605884
551854,1,7,9,29.226787987200343
551869,1,7,8,26.17870195447738
551882,1,7,1,27.055185196569894
551896,1,7,9,29.86114624990504
551927,0,7,0,0.04638859816484611
551933,1,7,6,28.972648546507695
551942,1,7,6,24.612747384190715
551947,1,7,1,20.82774945040757
551948,1,7,6,23.913655302176302
551949,1,7,10,24.531939019313857
551954,1,7,5,0.3700090141005197
551962,0,7,0,0.032312391218730786
551975,1,7,7,3.319777893266294
552003,1,7,6,9.233000578564365
552015,1,7,6,22.218275435122358
552029,1,7,7,6.1446611553146395
552042,1,7,5,0.3700090141005197
552059,1,7,1,12.190554890406453
552077,1,7,9,19.295247032133165
552083,1,7,7,0.9917500797501845
552087,1,7,5,0.3700090141005197
552115,1,7,5,0.3700090141005197
552120,1,7,4,0.3700090657260609
552121,1,7,6,28.151261275457266
552124,1,7,9,19.21495292294723
552132,1,7,8,6.689666355091388
552133,1,7,4,0.3700090657260609
552136,1,7,5,0.3700090141005197
552144,1,7,7,5.670508518491523
552147,1,7,9,11.613978064117141
552157,1,7,1,16.82165761310246
552158,1,7,5,0.37000902039789374
552165,1,7,6,25.399194378844733
552170,1,7,10,24.49710523209721
552179,1,7,10,15.700202398349857
552191,1,7,8,18.55877827809345
552201,1,7,10,14.701769520159916
552215,1,7,8,27.852980924839958
552217,1,7,5,0.3700090141005197
552220,1,7,6,19.11036673039984
552230,1,7,10,17.59008754283409
552232,1,7,7,6.125164132651709
552247,1,7,9,22.584254557508423
552248,1,7,7,3.4129303259102373
552255,1,7,4,0.3700090657260609
552280,1,7,9,27.850993000044223
552284,1,7,6,28.425695075458393
552309,1,7,6,8.857402148254884
552310,1,7,8,19.967337795453247
552313,1,7,1,26.138886665730173
552315,1,7,4,0.3700090657260609
552321,1,7,5,0.3700090141005197
552325,1,7,7,6.094126652491846
552329,1,7,10,14.432552295234755
552332,1,7,6,25.19178578814363
552337,0,7,0,0.04288417388023324
552367,0,7,0,0.12988491428736595
552370,1,7,8,18.29243324472556
552375,1,7,5,0.3700090141005197
552396,1,7,6,7.163161604266093
552407,1,7,2,16.04395954473675
552411,1,7,3,3.211488723171981
552413,1,7,2,14.431778580994925
552415,1,7,5,0.37000902039789374
552424,1,7,9,32.53824067877611
552433,0,7,0,0.03562089581561014
552449,1,7,9,17.454553190523452
552450,1,7,9,32.19855913666856
552469,1,7,9,16.732327830940722
552470,1,7,7,3.1351698341460654
552479,1,7,5,0.3700090141005197
552481,1,7,2,2.6660556625421243
552482,1,7,5,0.3700090141005197
552488,1,7,9,32.51827405183463
552495,1,7,4,0.3700090657260609
552498,1,7,9,27.99207338572102
552503,1,7,3,3.2009824713183774
552516,1,7,4,0.3700090657260609
552522,0,7,0,0.025889367292834895
552523,0,7,0,0.03778890538089248
552533,1,7,7,5.653559749350178
552536,1,7,9,23.02466956810472
552538,1,7,7,6.462235508037401
552552,1,7,9,23.477611814404593
552554,1,7,7,2.626271034344111
552558,1,7,9,28.619030407096307
552562,1,7,9,32.264225516331
552580,0,7,0,0.033208545446660805
552586,1,7,4,0.3700090657260609
552593,1,7,9,25.162275264550203
552615,1,7,10,24.0146837970052
552638,1,7,8,7.41935876337186
552665,1,7,6,29.100538610815992
552671,1,7,4,0.3700090657260609
552702,1,7,4,0.3700090657260609
552718,1,7,10,14.960654404953829
552727,1,7,8,8.50600585106449
552738,1,7,1,25.501096021494416
552739,1,7,9,4.814267943191886
552763,1,7,9,22.759167245381054
552766,1,7,1,12.681870848657196
552767,1,7,6,22.031469862221094
552768,1,7,6,30.128314264272355
552771,1,7,9,13.16600608682428
552777,1,7,9,19.89975149449443
552808,1,7,4,0.3700090657260609
552818,1,7,4,0.3700090657260609
552847,1,7,8,18.23300296664821
552857,1,7,8,14.459348189510576
552875,1,7,7,4.18694924097849
552879,1,7,6,22.795097235827114
552896,1,7,8,11.733263091143098
552903,1,7,10,20.50918042549555
552906,1,7,9,30.6716932838298
552919,1,7,8,8.5731368921569
552920,1,7,8,22.22303985564333
552944,1,7,6,14.59495535255407
552977,1,7,7,3.007612842760095
552997,1,7,8,8.518545274537644
553007,1,7,7,0.7687289227792372
553008,1,7,5,0.3700090141005197
553009,1,7,9,9.083444927320903
553034,1,7,9,31.053584934546688
553036,1,7,10,14.839160358131082
553039,1,7,5,0.3700090141005197
553042,1,7,7,3.8570343033802623
553044,1,7,4,0.3700090657260609
553052,1,7,4,0.3700090656202526
553058,1,7,6,29.546768068248916
553080,1,7,6,24.530140273930776
553101,1,7,5,0.3700090141005197
553104,1,7,8,29.388401005343823
553114,1,7,4,0.3700090657260609
553115,1,7,7,0.3642793974702778
553138,1,7,9,33.46809450365437
553140,1,7,9,33.77655970634975
553158,1,7,3,2.906639564907533
553160,1,7,8,22.219933974848843
553162,1,7,6,7.762422609504047
553169,1,7,5,0.3700090141005197
553171,1,7,7,0.6031737285190574
553188,1,7,4,0.3700090657260609
553201,1,7,6,21.595624454999015
553223,1,7,5,0.3700090141005197
553261,1,7,6,26.99011913728261
553270,1,7,4,0.3700090657260609
553277,1,7,3,1.6853206576250224
553288,1,7,6,30.27578204827788
553293,1,7,6,14.365426719345376
553299,1,7,6,11.686012910137874
553332,1,7,1,10.759491166984843
553339,1,7,4,0.3700090657260609
553342,1,7,9,11.067663187176072
553356,1,7,9,33.02182219198538
553357,1,7,6,9.547282310989289
553360,1,7,8,36.06697644492488
553363,1,7,10,18.393235987961848
553375,1,7,9,11.467734294822277
553387,1,7,1,20.40793695202317
553388,1,7,9,10.487360347215319
553391,1,7,4,0.3700090656202526
553396,1,7,10,23.356689829688
553410,1,7,1,11.308088072371207
553412,1,7,4,0.3700090657260609
553419,1,7,8,29.081548704190848
553421,1,7,8,9.67248147362116
553433,1,7,4,0.3700090657260609
553435,1,7,9,23.659212542039782
553441,1,7,8,33.599824204342795
553442,1,7,2,9.268423357324231
553456,1,7,4,0.3700090657260609
553462,1,7,9,19.80026916962845
553465,1,7,2,16.313998057471082
553466,1,7,6,23.08635516746961
553471,1,7,4,0.3700090657260609
553475,1,7,1,6.778944741411505
553488,1,7,7,2.632433370439874
553490,1,7,9,24.666988218930257
553498,1,7,4,0.3700090657260609
553501,1,7,6,28.603803963864287
553507,1,7,1,7.814401718774955
553509,1,7,8,32.73791701036032
553510,0,7,0,0.04018369950923656
553517,1,7,4,0.3700090657260609
553542,1,7,7,2.521120118305448
553543,1,7,5,0.3700090141005197
553571,1,7,9,32.61592475454282
553577,1,7,9,28.92835518249943
553582,1,7,10,17.973739608736004
553610,1,7,9,24.790327847799805
553616,1,7,4,0.3700090657260609
553623,1,7,10,25.40333111471275
553645,1,7,5,0.37000902039789374
553655,1,7,5,0.3700090141005197
553662,1,7,9,31.10734768992671
553672,1,7,1,14.635289132756343
553682,1,7,8,24.88435930072503
553689,1,7,4,0.3700090657260609
553690,1,7,9,27.093650610622273
553747,1,7,9,6.874851877390878
553760,1,7,4,0.3700090657260609
553768,1,7,1,24.066546367626824
553771,1,7,6,11.439550825988123
553806,1,7,8,5.680345597098098
553831,1,7,2,4.266676769098544
553837,1,7,5,0.3700090141005197
553860,1,7,5,0.3700090141005197
553887,1,7,5,0.3700090141005197
553889,1,7,6,16.962923410748676
553894,1,7,2,15.95311604955809
553908,1,7,5,0.3700090141005197
553920,1,7,10,16.321433497156566
553954,1,7,4,0.3700090657260609
553963,1,7,8,26.113003950370707
553978,1,7,3,2.8356561785279784
553994,1,7,6,12.05967020336252
554013,1,7,9,10.770553345620593
554035,1,7,6,27.38478011963258
554044,1,7,8,30.450643803612817
554051,1,7,4,0.3700090657260609
554056,1,7,6,21.80819664223111
554085,1,7,4,0.3700090657260609
554147,1,7,8,6.784325652587159
554148,1,7,6,28.47487633944019
554150,1,7,9,13.590953619700825
554159,1,7,4,0.3700090657260609
554163,1,7,9,2.2388898319520414
554166,1,7,6,9.073234535052384
554170,1,7,5,0.3700090141005197
554175,0,7,0,0.03876743961856372
554179,1,7,6,23.392330611505244
554192,1,7,6,26.903635989303478
554198,0,7,0,0.03615578848753803
554200,1,7,8,8.715022576580905
554224,1,7,4,0.3700090657260609
554232,1,7,9,15.1344456278215
554233,1,7,9,22.187252548583075
554245,1,7,5,0.3700090141005197
554252,1,7,6,30.049439576209508
554268,1,7,5,0.3700090141005197
554289,1,7,1,7.917318589850235
554295,1,7,8,4.593888572073406
554300,1,7,8,34.995452504417806
554301,1,7,8,35.281480657733745
554303,1,7,6,21.64419996283768
554315,1,7,8,19.299657750771367
554332,1,7,7,5.7951623761566395
554345,1,7,9,13.364931765456145
554359,1,7,10,25.246858663218923
554374,1,7,4,0.3700090657260609
554394,1,7,10,14.435194545203505
554407,1,7,10,4.416279935136047
554408,1,7,8,29.247342517721428
554414,1,7,6,28.323236519556026
554419,0,7,0,0.037001861545435104
554430,1,7,2,10.788911467448013
554437,1,7,9,23.557452801120746
554467,1,7,10,6.283597645940034
554474,1,7,10,25.490501736638585
554481,1,7,6,12.46648137331767
554494,0,7,0,0.037658375794087824
554505,1,7,8,12.239510191558225
554517,1,7,8,28.669266832882098
554519,1,7,9,22.393581175391517
554528,1,7,9,6.442817177996182
554530,1,7,6,21.953522937766607
554551,1,7,7,1.6489729754871394
554554,1,7,6,13.055995703880235
554560,1,7,6,12.846970072519962
554563,1,7,6,18.115530725153224
554564,1,7,8,27.7436475841377
554565,1,7,2,1.3070943943118816
554580,0,7,0,0.0322760162255518
554595,1,7,8,20.707017791123263
554600,1,7,3,3.232216969236588
554607,1,7,9,33.20178822555411
554611,1,7,6,14.268463966827275
554615,1,7,4,0.3700090657260609
554624,1,7,10,26.020745219094565
554627,1,7,3,3.132638777710289
554628,1,7,8,10.8362908874622
554634,1,7,8,18.795352150449865
554636,1,7,9,21.90923144402122
554643,1,7,6,22.28892007034333
554700,1,7,10,25.43031503710279
554705,1,7,5,0.3700090141005197
554708,1,7,6,25.148396697698608
554714,1,7,9,30.03508368442324
554755,1,7,10,12.108939793437804
554757,1,7,8,33.44503603933781
554780,1,7,4,0.3700090657260609
554787,1,7,9,29.77701367030924
554799,1,7,10,24.60336167754493
554802,1,7,9,33.05388687464192
554832,1,7,8,8.056057028398914
554838,1,7,6,16.030745096803187
554856,1,7,10,19.45342515403823
554862,1,7,8,19.827666838086298
554875,1,7,7,1.1462482601149397
554880,1,7,4,0.3700090657260609
554893,1,7,9,5.2353610694680714
554904,1,7,2,10.076286044506071
554911,1,7,5,0.3700090141005197
554938,1,7,5,0.3700090141005197
554943,1,7,7,2.432995612403441
554944,1,7,4,0.3700090657260609
554946,1,7,9,30.628640950023676
554955,1,7,4,0.3700090657260609
554966,1,7,6,12.52748659692965
554988,1,7,4,0.3700090657260609
554995,1,7,4,0.3700090657260609
554996,1,7,2,3.2002249120143147
555007,1,7,1,17.001086812492687
555008,1,7,9,16.97626943329411
555019,0,7,0,0.022331576592934946
555029,1,7,7,1.4987566577533171
555033,1,7,5,0.3700090141005197
555036,1,7,4,0.3700090657260609
555041,1,7,9,24.99631742182421
555058,1,7,4,0.3700090656202526
555063,1,7,2,15.05028168283014
555134,1,7,9,21.526446228001028
555147,1,7,6,16.255352939288578
555153,1,7,9,32.76149650186545
555162,1,7,10,5.410085345428341
555167,1,7,5,0.3700090141005197
555180,1,7,8,6.697876495672272
555189,1,7,4,0.3700090657260609
555218,0,7,0,0.12597305484786164
555223,1,7,5,0.3700090141005197
555224,0,7,0,0.029983762447000867
555244,1,7,10,5.385737051621906
555245,1,7,10,25.39815156455542
555247,1,7,7,2.572570665799546
555248,1,7,8,19.825075924097693
555253,0,7,0,0.037761395307132635
555266,1,7,9,33.765350880111704
555304,1,7,2,6.790826768675054
555309,1,7,9,24.722990194565096
555322,1,7,3,1.7515832066493096
555325,1,7,8,5.101005925811244
555330,1,7,6,30.05908160392088
555335,1,7,9,31.567961827210468
555344,1,7,6,26.735859836088437
555349,1,7,10,13.760355193205958
555351,1,7,5,0.3700090141005197
555355,1,7,8,15.589398834546827
555359,1,7,6,21.17491148300584
555367,1,7,9,24.856714243010885
555373,1,7,8,11.047505306438934
555383,1,7,4,0.3700090657260609
555387,1,7,6,6.550564556773775
555395,1,7,2,11.857414993255523
555410,1,7,5,0.3700090141005197
555411,1,7,8,31.32775169652077
555423,1,7,10,18.50914584126651
555427,1,7,9,18.877023101367307
555438,1,7,2,16.398965313991916
555444,1,7,6,26.96744689887056
555465,1,7,6,30.01637651715171
555470,1,7,5,0.3700090141005197
555474,1,7,8,20.696961712441656
555494,1,7,6,17.169834205664962
555497,1,7,1,23.339652016546236
555507,1,7,4,0.3700090657260609
555510,1,7,5,0.3700090141005197
555512,1,7,4,0.3700090657260609
555514,1,7,10,26.00598317158435
555516,1,7,7,0.3410317474799224
555518,1,7,5,0.3700090141005197
555519,1,7,9,20.05273928643618
555524,0,7,0,0.03967129600350838
555545,1,7,7,1.2164759129346157
555554,1,7,7,3.0416254201113313
555560,1,7,6,24.90513031518479
555568,1,7,7,1.344980642109563
555575,1,7,4,0.3700090657260609
555576,1,7,9,32.61990147648578
555578,1,7,5,0.3700090141005197
555594,1,7,10,12.51478596016009
555602,1,7,4,0.3700090657260609
555607,1,7,9,30.990907382497443
555622,1,7,8,16.91789342274551
555627,1,7,8,10.408927049908876
555631,1,7,6,10.92302233256086
555635,1,7,10,10.99530472224422
555636,1,7,9,26.63451390075738
555664,1,7,10,6.104669987863882
555665,0,7,0,0.031623117220725444
555668,1,7,8,23.48906393446932
555678,1,7,5,0.3700090141005197
555679,1,7,6,30.25094150506671
555686,0,7,0,0.12291454143323215
555691,1,7,6,11.137283404785874
555716,1,7,10,11.539459283791562
555730,1,7,5,0.3700090141005197
555738,1,7,10,7.988119129467334
555745,1,7,1,16.633912121853285
555746,1,7,2,7.219086352735696
555758,1,7,7,0.34349553313245007
555772,1,7,8,27.312994854207922
555775,1,7,9,16.614558274132413
555788,1,7,5,0.3700090141005197
555796,1,7,9,32.111356687679304
555808,1,7,10,11.68904064816648
555832,1,7,6,30.34855905663851
555833,1,7,6,25.19002380569968
555834,1,7,6,20.487683014260295
555835,1,7,1,14.086271306508966
555836,1,7,4,0.3700090657260609
555840,1,7,10,24.517562324870756
555844,1,7,5,0.3700090141005197
555888,1,7,9,24.854348147800387
555889,1,7,5,0.3700090141005197
555890,1,7,7,4.53096897040011
555906,1,7,9,13.613588136008707
555931,1,7,9,33.442800117427275
555936,1,7,5,0.3700090141005197
555951,1,7,9,8.214143567262568
555952,1,7,8,24.469795753978733
555956,1,7,9,12.025258796904348
555961,1,7,5,0.3700090141005197
555969,1,7,1,19.941457824720267
555974,1,7,7,2.987161779472959
555976,1,7,10,22.193976502376223
555979,1,7,6,27.131109004127246
555988,1,7,6,21.663087479295612
555992,1,7,4,0.3700090657260609
555995,1,7,4,0.3700090657260609
555999,1,7,6,29.55168356785004
556002,0,7,0,0.03431158834102446
556010,1,7,8,32.95882426584078
556017,1,7,9,25.215965403561924
556025,1,7,1,10.064054097558056
556036,1,7,9,15.704422534234446
556048,1,7,8,26.231963946504578
556052,1,7,5,0.3700090141005197
556060,1,7,5,0.3700090141005197
556073,1,7,7,2.185852622434299
556079,1,7,5,0.3700090141005197
556106,1,7,8,32.64489480576765
556126,1,7,4,0.3700090657260609
556128,1,7,8,13.921769390942892
556130,1,7,3,2.7100460447545305
556131,1,7,9,25.363801424085963
556133,1,7,5,0.3700090141005197
556136,1,7,8,3.9916670507744643
556143,0,7,0,0.04609142872972419
556144,1,7,6,19.089725107577316
556150,1,7,8,10.778474550507974
556151,1,7,2,13.837713128258155
556158,1,7,9,26.036954375926435
556175,1,7,9,22.462721856517067
556194,1,7,9,23.557330588233132
556250,1,7,1,21.510031861036627
556253,1,7,9,26.694900490168102
556255,1,7,7,3.291335750105147
556258,1,7,9,24.390863470923193
556267,1,7,5,0.3700090141005197
556271,1,7,6,10.93612858277193
556276,1,7,7,2.9125323569301265
556277,1,7,8,13.360475835259454
556278,1,7,8,34.62316558018863
556288,1,7,8,35.880679491031195
556291,1,7,9,31.310184682749515
556295,1,7,6,22.74814611117726
556307,1,7,8,21.9439402993742
556315,1,7,4,0.3700090657260609
556320,1,7,7,0.5171241955773614
556333,1,7,9,23.670049515542814
556346,1,7,9,11.44409053444646
556355,1,7,6,29.060865012725113
556359,1,7,6,19.6714187119471
556367,1,7,1,9.604392132049663
556381,1,7,5,0.3700090141005197
556384,1,7,5,0.3700090141005197
556386,1,7,3,2.9208195966756305
556391,1,7,5,0.3700090141005197
556396,1,7,6,22.109799301857127
556411,0,7,0,0.04672184961651846
556423,0,7,0,0.03884928572161679
556444,1,7,4,0.3700090657260609
556445,1,7,7,3.4249436968787164
556469,1,7,4,0.3700090657260609
556482,1,7,5,0.3700090141005197
556488,1,7,10,22.737075495559193
556501,0,7,0,0.038067170403120965
556513,1,7,10,8.050122522065388
556514,1,7,10,15.808836396850863
556520,1,7,9,20.098545394514034
556531,0,7,0,0.036130181134474394
556557,1,7,8,33.53663005127682
556558,1,7,4,0.3700090657260609
556560,1,7,8,26.230261558157196
556563,1,7,5,0.3700090141005197
556566,1,7,9,31.610032645198036
556568,1,7,6,11.888857634883061
556577,1,7,2,12.863102132668491
556601,0,7,0,0.04621037807834407
556609,1,7,6,11.594792445554358
556626,1,7,9,9.22202459901813
556639,1,7,10,15.205075051839101
556644,1,7,9,18.574154048877055
556646,1,7,9,33.48965300605127
556662,1,7,1,19.936306547078164
556695,1,7,4,0.3700090657260609
556702,1,7,6,20.442704252886493
556719,1,7,1,8.929042142455922
556721,1,7,1,23.81865645930895
556734,0,7,0,0.04387144125249344
556735,1,7,7,6.3804563552984135
556742,0,7,0,0.03255361093337743
556746,1,7,6,18.222462504712933
556753,1,7,1,17.53285930741173
556761,1,7,8,8.145024492329597
556791,1,7,3,1.642125800624222
556795,0,7,0,0.035397717923093264
556802,1,7,10,16.629825740055235
556810,1,7,8,28.667588481030393
556812,1,7,7,2.0484082999326754
556817,1,7,4,0.3700090657260609
556822,1,7,7,5.375788772242697
556824,1,7,6,19.297948855717618
556829,1,7,6,26.714478251788194
556839,1,7,4,0.3700090657260609
556845,1,7,9,23.20134150131711
556862,1,7,9,18.39704714221732
556869,1,7,2,8.500794341049932
556874,1,7,10,6.540071134473737
556878,1,7,7,1.9790263048288868
556891,0,7,0,0.04333923560746531
556896,1,7,10,15.816573195765457
556919,1,7,9,24.65437783895997
556923,1,7,6,15.96313602493938
556953,1,7,8,7.875201885549638
556955,1,7,8,19.512838482733475
556958,1,7,10,6.181492498894008
556961,1,7,8,20.765474505975995
556977,1,7,6,30.645755199616957
556978,1,7,9,7.212769462740205
556987,1,7,1,22.529675603358115
556991,1,7,6,28.898771001164004
556993,1,7,7,0.7594782069620397
557002,1,7,6,16.2878708616431
557011,1,7,7,0.6003170131633094
557021,1,7,6,16.911201204385296
557022,1,7,7,6.30062948623118
557038,1,7,3,1.9287108666588455
557044,1,7,6,25.059221310427933
557052,1,7,7,5.3139399200067405
557060,1,7,2,6.412911673995555
557067,1,7,10,25.836554991736367
557070,1,7,3,3.0932563884270166
557079,1,7,6,25.55041624290356
557082,1,7,9,24.61160131415892
557085,1,7,1,10.721717468609162
557100,0,7,0,0.17428758717430437
557105,1,7,5,0.3700090141005197
557151,1,7,6,16.40807410855905
557166,1,7,4,0.3700090657260609
557169,1,7,8,13.818068312237436
557180,1,7,8,33.668296775553756
557193,1,7,10,18.510248795764905
557201,1,7,10,25.63173974332714
557215,1,7,9,22.746170198212504
557224,1,7,10,25.10892850798865
557254,1,7,10,21.02296200710147
557264,0,7,0,0.03799010479885916
557274,1,7,8,22.49727490157581
557286,1,7,7,4.873282682985442
557295,1,7,8,24.19564775368535
557298,0,7,0,0.040283758947003846
557301,1,7,4,0.3700090657260609
557325,1,7,4,0.3700090657260609
557328,0,7,0,0.04611092219298534
557340,1,7,7,1.8368285706518437
557361,1,7,9,24.35273123159504
557362,0,7,0,0.04706801277094628
557370,1,7,8,17.798160944175944
557371,1,7,4,0.3700090657260609
557373,1,7,4,0.3700090657260609
557377,1,7,6,6.780494889201741
557378,0,7,0,0.0435397647243239
557388,1,7,8,35.47670285978044
557397,0,7,0,0.07849815382893367
557403,1,7,4,0.3700090657260609
557404,1,7,8,23.683401667044475
557408,0,7,0,0.029858975765792224
557425,1,7,6,21.597049111191993
557436,1,7,8,25.220012215419185
557445,1,7,1,20.81584055988571
557446,1,7,9,24.41251032290456
557450,1,7,9,18.57617833547592
557451,1,7,1,15.095282218047055
557466,1,7,9,4.1429515292270525
557475,1,7,6,5.392622901157541
557486,1,7,3,0.6048633575179192
557488,1,7,4,0.3700090657260609
557499,1,7,5,0.3700090141005197
557505,1,7,6,16.29501992638801
557509,1,7,7,4.70974316877791
557523,1,7,8,19.4165174989467
557536,1,7,9,22.838128244644103
557559,1,7,1,5.395186430037538
557586,1,7,6,6.599860530218371
557596,1,7,6,22.914168889048266
557601,1,7,8,19.232803982821622
557609,1,7,5,0.37000902039789374
557610,1,7,5,0.37000902039789374
557628,1,7,3,3.173148648111738
557634,1,7,9,18.863393978902607
557638,1,7,10,14.201648088232751
557647,1,7,4,0.3700090657260609
557669,1,7,8,10.819665259453705
557684,1,7,2,14.24876356244599
557685,1,7,4,0.3700090657260609
557688,1,7,9,27.030636637467655
557694,1,7,4,0.3700090657260609
557695,1,7,9,17.903291090784734
557713,1,7,8,20.528749529886877
557729,1,7,6,14.746402342942877
557737,1,7,9,26.744383085009368
557739,1,7,8,15.570559759615827
557746,1,7,5,0.3700090141005197
557763,1,7,9,27.976080107158975
557778,1,7,9,26.727472881648517
557814,1,7,8,22.008580145165254
557831,1,7,3,1.7023718818545548
557838,1,7,10,22.06590554414099
557844,1,7,5,0.3700090141005197
557857,1,7,5,0.3700090141005197
557858,1,7,10,9.537196999483092
557871,1,7,8,13.100077260131187
557872,1,7,8,2.886251032207339
557873,1,7,8,30.937291226494555
557891,1,7,8,5.921076362574077
557894,1,7,10,6.147784290989852
557904,1,7,1,9.404582444541061
557911,1,7,8,3.6811414841927474
557912,1,7,10,20.09687895245454
557920,1,7,4,0.3700090656202526
557924,1,7,6,29.562393218880278
557932,1,7,4,0.3700090657260609
557935,1,7,9,16.10545203414276
557937,1,7,1,24.577669897564164
557939,0,7,0,0.03290947091006632
557974,1,7,8,5.368938247954263
557976,0,7,0,0.027509734781541798
557993,1,7,4,0.3700090657260609
557995,1,7,6,19.672219796027697
558028,1,7,6,24.64346473202408
558080,0,7,0,0.089490591214648
558082,1,7,8,12.777251093555524
558089,1,7,5,0.3700090141005197
558099,1,7,6,9.952293412790008
558100,1,7,8,18.358794514058232
558112,1,7,6,16.985328552640627
558130,1,7,1,24.36874623561947
558138,1,7,4,0.3700090657260609
558139,1,7,8,23.866524733462597
558149,1,7,7,0.5632491886141419
558154,1,7,4,0.3700090657260609
558165,1,7,1,27.681208964911143
558199,1,7,9,22.96929305094439
558208,1,7,9,30.552044558475444
558223,1,7,4,0.3700090657260609
558225,0,7,0,0.0403524967168031
558231,1,7,5,0.3700090141005197
558236,1,7,9,30.851095725387577
558238,1,7,6,21.907925254474883
558246,1,7,8,4.199588249855668
558266,1,7,3,2.5422795538120413
558274,1,7,8,7.43932308303333
558284,1,7,6,25.190256401234155
558286,1,7,8,3.7163471909789263
558301,1,7,5,0.3700090141005197
558302,1,7,2,8.721294291414093
558314,1,7,8,25.9443854391567
558324,1,7,2,12.668846687021453
558325,0,7,0,0.0386120444327114
558327,1,7,4,0.3700090657260609
558339,1,7,9,23.394011369980987
558340,1,7,6,10.587712152813808
558362,1,7,9,30.793658784963633
558370,1,7,1,28.04769233883126
558382,1,7,7,4.352858336218199
558384,1,7,9,26.694342385593966
558392,1,7,5,0.3700090141005197
558394,1,7,9,21.704938035125586
558396,1,7,10,13.639835045478904
558419,1,7,2,16.102674427537952
558425,1,7,8,26.725441319601167
558438,1,7,9,29.487136775957023
558444,0,7,0,0.06260332365918281
558448,1,7,3,1.4134560425642846
558457,1,7,1,7.22468831475677
558459,1,7,8,36.01466286792651
558460,1,7,9,24.201990794014737
558466,1,7,6,18.86360082563377
558470,1,7,10,21.38099293875757
558488,1,7,4,0.3700090657260609
558500,1,7,6,13.441333803159678
558504,1,7,5,0.3700090141005197
558528,1,7,3,3.207211760507373
558533,1,7,4,0.3700090656202526
558534,1,7,6,22.870384643818877
558541,1,7,4,0.3700090657260609
558549,1,7,5,0.3700090141005197
558555,1,7,1,24.302857969029112
558572,1,7,5,0.3700090141005197
558579,1,7,9,29.765201739502114
558604,1,7,4,0.3700090657260609
558614,0,7,0,0.03442633265900683
558618,1,7,5,0.3700090141005197
558623,1,7,4,0.3700090657260609
558633,1,7,6,10.882216541609509
558634,1,7,8,8.787314954874851
558642,1,7,8,20.362095552341376
558647,1,7,4,0.3700090657260609
558654,1,7,1,26.336815339298624
558660,1,7,8,28.553247063710536
558666,1,7,5,0.3700090141005197
558709,1,7,6,22.139014759126376
558720,1,7,1,25.1273365456379
558725,1,7,5,0.3700090141005197
558730,1,7,9,33.068432627204665
558782,1,7,1,12.118508480536448
558786,1,7,4,0.3700090657260609
558788,1,7,1,21.656036547863284
558790,1,7,2,1.0110179675371802
558791,1,7,4,0.3700090657260609
558809,1,7,7,4.866890768647971
558817,1,7,8,17.206782849232066
558826,1,7,9,16.684479279648297
558844,0,7,0,0.037305337641986236
558870,1,7,5,0.37000902039789374
558878,1,7,1,20.913256391737015
558901,1,7,1,27.898195713888498
558902,1,7,9,15.625719762094628
558908,1,7,3,2.4049159172167265
558909,1,7,6,26.429407343602666
558933,1,7,9,20.78118908353378
558937,1,7,8,34.835655640329286
558947,1,7,4,0.3700090657260609
558948,0,7,0,0.09348641182694185
558975,1,7,5,0.3700090141005197
558978,1,7,6,30.131829256565002
559000,1,7,6,29.800476171967567
559002,1,7,5,0.3700090141005197
559007,1,7,4,0.3700090657260609
559009,1,7,9,31.57890725007135
559010,1,7,5,0.3700090141005197
559019,1,7,5,0.3700090141005197
559036,1,7,2,4.107721701865046
559068,1,7,6,18.92731099596957
559072,1,7,3,2.9798887656592408
559073,1,7,1,9.75404248613174
559088,1,7,10,7.4370538931240935
559090,1,7,1,14.391141188478441
559102,1,7,9,11.800562916093462
559104,1,7,9,26.57925996926719
559114,1,7,8,21.401916458316954
559118,1,7,1,12.918639350360813
559127,1,7,9,19.927228905746006
559141,1,7,9,23.452211426535136
559147,1,7,2,13.743596716942088
559168,1,7,10,26.060031609927087
559213,1,7,9,29.791821616752983
559214,1,7,6,24.89368162922993
559224,1,7,5,0.3700090141005197
559236,1,7,10,16.990474782001137
559245,1,7,9,8.51059657488254
559250,1,7,10,19.72875879706891
559251,1,7,5,0.3700090141005197
559275,1,7,8,27.358007216245372
559276,1,7,9,5.576792444399491
559293,1,7,4,0.3700090657260609
559296,1,7,9,18.379672896792773
559303,1,7,8,26.779349207185053
559306,1,7,5,0.3700090141005197
559307,1,7,10,22.02372400820879
559329,1,7,6,28.75372438268242
559371,1,7,8,25.895975531295512
559373,1,7,8,2.6460006426510705
559377,0,7,0,0.03182770731455032
559379,1,7,6,25.395402838959505
559394,1,7,5,0.3700090141005197
559447,1,7,9,33.297577888344875
559453,1,7,4,0.3700090657260609
559477,1,7,9,20.950881009547587
559481,1,7,4,0.3700090657260609
559489,1,7,10,6.087881862757099
559496,1,7,8,4.4189576774945065
559498,1,7,4,0.3700090657260609
559502,1,7,9,8.103469656359946
559535,1,7,6,29.308616428830508
559545,1,7,10,13.796844498482589
559560,1,7,5,0.3700090141005197
559562,1,7,9,32.996126382321535
559573,1,7,10,20.04581422425422
559577,1,7,7,5.559440063752551
559586,0,7,0,0.03310408549423441
559603,1,7,4,0.3700090657260609
559609,1,7,1,26.768832241920276
559625,1,7,8,32.243292952584014
559648,1,7,9,4.139270505819574
559665,1,7,4,0.3700090657260609
559678,1,7,6,11.801156828152433
559691,1,7,4,0.3700090657260609
559696,1,7,8,32.59394189380987
559715,1,7,8,27.563379162606783
559723,1,7,8,15.867766089944645
559727,1,7,5,0.3700090141005197
559733,1,7,8,3.5362185747771453
559773,1,7,3,3.2140012139122387
559782,1,7,2,5.035065724399053
559784,1,7,7,0.34527107712403043
559791,1,7,10,13.165683951589731
559794,1,7,9,21.511807266389518
559797,1,7,3,3.231837986208591
559800,1,7,9,17.26351227760643
559808,1,7,9,17.711218206650997
559812,1,7,8,27.002345416460965
559816,1,7,8,15.6294531898701
559818,1,7,5,0.3700090141005197
559848,1,7,6,13.877511218635478
559850,1,7,9,5.256446037979911
559866,1,7,8,10.151311125276761
559894,1,7,1,8.749016130741687
559897,1,7,9,19.06160730083647
559901,1,7,7,5.317237731475113
559919,1,7,3,1.5016782865197278
559937,1,7,10,10.056084839617522
559945,1,7,8,22.912627708508456
559953,1,7,2,13.249987284966302
559958,1,7,6,13.012890329656106
559962,1,7,5,0.3700090141005197
559967,1,7,5,0.3700090141005197
559976,1,7,10,7.281874759811644
559980,1,7,8,14.255378717893931
559981,1,7,4,0.3700090657260609
559988,1,7,2,13.140977083829197
560001,1,7,10,24.16951744368705
560005,1,7,6,15.200317730761318
560022,1,7,5,0.3700090141005197
560024,1,7,9,29.781424964522536
560025,1,7,6,29.320483290335915
560033,1,7,1,23.23591972534262
560035,1,7,1,13.123167121312036
560046,1,7,6,7.177565334637111
560047,1,7,5,0.3700090141005197
560053,1,7,6,28.003235796799835
560062,0,7,0,0.046380514133229384
560070,1,7,6,23.277144995203116
560076,1,7,6,17.645430749157853
560080,1,7,9,23.98019337745709
560102,1,7,9,32.67956448883025
560104,1,7,6,11.129484996853039
560113,1,7,8,9.906629774815494
560123,1,7,9,20.957748094440845
560137,1,7,2,15.039761857932499
560155,0,7,0,0.025757449393682012
560164,1,7,9,25.204577059971538
560213,1,7,4,0.3700090656202526
560214,1,7,6,27.3357151866601
560221,1,7,7,3.13338114612
560235,1,7,9,10.152482264230224
560236,0,7,0,0.03870366397351978
560239,1,7,10,9.237538352850128
560248,1,7,9,24.88601066374734
560257,1,7,4,0.3700090657260609
560267,0,7,0,0.030161405244096627
560283,1,7,10,17.56481224457635
560284,1,7,6,28.636109603143016
560292,1,7,5,0.3700090141005197
560305,1,7,7,4.528492294959682
560310,1,7,6,8.308160518665694
560325,1,7,6,30.51586078918254
560330,1,7,6,22.38761203032183
560334,1,7,8,34.79545784373908
560337,0,7,0,0.02790427066975971
560343,1,7,5,0.3700090141005197
560349,1,7,10,16.461323738132005
560352,1,7,9,10.511805447015929
560355,1,7,4,0.3700090657260609
560357,0,7,0,0.033705340681896394
560371,1,7,10,9.382765242534589
560378,1,7,6,21.24558100182206
560394,1,7,9,4.743494492439222
560412,1,7,10,21.953855430485163
560415,1,7,9,22.151387469805126
560421,1,7,9,32.569452302148946
560427,1,7,4,0.3700090657260609
560435,1,7,6,29.70280673238133
560436,1,7,8,34.337670256818875
560475,1,7,9,5.72238997922922
560483,1,7,8,23.343593881676362
560495,1,7,1,16.7203566633074
560526,1,7,6,24.577062766083003
560534,1,7,9,3.2305593582838714
560536,0,7,0,0.04161542913350565
560540,1,7,9,20.23114560524974
560550,1,7,5,0.3700090141005197
560559,1,7,5,0.3700090141005197
560562,1,7,5,0.3700090141005197
560571,1,7,5,0.3700090141005197
560575,1,7,4,0.3700090657260609
560588,1,7,8,27.36125282472847
560597,1,7,8,4.524233027555215
560608,1,7,6,9.942641048418642
560614,0,7,0,0.03472622125195007
560621,1,7,10,24.04814742684083
560645,1,7,3,0.9733193791732774
560648,1,7,8,4.072042234539579
560651,1,7,5,0.3700090141005197
560658,1,7,10,9.213333297648502
560670,1,7,8,8.434530582800702
560677,1,7,2,15.444685787375008
560686,1,7,4,0.3700090657260609
560687,1,7,7,3.3311879658403853
560716,1,7,8,24.292516653484615
560728,1,7,7,3.339922152191698
560735,1,7,4,0.3700090657260609
560742,1,7,8,25.94170967255781
560771,1,7,8,31.086353645000017
560780,1,7,4,0.3700090657260609
560781,1,7,6,6.439220677090553
560792,1,7,10,15.236682090605383
560799,1,7,6,7.81976115519289
560827,1,7,2,14.284971896682755
560832,1,7,5,0.3700090141005197
560850,1,7,8,17.539764498934968
560853,1,7,10,9.991900911105134
560867,0,7,0,0.036109270273401724
560873,1,7,5,0.3700090141005197
560885,1,7,9,15.1608572215949
560894,1,7,3,1.7722351271903152
560897,1,7,5,0.3700090141005197
560907,1,7,1,6.950424841493418
560933,1,7,8,25.82602791891264
560961,1,7,8,24.565123207144197
560963,1,7,6,12.404813872533262
560964,1,7,5,0.3700090141005197
560970,1,7,5,0.3700090141005197
560974,1,7,5,0.3700090141005197
560977,1,7,10,10.335596169474874
560982,1,7,1,9.591172705356158
560983,1,7,9,5.632949772638293
560987,1,7,10,4.611271397549802
560988,1,7,2,2.8315442148370726
561002,1,7,4,0.3700090657260609
561003,1,7,2,14.521048972809725
561008,1,7,6,5.960585810055288
561017,0,7,0,0.03320762124853679
561024,1,7,5,0.3700090141005197
561032,1,7,10,24.54152468039416
561041,1,7,9,22.30413138521798
561050,1,7,6,29.727498232339407
561058,1,7,4,0.3700090657260609
561073,1,7,5,0.37000902039789374
561080,1,7,8,30.4061285004718
561085,1,7,4,0.3700090657260609
561093,1,7,6,26.69023281677345
561119,1,7,6,29.78126460442806
561170,1,7,4,0.3700090657260609
561192,1,7,8,20.33273111272004
561207,1,7,4,0.3700090657260609
561208,1,7,3,2.224570833055001
561209,1,7,10,13.903569360422924
561210,1,7,6,10.727594156329062
561213,1,7,8,30.632457100195786
561240,1,7,1,4.310197686634876
561249,1,7,7,4.796956996333898
561250,1,7,8,20.97307688760826
561258,1,7,10,4.703855744796935
561263,1,7,9,14.529248243880279
561264,1,7,4,0.3700090657260609
561280,1,7,4,0.3700090657260609
561284,1,7,5,0.3700090141005197
561287,1,7,9,15.402105813503802
561289,1,7,7,4.725581214703695
561311,1,7,4,0.3700090657260609
561319,1,7,9,27.9672594790862
561327,1,7,9,2.753586725854979
561330,1,7,9,13.536873806115775
561331,1,7,9,33.64460443083117
561334,1,7,4,0.3700090657260609
561340,1,7,9,26.48240747039189
561370,1,7,8,9.935008671486703
561384,1,7,7,6.533739226594292
561389,1,7,10,22.852276978027003
561406,1,7,9,6.028663284701502
561415,1,7,6,11.960372411189065
561418,1,7,10,11.537512666959222
561422,1,7,3,1.8437205845518987
561425,1,7,8,35.66746062214122
561435,1,7,9,26.4881462846844
561458,1,7,5,0.3700090141005197
561485,1,7,6,8.793771781416124
561516,1,7,8,15.039995282536422
561518,1,7,9,21.868353182209255
561553,1,7,9,15.247379064014542
561559,1,7,8,19.229556051938435
561563,1,7,5,0.3700090141005197
561570,1,7,9,30.101322166092114
561604,1,7,6,17.93978982579546
561620,1,7,5,0.3700090141005197
561627,1,7,9,32.98446570572837
561643,1,7,10,3.6355186203560668
561652,1,7,5,0.3700090141005197
561654,1,7,8,9.941103117545703
561659,1,7,1,19.775655449261418
561662,1,7,4,0.3700090657260609
561667,1,7,5,0.3700090141005197
561677,1,7,2,12.722674120499477
561678,0,7,0,0.034860725289976746
561682,1,7,8,33.587652328394846
561684,1,7,4,0.3700090657260609
561686,1,7,3,3.0398131471927274
561696,1,7,9,14.652382973113003
561710,1,7,7,3.0387254281025244
561714,1,7,6,22.891625848448797
561717,1,7,8,15.746237652204359
561720,1,7,7,4.975979877986827
561739,1,7,5,0.37000902039789374
561749,1,7,6,18.772888047297204
561775,1,7,10,15.334431834030095
561780,1,7,3,3.029156106399269
561794,1,7,6,20.97271944012656
561797,1,7,8,18.073837252650133
561799,1,7,8,29.62947197153972
561812,1,7,5,0.3700090141005197
561815,1,7,6,15.227166809983489
561817,1,7,1,23.383495680322728
561834,1,7,8,22.751041369602486
561835,0,7,0,0.0354545894633598
561839,1,7,8,14.073600865130807
561840,1,7,8,32.48529718088771
561845,1,7,9,33.55432231672977
561853,1,7,4,0.3700090657260609
561865,1,7,8,23.3722371116147
561917,1,7,9,7.488475519600828
561960,1,7,10,17.598999490221143
561981,1,7,9,21.65485502718648
561985,1,7,8,35.547459793724535
561986,1,7,10,16.36764108017931
561992,1,7,8,23.482031389070034
561994,1,7,2,6.152581534178097
562028,1,7,6,21.807316727410345
562036,1,7,7,1.4296466636716365
562046,1,7,4,0.3700090657260609
562070,0,7,0,0.03427107921365681
562076,1,7,5,0.3700090141005197
562098,1,7,1,25.051532144473622
562120,1,7,7,5.719099584266841
562123,1,7,9,27.6870144754769
562126,1,7,7,3.568082116598946
562138,1,7,7,5.611386646500126
562150,1,7,9,31.79824918610379
562151,1,7,1,4.562535886452082
562152,1,7,6,25.055168466708846
562160,1,7,10,20.323619837825103
562172,1,7,9,33.53976006056902
562176,1,7,8,20.734798557279305
562178,1,7,9,31.549097103189975
562192,1,7,7,2.175410639297953
562213,1,7,2,7.575997257071104
562217,1,7,9,30.66505042237653
562249,0,7,0,0.08927371825311975
562251,0,7,0,0.03743127285546487
562252,1,7,8,14.630805217269293
562256,1,7,4,0.3700090657260609
562260,1,7,10,6.232626670486589
562262,1,7,6,5.977643289584785
562266,1,7,7,4.546691168822224
562272,1,7,4,0.3700090657260609
562273,1,7,3,3.0508929726419254
562279,1,7,5,0.3700090141005197
562284,1,7,9,17.379009603813184
562285,1,7,5,0.3700090141005197
562295,1,7,4,0.3700090657260609
562296,1,7,5,0.3700090141005197
562303,1,7,4,0.3700090657260609
562328,1,7,10,9.559011236164508
562333,1,7,9,6.7133239276125165
562337,1,7,8,13.330889387931038
562338,1,7,2,12.800018891737581
562342,1,7,1,11.940120101515523
562351,1,7,9,6.42781523794219
562363,1,7,5,0.3700090141005197
562384,1,7,9,25.247858098207413
562390,1,7,7,2.9943485357114796
562393,1,7,5,0.3700090141005197
562400,1,7,9,30.294454863236556
562408,1,7,8,29.081544954594687
562413,1,7,10,17.59249415533073
562429,1,7,3,2.7482806225017713
562442,1,7,1,19.04818493195164
562452,1,7,5,0.3700090141005197
562458,1,7,4,0.3700090657260609
562475,1,7,5,0.3700090141005197
562484,1,7,4,0.3700090657260609
562499,1,7,8,32.6906277566506
562529,1,7,8,8.745085353446054
562531,1,7,10,26.021770545859233
562532,1,7,4,0.3700090657260609
562552,0,7,0,0.0688432444122005
562553,1,7,9,33.66884387577406
562561,1,7,6,20.72872171624796
562569,1,7,9,3.411032087414067
562574,1,7,9,27.96636454625297
562580,1,7,5,0.3700090141005197
562588,1,7,10,20.695775165374403
562595,1,7,8,5.030717797220824
562596,1,7,8,29.53399122359946
562601,1,7,4,0.3700090657260609
562619,1,7,8,18.495131784595173
562623,1,7,3,3.1237184929230724
562630,1,7,8,21.056662121728873
562635,1,7,5,0.37000902039789374
562662,1,7,7,3.3929841148702753
562664,1,7,4,0.3700090657260609
562665,1,7,8,8.403052855555078
562667,1,7,9,19.65558544004793
562681,1,7,3,2.8853830228970585
562716,1,7,7,3.3791042628080112
562737,1,7,9,4.121597485364482
562743,1,7,8,8.109809914965691
562754,1,7,1,10.796582303996683
562765,1,7,7,5.968108979668227
562767,1,7,9,24.35028342703065
562780,1,7,9,28.453919612854357
562788,1,7,9,30.193937422478633
562799,1,7,8,25.452378356391158
562810,1,7,5,0.3700090141005197
562827,1,7,1,21.58525699674175
562840,1,7,6,24.58810420014969
562861,1,7,8,15.54657302535516
562863,1,7,7,6.179260929417258
562867,1,7,5,0.3700090141005197
562869,1,7,5,0.3700090141005197
562881,1,7,9,24.46460747594401
562884,1,7,8,24.245686387607044
562894,1,7,9,23.95419087327735
562905,1,7,6,22.568669760302573
562906,1,7,9,2.6667946533755837
562915,1,7,10,25.990094023621417
562924,1,7,5,0.3700090141005197
562933,1,7,5,0.3700090141005197
562966,1,7,5,0.3700090141005197
562968,1,7,9,5.857608669204512
562979,1,7,1,11.3507346664301
562995,1,7,9,26.731999343485885
563019,1,7,3,3.0909311171479628
563035,1,7,4,0.3700090657260609
563038,1,7,10,11.825202981957773
563049,1,7,8,29.633436392180233
563080,1,7,6,28.067076016546007
563086,0,7,0,0.03642226569699957
563094,1,7,3,3.188148151133657
563114,1,7,7,4.987796360918392
563126,1,7,5,0.3700090141005197
563129,1,7,5,0.3700090141005197
563130,1,7,9,32.99052224236558
563135,1,7,8,11.93586905010591
563146,1,7,8,15.775510858564612
563156,1,7,4,0.3700090657260609
563157,1,7,1,24.491847507137383
563162,1,7,5,0.3700090141005197
563165,1,7,5,0.3700090141005197
563173,1,7,9,31.61018526553548
563179,1,7,2,13.403313393011969
563202,1,7,8,29.40430106530986
563215,1,7,5,0.3700090141005197
563216,1,7,6,29.641114885776457
563240,1,7,5,0.3700090141005197
563258,1,7,9,24.902354476080127
563279,1,7,10,19.887338925976536
563296,1,7,9,22.763102594349768
563307,1,7,5,0.3700090141005197
563320,1,7,5,0.3700090141005197
563344,1,7,9,31.239893074691
563345,1,7,4,0.3700090657260609
563350,1,7,8,23.881148010302763
563379,1,7,9,11.508282674159593
563395,1,7,3,0.8647962323527979
563396,1,7,10,13.575072887304986
563403,1,7,10,9.54073317923093
563407,1,7,8,17.60964672781364
563423,1,7,9,25.33311096866685
563433,1,7,9,14.824549753261037
563437,1,7,8,17.4555188942308
563445,1,7,5,0.3700090141005197
563468,1,7,10,16.56987337717436
563472,1,7,2,13.460567865929121
563486,1,7,9,27.96126395033458
563493,1,7,10,5.851390611890408
563494,1,7,7,3.6416176074677247
563508,1,7,4,0.3700090657260609
563511,0,7,0,0.02616094837318418
563547,1,7,10,16.68129088438117
563563,1,7,6,8.839157356500058
563568,1,7,6,27.12557063000348
563584,1,7,6,22.162829275897757
563595,1,7,4,0.3700090657260609
563599,1,7,6,20.117420438750937
563603,0,7,0,0.03906816687187985
563611,1,7,9,29.204182142552558
563614,1,7,4,0.3700090657260609
563623,1,7,8,19.430471423550706
563625,1,7,10,26.031349256580878
563644,0,7,0,0.04012565840251107
563647,1,7,9,9.634443871219311
563650,1,7,5,0.3700090141005197
563652,1,7,8,33.202131724411686
563656,1,7,7,1.848888069639296
563678,1,7,9,20.801782786400974
563680,1,7,9,15.031034040484153
563692,1,7,7,4.881407095257165
563707,1,7,6,16.772503835956666
563728,1,7,7,2.855686447531799
563732,1,7,4,0.3700090657260609
563735,1,7,10,13.010803640937748
563736,1,7,2,9.717157752120382
563742,1,7,4,0.3700090657260609
563752,1,7,6,27.479883633455817
563753,1,7,9,32.55460983859997
563774,1,7,5,0.3700090141005197
563786,1,7,1,27.480749003730807
563800,1,7,8,33.21510850424228
563818,1,7,4,0.3700090657260609
563820,1,7,7,0.7182620150972522
563825,1,7,7,1.9267480559446089
563850,1,7,9,14.054048621686746
563853,1,7,9,5.014325270609908
563854,1,7,4,0.3700090657260609
563869,1,7,1,8.940923329104276
563878,1,7,8,32.04696041537053
563881,1,7,9,20.499511408086697
563923,1,7,8,35.32300379985559
563941,1,7,9,5.8169371118980875
563950,1,7,9,33.5830882039945
563970,1,7,8,29.031574053714536
563986,1,7,6,4.917920640628157
563992,1,7,7,3.544510654856545
564000,1,7,9,26.262289531528033
564020,1,7,6,18.818846323771808
564027,1,7,8,13.389671864728383
564029,1,7,7,0.3614400485689718
564035,1,7,2,9.962390142733177
564038,1,7,6,23.95567974743162
564050,1,7,5,0.3700090141005197
564056,1,7,5,0.3700090141005197
564060,1,7,6,29.3209779862329
564071,1,7,9,15.406320302342236
564103,1,7,8,18.357182091589042
564104,1,7,8,23.619584714603146
564108,1,7,6,18.69981784029417
564158,1,7,8,23.8036987593828
564164,1,7,4,0.3700090657260609
564176,1,7,5,0.3700090141005197
564194,1,7,8,24.600644846578255
564197,1,7,5,0.3700090141005197
564200,1,7,5,0.3700090141005197
564209,1,7,8,32.40634757819732
564213,1,7,9,24.528757392817173
564214,0,7,0,0.035840700024041536
564229,1,7,8,8.71312779668535
564240,1,7,1,22.40673110505508
564242,1,7,8,5.5934230384598065
564244,1,7,9,29.91481434930697
564262,1,7,9,24.546802301991065
564264,1,7,6,20.375390431280845
564265,1,7,6,26.972080603038826
564275,0,7,0,0.03184192480760705
564277,1,7,8,20.488940662066543
564278,1,7,9,5.043403273942801
564283,1,7,5,0.3700090141005197
564289,1,7,9,32.63996615839047
564295,1,7,9,4.440336981456152
564302,1,7,10,25.30601230406946
564305,1,7,1,7.801158088241603
564323,1,7,5,0.3700090141005197
564334,1,7,4,0.3700090657260609
564340,1,7,10,21.010766673366923
564343,1,7,10,5.43653401321135
564345,0,7,0,0.06541467720423425
564351,1,7,4,0.3700090657260609
564371,1,7,6,13.224817592517313
564376,1,7,7,1.2144148712481535
564386,1,7,10,11.483490341458031
564395,1,7,5,0.3700090141005197
564408,1,7,4,0.3700090657260609
564410,1,7,6,29.740720328050653
564418,1,7,9,23.445507455561103
564421,1,7,9,31.54838792244491
564425,1,7,8,25.4768383747015
564426,1,7,6,24.398664613497793
564439,1,7,6,18.398369178427274
564454,1,7,3,0.6339546172141625
564486,1,7,7,4.572111991095428
564495,1,7,6,28.138272882202976
564515,1,7,6,19.731979207618263
564516,1,7,7,3.9436680243282307
564518,1,7,7,4.617646068944331
564519,1,7,7,5.165734633504777
564548,0,7,0,0.12316592315633489
564552,1,7,4,0.3700090657260609
564564,1,7,10,17.448421180971398
564566,1,7,2,8.044312772636161
564578,1,7,8,28.09782124078268
564601,0,7,0,0.1675506985367251
564607,1,7,4,0.3700090656202526
564616,1,7,7,1.5038991131065882
564622,1,7,9,31.727238713127477
564639,1,7,4,0.3700090657260609
564640,1,7,10,18.397010495412985
564662,1,7,2,8.42138164058045
564680,1,7,7,0.9694667355086284
564681,1,7,4,0.3700090657260609
564684,1,7,5,0.3700090141005197
564691,0,7,0,0.03932309948541922
564696,1,7,1,18.894700154877846
564699,1,7,9,30.74686998412861
564702,1,7,6,26.897804949189982
564703,1,7,10,18.506095888283546
564708,1,7,9,24.086936718678018
564721,1,7,5,0.3700090141005197
564729,1,7,6,8.266242592266238
564740,1,7,1,24.583148262706523
564742,1,7,6,10.966143874789898
564765,1,7,5,0.3700090141005197
564772,1,7,9,30.041051471809354
564774,1,7,8,35.38824518941412
564780,1,7,10,26.005192029488978
564782,0,7,0,0.04710588477087172
564794,1,7,6,18.10511301275399
564796,1,7,4,0.3700090657260609
564803,1,7,6,17.510846882417336
564812,1,7,4,0.3700090657260609
564817,1,7,4,0.3700090657260609
564829,1,7,7,0.9136696443083245
564836,1,7,9,22.669094691400275
564853,0,7,0,0.02963171461109444
564861,1,7,10,24.421410642291356
564863,1,7,3,1.623470038586698
564892,1,7,9,25.30186876345174
564914,1,7,8,7.200745821271552
564946,1,7,9,24.70292103472501
564948,1,7,7,1.5354257922113204
564953,1,7,8,22.502527853120103
564954,1,7,8,34.59021224642452
564962,1,7,9,23.890113575988202
564986,1,7,7,6.327843443596436
564992,1,7,6,22.22092127538902
564993,1,7,8,11.455973382128342
564999,1,7,8,23.00626576830091
565004,1,7,9,32.722960605026174
565006,1,7,10,23.28179357067535
565036,1,7,4,0.3700090657260609
565038,1,7,3,3.2574535784913277
565043,1,7,8,28.642423748316325
565054,1,7,9,13.551847030941458
565057,1,7,10,8.940819297517832
565060,1,7,1,13.201193929251547
565072,1,7,8,13.895664925454808
565073,1,7,8,24.93568841975848
565080,1,7,2,9.204966778193503
565129,1,7,8,28.177967581933956
565141,1,7,8,23.487087702372506
565149,1,7,5,0.3700090141005197
565155,1,7,4,0.3700090657260609
565158,1,7,8,20.28334528560908
565162,1,7,5,0.3700090141005197
565163,0,7,0,0.08918155143885047
565173,0,7,0,0.03578169678424351
565186,1,7,1,27.069387338063805
565197,1,7,6,26.732985624042925
565203,1,7,8,12.894097108677801
565214,1,7,6,13.992777262224866
565223,1,7,9,22.881370943214602
565229,1,7,7,3.87196423628892
565231,1,7,9,14.086969962749787
565260,1,7,2,15.772877895715164
565291,1,7,8,24.580145464271894
565301,1,7,3,3.1829508397634028
565303,1,7,10,11.522208200805148
565306,0,7,0,0.03240682338922722
565320,1,7,4,0.3700090657260609
565365,1,7,10,12.950337804399036
565371,0,7,0,0.03980984070691754
565395,1,7,8,7.036734115260963
565400,1,7,9,29.130832963739028
565401,0,7,0,0.02950330392022619
565405,1,7,8,17.830419885992512
565433,1,7,4,0.3700090657260609
565436,1,7,8,17.46631415817468
565470,1,7,8,28.08579758634714
565477,0,7,0,0.10844648735326358
565487,1,7,8,13.157279302472492
565498,1,7,9,13.743534791325104
565505,1,7,8,29.218311603213653
565513,1,7,8,31.51101562949499
565528,1,7,10,4.263708012278644
565539,1,7,3,3.1440419151558214
565553,1,7,5,0.3700090141005197
565558,1,7,6,25.970775921191205
565566,1,7,1,11.10029186919476
565570,1,7,4,0.3700090656202526
565590,1,7,5,0.3700090141005197
565599,1,7,8,28.05673839374005
565606,1,7,8,28.424312220912476
565609,1,7,2,16.254238552873392
565610,1,7,9,33.53548696932626
565629,0,7,0,0.029271682997302335
565632,1,7,1,27.089223545732853
565634,1,7,9,21.058682709097106
565642,1,7,4,0.3700090657260609
565664,1,7,10,17.30925036573669
565676,1,7,7,6.471773696228123
565677,0,7,0,0.03316412833379677
565696,1,7,4,0.3700090657260609
565705,0,7,0,0.03988783647578795
565710,1,7,5,0.3700090141005197
565715,1,7,8,24.65398507440541
565731,1,7,1,17.335504022227067
565735,1,7,5,0.3700090141005197
565741,1,7,6,22.3934718459112
565752,1,7,1,9.143359792113898
565757,1,7,9,19.92142834776789
565759,1,7,9,22.65121502592604
565763,1,7,4,0.3700090657260609
565768,1,7,5,0.3700090141005197
565770,1,7,2,15.185352841897831
565773,1,7,7,0.6083506165486506
565794,0,7,0,0.03184583172557148
565800,1,7,5,0.3700090141005197
565801,1,7,9,4.493019645744574
565817,1,7,6,12.734585227328354
565820,1,7,5,0.37000902039789374
565821,0,7,0,0.02837011046341684
565824,1,7,9,33.466397338603436
565826,1,7,8,32.70691352229548
565827,1,7,9,6.047592406975752
565829,1,7,8,10.892644820418072
565835,1,7,1,14.337012380316567
565844,1,7,5,0.3700090141005197
565845,1,7,2,13.063202569221023
565902,1,7,9,2.1676309358537993
565916,1,7,9,32.99636090974214
565919,1,7,9,19.17164822969392
565930,1,7,1,26.199264255618004
565947,1,7,1,21.63982265275146
565963,1,7,1,18.97756183069384
565998,1,7,9,24.01920213782671
566007,1,7,9,2.621490024134008
566013,1,7,5,0.3700090141005197
566024,1,7,3,0.7512915311658955
566035,1,7,1,24.17218873627433
566039,1,7,3,2.2675946413809505
566044,1,7,8,11.272924752369088
566045,1,7,6,17.26584210930543
566056,1,7,10,12.519370505784572
566066,1,7,9,25.10916906212679
566071,1,7,5,0.3700090141005197
566076,1,7,3,2.9574788895466595
566083,1,7,4,0.3700090657260609
566086,1,7,10,18.446637391928295
566098,1,7,9,4.708100190803539
566110,1,7,10,24.502087150730777
566111,1,7,6,26.27360172575205
566115,1,7,5,0.37000902039789374
566117,1,7,4,0.3700090656202526
566156,1,7,8,17.35611622949824
566167,1,7,5,0.3700090141005197
566178,1,7,2,10.919330164310814
566213,1,7,9,16.112904864945165
566216,1,7,5,0.3700090141005197
566245,1,7,5,0.3700090141005197
566251,1,7,5,0.3700090141005197
566257,1,7,8,35.829470280509476
566263,1,7,9,21.953281546517726
566266,1,7,9,21.502383243357546
566272,1,7,8,31.7906578015098
566283,1,7,8,32.70199580085127
566319,1,7,5,0.3700090141005197
566329,1,7,5,0.3700090141005197
566337,1,7,9,26.171442493450193
566338,1,7,1,21.685860568197324
566354,1,7,7,1.78264502434355
566360,1,7,6,27.07636768219277
566364,1,7,5,0.3700090141005197
566372,1,7,8,34.352008030218606
566374,1,7,9,12.79711777907591
566388,1,7,6,29.040992413837994
566389,1,7,5,0.3700090141005197
566391,1,7,9,31.89369056827424
566401,1,7,7,6.032730879953708
566409,1,7,8,24.351079490674632
566412,1,7,10,8.302260742323174
566417,1,7,1,15.507350385937135
566422,0,7,0,0.033501974084915495
566430,1,7,1,21.56031643260187
566431,1,7,8,6.43589876364957
566454,1,7,10,22.103585325017086
566489,1,7,10,24.351489110381134
566506,1,7,5,0.3700090141005197
566516,1,7,8,33.488935639432086
566530,1,7,2,15.383553179883927
566543,1,7,10,15.221948765960791
566545,1,7,9,16.234304161653245
566551,1,7,5,0.3700090141005197
566561,1,7,4,0.3700090657260609
566570,1,7,8,34.19603570967765
566572,0,7,0,0.0419521918122477
566583,1,7,2,1.6575976875462124
566588,1,7,5,0.3700090141005197
566592,1,7,4,0.3700090657260609
566593,1,7,2,3.6860774324749244
566614,1,7,8,27.65220653164398
566630,1,7,6,19.1230954833103
566631,1,7,4,0.3700090657260609
566649,1,7,9,25.00879439685699
566678,1,7,10,15.640295531639786
566694,1,7,10,23.888734571315304
566742,1,7,4,0.3700090657260609
566749,1,7,3,2.266585786097808
566761,1,7,9,29.983139771928197
566773,1,7,8,14.393364238506642
566780,1,7,5,0.3700090141005197
566787,1,7,4,0.3700090657260609
566805,1,7,9,29.85520365922068
566807,1,7,3,1.247062151644087
566815,1,7,4,0.3700090657260609
566825,1,7,10,22.155870458950172
566835,1,7,1,17.502496716147277
566840,1,7,7,3.5945353896485255
566844,1,7,9,22.177358273400767
566848,1,7,4,0.3700090657260609
566864,1,7,1,6.645809135687509
566872,1,7,10,25.89110800989183
566877,1,7,9,32.308300493511446
566878,1,7,1,26.672016741136492
566884,1,7,10,5.308882475166755
566902,1,7,9,2.7005801623205574
566903,1,7,8,35.505034689643395
566904,1,7,8,19.50828409945258
566942,1,7,4,0.3700090657260609
566943,1,7,6,27.66401464482171
566947,1,7,4,0.3700090657260609
566957,1,7,6,23.505040855211558
566973,1,7,4,0.3700090657260609
567007,1,7,10,15.662507877123698
567013,1,7,4,0.3700090657260609
567017,1,7,1,19.14089077048143
567025,1,7,5,0.3700090141005197
567034,1,7,8,12.310810300647518
567038,1,7,5,0.3700090141005197
567048,1,7,9,14.8868513350272
567050,1,7,6,24.9752104301001
567054,1,7,2,16.36770535935948
567057,1,7,10,24.949960356534906
567071,1,7,9,7.778275758315701
567076,1,7,5,0.3700090141005197
567077,1,7,7,2.9055589009512746
567081,1,7,5,0.3700090141005197
567082,1,7,6,28.1613386207045
567116,1,7,4,0.3700090656202526
567118,1,7,7,4.239625815457661
567124,1,7,4,0.3700090657260609
567128,1,7,6,16.16902494782994
567152,1,7,4,0.3700090657260609
567153,1,7,7,5.266255009590661
567167,1,7,8,15.764635129869804
567169,1,7,6,18.2710170113452
567186,1,7,4,0.3700090657260609
567188,1,7,4,0.3700090657260609
567189,1,7,10,7.604078043833892
567195,1,7,6,7.837181035161912
567205,1,7,8,18.82626637676002
567209,1,7,2,12.911877782690423
567220,1,7,9,31.862719363648388
567245,1,7,9,7.031272882949634
567247,1,7,5,0.3700090141005197
567250,1,7,8,7.769629030374529
567261,1,7,6,23.821607702281337
567262,1,7,6,19.086369461893526
567272,1,7,9,23.80714425527464
567273,1,7,6,7.728515849435178
567292,1,7,2,3.3294362166445755
567297,1,7,6,29.448515994441895
567298,1,7,5,0.3700090141005197
567310,1,7,9,26.72206826889829
567328,1,7,6,25.52400221370669
567331,1,7,6,18.50461274438419
567332,1,7,8,16.194499764726565
567350,1,7,9,19.146811411979137
567352,1,7,1,22.34216761705947
567361,1,7,10,4.527129296925202
567379,1,7,8,18.376992652143027
567384,1,7,5,0.37000902039789374
567385,1,7,4,0.3700090657260609
567386,1,7,8,30.39777787440329
567390,1,7,10,13.19109377691262
567393,1,7,9,26.52198812152721
567410,1,7,10,17.831846980955408
567411,1,7,10,17.991379872269988
567418,1,7,9,32.74985685504206
567431,1,7,9,32.45727476375239
567434,1,7,8,22.723142541769313
567454,1,7,8,15.783498947414891
567455,1,7,8,7.204513714692968
567457,1,7,5,0.3700090141005197
567473,1,7,4,0.3700090657260609
567504,1,7,7,5.264292740500771
567522,1,7,6,20.064737606904924
567535,1,7,8,33.196024790963754
567550,1,7,6,11.797388342702536
567557,1,7,9,17.78269207282767
567581,1,7,1,14.78891471161806
567590,1,7,5,0.3700090141005197
567598,1,7,10,24.624083795074657
567599,1,7,9,32.89024937394737
567614,1,7,9,2.856696135337332
567615,1,7,3,1.8744685914122008
567620,1,7,8,17.274860146426036
567630,1,7,8,18.336047036867125
567636,1,7,8,21.417901608015775
567638,1,7,8,15.845423500431846
567639,0,7,0,0.033322974609036916
567667,1,7,8,31.448952495722196
567668,1,7,9,8.908595658152414
567676,1,7,8,22.77769182926261
567687,1,7,3,3.2040894954089096
567688,1,7,6,18.931344039227692
567700,1,7,8,24.601411377655257
567701,1,7,9,24.391272374830695
567704,1,7,5,0.3700090141005197
567726,1,7,8,23.511290350623646
567729,1,7,9,31.256541522178953
567732,1,7,8,15.761757221898119
567747,1,7,7,4.3762870587602904
567763,1,7,6,29.431535756173158
567771,1,7,9,9.979506615560219
567796,1,7,9,29.293859370164295
567839,1,7,8,23.861598664964724
567847,1,7,5,0.3700090141005197
567853,0,7,0,0.03942444027496988
567857,1,7,10,9.506750357733662
567867,1,7,5,0.3700090141005197
567876,1,7,2,2.8520081992085964
567878,1,7,3,1.8872241451618312
567880,1,7,5,0.3700090141005197
567881,1,7,8,23.009299527411713
567888,1,7,1,20.6354577139911
567902,1,7,2,1.0605159081801756
567905,1,7,10,13.458454895085222
567909,1,7,4,0.3700090657260609
567911,1,7,8,28.28776983827018
567917,1,7,6,14.285506089190642
567931,1,7,5,0.3700090141005197
567951,0,7,0,0.036692871542896445
567967,1,7,8,22.747816079832205
567969,1,7,7,6.496343548214471
567973,1,7,5,0.37000902039789374
567992,0,7,0,0.028448821599716467
568025,1,7,9,12.709052006301746
568036,1,7,9,28.496901065926995
568038,1,7,4,0.3700090657260609
568043,1,7,8,26.96550486668418
568049,1,7,6,30.496851057660486
568057,1,7,4,0.3700090657260609
568061,1,7,6,26.99123708148178
568087,1,7,10,18.437378595807985
568111,1,7,4,0.3700090657260609
568125,1,7,8,28.102633676664635
568128,1,7,4,0.3700090657260609
568134,1,7,8,14.865880519996567
568159,1,7,4,0.3700090657260609
568178,1,7,10,16.980820137975783
568180,1,7,6,20.480661380534105
568182,1,7,8,24.58594311925639
568183,1,7,4,0.3700090657260609
568198,1,7,4,0.3700090657260609
568200,1,7,6,14.543615000166026
568207,1,7,8,29.23393916674171
568225,1,7,5,0.3700090141005197
568228,1,7,6,23.25415676388765
568234,1,7,1,15.801514052648333
568240,1,7,4,0.3700090657260609
568255,1,7,4,0.3700090657260609
568261,1,7,10,9.436024244386799
568264,1,7,1,19.47543093835986
568267,1,7,9,4.585076527621189
568269,1,7,9,24.22655080848372
568271,1,7,9,19.50123152369266
568273,1,7,6,25.590900045240918
568314,1,7,4,0.3700090657260609
568358,1,7,4,0.3700090657260609
568382,1,7,1,14.906930799501886
568392,1,7,4,0.3700090657260609
568400,1,7,10,16.22598135182297
568412,1,7,2,0.8583313026745371
568419,1,7,1,19.151982675616846
568422,1,7,1,16.98170746257582
568427,0,7,0,0.03451621724690004
568431,1,7,4,0.3700090657260609
568449,1,7,8,17.088269144368518
568458,1,7,5,0.3700090141005197
568462,1,7,6,17.25895858258408
568467,1,7,10,13.937631803914664
568473,1,7,6,27.74225897378401
568478,1,7,5,0.3700090141005197
568480,1,7,9,28.9165208213047
568493,1,7,2,15.823927674677403
568506,1,7,9,23.52635816182929
568508,1,7,4,0.3700090657260609
568530,1,7,9,18.450538481819084
568533,1,7,6,17.248250419361288
568540,1,7,6,7.221839418918701
568551,1,7,6,7.8612469008170995
568556,1,7,9,23.911375053463356
568562,1,7,4,0.3700090657260609
568573,1,7,5,0.3700090141005197
568576,1,7,5,0.3700090141005197
568592,1,7,8,26.493387529849446
568597,1,7,6,10.274787220314183
568607,0,7,0,0.036942205245758045
568620,1,7,4,0.3700090656202526
568638,1,7,4,0.3700090657260609
568658,1,7,10,18.507324231407907
568661,1,7,1,18.676564611729386
568662,1,7,8,28.734030441974326
568668,1,7,5,0.3700090141005197
568669,1,7,5,0.3700090141005197
568689,1,7,6,22.90948236666648
568721,1,7,10,10.546142379307803
568726,1,7,5,0.3700090141005197
568727,1,7,9,29.628945636865513
568729,1,7,6,20.682354078879317
568731,1,7,5,0.3700090141005197
568737,1,7,4,0.3700090657260609
568741,1,7,8,26.220927037301568
568744,1,7,1,11.451846251466936
568752,1,7,5,0.3700090141005197
568757,1,7,4,0.3700090657260609
568764,1,7,8,28.770180972550904
568771,1,7,9,33.43457863518609
568775,1,7,4,0.3700090657260609
568785,1,7,4,0.3700090657260609
568786,1,7,1,18.550946844665674
568787,1,7,6,21.398032632022275
568799,1,7,9,33.04121810715292
568806,1,7,7,1.9223345554208173
568809,1,7,9,26.920394652042724
568856,1,7,9,29.388673359898455
568874,1,7,8,29.493001977235664
568880,1,7,3,2.1869680894932557
568906,1,7,6,22.356315955262115
568914,1,7,9,25.19942371399469
568918,1,7,6,16.878115307246752
568925,1,7,5,0.3700090141005197
568928,1,7,10,16.82527476801905
568929,1,7,9,33.07979388394069
568930,1,7,9,15.376727055492317
568940,1,7,6,8.038934086504177
568943,1,7,1,22.69319293022505
568963,1,7,4,0.3700090657260609
568966,1,7,9,33.78599949305815
568974,1,7,6,22.35027171615551
568980,1,7,10,18.476109160663828
568989,1,7,10,20.998578556456724
568995,1,7,9,33.6575650594874
569009,0,7,0,0.1461990137834367
569010,1,7,4,0.3700090657260609
569018,1,7,2,13.09615803621509
569019,1,7,10,19.34006976789436
569031,1,7,4,0.3700090657260609
569052,1,7,8,4.389635286398424
569057,0,7,0,0.033440469339704494
569075,1,7,8,10.780175142045257
569079,1,7,6,22.192716522463385
569092,1,7,9,13.725349942528096
569109,1,7,9,25.41802748420147
569166,1,7,6,17.940342200731134
569167,1,7,9,29.626068124758838
569168,1,7,1,16.29283076864284
569182,1,7,6,20.196389747141026
569185,1,7,9,23.659990355738504
569198,1,7,2,9.359702238397455
569227,1,7,3,1.0433675696013025
569228,1,7,4,0.3700090656202526
569235,0,7,0,0.030191917369075352
569240,1,7,1,19.667210567015605
569250,1,7,3,1.4473092526077895
569253,1,7,5,0.3700090141005197
569257,1,7,6,15.236840882680614
569258,1,7,10,4.754797151515712
569264,1,7,9,30.149656868493654
569267,1,7,9,16.598929806292457
569280,1,7,10,5.97638686239592
569286,1,7,7,5.561385678800089
569334,1,7,9,33.25525834616577
569351,1,7,4,0.3700090657260609
569356,1,7,9,15.860042519943553
569365,1,7,8,19.643619054683263
569371,1,7,6,26.693973856147416
569391,1,7,7,0.5063962275684711
569426,1,7,9,30.332748178861756
569437,1,7,4,0.3700090657260609
569438,1,7,6,13.057083639150568
569453,1,7,5,0.3700090141005197
569475,1,7,10,5.806189315346822
569480,1,7,6,17.508269163767967
569481,1,7,7,4.804570569809748
569482,1,7,5,0.3700090141005197
569491,1,7,10,7.216680037927906
569505,1,7,9,14.711044923912347
569508,1,7,9,21.085689144517872
569526,1,7,8,18.35933120787709
569541,1,7,1,14.817625772345417
569543,1,7,5,0.3700090141005197
569559,1,7,7,6.412506043330464
569577,1,7,5,0.37000902039789374
569580,1,7,5,0.37000902039789374
569584,1,7,10,7.449069343001186
569588,1,7,6,18.431868662788414
569609,1,7,7,1.284263059625155
569624,1,7,8,12.091462873246522
569627,1,7,5,0.3700090141005197
569635,1,7,1,21.63969504845731
569652,1,7,5,0.3700090141005197
569655,1,7,9,19.276894896948715
569662,1,7,1,17.56622135684653
569699,1,7,2,15.654066207564902
569708,1,7,8,23.98191527795659
569712,1,7,1,14.767016636122849
569719,1,7,6,23.813137180494913
569725,1,7,8,26.314977064897423
569739,1,7,4,0.3700090657260609
569753,1,7,8,26.55173948027974
569755,1,7,8,34.27049655934362
569780,1,7,9,24.440518946375423
569785,1,7,4,0.3700090657260609
569848,1,7,10,26.04867890015996
569860,1,7,5,0.3700090141005197
569863,1,7,8,20.30364552701998
569871,1,7,7,0.8123820389116301
569872,0,7,0,0.021686855274908327
569881,1,7,4,0.3700090657260609
569901,1,7,9,29.22549510915063
569919,1,7,4,0.3700090657260609
569937,1,7,6,17.969132688051246
569973,1,7,1,18.973581883237653
570002,1,7,5,0.3700090141005197
570003,1,7,6,13.571627256910476
570004,1,7,9,28.926075294224844
570015,1,7,2,3.576965652013868
570016,1,7,9,33.702595182460996
570026,1,7,5,0.3700090141005197
570027,1,7,10,15.651299042909026
570032,0,7,0,0.03261849662510409
570042,1,7,1,16.40454330143327
570046,1,7,6,21.510731632308055
570054,1,7,6,22.99006348197007
570059,1,7,9,17.599580784755783
570068,1,7,4,0.3700090657260609
570069,1,7,9,11.760551024166787
570078,1,7,5,0.3700090141005197
570096,0,7,0,0.032149753360051526
570097,1,7,8,23.610573088538693
570123,0,7,0,0.03171036286731116
570141,1,7,10,26.057710019587237
570154,1,7,9,18.062251339404746
570159,1,7,4,0.3700090657260609
570160,1,7,9,20.634255145771295
570170,1,7,7,4.263631154144155
570171,1,7,6,7.150469168037172
570172,1,7,3,3.085025400741537
570179,1,7,4,0.3700090657260609
570182,1,7,6,20.442150635233563
570204,1,7,4,0.3700090657260609
570209,1,7,10,23.63772000211963
570210,1,7,6,30.01528514735215
570216,1,7,9,3.125467361859052
570221,1,7,6,25.941297694203467
570242,1,7,5,0.3700090141005197
570257,1,7,9,16.857996473628422
570264,1,7,2,7.317733397703377
570266,1,7,9,8.233161842257477
570272,1,7,6,26.99215150358664
570308,1,7,10,23.706547724318796
570312,1,7,10,16.62095511072954
570314,1,7,9,20.586192028293794
570354,1,7,6,27.01775521587908
570356,1,7,3,3.0090984936251313
570365,1,7,1,7.952248731094734
570376,1,7,7,6.540202835284297
570395,1,7,8,16.40651460007468
570419,1,7,1,10.696890172952832
570421,1,7,7,4.673851986356389
570436,1,7,10,26.009320849254728
570453,1,7,10,7.956547569957785
570454,1,7,4,0.3700090657260609
570456,1,7,7,6.029816671204265
570460,1,7,7,2.492363485634644
570464,1,7,10,11.998891206647457
570480,1,7,8,26.61881767999319
570487,1,7,8,32.47377339171159
570491,1,7,6,10.526194877294436
570503,1,7,8,21.00884481054332
570515,1,7,9,22.04899334361837
570529,1,7,6,27.706416444547976
570531,1,7,7,5.881720778755378
570545,1,7,6,13.261028471079758
570548,1,7,8,7.645934454295493
570553,1,7,6,13.98191214579603
570560,1,7,8,7.968510538809864
570563,1,7,7,5.881572842003057
570579,1,7,8,33.35410719452643
570591,0,7,0,0.03266457103127528
570620,1,7,9,22.856838038794596
570623,1,7,1,6.628116996596443
570635,1,7,1,24.714760948229856
570643,1,7,6,24.742281378646226
570675,1,7,6,13.150350601334226
570676,1,7,9,26.39596513821662
570677,1,7,2,2.8093422372487997
570687,1,7,4,0.3700090657260609
570691,1,7,8,32.67852206507465
570703,1,7,9,16.015449660968965
570727,1,7,6,18.47680541625325
570731,1,7,8,19.12710792644939
570747,1,7,2,12.180129525987205
570750,1,7,8,6.114642721170279
570759,0,7,0,0.06733185806900094
570765,1,7,5,0.3700090141005197
570768,1,7,5,0.3700090141005197
570778,1,7,4,0.3700090657260609
570795,1,7,8,22.274805199670798
570806,0,7,0,0.04069758703207349
570807,1,7,8,26.896845229859192
570814,1,7,4,0.3700090657260609
570827,1,7,1,25.497988436584762
570834,1,7,8,21.56096375543709
570836,1,7,10,21.87966836952904
570864,1,7,5,0.3700090141005197
570873,1,7,8,24.422966180269277
570882,1,7,9,22.442415050197166
570884,1,7,10,11.750947081513022
570888,1,7,8,20.57183738861016
570892,1,7,8,17.584763777240074
570893,1,7,6,12.71354900331638
570912,1,7,9,26.04124088281948
570918,1,7,3,2.2521724476759766
570924,1,7,5,0.3700090141005197
570937,1,7,8,26.895626402045337
570939,0,7,0,0.03299144209135134
570951,1,7,7,6.219125591504332
570967,1,7,6,27.90482033396331
570968,1,7,6,27.090798648305054
570978,0,7,0,0.03369324551383662
571002,1,7,2,9.445897072521943
571005,1,7,6,30.027042778628296
571007,0,7,0,0.034872216629088314
571023,1,7,9,9.377656161273999
571033,1,7,8,25.5167692249823
571036,1,7,1,6.781339077099185
571056,1,7,4,0.3700090657260609
571077,0,7,0,0.03191731196137979
571090,1,7,8,21.37799253699514
571092,1,7,1,22.765172271589353
571107,1,7,9,11.600509191342672
571115,1,7,8,10.432614162131731
571125,1,7,8,26.450963419470163
571141,1,7,10,25.893099978727218
571143,1,7,4,0.3700090657260609
571147,1,7,6,17.897875572938304
571162,1,7,10,3.7383556624789485
571168,1,7,2,6.452345369444908
571176,1,7,10,15.780042663135266
571198,1,7,8,16.922732975766078
571199,1,7,7,5.148920771173468
571224,1,7,6,7.588596953549766
571226,1,7,7,4.356339972828322
571228,0,7,0,0.033228999296961895
571235,1,7,2,12.76195299414288
571241,1,7,8,22.080638307183026
571259,1,7,5,0.3700090141005197
571261,1,7,6,11.241706817451457
571263,1,7,6,13.988502530854591
571272,1,7,7,4.942131328965041
571291,1,7,7,5.308072418677848
571301,1,7,5,0.3700090141005197
571315,1,7,6,22.346064398151338
571325,1,7,9,23.48879325263412
571340,1,7,9,30.55520126528184
571344,1,7,4,0.3700090657260609
571365,1,7,9,28.517419357106675
571376,1,7,5,0.3700090141005197
571382,1,7,9,11.919514607979217
571413,1,7,5,0.3700090141005197
571419,1,7,9,24.537561148179268
571422,1,7,9,23.788872044313457
571427,1,7,10,11.411231647152585
571428,1,7,5,0.3700090141005197
571444,1,7,2,8.707530012126217
571449,1,7,4,0.3700090657260609
571452,1,7,1,22.878611049324668
571460,1,7,5,0.3700090141005197
571468,1,7,9,13.551879144281175
571473,1,7,9,24.225029089360408
571482,1,7,3,3.218999439631916
571498,1,7,9,30.87724524072118
571500,1,7,8,32.00440699646836
571504,1,7,6,22.542284296659282
571523,1,7,9,25.300195480328412
571530,1,7,9,20.95445408845308
571537,1,7,5,0.3700090141005197
571547,1,7,10,16.189280818888466
571549,1,7,10,8.730534843974608
571567,1,7,2,12.52955982172252
571571,1,7,10,14.529263710271822
571574,1,7,5,0.3700090141005197
571575,1,7,1,14.068410817604818
571581,1,7,4,0.3700090657260609
571582,1,7,5,0.3700090141005197
571585,1,7,4,0.3700090657260609
571595,1,7,9,21.48692108968027
571606,1,7,1,20.175589606665245
571621,1,7,3,3.1700778791628785
571622,1,7,10,12.745839280924793
571624,1,7,9,33.685522298803455
571633,1,7,9,31.289849857216648
571636,1,7,9,24.669425383069246
571652,1,7,10,24.734773186414298
571655,1,7,8,5.940489662399025
571657,1,7,9,16.317099112257875
571659,1,7,9,6.632535173999222
571661,0,7,0,0.046817368683325075
571664,1,7,4,0.3700090657260609
571694,1,7,10,18.51807130269021
571711,1,7,10,15.418827464539884
571717,1,7,1,10.467405047465636
571718,1,7,8,20.70860538930098
571719,1,7,8,24.18693708729059
571727,1,7,1,5.180936386043789
571734,1,7,9,25.923474726790012
571737,1,7,3,3.1242700078920724
571771,1,7,9,22.312240696352998
571777,1,7,5,0.3700090141005197
571782,1,7,9,19.92935844064902
571797,1,7,10,13.316991624504881
571816,1,7,4,0.3700090657260609
571817,1,7,8,29.246987186249097
571818,1,7,5,0.3700090141005197
571819,1,7,6,25.711390598975996
571821,1,7,10,18.168355344854522
571822,1,7,8,7.033364479809961
571845,1,7,10,16.440383761763446
571847,0,7,0,0.03697188954968151
571850,1,7,7,4.414876987845935
571882,1,7,1,24.890788379241652
571890,1,7,5,0.3700090141005197
571893,1,7,7,1.243683826686397
571902,1,7,4,0.3700090657260609
571906,1,7,8,20.810322868469456
571930,1,7,2,3.358108286107779
571931,1,7,5,0.3700090141005197
571950,1,7,8,21.580032502128567
571959,1,7,8,9.122464426557245
571963,1,7,1,19.605115974909893
571964,1,7,5,0.3700090141005197
571975,1,7,4,0.3700090657260609
571982,1,7,10,7.294722078282493
571990,1,7,7,2.996096453299833
572002,1,7,9,17.7846184929889
572003,1,7,8,21.81313860396139
572012,1,7,8,3.2847229549971573
572017,1,7,3,3.2151870649435796
572026,1,7,9,33.44940639620027
572040,1,7,4,0.3700090657260609
572043,0,7,0,0.046396233548826805
572064,1,7,9,32.69560168489088
572078,1,7,9,32.69192714554336
572086,1,7,5,0.3700090141005197
572089,1,7,9,29.754819862993386
572093,1,7,5,0.3700090141005197
572097,1,7,2,12.601548360809833
572101,1,7,8,11.198474030944903
572103,1,7,4,0.3700090657260609
572112,1,7,4,0.3700090657260609
572134,1,7,6,26.997235481656315
572142,1,7,6,15.29354403533766
572151,1,7,5,0.3700090141005197
572156,1,7,4,0.3700090657260609
572158,1,7,7,6.459346738250269
572162,1,7,1,23.134704313206903
572163,1,7,4,0.3700090657260609
572180,1,7,10,19.563747051534225
572186,1,7,8,7.391732385393324
572188,1,7,7,2.7302216873949585
572223,1,7,5,0.3700090141005197
572231,1,7,9,23.373053390467287
572236,1,7,10,22.229878742917677
572240,1,7,9,29.85271051908249
572260,1,7,9,15.412667147715672
572264,1,7,5,0.3700090141005197
572285,1,7,9,31.095800197549472
572293,1,7,7,5.890239824055943
572311,1,7,8,17.882736859529142
572348,1,7,4,0.3700090656202526
572370,1,7,5,0.37000902039789374
572384,1,7,1,27.66608646226313
572385,1,7,4,0.3700090657260609
572390,1,7,4,0.3700090657260609
572393,1,7,9,31.18753593906844
572400,1,7,8,21.21112255418367
572409,1,7,4,0.3700090657260609
572424,0,7,0,0.034492115981916496
572425,1,7,5,0.3700090141005197
572428,1,7,9,26.675776526498087
572431,1,7,10,20.1896753738649
572443,1,7,6,23.16272023525313
572446,1,7,6,21.051212786114036
572462,1,7,8,26.13917144520007
572465,1,7,9,22.364742144870988
572469,1,7,9,30.953912635740025
572484,1,7,4,0.3700090657260609
572485,1,7,5,0.3700090141005197
572505,1,7,4,0.3700090657260609
572533,1,7,5,0.3700090141005197
572536,1,7,1,24.407382389068932
572540,1,7,8,28.675234858089976
572553,1,7,8,30.907447804125
572574,1,7,9,4.792474663180879
572583,1,7,6,23.412801076845113
572585,1,7,10,17.567434732956677
572588,1,7,9,6.843497841051385
572601,1,7,6,22.02568609552005
572621,1,7,10,6.4615502338946476
572627,1,7,9,8.553965997228172
572630,1,7,9,32.969779594154076
572635,1,7,9,32.63543600371136
572636,1,7,4,0.3700090656202526
572638,0,7,0,0.032868447014412924
572639,1,7,4,0.3700090657260609
572645,1,7,10,25.418932160811277
572649,1,7,9,25.53410821388767
572650,1,7,10,6.269593566931742
572668,1,7,4,0.3700090657260609
572669,1,7,9,22.29856403429159
572694,1,7,10,11.542472775951985
572710,1,7,8,20.100949486526087
572718,1,7,5,0.3700090141005197
572741,1,7,1,22.13533893019888
572777,1,7,8,12.759080574816787
572779,1,7,6,16.07752587238125
572783,1,7,6,25.192384955066217
572796,1,7,8,30.80607615907215
572803,1,7,9,32.66700034218491
572836,1,7,8,35.188723866879116
572865,1,7,1,16.193336191362548
572867,1,7,9,6.506094059879952
572883,1,7,10,17.795510761416605
572887,1,7,5,0.3700090141005197
572894,0,7,0,0.02925390860961439
572907,1,7,9,22.957409873186254
572923,1,7,6,29.794914049578143
572935,1,7,9,31.39395484091717
572936,1,7,5,0.3700090141005197
572950,1,7,4,0.3700090657260609
572952,1,7,5,0.3700090141005197
572954,1,7,10,22.42917515556296
572956,1,7,5,0.3700090141005197
572960,0,7,0,0.03900220267998979
572981,1,7,9,17.654197426854747
572992,1,7,6,30.373786126859425
572997,0,7,0,0.03758931079520803
573002,1,7,9,22.94759460395953
573014,1,7,9,30.902295515885335
573025,1,7,10,26.02590004582358
573031,1,7,4,0.3700090657260609
573047,1,7,9,29.11625372411421
573068,1,7,7,0.8613750498827103
573069,1,7,5,0.3700090141005197
573075,1,7,9,14.338487399609491
573091,1,7,3,3.0884676338332646
573093,1,7,10,4.001885601206033
573096,1,7,9,23.033445590278635
573098,1,7,5,0.3700090141005197
573110,1,7,8,26.170938070772284
573123,1,7,10,17.96608901388614
573131,1,7,9,32.69575465015953
573134,1,7,3,1.6705611826227993
573135,1,7,5,0.3700090141005197
573145,1,7,10,11.528503731326907
573148,1,7,8,26.952111080969736
573151,1,7,9,24.10344315617029
573156,1,7,5,0.3700090141005197
573158,1,7,6,5.553972241165253
573161,1,7,6,12.516418341335179
573164,1,7,6,13.657330767633875
573175,1,7,4,0.3700090657260609
573192,0,7,0,0.031084613418328095
573205,1,7,6,24.55801214079864
573216,1,7,1,21.738979773338194
573243,1,7,4,0.3700090656202526
573244,1,7,9,21.387942097748653
573245,1,7,10,20.859562978911306
573253,1,7,10,13.334168914529704
573260,1,7,7,5.445206117366944
573268,1,7,5,0.3700090141005197
573276,1,7,8,22.247234360321805
573281,1,7,9,31.130251162137732
573287,1,7,9,18.336250816568533
573307,1,7,3,3.0766167105176985
573318,1,7,9,22.95478429736203
573346,1,7,8,15.646742086451765
573354,1,7,8,15.781504147507787
573360,1,7,9,15.386526990740883
573365,1,7,10,7.186421154477337
573371,1,7,9,23.883476995632037
573383,0,7,0,0.049367615280660665
573395,1,7,8,21.678027405640194
573406,1,7,8,33.429939107527375
573449,1,7,5,0.3700090141005197
573460,1,7,10,18.265044849654064
573485,1,7,9,32.70203692092009
573496,1,7,5,0.3700090141005197
573499,1,7,6,22.843384105453932
573511,1,7,6,15.228204495210317
573533,1,7,5,0.3700090141005197
573540,1,7,5,0.3700090141005197
573542,1,7,9,24.850102942014264
573543,1,7,8,8.18561000640837
573545,1,7,5,0.3700090141005197
573557,0,7,0,0.02717541589105509
573561,1,7,2,6.410996767785124
573563,1,7,10,13.555845333888753
573565,1,7,8,30.830369897808996
573583,1,7,9,5.958294980623219
573584,1,7,9,27.71536116467972
573586,0,7,0,0.03210791102835871
573587,1,7,6,22.862037379604615
573590,1,7,5,0.3700090141005197
573604,0,7,0,0.03838324655125924
573620,0,7,0,0.031349026638403915
573633,1,7,5,0.3700090141005197
573640,1,7,6,28.15443530403622
573645,1,7,1,19.49629334126132
573656,1,7,9,31.538413255408745
573660,1,7,8,31.48193985046468
573662,1,7,4,0.3700090657260609
573675,1,7,9,32.42821395985884
573680,1,7,9,4.7958749945700285
573687,1,7,4,0.3700090657260609
573689,1,7,10,11.386816875720028
573704,1,7,4,0.3700090657260609
573712,1,7,9,12.391458878583016
573713,1,7,4,0.3700090657260609
573722,1,7,3,3.038875486347829
573723,1,7,4,0.3700090657260609
573770,1,7,4,0.3700090657260609
573777,1,7,2,9.36595661474936
573778,1,7,2,3.1376778428371535
573780,1,7,3,2.2436164954630424
573793,1,7,10,4.472873805185238
573800,1,7,5,0.3700090141005197
573806,1,7,10,17.645608574680576
573813,1,7,4,0.3700090657260609
573824,0,7,0,0.17362557768908207
573843,1,7,9,32.557025986373375
573845,1,7,7,3.2001223892540116
573846,1,7,5,0.3700090141005197
573862,1,7,10,18.30757929246339
573880,1,7,9,5.134848343898419
573882,0,7,0,0.026959695189054566
573889,1,7,9,24.830639499971728
573893,1,7,4,0.3700090657260609
573900,0,7,0,0.047194156153483824
573923,1,7,8,20.874859677110233
573925,1,7,6,10.541872251381058
573950,1,7,7,6.306967809599848
573961,1,7,2,15.363131292253412
573964,1,7,3,1.4480325648806676
573974,1,7,6,23.328934749877288
573976,1,7,9,31.19011926188327
573995,1,7,6,19.552419481459037
574003,1,7,5,0.3700090141005197
574005,1,7,3,2.6244352507579243
574009,1,7,6,22.21171494606072
574026,1,7,8,17.89395171572912
574029,1,7,10,23.661247688960316
574033,1,7,5,0.3700090141005197
574048,1,7,5,0.3700090141005197
574054,1,7,6,7.087429500022494
574056,1,7,10,7.931709227445427
574058,1,7,1,21.93791292429313
574064,1,7,9,9.482915285781717
574067,1,7,9,18.07083558558805
574069,1,7,10,14.011075143998829
574077,1,7,9,23.55317505776173
574085,1,7,9,20.102412944596434
574086,1,7,6,20.61446697422905
574097,1,7,10,20.774982025552404
574108,1,7,2,12.190278664309826
574117,1,7,1,25.44045186417082
574118,1,7,8,22.13061834735413
574128,1,7,6,14.795848090396358
574142,1,7,9,24.95283528597802
574147,1,7,10,11.154904369176116
574172,1,7,5,0.3700090141005197
574182,0,7,0,0.033202170062260956
574186,1,7,6,13.355765852568013
574197,0,7,0,0.03901713761444369
574208,1,7,4,0.3700090657260609
574227,1,7,9,20.69052826061762
574250,1,7,8,18.96699419447695
574254,1,7,6,6.146622190810645
574266,1,7,7,5.083130560930576
574270,1,7,6,10.340247948249928
574274,1,7,1,23.458436320614283
574282,1,7,10,24.03865194401422
574294,1,7,4,0.3700090657260609
574308,1,7,1,4.741189361862999
574348,1,7,10,6.938172230140656
574353,1,7,4,0.3700090657260609
574399,1,7,3,1.297927909353332
574404,1,7,9,33.05012746550769
574407,1,7,7,6.441590970593022
574414,1,7,9,10.879030064420519
574416,1,7,9,24.69226545351529
574429,1,7,8,25.68550786542143
574436,1,7,9,13.889319780673839
574443,1,7,2,5.836334207282282
574447,1,7,5,0.37000902039789374
574455,1,7,5,0.3700090141005197
574457,1,7,7,0.46946184368213145
574488,1,7,8,23.543854450457125
574499,1,7,6,28.179899868304354
574502,1,7,3,2.977538041257926
574504,1,7,5,0.3700090141005197
574517,1,7,5,0.3700090141005197
574540,1,7,8,9.379778620138431
574560,1,7,7,5.455513363884401
574572,1,7,4,0.3700090657260609
574584,1,7,10,13.312365637809691
574588,1,7,9,22.368997796625855
574600,0,7,0,0.04555289220573679
574601,1,7,8,13.7479312197376
574602,1,7,8,22.60797380595174
574605,1,7,3,3.1882227413410527
574625,1,7,6,12.341723210044012
574627,0,7,0,0.035365351621114566
574645,1,7,3,2.7199712629251525
574649,1,7,7,2.0890092992666243
574675,1,7,7,5.859752619784847
574676,1,7,8,22.81516101915485
574689,0,7,0,0.09603621358846431
574696,1,7,6,25.064120191603966
574705,1,7,8,12.231852162934262
574709,1,7,8,22.508093689964664
574711,1,7,3,3.0066255326010634
574714,1,7,2,16.214902873242487
574719,1,7,8,31.083726296013804
574735,1,7,6,14.527717477681568
574745,1,7,3,2.1239721766175257
574757,1,7,5,0.37000902039789374
574760,1,7,9,25.382223237504746
574809,1,7,8,18.25068243219991
574811,1,7,5,0.3700090141005197
574812,1,7,3,3.240939989817153
574813,1,7,8,23.751708293282686
574815,1,7,4,0.3700090657260609
574821,1,7,8,14.765721885977372
574826,1,7,4,0.3700090657260609
574836,1,7,5,0.3700090141005197
574838,1,7,1,25.282341418178422
574852,1,7,9,26.534307079385023
574857,1,7,7,3.4325732153952293
574879,1,7,6,9.552427356175242
574890,1,7,6,21.408172754289847
574899,1,7,1,21.00878846398134
574914,1,7,9,32.83501569902359
574919,1,7,8,19.789792739397654
574927,1,7,6,17.99413321557001
574946,1,7,10,21.875989169010943
574957,1,7,5,0.3700090141005197
574961,1,7,4,0.3700090657260609
574963,1,7,9,4.593615758416071
574967,1,7,7,5.548320578155626
574971,1,7,7,1.108349155825143
574988,1,7,10,25.402781623452913
574997,1,7,10,7.27894459388162
575006,1,7,10,9.260589002653665
575018,1,7,6,20.41652256827773
575021,1,7,3,2.6418789804125176
575024,1,7,2,7.811347875174401
575031,1,7,3,2.9251521467465427
575032,1,7,2,12.039368708331288
575043,1,7,6,22.896619847279165
575070,1,7,9,15.379541923190883
575079,1,7,10,6.855400406702923
575109,1,7,8,34.89035017196935
575115,0,7,0,0.0395336889367395
575120,1,7,1,19.57227516417933
575138,1,7,6,28.56416296187735
575156,1,7,1,20.52789286921394
575160,1,7,9,32.4681569766073
575164,1,7,4,0.3700090657260609
575165,1,7,6,15.55823780307155
575187,1,7,8,32.95266281930521
575194,1,7,6,9.493635215115503
575197,1,7,6,22.706316279500278
575199,1,7,8,27.271768792685684
575202,1,7,6,29.373324248193263
575221,1,7,3,1.0673862096589717
575225,1,7,8,18.189461150301817
575236,1,7,2,12.674737987452838
575265,1,7,10,11.310769295725912
575285,1,7,5,0.3700090141005197
575307,1,7,6,16.255532247435365
575316,1,7,1,15.368908471923733
575318,1,7,7,2.8563954699635845
575325,1,7,5,0.3700090141005197
575336,1,7,9,10.409875533831352
575341,1,7,6,16.343364182212714
575347,1,7,8,30.90457516387906
575382,1,7,5,0.3700090141005197
575395,1,7,6,9.534604968409385
575398,1,7,5,0.37000902039789374
575403,1,7,8,21.12130503704882
575418,1,7,9,31.567453498804984
575446,1,7,9,30.846177930587547
575447,1,7,2,16.389958373160034
575458,1,7,1,13.386062579188941
575469,1,7,9,12.640954665614672
575491,1,7,4,0.3700090657260609
575497,1,7,7,6.451374961521269
575503,1,7,6,24.336845025001068
575508,1,7,3,3.245329323962101
575514,1,7,10,4.052006540875515
575526,1,7,9,24.433853281047412
575533,1,7,2,5.102139380612565
575534,1,7,10,18.71357246422531
575541,1,7,10,13.421981123077874
575543,1,7,8,21.94803956609447
575547,1,7,9,5.946413753433085
575549,1,7,9,30.069659216022888
575563,1,7,6,24.789013960820302
575565,1,7,2,7.3621566353862455
575569,1,7,10,8.90037380502496
575571,1,7,9,17.266769685778836
575582,1,7,5,0.3700090141005197
575583,1,7,4,0.3700090657260609
575587,1,7,10,26.01696498397324
575600,1,7,1,23.7024220874039
575604,1,7,4,0.3700090657260609
575605,1,7,8,18.407024595925336
575606,1,7,5,0.3700090141005197
575611,1,7,8,23.434250597461208
575622,1,7,5,0.3700090141005197
575628,1,7,2,16.082940419685574
575632,1,7,9,18.824500081070607
575633,1,7,8,22.87936153850292
575652,1,7,9,17.425088324309304
575655,1,7,4,0.3700090657260609
575662,1,7,8,26.884547995359856
575697,0,7,0,0.030840124996122396
575718,1,7,1,11.47506327434427
575734,1,7,5,0.3700090141005197
575738,1,7,1,15.50993803189375
575751,1,7,5,0.3700090141005197
575757,1,7,10,24.4525191089495
575764,1,7,10,8.007182264128192
575767,1,7,6,20.866654586675395
575774,1,7,9,33.84660299315967
575781,1,7,5,0.3700090141005197
575784,1,7,8,16.88258500684926
575811,1,7,8,14.6865276216777
575821,0,7,0,0.035520881269931824
575836,1,7,8,34.51735189600555
575841,1,7,5,0.3700090141005197
575867,0,7,0,0.03671241464543573
575871,1,7,1,5.968676830033748
575876,1,7,6,9.09425953108246
575878,1,7,9,12.821093089081353
575880,1,7,2,9.816755760946025
575888,1,7,2,13.103082346773558
575893,1,7,6,28.565760362434833
575894,1,7,10,25.938388380613677
575901,1,7,4,0.3700090657260609
575902,1,7,10,21.164544070764194
575903,1,7,5,0.3700090141005197
575910,1,7,9,29.13159642802494
575911,1,7,4,0.3700090656202526
575930,1,7,9,16.023550627635903
575940,1,7,10,18.172838578551563
575949,1,7,9,21.658223656765138
575953,1,7,8,24.987701097471874
575960,1,7,8,32.68795999508994
575982,1,7,6,27.759906218921568
575984,1,7,9,29.873812189014988
575985,1,7,9,24.728445278458715
575995,1,7,7,5.482781832304697
575996,1,7,9,24.247787363962182
575999,1,7,2,12.734522256098902
576004,1,7,5,0.3700090141005197
576023,1,7,6,20.669626832372458
576033,1,7,4,0.3700090657260609
576047,1,7,9,25.20235275068891
576060,1,7,7,4.162869391649772
576096,1,7,1,16.342772582906715
576101,1,7,2,12.435874500479358
576116,1,7,3,2.5502964366312892
576142,1,7,4,0.3700090657260609
576152,1,7,4,0.3700090657260609
576157,1,7,3,2.4463787203991476
576159,1,7,6,22.69599745610857
576168,1,7,5,0.3700090141005197
576189,1,7,5,0.3700090141005197
576205,1,7,10,22.97091336306401
576214,1,7,4,0.3700090657260609
576218,1,7,2,1.9063769017492536
576220,1,7,6,8.049432091673935
576228,1,7,9,30.733509913168255
576233,1,7,8,17.668943785191168
576239,1,7,9,23.67286522187106
576243,1,7,8,29.848497418912203
576256,0,7,0,0.045914185513271255
576274,1,7,1,15.366081041588899
576297,1,7,5,0.3700090141005197
576298,1,7,6,13.373713708905434
576321,1,7,7,0.35014836051417175
576325,1,7,7,4.763046810957231
576333,1,7,6,30.373845260974996
576338,1,7,9,26.647378728531727
576386,0,7,0,0.03624064912851144
576391,1,7,1,13.161236293522515
576399,1,7,5,0.3700090141005197
576405,1,7,8,16.616712470718426
576423,1,7,4,0.3700090657260609
576436,1,7,5,0.3700090141005197
576459,1,7,7,5.996116106821105
576465,1,7,2,5.7845419278977745
576475,1,7,8,10.859112251938052
576527,1,7,8,4.069410313406307
576533,1,7,10,8.562456282214875
576548,1,7,5,0.3700090141005197
576549,1,7,6,23.345226229980216
576550,1,7,6,15.29726088389885
576570,1,7,9,33.35371303141721
576573,1,7,9,25.398585114640298
576581,1,7,4,0.3700090657260609
576608,1,7,2,11.160199385226862
576610,1,7,6,14.928166851207866
576612,1,7,10,13.957676821038685
576628,1,7,8,32.022464836055335
576629,1,7,9,20.32717836655818
576636,1,7,5,0.37000902039789374
576641,1,7,1,25.663597959611586
576647,1,7,9,30.351621634673595
576658,1,7,9,33.69731658668566
576667,1,7,4,0.3700090657260609
576668,1,7,4,0.3700090657260609
576672,1,7,6,28.916342824765415
576688,1,7,8,9.01472830004912
576689,1,7,1,21.044533785144345
576698,1,7,2,13.911239231206315
576702,1,7,5,0.3700090141005197
576707,1,7,5,0.3700090141005197
576728,1,7,9,22.75119605395662
576730,1,7,2,14.506716763315582
576731,1,7,9,32.25538322658214
576742,1,7,7,4.472811177627994
576754,1,7,9,24.442457258725106
576776,1,7,7,1.8064700109085248
576784,1,7,5,0.3700090141005197
576805,1,7,8,25.04475906732216
576807,1,7,1,14.741072829537593
576810,1,7,8,3.626425047571718
576812,1,7,4,0.3700090657260609
576820,1,7,9,23.23668889461983
576823,1,7,6,24.5178657435397
576826,1,7,9,16.796058021563734
576828,1,7,6,24.25280593931754
576831,1,7,5,0.3700090141005197
576835,1,7,10,24.720825117302557
576838,1,7,5,0.3700090141005197
576865,1,7,6,24.568775520334043
576874,0,7,0,0.03272991871777498
576877,1,7,10,25.78373751022322
576888,1,7,4,0.3700090657260609
576891,1,7,7,1.5815548649638136
576898,1,7,9,26.87979911476668
576912,1,7,1,13.179065127118015
576918,1,7,3,2.399548092025417
576942,1,7,4,0.3700090657260609
576959,0,7,0,0.03272256090413979
576986,1,7,1,6.602456518999973
576996,1,7,5,0.3700090141005197
577005,0,7,0,0.03896384670368084
577014,1,7,9,6.333379374936414
577029,1,7,10,21.084572887429438
577034,1,7,10,5.184797815078686
577050,1,7,6,8.87949564730868
577058,1,7,1,15.931913470668555
577069,1,7,2,8.731541619021261
577071,1,7,7,5.879983001800245
577086,1,7,6,22.276146148861983
577108,1,7,4,0.3700090657260609
577112,1,7,9,20.712187113435412
577125,1,7,8,27.039294667843176
577126,1,7,1,12.155188571176007
577135,1,7,8,20.19746229207386
577137,1,7,1,7.09748018385176
577160,1,7,5,0.3700090141005197
577164,1,7,4,0.3700090657260609
577174,1,7,2,9.036939666718833
577185,1,7,9,31.40184141993436
577191,1,7,2,14.347237711594179
577192,1,7,10,4.341389601138628
577194,1,7,8,31.98185496851488
577195,0,7,0,0.038756044418781166
577202,1,7,4,0.3700090657260609
577215,1,7,8,6.650909393077356
577222,1,7,6,29.509999788351116
577230,1,7,10,17.39599524956797
577238,1,7,3,3.219479845079382
577255,1,7,9,20.968293495213537
577262,1,7,8,29.58961372007522
577270,1,7,6,27.504108547976927
577273,1,7,8,18.330362525384412
577294,1,7,1,27.57274338795715
577295,1,7,9,25.45269117052115
577298,1,7,1,19.025776955758097
577306,1,7,6,16.495556859906422
577308,1,7,9,22.342083404199037
577313,1,7,4,0.3700090657260609
577314,1,7,8,8.810916468828585
577316,1,7,3,3.1030674150887054
577343,1,7,9,20.68503537152933
577364,1,7,4,0.3700090657260609
577374,1,7,9,30.690201531323037
577379,1,7,9,31.62192562694676
577384,1,7,4,0.3700090657260609
577404,1,7,3,2.8246315997556386
577425,1,7,1,11.395369524546213
577448,1,7,6,24.85017366378627
577458,1,7,8,16.78906469217175
577479,1,7,5,0.3700090141005197
577483,1,7,7,2.2659084022657416
577490,1,7,4,0.3700090657260609
577496,1,7,2,4.660620038367555
577498,1,7,9,33.728997774370974
577522,1,7,5,0.37000902039789374
577533,1,7,4,0.3700090657260609
577534,1,7,4,0.3700090657260609
577556,1,7,7,2.3235667843091417
577573,1,7,5,0.3700090141005197
577588,1,7,10,17.820615872833148
577613,1,7,8,35.32051547834263
577616,1,7,9,17.87200876443741
577623,1,7,9,17.29660939534306
577638,1,7,6,15.226693058306141
577650,1,7,4,0.3700090657260609
577665,0,7,0,0.036910158093280604
577667,1,7,9,30.339847469683505
577671,0,7,0,0.03543389472486594
577673,1,7,5,0.3700090141005197
577681,1,7,4,0.3700090657260609
577684,1,7,10,17.92738872555839
577687,1,7,8,9.390704936194691
577696,0,7,0,0.035380636879327625
577702,1,7,5,0.3700090141005197
577705,1,7,10,4.951055310346414
577717,1,7,6,25.08285924974336
577722,1,7,7,5.073869249818447
577740,1,7,3,2.760423311448134
577745,1,7,9,25.399970150969015
577751,1,7,7,4.768841205189117
577759,1,7,8,11.75800471263196
577764,1,7,8,29.207287642366126
577772,1,7,5,0.3700090141005197
577780,1,7,8,13.13900883436354
577808,1,7,7,2.0945557656769025
577823,1,7,5,0.37000902039789374
577852,1,7,9,28.6786668243685
577860,1,7,10,24.078698691034152
577885,1,7,9,24.955683430895828
577886,1,7,9,29.812135464673553
577909,1,7,9,22.168082960551978
577912,1,7,6,10.063246194448402
577925,1,7,9,15.233883364138073
577927,1,7,9,25.369820014024114
577939,1,7,1,17.689407184292463
577942,1,7,1,26.58614714130773
577952,1,7,9,24.77397632848309
577971,1,7,7,3.3846377393972853
577981,1,7,6,19.099281996638428
577999,1,7,3,3.1507140350121916
578014,1,7,7,1.7081054717033908
578015,1,7,9,31.617198610512595
578041,1,7,10,12.282461279136987
578046,1,7,4,0.3700090657260609
578050,1,7,9,24.20438562705011
578055,1,7,5,0.3700090141005197
578067,0,7,0,0.03324516817734474
578077,0,7,0,0.10573445979758776
578083,1,7,6,21.063925202953957
578087,1,7,6,29.641263193512962
578093,1,7,3,3.213534607538129
578097,1,7,5,0.3700090141005197
578104,1,7,1,15.248171946869475
578105,1,7,7,2.5461617555590115
578106,1,7,5,0.3700090141005197
578108,1,7,10,19.978768308798156
578121,1,7,4,0.3700090657260609
578124,1,7,8,32.716368667764215
578147,1,7,4,0.3700090656202526
578157,1,7,5,0.3700090141005197
578161,1,7,8,17.780296995374645
578165,1,7,10,6.430517239437603
578182,1,7,8,26.9273866370609
578221,0,7,0,0.13820274506377073
578223,1,7,5,0.3700090141005197
578234,1,7,6,8.07325078802794
578238,1,7,10,19.96523471575732
578242,1,7,8,26.858547849234586
578257,1,7,10,5.808742590628483
578260,1,7,3,2.1926138984907007
578266,1,7,5,0.3700090141005197
578268,1,7,10,16.965941463914625
578275,1,7,8,17.54186413469769
578276,1,7,3,3.1549691369859985
578297,1,7,9,30.478533655797182
578299,1,7,5,0.3700090141005197
578311,1,7,6,16.099657902909343
578336,1,7,10,9.830365351607687
578341,1,7,8,14.550896395257592
578343,1,7,9,12.115391348766877
578354,1,7,6,8.3855324887992
578356,1,7,5,0.3700090141005197
578367,1,7,9,33.034637373615176
578396,1,7,9,11.49554160242852
578406,1,7,9,22.6009793532535
578414,1,7,9,25.561832971682506
578415,1,7,2,15.57382286888818
578424,1,7,8,16.669971490719465
578443,1,7,9,11.258844785626653
578446,1,7,6,23.33671526316971
578459,1,7,4,0.3700090656202526
578473,1,7,4,0.3700090657260609
578475,1,7,9,29.35314119232995
578514,1,7,6,29.804085491880073
578526,1,7,3,3.2125810733173923
578553,1,7,1,22.536120426197463
578586,1,7,6,8.133675694827229
578606,1,7,6,21.86187782772553
578608,1,7,4,0.3700090657260609
578610,1,7,5,0.3700090141005197
578611,1,7,4,0.3700090657260609
578615,1,7,9,10.910795802397624
578632,1,7,6,23.495424801034897
578644,1,7,9,3.2732036174274377
578650,1,7,5,0.3700090141005197
578655,1,7,5,0.3700090141005197
578679,1,7,8,21.496361385366825
578688,1,7,1,17.232935220443945
578690,1,7,6,27.667512752968154
578691,1,7,10,25.393215201077027
578692,1,7,3,0.7517006480773247
578718,1,7,6,30.043416986930694
578732,1,7,8,28.491918508973065
578745,1,7,2,11.863790098733732
578749,1,7,2,9.704938991680713
578751,1,7,6,27.891565655254155
578764,1,7,8,24.732389468311638
578767,1,7,3,3.233880494417797
578770,1,7,3,3.151285659121891
578780,1,7,2,14.940827936486144
578781,1,7,4,0.3700090657260609
578804,1,7,2,8.71684677834666
578814,1,7,4,0.3700090656202526
578821,1,7,6,12.73818529411671
578839,1,7,2,0.18031040796060635
578861,1,7,6,28.46879877747191
578877,1,7,8,26.635328112314852
578880,1,7,10,7.3180668969201585
578896,1,7,6,26.73013173963954
578901,1,7,8,9.63656509343455
578913,1,7,9,26.892104411124
578916,0,7,0,0.04308415692536077
578927,1,7,8,22.921859455401044
578932,1,7,5,0.3700090141005197
578933,1,7,4,0.3700090657260609
578935,0,7,0,0.12719766013448713
578950,1,7,6,25.18802460740604
578962,1,7,6,29.37011083763708
578991,1,7,8,21.85840360076235
578994,0,7,0,0.04250507759712182
578996,1,7,8,29.21780047231679
578997,1,7,9,14.116526359744675
578999,1,7,8,13.075050907860554
579009,1,7,5,0.3700090141005197
579019,1,7,7,3.1273992541699456
579028,1,7,4,0.3700090657260609
579030,1,7,3,2.213549218186882
579039,1,7,8,30.107014408563323
579053,1,7,9,17.06884869571146
579059,1,7,10,21.22088992503454
579070,1,7,10,20.904366828293067
579080,1,7,6,13.356628165266855
579086,1,7,9,29.530625827140497
579092,1,7,5,0.37000902039789374
579103,1,7,3,3.2147308929853593
579107,1,7,4,0.3700090657260609
579120,1,7,5,0.3700090141005197
579136,1,7,8,21.158124784238233
579148,1,7,8,28.620381122639458
579149,1,7,8,8.570068724977977
579157,1,7,10,6.223739030322131
579164,1,7,8,11.755849702509536
579169,1,7,5,0.3700090141005197
579203,1,7,4,0.3700090657260609
579212,1,7,8,22.968034942686128
579214,1,7,9,33.42637619130463
579232,1,7,1,15.514066460925864
579235,1,7,2,5.686954374885294
579238,1,7,2,12.917268694397409
579256,1,7,3,3.1255318545333592
579261,1,7,6,29.365085645675403
579263,1,7,4,0.3700090657260609
579272,1,7,9,24.63067934342321
579273,1,7,6,7.643630415729033
579285,1,7,3,2.5615948340486936
579288,1,7,8,14.751961058378047
579291,1,7,9,10.195523692354856
579294,1,7,9,6.116270474231876
579303,1,7,5,0.3700090141005197
579312,1,7,7,6.3600062646438404
579317,1,7,1,24.734301542892272
579337,1,7,6,13.655126212276304
579342,1,7,9,18.275106519406826
579355,1,7,10,16.058025161989306
579356,1,7,1,24.145719438562153
579362,1,7,9,4.137082760488438
579383,1,7,3,1.3185912778007176
579399,1,7,1,10.06688485270562
579431,1,7,7,3.172788064953993
579443,1,7,9,11.975873034919141
579449,1,7,9,29.514990662234403
579452,1,7,2,5.454266150375179
579459,1,7,4,0.3700090657260609
579477,1,7,3,3.0591168653286256
579488,1,7,6,14.420733990494455
579489,1,7,8,18.726789617292685
579494,0,7,0,0.032084764012951704
579495,1,7,4,0.3700090657260609
579515,1,7,7,4.761874927457374
579519,1,7,3,1.3514720437942076
579534,1,7,5,0.3700090141005197
579544,1,7,8,6.345050896494792
579549,1,7,8,17.63279449923323
579565,1,7,6,24.614972961757225
579590,1,7,9,19.815140443259292
579592,1,7,5,0.3700090141005197
579595,1,7,8,12.954557270593845
579605,1,7,6,15.568716861732927
579626,1,7,1,14.39893600095419
579648,1,7,4,0.3700090657260609
579657,1,7,5,0.3700090141005197
579662,1,7,9,22.599678955531886
579683,1,7,9,33.42992941773812
579684,1,7,6,26.37684238354756
579722,1,7,4,0.3700090657260609
579726,1,7,8,33.48493986641394
579734,1,7,2,10.664570372161867
579741,1,7,10,5.5623496534029035
579749,1,7,10,18.02835780111631
579752,1,7,1,12.805910692832615
579770,1,7,6,26.306635441313095
579776,1,7,9,33.61027351725087
579779,1,7,4,0.3700090657260609
579780,0,7,0,0.02486631964903811
579785,1,7,2,10.234046101592924
579789,1,7,10,23.114387059417147
579803,1,7,6,25.548630461206205
579810,1,7,6,17.175697020918953
579829,1,7,8,9.582669501500433
579841,1,7,6,13.433913115634304
579847,1,7,4,0.3700090657260609
579852,1,7,4,0.3700090657260609
579863,1,7,8,25.764724112516493
579871,1,7,3,2.9525161246726372
579873,1,7,5,0.3700090141005197
579878,1,7,6,30.635895072987662
579884,1,7,5,0.3700090141005197
579893,1,7,7,5.614419053835213
579896,1,7,9,25.47871113904257
579897,1,7,1,7.970798634357839
579922,1,7,8,3.2250014052053224
579925,1,7,9,21.753175072462113
579928,1,7,8,17.115426947010278
579951,1,7,9,31.881783172224285
579956,1,7,9,15.14515788797564
579975,1,7,9,21.606731711050834
579979,1,7,1,17.678436621197196
579989,1,7,9,20.21879722588338
580023,1,7,9,30.8902077701771
580024,1,7,10,22.254151702760215
580028,1,7,8,4.509612537544009
580040,1,7,7,2.146015167276271
580042,1,7,4,0.3700090657260609
580043,1,7,3,3.047815722502106
580045,1,7,9,31.388310669495368
580098,1,7,4,0.3700090657260609
580105,1,7,8,11.472430643677098
580106,1,7,10,20.91909090149022
580110,1,7,9,3.6882082688382165
580128,1,7,2,10.496009271402801
580131,1,7,5,0.3700090141005197
580143,1,7,10,4.809965291740791
580185,1,7,6,14.240930627358603
580232,1,7,5,0.3700090141005197
580260,1,7,10,16.916888908872146
580262,1,7,2,12.602957746870521
580271,1,7,9,30.61010231661608
580277,1,7,9,7.550729840693969
580281,1,7,9,11.392306194284533
580293,1,7,5,0.3700090141005197
580304,1,7,8,27.351986302046846
580314,1,7,4,0.3700090657260609
580317,1,7,5,0.3700090141005197
580326,1,7,5,0.3700090141005197
580337,1,7,1,22.83871695621265
580340,1,7,6,12.398381602885797
580376,1,7,9,7.00389929186917
580420,1,7,5,0.3700090141005197
580436,0,7,0,0.10930821877385291
580438,1,7,9,31.328415871959958
580448,1,7,4,0.3700090657260609
580454,1,7,1,17.98178832660825
580465,1,7,10,4.534138814677756
580468,1,7,1,24.534918713638874
580474,0,7,0,0.03714947371184156
580477,1,7,6,15.425414045911914
580504,1,7,3,1.281704524301765
580506,1,7,7,2.391405117601814
580510,1,7,10,16.773981437517417
580518,1,7,5,0.3700090141005197
580525,1,7,8,16.25762578347986
580559,1,7,8,30.358892665914833
580560,1,7,10,26.021438600964082
580587,1,7,4,0.3700090657260609
580592,1,7,6,14.184600449155292
580599,1,7,10,24.781088854554646
580603,1,7,10,12.47119719298041
580604,1,7,9,32.98446462480222
580620,1,7,8,15.170150610428937
580625,1,7,6,21.53523272425802
580632,1,7,8,10.032742574601215
580634,1,7,4,0.3700090657260609
580641,1,7,5,0.3700090141005197
580645,1,7,5,0.3700090141005197
580657,1,7,6,18.550247652360188
580675,1,7,6,13.769933835402751
580689,1,7,8,23.48282478608755
580693,0,7,0,0.037003350056554724
580699,1,7,6,14.769639122816908
580715,1,7,5,0.3700090141005197
580748,1,7,9,12.80013926684102
580781,1,7,8,35.44381323391752
580782,1,7,1,24.356355740337104
580786,1,7,9,32.5219549883233
580787,1,7,7,5.7310059767417405
580819,1,7,8,25.943498703966753
580822,1,7,10,8.770960585610473
580831,1,7,7,5.4479602007318375
580843,1,7,8,31.372906779587304
580846,1,7,4,0.3700090657260609
580852,1,7,10,17.830610656024962
580853,1,7,4,0.3700090657260609
580854,1,7,5,0.3700090141005197
580856,1,7,10,22.758367904777558
580859,1,7,5,0.3700090141005197
580860,1,7,8,20.92114630382373
580874,1,7,4,0.3700090657260609
580891,0,7,0,0.15576389706753097
580894,1,7,1,3.6291570381569414
580898,1,7,5,0.3700090141005197
580916,1,7,8,10.738825074880902
580927,1,7,10,26.076542270273602
580932,1,7,6,22.524919601685422
580935,1,7,4,0.3700090657260609
580938,0,7,0,0.03747421699750508
580939,1,7,8,11.365939178098365
580955,1,7,9,31.03972311566646
580988,1,7,10,12.054588190522562
581011,1,7,8,10.487695543213418
581027,1,7,5,0.3700090141005197
581030,1,7,4,0.3700090657260609
581033,1,7,7,1.5641269667885698
581038,1,7,4,0.3700090657260609
581057,1,7,9,20.986790640772142
581058,1,7,7,5.502119711581857
581063,1,7,4,0.3700090656202526
581074,1,7,4,0.3700090656202526
581086,1,7,7,4.685069533662186
581101,1,7,1,8.56061863212084
581111,1,7,9,24.74819187289001
581138,1,7,1,4.7150742791077045
581149,1,7,2,15.519689681186582
581162,1,7,4,0.3700090657260609
581176,0,7,0,0.08384129970220419
581179,1,7,9,29.77539506158289
581181,1,7,5,0.3700090141005197
581187,1,7,9,20.253913496328646
581212,1,7,9,26.911619850603813
581231,1,7,2,5.485069662709147
581246,1,7,9,30.442892664016238
581248,1,7,5,0.3700090141005197
581251,1,7,8,35.18689536561008
581260,1,7,8,19.136171090810926
581296,1,7,3,3.132492564019628
581303,1,7,9,12.717902368205445
581305,1,7,6,11.10511403843365
581307,1,7,5,0.3700090141005197
581315,1,7,9,21.02224894111881
581316,1,7,9,8.180767647170882
581326,1,7,6,13.014555774432491
581340,1,7,4,0.3700090657260609
581349,1,7,5,0.3700090141005197
581378,1,7,5,0.3700090141005197
581394,1,7,9,32.073058168021845
581401,1,7,6,20.057063034189948
581412,1,7,1,27.790141511364006
581424,1,7,8,18.71562119759473
581426,1,7,1,13.399574219405908
581444,1,7,7,4.431232365914678
581458,1,7,9,5.623263417431328
581470,1,7,9,23.566293866077093
581472,1,7,7,2.01523607898388
581474,1,7,9,31.077058918190396
581490,1,7,9,8.664887607076325
581498,1,7,6,12.094257749716194
581512,1,7,1,11.908538055511444
581518,1,7,9,33.439243127256745
581531,1,7,1,18.18012967744962
581533,1,7,9,33.42054857697296
581548,1,7,8,7.298830262281747
581563,1,7,8,16.75857594431914
581567,1,7,6,29.52958019344529
581568,1,7,4,0.3700090657260609
581574,1,7,9,33.70092033643933
581577,1,7,5,0.3700090141005197
581580,1,7,5,0.3700090141005197
581595,1,7,5,0.3700090141005197
581608,1,7,5,0.3700090141005197
581620,1,7,10,22.351235704460365
581622,1,7,8,34.66432636611448
581624,1,7,6,29.348767421761195
581629,1,7,9,22.598982683287097
581647,1,7,2,4.382679071795835
581648,1,7,1,11.74736630886016
581650,1,7,6,15.33010958487872
581657,1,7,4,0.3700090657260609
581676,1,7,5,0.3700090141005197
581692,1,7,9,16.613880457069722
581693,0,7,0,0.046768164929947
581697,1,7,4,0.3700090656202526
581703,1,7,5,0.37000902039789374
581708,1,7,8,3.1743478569828456
581726,1,7,8,7.925278287418299
581749,1,7,8,10.07651569017546
581754,1,7,3,3.0648203686804
581756,1,7,2,14.501802263754302
581762,1,7,5,0.3700090141005197
581765,1,7,6,19.167755033674247
581770,1,7,9,32.67264675231412
581797,1,7,9,32.69359953803951
581805,1,7,9,27.596460444596797
581819,1,7,9,28.956828270440685
581830,1,7,6,30.251077156573533
581833,1,7,10,4.765077588225695
581846,1,7,10,18.480734700118063
581856,1,7,9,24.722602721568634
581858,1,7,5,0.3700090141005197
581861,1,7,6,24.469281103431445
581862,1,7,5,0.3700090141005197
581874,1,7,9,24.532456672893986
581879,1,7,8,18.583485692911065
581885,1,7,8,33.149548800522815
581893,1,7,4,0.3700090657260609
581905,1,7,9,19.82349080812105
581915,1,7,7,0.34748021087567493
581916,0,7,0,0.047025973488724324
581917,1,7,6,8.665672894612632
581924,1,7,8,20.879183379460898
581926,1,7,4,0.3700090657260609
581930,1,7,10,17.60779236291288
581934,1,7,6,5.877380866195229
581937,1,7,9,31.332174627523656
581940,0,7,0,0.17916307236960832
581947,1,7,8,16.525686071207765
581949,1,7,8,15.372017252947906
581970,1,7,8,5.404978681025695
581985,1,7,5,0.3700090141005197
581993,1,7,4,0.3700090657260609
581996,1,7,8,13.774092105639372
582030,1,7,3,2.915876135561591
582038,1,7,5,0.3700090141005197
582047,1,7,10,26.02357005881762
582051,1,7,10,9.677025593774466
582056,1,7,5,0.3700090141005197
582061,1,7,1,4.649541688503192
582063,1,7,7,0.7875959912018856
582065,1,7,8,26.144611961365957
582068,1,7,4,0.3700090657260609
582075,1,7,10,8.118644877276834
582092,1,7,10,19.1233831050741
582110,1,7,5,0.3700090141005197
582130,1,7,10,20.90280723946301
582138,1,7,8,15.996694718953178
582142,1,7,2,1.9570031122176168
582145,1,7,8,7.383736285913638
582147,1,7,6,29.778876109356105
582149,1,7,9,21.47953632820214
582151,1,7,10,11.617358934008086
582161,1,7,5,0.3700090141005197
582174,1,7,8,17.362815683121266
582198,1,7,6,19.226545498028667
582216,1,7,6,20.726157719038202
582232,1,7,10,14.50651656624873
582247,1,7,8,16.67952191796194
582257,1,7,4,0.3700090656202526
582259,1,7,8,26.780504239133723
582263,1,7,7,0.34920347462388523
582292,1,7,7,0.5103756392278395
582321,1,7,9,20.95233923896668
582345,1,7,6,16.70127304001861
582346,1,7,9,27.181638425160358
582367,1,7,8,14.742675323987973
582372,1,7,5,0.3700090141005197
582385,1,7,8,17.081213899333477
582387,1,7,9,8.78239816972212
582391,1,7,8,34.84271196240179
582397,1,7,5,0.3700090141005197
582400,1,7,8,13.074326089689873
582402,1,7,8,21.730548064641003
582408,1,7,9,21.111415620969936
582436,1,7,2,16.299279972416855
582446,1,7,3,2.5639065739147613
582459,1,7,10,6.100801261517675
582462,1,7,1,13.779564416732725
582463,1,7,5,0.3700090141005197
582465,1,7,9,12.969321807497426
582473,0,7,0,0.043284636380267534
582502,1,7,4,0.3700090657260609
582505,1,7,5,0.3700090141005197
582507,1,7,8,12.11187540346147
582511,1,7,8,13.589790977594797
582516,1,7,6,11.819710712887172
582548,1,7,6,30.359026772314913
582550,1,7,8,30.613443969446244
582568,1,7,4,0.3700090657260609
582574,0,7,0,0.03640503362192435
582575,1,7,6,9.570677880643393
582576,1,7,9,23.58735203686588
582600,1,7,2,16.346751386080566
582667,1,7,9,30.602143118761887
582670,1,7,4,0.3700090657260609
582676,1,7,9,22.850017602790054
582699,1,7,4,0.3700090657260609
582720,1,7,10,19.381122463381168
582746,1,7,10,4.4991201725409145
582760,1,7,6,22.38227854054889
582772,1,7,10,10.404321853796292
582794,1,7,2,12.404024362435129
582815,1,7,4,0.3700090657260609
582820,1,7,6,10.56541861485508
582831,1,7,9,10.48641908975252
582859,1,7,10,17.672864480327842
582864,1,7,1,27.366619811178012
582879,1,7,4,0.3700090657260609
582890,1,7,6,28.954643858406147
582892,1,7,4,0.3700090657260609
582902,0,7,0,0.030970291166112128
582908,1,7,9,24.439525507218917
582927,1,7,5,0.3700090141005197
582929,1,7,9,20.986103779990245
582969,1,7,5,0.3700090141005197
582972,1,7,8,33.623529700104235
582980,0,7,0,0.04724561013311567
583015,1,7,1,27.369370149007487
583020,1,7,6,11.70986340187116
583022,1,7,6,24.425755109976258
583027,1,7,6,30.1341449255946
583028,1,7,10,14.596800374310824
583032,1,7,1,21.56983156224396
583047,1,7,7,5.284348138492125
583076,1,7,6,25.59772916671111
583081,1,7,3,2.2912065383755533
583093,1,7,6,26.96827890339771
583112,1,7,10,7.709581212526787
583118,1,7,5,0.3700090141005197
583173,1,7,4,0.3700090657260609
583181,1,7,4,0.3700090657260609
583201,0,7,0,0.04720629098759232
583211,1,7,4,0.3700090657260609
583234,1,7,4,0.3700090657260609
583237,1,7,9,31.568193919096757
583246,1,7,9,13.701247497585367
583269,1,7,5,0.3700090141005197
583271,1,7,4,0.3700090657260609
583290,1,7,9,21.36968432593109
583293,1,7,5,0.3700090141005197
583304,1,7,7,4.326042567756056
583335,1,7,5,0.3700090141005197
583343,1,7,9,16.952862598842163
583380,1,7,9,31.14435356996292
583393,1,7,1,21.042984198665007
583425,1,7,7,1.9014197338889032
583443,0,7,0,0.04715096421661508
583456,1,7,5,0.3700090141005197
583459,1,7,9,31.54223466135837
583465,1,7,5,0.3700090141005197
583477,1,7,6,21.889981550318407
583478,1,7,1,4.166304495366489
583485,1,7,1,4.360695367155259
583486,1,7,10,26.00982401165055
583511,1,7,9,4.212348965678137
583533,1,7,7,5.405492887971365
583537,1,7,10,16.213616928628873
583544,1,7,9,23.81680509956672
583552,1,7,8,22.735895000371894
583555,1,7,1,18.011749702386442
583562,1,7,10,21.8540923627653
583564,1,7,5,0.3700090141005197
583592,1,7,8,27.85533250706455
583598,1,7,5,0.3700090141005197
583604,1,7,8,3.7575037838579846
583606,1,7,6,23.739605140796492
583619,1,7,8,16.23251144987486
583622,1,7,8,24.19563611675043
583633,1,7,8,13.620895419122308
583641,1,7,10,7.023080056886078
583652,1,7,3,2.341510244156468
583653,1,7,9,32.74847279385187
583657,1,7,8,24.342858206370845
583671,1,7,4,0.3700090657260609
583688,1,7,9,20.82956228926441
583692,1,7,6,16.66552071659791
583700,1,7,8,29.244286580888406
583718,1,7,8,18.75972498801541
583750,1,7,9,26.034586299148998
583768,1,7,10,12.805588603010529
583774,1,7,3,2.3397593223271973
583777,1,7,9,10.894093699175059
583788,1,7,8,19.462144724264054
583794,1,7,6,22.626709678503257
583799,1,7,4,0.3700090657260609
583809,1,7,10,3.8045962779276543
583817,1,7,6,17.08979340227591
583818,1,7,10,25.988576392915643
583823,1,7,10,19.42853287458581
583827,1,7,8,24.508704710286406
583833,1,7,9,29.986251872457004
583837,1,7,9,25.261756935740316
583838,1,7,4,0.3700090657260609
583851,0,7,0,0.03308906421389072
583856,1,7,10,9.846067786945522
583883,1,7,6,24.579051172291546
583886,1,7,9,25.09957010322112
583896,0,7,0,0.03415008717790236
583900,1,7,5,0.3700090141005197
583906,1,7,9,24.323627366613913
583911,1,7,9,17.667141614816988
583923,1,7,10,25.13742836012226
583940,1,7,9,22.97111222994501
583953,1,7,9,32.62616250304491
583957,1,7,10,21.392524242803617
583958,1,7,9,17.870438417934924
583964,1,7,9,17.629871838536985
583968,1,7,4,0.3700090657260609
583975,1,7,9,25.381612253699686
583978,1,7,6,29.219178188892066
583995,1,7,7,3.504212675791214
584008,1,7,4,0.3700090657260609
584024,1,7,9,33.58595580249605
584033,1,7,4,0.3700090657260609
584036,1,7,9,22.09120965243686
584043,1,7,9,8.271852133899957
584047,1,7,10,7.345283501831079
584069,1,7,8,2.7575040970638867
584085,1,7,10,18.50941037970458
584088,1,7,1,13.986177281832399
584090,1,7,5,0.3700090141005197
584100,1,7,4,0.3700090657260609
584103,1,7,10,20.11272861927772
584107,1,7,5,0.3700090141005197
584112,0,7,0,0.031327497651286236
584122,1,7,1,24.758947445763667
584147,1,7,8,17.35653287305535
584169,1,7,1,16.76473104323878
584171,1,7,9,16.992372957830835
584176,1,7,7,2.910375322740024
584179,1,7,6,16.16984236801547
584185,0,7,0,0.03295832186665042
584187,1,7,4,0.3700090657260609
584189,1,7,5,0.3700090141005197
584196,1,7,8,21.29327814595378
584202,1,7,8,13.819168586075422
584214,1,7,9,25.13689318978317
584215,1,7,9,21.03405133054991
584235,1,7,5,0.3700090141005197
584252,1,7,2,9.272972160005553
584266,1,7,9,28.272966164021934
584267,1,7,6,30.112791033931856
584271,0,7,0,0.027112943194136582
584281,1,7,10,22.86634539173494
584285,0,7,0,0.0345138430630334
584287,1,7,6,27.498630691223493
584292,1,7,4,0.3700090657260609
584304,1,7,8,21.754216532337608
584311,1,7,5,0.3700090141005197
584358,1,7,10,12.593281081102454
584364,1,7,10,14.201550672899158
584375,1,7,5,0.3700090141005197
584384,1,7,7,4.37517196299658
584388,1,7,6,19.256320455403262
584397,1,7,9,30.670863726967927
584414,1,7,6,24.56579047818863
584417,1,7,4,0.3700090657260609
584422,1,7,9,24.13127058780049
584427,1,7,10,19.78635596749202
584437,1,7,1,24.3241761164942
584443,1,7,7,2.172709894833818
584451,1,7,4,0.3700090657260609
584452,1,7,9,32.3100419418531
584471,1,7,10,22.744149809113118
584506,1,7,9,32.769456899916065
584521,1,7,5,0.3700090141005197
584538,1,7,8,23.71442571677796
584545,1,7,2,13.005752260753509
584549,1,7,4,0.3700090657260609
584550,1,7,6,28.815554438515406
584553,1,7,9,32.520169158235994
584590,1,7,2,1.5003717988485954
584598,1,7,1,17.425617354778897
584612,1,7,10,22.354197173994482
584621,1,7,10,10.188801615104783
584636,1,7,5,0.3700090141005197
584638,1,7,8,23.078664674518397
584640,1,7,10,19.19693952924946
584652,1,7,9,24.9877452893842
584659,1,7,8,3.653551072791807
584663,1,7,8,24.916233260238926
584694,1,7,10,10.959599251747665
584701,1,7,4,0.3700090656202526
584710,1,7,5,0.3700090141005197
584723,1,7,3,3.171060563176391
584724,1,7,8,4.441676126703023
584728,1,7,10,8.940526739080788
584778,1,7,9,13.536295465265201
584787,1,7,5,0.3700090141005197
584803,1,7,9,29.587949521159636
584807,1,7,4,0.3700090657260609
584810,0,7,0,0.03104934091368408
584842,1,7,4,0.3700090657260609
584844,1,7,4,0.3700090657260609
584869,1,7,9,32.437402453904475
584870,1,7,3,3.2181234730649164
584875,1,7,6,17.823717765759895
584877,1,7,8,26.42486433860432
584917,0,7,0,0.03438022813796613
584928,1,7,8,20.980359782648186
584948,1,7,8,32.40328714765066
584962,1,7,2,11.374236153435819
584971,1,7,2,16.302352189383477
584985,1,7,2,7.669188680853694
584993,1,7,8,18.2185902575714
585014,1,7,10,4.422696523881912
585015,1,7,7,3.2644678954635116
585017,1,7,10,23.19640854953227
585021,1,7,8,3.7800572443285674
585031,1,7,7,5.382329352776843
585038,1,7,6,13.666604349287017
585042,1,7,4,0.3700090657260609
585045,1,7,4,0.3700090657260609
585052,1,7,8,19.127069158447206
585059,1,7,8,22.611877293212416
585071,1,7,6,28.354913698917144
585091,1,7,5,0.3700090141005197
585101,1,7,1,10.666556907245516
585126,1,7,8,32.7241769543024
585131,1,7,5,0.3700090141005197
585162,1,7,8,4.073257811592705
585175,1,7,9,30.57055911432487
585186,1,7,3,2.5727815837648658
585191,1,7,3,3.181434788722114
585202,1,7,9,5.618958645465942
585206,1,7,8,20.334648434354136
585237,1,7,10,16.32640183321571
585271,1,7,7,4.894883088420247
585278,1,7,6,14.493657426274854
585294,1,7,9,21.573636408323736
585296,0,7,0,0.03291856436485466
585304,1,7,6,11.241202908347391
585317,1,7,8,32.017131321490396
585322,1,7,5,0.3700090141005197
585336,1,7,8,26.52079804221554
585342,1,7,9,31.893253334940514
585351,1,7,5,0.3700090141005197
585366,1,7,10,25.90031454109556
585368,1,7,9,6.539648794226634
585369,1,7,10,13.035901490728703
585379,1,7,10,15.34230355398979
585394,1,7,8,16.094732878069742
585399,1,7,8,26.90547342896874
585401,1,7,2,16.486286987465753
585405,1,7,9,24.504610674517835
585412,1,7,1,19.857851394452478
585441,1,7,1,21.60604662387861
585457,1,7,5,0.3700090141005197
585464,1,7,6,19.155005661317215
585467,0,7,0,0.039161955786954805
585480,1,7,5,0.3700090141005197
585501,1,7,8,25.627929759311698
585513,1,7,9,8.69652148067993
585515,1,7,9,31.482728142953082
585530,1,7,5,0.3700090141005197
585558,1,7,10,20.742170405219795
585574,1,7,7,5.791332730118509
585576,0,7,0,0.03783227931317139
585583,1,7,8,18.631825067871805
585589,1,7,9,21.63961002010538
585601,1,7,8,5.6843550480404454
585610,1,7,5,0.3700090141005197
585638,1,7,8,5.4518987613173335
585650,1,7,5,0.3700090141005197
585656,1,7,10,17.979270071982256
585659,1,7,5,0.3700090141005197
585666,0,7,0,0.18318251938425958
585673,1,7,8,10.8512223281636
585676,1,7,5,0.3700090141005197
585686,0,7,0,0.03681319689960285
585703,1,7,10,5.553318011266776
585718,1,7,6,21.954849162517963
585727,1,7,5,0.3700090141005197
585737,1,7,1,23.597378913709925
585739,1,7,4,0.3700090657260609
585796,1,7,8,17.02387210535264
585797,1,7,5,0.3700090141005197
585819,0,7,0,0.04129443324836194
585823,1,7,10,15.458223556352024
585856,1,7,7,1.058642857699457
585872,0,7,0,0.03927764993912606
585877,1,7,9,30.592631475808503
585879,1,7,10,8.312582693486414
585897,1,7,9,33.122925392400866
585913,0,7,0,0.04713360679082026
585921,1,7,7,0.9545158261604135
585928,1,7,1,26.57256226429397
585929,1,7,9,29.989917408708624
585930,0,7,0,0.04706253658551102
585939,1,7,3,2.5033992196693076
585951,1,7,5,0.3700090141005197
585953,1,7,2,1.6984513518754436
585985,1,7,5,0.3700090141005197
585987,1,7,5,0.3700090141005197
585989,1,7,8,35.693615442814654
586002,1,7,8,32.7037961926211
586011,1,7,9,16.55837989043005
586020,1,7,9,33.720680294320395
586021,1,7,8,14.740762512411472
586046,1,7,10,9.688126225777797
586054,1,7,4,0.3700090657260609
586068,1,7,2,16.505140903348387
586069,1,7,6,11.215536229072447
586071,1,7,5,0.3700090141005197
586075,1,7,9,29.064743986534904
586076,1,7,6,25.299630841610544
586089,1,7,8,13.188886184859303
586095,1,7,9,18.675053244155137
586109,1,7,10,22.352070911818444
586110,1,7,4,0.3700090656202526
586114,1,7,1,14.616383778912999
586117,1,7,8,28.467919486767055
586122,1,7,1,6.9974652363748024
586124,0,7,0,0.033645754896843835
586126,1,7,9,20.73913540399437
586173,1,7,7,3.165496814345362
586235,1,7,1,11.742859729275127
586257,1,7,1,21.730285118681607
586259,1,7,8,29.22874046144522
586269,1,7,3,3.2087778782971212
586280,1,7,10,23.139966837729606
586285,0,7,0,0.03817756134833405
586289,1,7,6,22.20113428503874
586301,1,7,8,9.393462597962682
586302,1,7,10,4.734935504148856
586306,1,7,5,0.3700090141005197
586327,1,7,4,0.3700090657260609
586330,1,7,8,14.529480018985769
586338,1,7,7,0.9401284265688722
586346,1,7,6,13.990359875703898
586363,1,7,6,13.939645449248216
586370,1,7,4,0.3700090657260609
586382,1,7,6,21.823633460062236
586426,1,7,1,18.540557295563698
586428,1,7,10,15.460557416836311
586439,1,7,8,30.350233644634
586444,1,7,7,0.6636748032592305
586446,1,7,9,14.000842945401455
586453,1,7,10,8.072322418640532
586456,1,7,8,23.483576147902976
586459,1,7,9,29.143907907432098
586467,1,7,1,7.221615292301012
586468,1,7,9,29.831380154678918
586491,1,7,4,0.3700090657260609
586495,1,7,6,28.62354203975666
586521,1,7,8,20.678316959502975
586522,1,7,6,30.63551941885474
586533,1,7,1,4.569750475807843
586537,0,7,0,0.034809830113477165
586560,1,7,10,18.651817470212666
586563,1,7,4,0.3700090657260609
586567,1,7,10,25.855619076993158
586573,1,7,9,16.742859845619968
586578,1,7,9,31.157233891002253
586595,1,7,8,22.519313807379024
586610,1,7,8,25.22923034830505
586614,1,7,9,16.09640974613545
586616,1,7,6,22.170039390742097
586629,1,7,5,0.3700090141005197
586633,1,7,9,28.104753255801366
586658,1,7,2,14.637379427735533
586673,1,7,9,31.480664285047848
586683,1,7,8,23.432508932081884
586685,1,7,8,31.445589383520385
586696,1,7,4,0.3700090657260609
586714,1,7,2,9.411070985864818
586717,1,7,2,8.623192124893205
586725,1,7,1,13.889477669257175
586736,1,7,9,27.431911782181352
586738,1,7,8,26.536123261371035
586744,1,7,10,16.04882099188187
586762,1,7,10,22.967953087501126
586768,1,7,8,9.582056398090018
586781,1,7,9,12.681744761735313
586803,1,7,4,0.3700090656202526
586808,1,7,5,0.3700090141005197
586814,1,7,5,0.3700090141005197
586845,1,7,6,7.817212414387236
586850,1,7,9,25.493030777502625
586866,1,7,8,28.838516245748252
586875,0,7,0,0.03869032972273241
586887,1,7,7,3.362518317654547
586900,1,7,4,0.3700090657260609
586905,1,7,5,0.3700090141005197
586920,1,7,5,0.3700090141005197
586927,1,7,4,0.3700090657260609
586931,1,7,8,28.327669965685104
586934,1,7,9,18.727351928792963
586938,1,7,9,9.72142520034723
586949,1,7,6,12.376174662977943
586954,1,7,1,27.91062000155292
586957,1,7,5,0.3700090141005197
586960,1,7,4,0.3700090657260609
586964,1,7,8,26.313098784905176
586984,1,7,9,29.46161869734831
586996,1,7,10,17.812002780957112
587000,1,7,5,0.3700090141005197
587003,1,7,9,27.95539456710672
587019,1,7,5,0.3700090141005197
587037,1,7,6,29.0944194440495
587062,1,7,1,13.770265549798156
587080,1,7,9,31.302910412070624
587081,1,7,3,1.4158285477221284
587084,1,7,5,0.3700090141005197
587087,1,7,4,0.3700090657260609
587105,1,7,8,32.29458749269302
587120,1,7,5,0.37000902039789374
587127,1,7,1,20.582654504043003
587128,1,7,1,26.895761328215748
587133,0,7,0,0.02841376806666034
587142,1,7,6,17.99086473741859
587157,1,7,9,33.54043914462342
587159,1,7,7,5.373750606417058
587184,1,7,3,2.9976836445032324
587198,1,7,9,12.19413983157841
587204,1,7,9,29.34648276167185
587207,1,7,2,5.643705379518628
587210,1,7,5,0.3700090141005197
587219,1,7,1,12.56380285004171
587237,1,7,10,19.30540873894076
587254,1,7,6,5.8114982002735625
587264,1,7,3,1.6748411913103116
587270,1,7,6,5.144356662437299
587281,1,7,4,0.3700090657260609
587282,1,7,3,3.12214140726275
587289,1,7,6,7.98173581870059
587293,1,7,9,32.678974668617705
587311,1,7,8,10.446804762613572
587318,1,7,1,15.967584781241916
587321,1,7,10,15.337598048672435
587347,1,7,9,8.849935688214119
587355,1,7,10,18.38168153809321
587360,1,7,10,18.4720118328524
587397,1,7,9,23.851392808018456
587439,1,7,8,19.433396819479075
587451,1,7,4,0.3700090657260609
587461,1,7,2,16.412295980554592
587462,1,7,10,10.88919549553566
587482,1,7,8,28.305062370409367
587499,1,7,9,32.84083610844427
587516,1,7,8,13.602646677091814
587517,1,7,1,23.551758548187202
587530,1,7,8,32.7127289618177
587562,1,7,6,26.34873928742401
587566,1,7,8,28.8398815875431
587574,1,7,10,17.82552542958274
587575,1,7,10,7.530363746110495
587581,1,7,6,28.331810259408925
587593,1,7,9,24.303940760075754
587595,1,7,8,31.998520811652504
587611,1,7,4,0.3700090657260609
587613,1,7,6,13.350502763208945
587639,1,7,1,6.274521588597266
587646,1,7,9,30.978122615572353
587659,1,7,5,0.3700090141005197
587680,1,7,6,6.055787986776654
587690,1,7,5,0.3700090141005197
587705,1,7,8,25.0871261562993
587710,1,7,5,0.3700090141005197
587711,1,7,8,28.78320770389867
587717,1,7,1,20.00775724271653
587722,1,7,5,0.3700090141005197
587724,1,7,10,26.044515103651555
587743,1,7,6,21.240302791138845
587761,1,7,9,23.368601428446112
587776,1,7,5,0.3700090141005197
587784,1,7,8,33.91639615965446
587798,1,7,7,1.9020755823326665
587802,1,7,3,3.2227206343919383
587808,1,7,2,2.811919968116375
587814,1,7,9,3.512338626047254
587820,1,7,2,7.0087271021148005
587821,1,7,9,5.941159169434403
587826,0,7,0,0.03944154845458273
587835,1,7,4,0.3700090657260609
587845,1,7,5,0.3700090141005197
587863,1,7,8,31.502461353542163
587874,1,7,10,25.967922166353272
587881,1,7,1,20.54301583864712
587889,0,7,0,0.037005373966015366
587898,1,7,9,29.832615974074955
587904,1,7,4,0.3700090657260609
587910,1,7,5,0.3700090141005197
587911,1,7,8,29.950907488462857
587914,1,7,7,6.080787130132501
587917,1,7,9,21.57413274350367
587944,1,7,10,25.011394979370742
587949,1,7,9,13.359584319172734
587953,1,7,4,0.3700090657260609
587958,1,7,4,0.3700090657260609
587978,1,7,6,22.906615351995345
587980,1,7,1,26.979171475812464
587985,1,7,8,16.962133830667543
587994,1,7,6,17.146475879505736
587996,1,7,5,0.3700090141005197
588003,1,7,8,29.88998126055971
588005,1,7,7,3.66853801718397
588014,1,7,9,6.790321289968539
588015,1,7,6,10.673034659117404
588022,1,7,4,0.3700090657260609
588033,1,7,8,13.34942177931573
588036,1,7,4,0.3700090656202526
588039,1,7,9,31.48050649830013
588042,1,7,4,0.3700090657260609
588043,1,7,9,19.256346396424355
588048,1,7,5,0.3700090141005197
588068,1,7,6,16.4688187053607
588079,1,7,2,1.5171437748079655
588083,1,7,7,0.34811733960003843
588103,0,7,0,0.0467437155196292
588120,1,7,8,4.654047616181033
588121,1,7,6,23.972905626645304
588150,1,7,8,20.354523001520278
588151,1,7,9,22.161014054923196
588195,1,7,1,4.909248887682162
588209,1,7,9,16.934894684816918
588212,1,7,9,19.383500344354662
588214,1,7,10,23.033677374201055
588239,1,7,9,30.190873059402534
588246,1,7,10,16.5610310420103
588256,1,7,8,23.76577778192197
588269,1,7,6,28.073507695303068
588272,1,7,5,0.3700090141005197
588274,1,7,6,11.392431830181604
588284,1,7,8,14.962317594466708
588292,1,7,9,23.592665895407997
588297,1,7,1,21.15048355821641
588301,1,7,8,25.5088414223449
588318,1,7,6,8.610168603279543
588319,1,7,6,27.373586421610774
588341,1,7,10,18.30044065682918
588342,1,7,6,27.14277551496256
588344,0,7,0,0.04662648567315297
588369,1,7,8,20.496692075397977
588387,1,7,8,9.895337886736119
588389,1,7,9,22.858480793276552
588390,1,7,7,0.3622511600312174
588406,1,7,9,21.55090667311367
588414,1,7,8,30.362737898815617
588426,1,7,7,4.566302415392595
588429,1,7,6,11.81900330935777
588445,1,7,7,3.490908552083602
588476,1,7,6,30.445891592616317
588480,1,7,10,15.945150501453716
588497,1,7,8,24.36164305709041
588500,1,7,10,14.86126112638656
588505,1,7,8,18.89888970308764
588545,1,7,10,20.4761478682572
588550,1,7,6,14.304400086446185
588570,1,7,8,3.9962615821493155
588571,1,7,4,0.3700090657260609
588586,1,7,10,16.64119327805342
588591,1,7,6,20.49570809186294
588592,1,7,6,29.697588908315588
588605,1,7,1,16.41910246682551
588609,1,7,9,21.333591706485414
588642,1,7,8,18.423004407068632
588663,0,7,0,0.05085468814490875
588671,0,7,0,0.033584541726176996
588681,1,7,2,7.28160823767182
588683,1,7,5,0.3700090141005197
588686,1,7,4,0.3700090657260609
588698,1,7,3,3.109603719113719
588701,1,7,9,30.626830762178415
588708,1,7,9,23.28932670709518
588721,1,7,4,0.3700090656202526
588722,1,7,1,18.02795574844142
588733,1,7,8,12.274962298288301
588739,1,7,5,0.3700090141005197
588743,1,7,6,29.76857364672173
588746,1,7,1,25.570204720168746
588748,1,7,2,14.831881386126703
588750,1,7,2,6.815985301809871
588751,1,7,1,15.725596627617277
588759,1,7,7,2.2279906987082665
588771,1,7,10,15.497023895340167
588776,1,7,3,1.7110684491190264
588777,1,7,6,17.97955750275356
588795,1,7,5,0.3700090141005197
588806,1,7,4,0.3700090657260609
588807,1,7,9,12.733741154239711
588815,1,7,6,12.092922098470634
588818,1,7,10,10.43290147454675
588835,1,7,1,27.125213169222643
588855,1,7,1,22.147242545988608
588856,1,7,9,21.03942756423723
588873,0,7,0,0.03290294728157857
588886,1,7,6,21.25663074072465
588901,1,7,9,33.11046368215489
588907,1,7,4,0.3700090657260609
588917,1,7,4,0.3700090657260609
588950,1,7,5,0.3700090141005197
588965,0,7,0,0.03851918257336426
588970,1,7,4,0.3700090657260609
588972,1,7,4,0.3700090657260609
588973,1,7,10,4.430223496941737
588976,1,7,8,26.83380294318888
588992,1,7,6,12.507448259113888
589000,1,7,5,0.37000902039789374
589010,1,7,7,6.263595168333631
589039,1,7,10,18.211196738456387
589051,1,7,5,0.3700090141005197
589060,1,7,3,3.120771397888528
589061,1,7,4,0.3700090657260609
589078,0,7,0,0.038173087249721786
589084,1,7,9,16.542836246048747
589121,1,7,9,12.06000059946664
589141,0,7,0,0.03381889289460274
589148,1,7,8,25.699222050931695
589149,1,7,4,0.3700090657260609
589164,1,7,9,24.078821680422614
589169,0,7,0,0.032872817290237756
589177,1,7,6,13.919729874273111
589188,1,7,9,6.045684773710061
589197,0,7,0,0.06636888246686984
589203,1,7,2,3.1851997319248255
589220,1,7,8,22.41053708199951
589221,0,7,0,0.030989845616455562
589228,1,7,9,11.087910406145108
589233,1,7,8,26.49246343801207
589251,1,7,8,35.01049868151154
589254,1,7,2,4.829991983700137
589260,1,7,10,4.655789927623315
589268,1,7,9,20.052287326558496
589289,1,7,6,20.04674400469582
589329,1,7,2,2.155376912574075
589330,1,7,8,22.79041705410036
589332,1,7,8,15.07719196260554
589333,1,7,3,3.1796913835328464
589336,1,7,6,30.30640738565134
589340,1,7,8,5.224019371809925
589342,1,7,4,0.3700090657260609
589348,1,7,9,25.15838210568843
589356,1,7,10,23.72654991814323
589359,1,7,5,0.3700090141005197
589369,1,7,4,0.3700090657260609
589376,1,7,8,25.651110865419557
589377,1,7,7,6.502752887516386
589383,1,7,9,11.353508169075331
589384,1,7,9,14.807830394682068
589389,1,7,5,0.3700090141005197
589396,1,7,8,8.226781714786997
589405,1,7,4,0.3700090657260609
589415,1,7,6,30.422495061886643
589427,1,7,7,0.465885925237416
589433,1,7,5,0.3700090141005197
589441,1,7,7,1.7729172297744893
589443,1,7,4,0.3700090657260609
589448,1,7,1,27.202506275438648
589465,1,7,5,0.3700090141005197
589482,1,7,6,21.04594192317017
589493,1,7,7,3.571700094669907
589496,1,7,8,21.753425084869395
589500,1,7,5,0.3700090141005197
589510,1,7,8,24.02646597150898
589529,1,7,4,0.3700090657260609
589539,1,7,1,22.21541919767573
589541,1,7,9,17.54089436682547
589550,1,7,10,24.840340497681584
589552,1,7,4,0.3700090657260609
589553,1,7,9,25.222629748712947
589555,1,7,1,21.974411758420608
589561,1,7,9,24.640766927932585
589564,1,7,8,4.505938976013063
589565,1,7,4,0.3700090657260609
589587,1,7,6,26.18988764203051
589598,1,7,5,0.3700090141005197
589599,1,7,3,2.9645297003218958
589608,1,7,9,17.531997727155325
589612,1,7,10,17.370844255348874
589616,1,7,8,22.413999186706956
589625,1,7,1,20.238998610820797
589633,1,7,9,12.469450247173182
589650,1,7,10,15.489247405972236
589654,1,7,9,24.90742355192067
589657,1,7,8,6.700186652252914
589670,1,7,8,12.766642400204969
589671,1,7,10,26.061323001792868
589673,1,7,6,24.42054019693083
589683,1,7,9,30.633027200881294
589686,1,7,2,8.462727676676526
589689,1,7,7,4.814528866860009
589708,0,7,0,0.034667374448222904
589713,1,7,6,16.675961481082297
589725,1,7,6,23.77343909258091
589727,0,7,0,0.03951420518053932
589743,1,7,8,13.930725526972846
589750,1,7,10,17.37911054426519
589757,1,7,3,2.9255926712032636
589766,1,7,1,13.540648426119168
589771,1,7,5,0.3700090141005197
589782,1,7,10,4.432600584210233
589838,1,7,8,9.085359825131128
589839,1,7,4,0.3700090656202526
589844,1,7,7,0.4288989726694402
589853,1,7,5,0.3700090141005197
589859,1,7,4,0.3700090657260609
589907,1,7,6,21.042445799406725
589926,1,7,9,26.79530421884122
589928,1,7,6,20.14297405346788
589931,1,7,8,19.8497100090915
589952,1,7,5,0.3700090141005197
589968,1,7,5,0.3700090141005197
589998,1,7,7,6.22061545729265
590007,0,7,0,0.027508345343366488
590030,1,7,4,0.3700090657260609
590033,1,7,8,26.51121715459235
590034,0,7,0,0.0389013368806754
590045,1,7,8,21.636591850493225
590051,0,7,0,0.03510798971922823
590058,1,7,7,2.6759506018648467
590063,1,7,1,12.7194632010498
590081,1,7,5,0.3700090141005197
590083,1,7,2,11.404384699345236
590096,1,7,7,2.732197501954638
590098,1,7,6,21.593374998586846
590109,1,7,1,10.618910907967358
590112,1,7,5,0.3700090141005197
590124,1,7,8,35.711170520220605
590131,1,7,8,35.532184934776936
590144,1,7,6,8.914413623641375
590151,1,7,4,0.3700090657260609
590152,0,7,0,0.03529450115007857
590153,1,7,10,5.932701351450644
590154,1,7,7,3.0294947382658
590162,1,7,5,0.37000902039789374
590171,1,7,9,22.982759339608666
590173,1,7,4,0.3700090657260609
590215,1,7,8,6.7262204044927865
590228,1,7,8,18.642296928658627
590246,1,7,4,0.3700090657260609
590250,1,7,8,30.833516529286733
590253,1,7,9,32.80947089159676
590255,1,7,6,30.180117111138205
590269,1,7,4,0.3700090657260609
590273,1,7,10,24.286095801770117
590284,1,7,4,0.3700090657260609
590285,1,7,4,0.3700090657260609
590287,1,7,8,9.439459868670353
590297,1,7,5,0.3700090141005197
590299,0,7,0,0.040105661494168096
590304,1,7,5,0.3700090141005197
590324,1,7,8,9.684462858835616
590345,1,7,1,9.580481963741521
590348,1,7,5,0.3700090141005197
590350,1,7,6,9.444960813186585
590353,1,7,5,0.3700090141005197
590363,1,7,1,27.172887387327904
590364,1,7,8,8.811487721800837
590375,1,7,8,13.57290601108152
590391,1,7,10,15.151447054289365
590393,1,7,4,0.3700090657260609
590406,1,7,4,0.3700090657260609
590421,1,7,6,17.27403110376271
590423,1,7,3,2.6794031499793034
590450,1,7,5,0.3700090141005197
590462,1,7,9,33.63968489260634
590478,1,7,4,0.3700090656202526
590495,1,7,6,28.97908177638727
590500,1,7,7,5.2282585163972355
590501,1,7,6,30.078471388593382
590540,1,7,2,7.571420472562337
590550,1,7,4,0.3700090657260609
590567,1,7,5,0.3700090141005197
590578,1,7,8,19.039641037447495
590585,1,7,10,16.205634358457576
590594,1,7,8,35.678504176380336
590604,1,7,6,18.9126338071674
590605,1,7,1,27.615594058233988
590607,1,7,5,0.3700090141005197
590615,1,7,5,0.3700090141005197
590623,1,7,7,3.3726768976255976
590639,1,7,9,24.84475313573777
590653,1,7,3,3.1875841533740217
590667,0,7,0,0.03523390396450434
590679,1,7,6,23.342726102610534
590691,1,7,8,5.330459190857214
590692,1,7,2,13.203656454713524
590693,1,7,5,0.3700090141005197
590711,1,7,5,0.3700090141005197
590714,1,7,2,12.79363054019692
590747,1,7,5,0.3700090141005197
590771,1,7,4,0.3700090657260609
590795,1,7,9,19.672912109438414
590796,1,7,3,2.63838952492132
590811,0,7,0,0.031904598529109984
590816,1,7,4,0.3700090657260609
590818,1,7,8,9.722721157385049
590844,0,7,0,0.040629964102310866
590845,1,7,4,0.3700090656202526
590859,1,7,8,35.34061433389592
590861,1,7,6,29.88879225526393
590866,1,7,6,12.546319847940849
590892,0,7,0,0.02746959826339853
590899,1,7,9,33.486108832236
590905,1,7,7,3.3524501126813715
590916,1,7,7,1.7290186844859645
590929,1,7,2,2.230855024722558
590934,1,7,4,0.3700090657260609
590943,1,7,9,25.198370387155716
590946,1,7,10,19.95651062524045
590949,1,7,5,0.3700090141005197
590962,1,7,9,29.874015734619306
590973,0,7,0,0.03163570099455078
590975,0,7,0,0.046150922356519686
590984,1,7,6,23.261193274362956
590990,1,7,6,28.664133109080563
590994,1,7,8,23.300791945318423
590995,1,7,1,21.588194458271165
591026,1,7,9,20.031685069485086
591048,1,7,10,16.870187356433192
591057,1,7,3,3.010809478997107
591065,1,7,10,13.07536709260587
591078,1,7,2,2.968190329066159
591082,1,7,7,0.6720037926203203
591083,1,7,10,13.44833677977719
591086,1,7,8,24.153110496349502
591087,1,7,6,28.493617076134388
591108,1,7,7,1.8415209577288996
591112,1,7,9,15.388017347401105
591114,0,7,0,0.043480555655644425
591119,1,7,4,0.3700090656202526
591127,1,7,9,4.093345531130509
591135,1,7,9,21.69150133174694
591147,1,7,4,0.3700090657260609
591148,0,7,0,0.02974349942969811
591155,1,7,8,26.542831672613875
591158,1,7,6,28.572520133676285
591161,1,7,3,2.7214049651410055
591162,1,7,8,29.223899431640294
591167,0,7,0,0.04725530118691685
591180,1,7,9,21.97662164171567
591204,1,7,5,0.3700090141005197
591213,1,7,6,23.95231286595676
591217,1,7,7,3.4842916967527984
591218,1,7,5,0.3700090141005197
591220,1,7,8,23.683820401507727
591230,1,7,8,14.91704076956808
591231,1,7,3,3.1190610368161686
591236,1,7,6,16.739253764115826
591237,1,7,4,0.3700090657260609
591267,1,7,8,4.629357849983468
591276,1,7,7,4.0039314841421625
591285,1,7,9,24.011532775511103
591292,1,7,9,25.83988549789498
591303,1,7,1,19.96658517885057
591312,1,7,9,10.580191619856139
591329,1,7,6,21.59472685769512
591331,1,7,5,0.3700090141005197
591349,1,7,5,0.3700090141005197
591352,1,7,8,7.5686617610997375
591359,1,7,5,0.3700090141005197
591361,1,7,6,17.949484426787432
591390,1,7,10,23.563333289846426
591396,0,7,0,0.1569192436670494
591401,1,7,3,3.1960248117627548
591408,1,7,6,17.476458977693657
591427,1,7,8,10.850435080322265
591429,1,7,9,9.029710625296481
591436,1,7,4,0.3700090657260609
591450,0,7,0,0.10308178396466819
591465,1,7,6,25.012733510129745
591466,1,7,10,13.193208409431886
591476,1,7,8,31.2640815011753
591498,1,7,9,29.35190163236224
591500,1,7,8,24.776191816839717
591502,1,7,8,31.54285973520097
591514,1,7,10,18.156881594829606
591527,1,7,8,22.12376875099424
591530,1,7,5,0.3700090141005197
591571,1,7,1,4.230213443405987
591581,1,7,10,26.084432581815534
591585,1,7,1,18.37532740440038
591610,1,7,9,28.797278691098622
591612,0,7,0,0.04481142173084626
591624,1,7,6,25.16431135168246
591626,1,7,8,29.70533276742652
591629,1,7,5,0.3700090141005197
591630,1,7,8,30.051547064084154
591658,1,7,4,0.3700090657260609
591660,1,7,8,27.0338609207384
591667,1,7,5,0.3700090141005197
591676,1,7,1,14.597954336632538
591689,1,7,4,0.3700090657260609
591694,1,7,4,0.3700090657260609
591700,0,7,0,0.040026547934096594
591701,1,7,6,24.606742921827998
591705,1,7,4,0.3700090657260609
591735,1,7,9,9.97747583060106
591747,1,7,4,0.3700090657260609
591757,1,7,9,6.276727877188993
591784,1,7,6,28.659781810853165
591793,1,7,1,27.594997694982712
591797,1,7,6,25.060622230400718
591810,1,7,5,0.3700090141005197
591811,1,7,7,4.225142118805537
591812,1,7,5,0.3700090141005197
591813,1,7,9,27.02381817137599
591829,1,7,9,22.725645603143413
591846,1,7,6,8.914385977887271
591860,1,7,5,0.3700090141005197
591875,0,7,0,0.04499301475436468
591888,1,7,10,24.35227621304807
591894,1,7,10,18.51359471875218
591899,1,7,5,0.3700090141005197
591925,1,7,1,21.514838658065713
591926,1,7,10,21.97996074299917
591938,1,7,4,0.3700090657260609
591962,1,7,4,0.3700090657260609
591980,1,7,6,6.015960000486508
592015,1,7,1,17.30946689893266
592019,1,7,3,3.2118816827389254
592022,0,7,0,0.036644449459507206
592036,0,7,0,0.036964580886388355
592042,1,7,5,0.3700090141005197
592066,1,7,4,0.3700090657260609
592082,1,7,5,0.3700090141005197
592084,1,7,10,23.28653988107071
592088,0,7,0,0.03281551659986564
592098,0,7,0,0.06653931481613129
592100,1,7,7,2.9268554060754104
592114,1,7,6,8.286084854128493
592121,1,7,8,25.26186079005286
592131,1,7,5,0.3700090141005197
592152,1,7,6,29.646375709810563
592154,1,7,4,0.3700090657260609
592179,1,7,4,0.3700090657260609
592192,1,7,8,31.34642793652859
592194,1,7,5,0.3700090141005197
592198,1,7,1,6.663186857917383
592205,1,7,3,3.1378414920506907
592209,1,7,4,0.3700090657260609
592215,1,7,9,32.99094901555304
592218,1,7,5,0.3700090141005197
592220,1,7,8,8.426794780128034
592230,1,7,4,0.3700090657260609
592250,1,7,10,18.11046644695336
592251,1,7,10,9.803769463977552
592267,1,7,5,0.3700090141005197
592296,1,7,3,3.193058583492642
592302,1,7,4,0.3700090657260609
592324,1,7,9,17.995955792252968
592339,1,7,7,5.352724388735012
592344,1,7,8,9.234001083708048
592354,1,7,9,11.734148431003042
592371,1,7,10,6.994204325137857
592374,0,7,0,0.04126408818104958
592384,1,7,4,0.3700090657260609
592390,1,7,1,5.770987284707662
592392,1,7,5,0.37000902039789374
592443,1,7,4,0.3700090656202526
592450,1,7,6,5.463748919479194
592469,1,7,9,11.274032353600816
592495,1,7,8,16.383718223434073
592499,1,7,7,1.6301544629944549
592500,1,7,4,0.3700090657260609
592518,1,7,9,19.797988332731034
592532,1,7,2,14.56161160915667
592570,1,7,4,0.3700090657260609
592572,1,7,8,12.482643010997943
592575,1,7,10,25.797406361842537
592608,1,7,9,21.84075471292584
592628,1,7,9,23.692750766970104
592645,1,7,8,14.738703586625842
592650,1,7,5,0.3700090141005197
592666,1,7,1,27.425378927136787
592694,1,7,10,15.870715095072487
592696,1,7,10,26.032283655212552
592697,1,7,8,20.301859580104765
592709,1,7,8,5.370472771766134
592711,1,7,9,33.26406089186525
592723,1,7,9,30.810793397187734
592734,1,7,2,6.720135125865202
592744,1,7,9,20.40017317905681
592758,1,7,10,20.1313559125729
592795,1,7,9,24.286417568203603
592800,1,7,5,0.3700090141005197
592803,1,7,4,0.3700090657260609
592823,1,7,6,22.831740461904584
592830,1,7,5,0.3700090141005197
592840,1,7,3,2.674487227996105
592841,1,7,3,3.236133227407348
592871,1,7,9,22.620769264028812
592877,1,7,1,16.654065371973388
592886,1,7,4,0.3700090657260609
592888,1,7,8,27.968839402773597
592900,1,7,4,0.3700090657260609
592905,1,7,10,25.899246443480283
592906,1,7,9,6.308675379953745
592919,1,7,3,3.0880079777451552
592928,1,7,4,0.3700090657260609
592937,1,7,8,22.49109147073287
592938,1,7,7,5.116281441925334
592951,1,7,1,27.657805971081963
592956,1,7,6,28.998368523306148
592965,1,7,10,16.161350747805166
592980,1,7,10,21.78496335635685
592988,1,7,6,22.49891076381317
593007,1,7,9,32.012473159029106
593009,1,7,1,26.263883844185195
593017,0,7,0,0.15221734870869844
593020,1,7,6,29.480967125651333
593023,1,7,6,29.700681066531246
593034,0,7,0,0.03430115521622853
593035,1,7,8,12.599030869886585
593037,1,7,5,0.3700090141005197
593040,1,7,3,3.1137822658745287
593046,1,7,8,34.89365043859407
593054,1,7,4,0.3700090657260609
593055,1,7,6,26.08204795819463
593061,1,7,9,12.96846166686342
593072,1,7,9,14.663924086707079
593080,1,7,9,29.94077139482546
593083,1,7,1,11.603223583999762
593094,1,7,9,22.29483417501273
593099,1,7,6,8.271437470052751
593103,0,7,0,0.03770414991933484
593104,1,7,8,25.641891160618194
593110,1,7,9,24.725821028419933
593119,0,7,0,0.046511820642184946
593121,1,7,4,0.3700090657260609
593130,1,7,10,7.1574680585260175
593171,1,7,6,25.838306087885275
593172,1,7,6,30.226664073794076
593183,1,7,6,30.506390517270003
593187,1,7,3,3.262094601521887
593219,1,7,8,5.666313514618569
593234,1,7,10,5.990619455075722
593235,1,7,1,15.172356242061783
593238,0,7,0,0.03366960847178498
593249,1,7,5,0.3700090141005197
593271,1,7,9,22.92861056822977
593288,1,7,5,0.3700090141005197
593298,1,7,9,17.82453532911875
593312,1,7,6,30.373593773765275
593342,1,7,10,14.001712079268168
593348,1,7,7,5.920035372869128
593363,1,7,5,0.3700090141005197
593376,1,7,6,22.890565471760357
593380,1,7,1,22.94785337523522
593384,1,7,8,27.196977198723268
593396,0,7,0,0.04405286909538733
593412,1,7,7,5.274255435022006
593430,1,7,7,5.8824504300850995
593432,1,7,9,20.960831856519107
593442,1,7,4,0.3700090656202526
593459,1,7,2,3.783358820176016
593467,1,7,2,2.033842354573254
593469,1,7,6,21.60520137543889
593471,1,7,1,17.271139334142667
593520,1,7,4,0.3700090657260609
593533,1,7,4,0.3700090657260609
593555,1,7,7,3.300763888522998
593556,1,7,8,27.90935683994714
593583,1,7,5,0.3700090141005197
593591,1,7,2,15.234564343080436
593596,1,7,6,30.038213023343246
593597,1,7,9,23.553539446584786
593603,1,7,10,15.62575226051928
593618,1,7,2,16.482855821901836
593621,0,7,0,0.03171699426046572
593628,0,7,0,0.03548220017908976
593634,1,7,2,14.674012698063814
593655,1,7,4,0.3700090657260609
593676,0,7,0,0.04050225986802301
593693,1,7,2,16.09861306351107
593697,1,7,4,0.3700090657260609
593698,1,7,5,0.3700090141005197
593703,1,7,4,0.3700090657260609
593719,1,7,5,0.3700090141005197
593721,1,7,8,29.5900798044598
593735,1,7,9,10.908217049385787
593737,1,7,10,17.820100603362732
593760,1,7,8,29.34194032229461
593774,1,7,8,35.99926356497857
593776,1,7,8,31.618530398412545
593782,1,7,7,2.7926883481593228
593792,1,7,4,0.3700090656202526
593804,1,7,5,0.37000902039789374
593828,1,7,9,7.30076064509106
593843,1,7,4,0.3700090657260609
593846,1,7,9,33.624327745284845
593860,1,7,1,7.130793400012409
593883,1,7,6,26.607683282138705
593898,1,7,7,5.341157237969225
593904,1,7,9,15.225660857055981
593907,1,7,8,15.657870070662362
593909,1,7,2,13.322299962260285
593914,1,7,8,29.999273818325147
593928,1,7,6,18.403253392759158
593948,1,7,5,0.3700090141005197
593950,0,7,0,0.0405583048072336
593954,1,7,9,4.502538228565696
593957,1,7,1,5.79220844989349
593965,1,7,9,17.92750914958847
593981,1,7,4,0.3700090657260609
593988,1,7,8,32.84161370563789
594015,1,7,2,4.137417561829724
594018,1,7,10,14.775078193732389
594024,1,7,2,14.855546841198466
594034,1,7,4,0.3700090657260609
594040,1,7,6,29.879083877395274
594043,1,7,9,26.638747809627734
594047,1,7,8,6.956996614343596
594057,1,7,4,0.3700090657260609
594066,1,7,8,10.301551928215972
594078,1,7,9,2.6293980914909936
594082,1,7,5,0.3700090141005197
594084,1,7,10,22.332939111475255
594089,1,7,9,8.872933933058148
594105,1,7,10,6.826723059009035
594110,1,7,5,0.3700090141005197
594134,1,7,10,16.371321178316702
594138,1,7,6,7.437547938783467
594143,1,7,9,21.089347634956553
594149,1,7,4,0.3700090657260609
594155,1,7,5,0.3700090141005197
594166,1,7,5,0.3700090141005197
594174,1,7,7,4.100657742703316
594175,1,7,4,0.3700090657260609
594188,1,7,7,3.253946822787209
594194,1,7,9,23.27759769947142
594197,0,7,0,0.03460520332464554
594211,1,7,6,20.618759974190983
594215,1,7,6,29.629729821460316
594232,1,7,10,6.500692955837381
594240,1,7,9,22.990686741836196
594268,1,7,8,25.307850685272896
594282,1,7,5,0.3700090141005197
594307,1,7,9,21.14070708457174
594308,1,7,4,0.3700090657260609
594320,1,7,9,17.897639783289264
594329,1,7,7,5.515586053243315
594343,1,7,4,0.3700090657260609
594347,1,7,8,24.633571174696467
594351,1,7,10,22.970059717168866
594354,1,7,6,10.98777633215568
594369,1,7,1,6.6808541277552305
594373,1,7,6,22.191757953009237
594386,1,7,10,8.143283870746052
594388,1,7,5,0.3700090141005197
594397,1,7,10,17.84537066483499
594402,1,7,3,0.9084462484795033
594403,1,7,4,0.3700090657260609
594429,1,7,9,29.619488404893545
594439,1,7,10,19.87789865963529
594445,1,7,2,12.30739069088463
594451,0,7,0,0.02999749118592767
594481,1,7,1,6.7926212467238205
594486,1,7,10,4.509956926800109
594504,1,7,4,0.3700090657260609
594514,1,7,5,0.3700090141005197
594519,1,7,6,15.510007822867493
594524,1,7,5,0.3700090141005197
594526,1,7,5,0.3700090141005197
594557,1,7,6,16.35658746847489
594568,1,7,7,1.1228930765141227
594570,1,7,1,8.704248202813137
594575,1,7,9,19.844557516348633
594577,0,7,0,0.03094135268730786
594579,1,7,6,21.9631237693995
594592,1,7,6,21.29801787142064
594630,1,7,4,0.3700090657260609
594637,1,7,9,14.65593500927575
594644,1,7,5,0.3700090141005197
594651,1,7,9,20.560115237362837
594662,1,7,8,33.29013090972715
594664,1,7,4,0.3700090657260609
594708,1,7,10,15.846951824321218
594725,1,7,1,12.568244324628175
594761,1,7,9,22.377180529513765
594777,0,7,0,0.04013710436037452
594787,1,7,8,33.534242474759665
594788,1,7,9,24.661363882644924
594795,1,7,4,0.3700090656202526
594811,1,7,2,2.8419124371736557
594825,1,7,8,8.35899628057991
594828,1,7,4,0.3700090657260609
594840,1,7,7,0.37046273364459126
594866,1,7,8,28.596353309305705
594867,1,7,4,0.3700090657260609
594936,1,7,5,0.3700090141005197
594940,1,7,6,29.581602173739288
594941,1,7,8,18.13993392514234
594943,1,7,2,6.075448827974399
594945,1,7,5,0.3700090141005197
594948,1,7,6,22.52376787452064
594961,1,7,4,0.3700090657260609
594962,1,7,10,22.697675041349743
594976,1,7,10,4.060952638124043
594981,1,7,8,25.251377342798307
594993,1,7,1,26.017319043307474
594996,1,7,2,5.636198928215561
595003,1,7,3,3.215152377571339
595016,1,7,7,0.7034904413068115
595018,1,7,6,22.37070078931225
595021,1,7,1,20.545683958879376
595036,1,7,6,5.616735845131159
595041,1,7,1,27.356554982870012
595054,1,7,8,32.505678036276265
595063,1,7,1,25.24226222998601
595091,1,7,6,23.512210149847643
595093,1,7,10,8.396385893316891
595096,1,7,4,0.3700090657260609
595101,1,7,5,0.3700090141005197
595114,1,7,7,2.106707448041576
595119,1,7,8,26.789396501499386
595123,1,7,5,0.3700090141005197
595125,1,7,7,4.243598337047253
595128,1,7,6,5.541464879469317
595147,1,7,3,1.9249067573225878
595151,1,7,9,32.91731506312421
595164,1,7,6,29.2474028496626
595176,1,7,6,17.15980597020452
595178,1,7,1,22.274152981490307
595179,1,7,9,11.680198228199957
595181,1,7,5,0.3700090141005197
595187,1,7,10,17.59083690259512
595189,1,7,9,28.691000188990287
595222,1,7,5,0.3700090141005197
595232,1,7,2,2.2536661962653315
595255,1,7,2,5.110865915507388
595289,1,7,4,0.3700090657260609
595325,1,7,5,0.3700090141005197
595422,1,7,6,9.688932374135753
595430,1,7,8,26.22111000105521
595441,1,7,4,0.3700090657260609
595448,1,7,6,16.833333972190044
595463,1,7,10,11.75447073454599
595474,1,7,4,0.3700090657260609
595475,1,7,9,4.433770081280151
595476,1,7,1,22.9354037278364
595496,1,7,6,22.89808770747312
595507,1,7,10,15.213922814633413
595508,1,7,1,10.317553927347827
595511,1,7,7,5.845234976024646
595532,1,7,10,18.959942322556667
595553,1,7,8,31.12599472785527
595554,1,7,4,0.3700090656202526
595560,1,7,9,17.684540235898083
595565,1,7,6,11.86429458930946
595571,1,7,9,26.828711831742268
595576,1,7,8,22.50151432278426
595585,1,7,8,32.46751020841296
595590,1,7,9,11.718520234178984
595599,1,7,6,17.88977265685387
595614,1,7,6,22.24867152701238
595621,1,7,8,22.988217594530038
595623,1,7,9,13.699284917833396
595627,1,7,6,28.232486893819228
595630,1,7,9,33.05727824007635
595632,1,7,6,15.039824269000322
595637,1,7,10,17.56262648586324
595643,1,7,9,24.750148134133337
595650,1,7,8,26.30393944149903
595652,1,7,1,14.085724665951172
595659,1,7,6,5.241526359354002
595690,1,7,6,23.97115324198783
595706,1,7,8,25.456890544817362
595717,1,7,10,25.97955740069473
595722,1,7,5,0.3700090141005197
595733,1,7,10,23.298149128047918
595750,1,7,5,0.3700090141005197
595797,1,7,4,0.3700090657260609
595821,1,7,5,0.3700090141005197
595831,1,7,9,5.220808172625535
595832,1,7,10,20.50249861185313
595835,1,7,9,15.794103283630237
595864,1,7,9,19.471464138619652
595868,1,7,6,10.191656055055606
595900,1,7,4,0.3700090656202526
595906,1,7,8,7.67431320391385
595918,1,7,8,10.287722824648819
595926,1,7,10,4.7346510704704095
595932,1,7,8,11.478367898048976
595940,1,7,6,28.999192960594968
595967,1,7,9,30.061729906781455
595983,1,7,6,29.37271941699133
595987,1,7,8,27.31543427205088
595996,1,7,6,22.307559536151402
596002,1,7,9,26.940580604949844
596004,0,7,0,0.036753438314791456
596006,0,7,0,0.027127383138375972
596009,1,7,6,29.50847584580629
596010,1,7,10,16.290899549978963
596017,1,7,9,24.075239067065187
596028,1,7,5,0.3700090141005197
596031,1,7,8,14.79913125252515
596035,1,7,5,0.3700090141005197
596072,1,7,5,0.3700090141005197
596073,1,7,3,1.0591163842452973
596079,1,7,9,16.430129229042922
596091,1,7,5,0.3700090141005197
596100,1,7,1,21.930975199611662
596114,1,7,3,1.4674361416463393
596117,1,7,6,29.688197550494635
596149,1,7,8,6.389587210585035
596153,1,7,8,23.71127245497145
596157,1,7,10,23.08445779026819
596164,1,7,4,0.3700090657260609
596165,1,7,1,19.865381562839385
596174,1,7,6,13.754192817691923
596190,1,7,6,20.178871396958808
596196,1,7,2,11.664033964267546
596208,1,7,6,22.45302734706439
596218,1,7,8,10.639646282875075
596240,1,7,6,28.656936023008228
596252,1,7,7,2.2983040396118524
596267,1,7,7,0.6926081725944648
596283,1,7,9,33.55366009118856
596322,1,7,7,6.387531732290804
596327,0,7,0,0.04970705222787121
596329,1,7,10,25.262714114142053
596348,1,7,10,23.84013479049953
596360,1,7,4,0.3700090657260609
596365,1,7,6,20.138042912198493
596402,1,7,6,21.522387846584014
596405,1,7,9,24.08918047761221
596417,1,7,9,2.584512309198958
596441,1,7,9,23.44670382391203
596460,1,7,8,34.28048762999669
596496,1,7,6,20.62865173863078
596503,1,7,8,5.021844836316079
596504,1,7,1,16.932461590586012
596527,1,7,1,20.89243970217999
596532,1,7,6,25.06790474944998
596535,1,7,9,22.097492172181262
596559,1,7,9,25.409567766351568
596573,1,7,9,33.48487221688917
596585,1,7,8,29.6629763430168
596612,1,7,6,22.871209512424382
596619,1,7,10,9.067818901810787
596621,1,7,1,25.425162621207
596623,1,7,6,17.8162461899323
596647,1,7,8,30.41181557358158
596664,1,7,10,18.845535676155492
596667,1,7,8,27.84121267052995
596679,1,7,10,6.17985368076175
596693,1,7,1,12.258012731326437
596699,1,7,9,23.56042039764736
596741,1,7,2,14.011850859160155
596742,1,7,3,0.9025728099418522
596743,1,7,7,6.103107000016547
596753,1,7,7,1.6374552671999016
596757,1,7,4,0.3700090657260609
596766,1,7,4,0.3700090657260609
596777,1,7,6,12.099788612921804
596782,1,7,5,0.3700090141005197
596785,1,7,10,21.260512804963778
596788,1,7,9,23.020142365477003
596791,1,7,5,0.3700090141005197
596806,0,7,0,0.029665581872205346
596830,1,7,5,0.3700090141005197
596838,1,7,6,21.99585611425756
596883,1,7,10,15.9385532561991
596886,1,7,10,4.5858062640506505
596902,1,7,3,1.1853944555443152
596907,1,7,8,21.143591562281888
596950,1,7,2,1.5539818947654993
596975,1,7,7,5.644273780498549
596980,1,7,9,29.2036975394628
596987,1,7,9,23.339242626325674
597001,1,7,9,12.14370779654837
597003,1,7,5,0.3700090141005197
597009,0,7,0,0.03490692952483732
597018,0,7,0,0.023139726273462908
597053,1,7,7,1.150988043231138
597056,1,7,5,0.3700090141005197
597085,1,7,10,13.460510734262929
597094,1,7,4,0.3700090657260609
597097,0,7,0,0.03642359480815464
597104,1,7,1,22.218807981447966
597126,1,7,2,4.34605667529851
597128,1,7,5,0.3700090141005197
597129,1,7,4,0.3700090657260609
597145,1,7,6,13.687217543231455
597158,1,7,6,10.875754623756219
597179,1,7,6,14.622530102132226
597183,1,7,5,0.3700090141005197
597187,1,7,9,30.03955996462103
597192,1,7,8,23.827695421998044
597205,1,7,5,0.3700090141005197
597216,1,7,10,17.318331366550183
597221,1,7,5,0.3700090141005197
597255,1,7,9,20.036319195397148
597256,1,7,9,24.077265250763393
597268,1,7,10,5.406268517319093
597275,1,7,9,12.355116230320858
597278,1,7,5,0.3700090141005197
597287,1,7,9,21.77649716865211
597291,1,7,9,26.346023028247103
597312,1,7,9,30.099661564999888
597321,1,7,6,28.451489233365717
597329,1,7,7,2.600935193985429
597337,1,7,9,7.634170019685949
597338,1,7,9,31.858309700255212
597340,1,7,3,2.791081442887074
597355,1,7,2,7.896850463316197
597385,1,7,6,5.324661465729582
597395,1,7,6,28.32081782794198
597410,1,7,6,21.594246291974812
597413,1,7,8,30.39680687110344
597423,1,7,5,0.3700090141005197
597450,1,7,1,24.581481990983463
597456,1,7,6,15.509376291351975
597459,1,7,8,7.415475538244125
597460,0,7,0,0.034944843819321
597471,1,7,8,25.87776710776582
597478,1,7,5,0.3700090141005197
597490,1,7,8,8.99748653692154
597495,0,7,0,0.03315291867295672
597507,0,7,0,0.038709899442106455
597511,1,7,8,34.18612585979491
597562,1,7,9,21.2572392996363
597571,1,7,9,16.877110532499557
597572,1,7,8,27.415127946291495
597586,1,7,7,4.452098842308773
597608,1,7,9,28.565619662119975
597610,0,7,0,0.03176546874948453
597636,1,7,8,19.46835056843771
597637,1,7,9,26.19615680924236
597640,1,7,5,0.3700090141005197
597643,1,7,8,33.64107614719539
597664,1,7,5,0.3700090141005197
597670,1,7,7,5.504676292010839
597671,1,7,8,25.814852311081765
597690,1,7,9,12.648658474962646
597692,1,7,4,0.3700090657260609
597706,1,7,1,14.050157485729608
597722,1,7,8,30.408028131341972
597733,1,7,8,18.29483028893663
597746,1,7,6,28.979692277038833
597748,1,7,6,12.270028118907028
597753,1,7,4,0.3700090657260609
597758,1,7,1,17.09970504312694
597765,1,7,5,0.3700090141005197
597805,1,7,5,0.3700090141005197
597809,1,7,8,26.910642383685197
597818,1,7,1,21.508718916561072
597820,1,7,8,22.664826310084603
597843,1,7,9,21.54213555698798
597866,1,7,6,13.037569322532676
597879,1,7,10,18.523648784149334
597890,1,7,8,16.38118314196576
597897,1,7,10,24.029760547215407
597899,1,7,5,0.3700090141005197
597900,1,7,9,33.54717904966985
597914,1,7,8,23.592481671014117
597916,1,7,6,29.356852887903788
597920,1,7,4,0.3700090657260609
597932,1,7,7,1.6855136901024796
597933,1,7,10,8.534840509676535
597957,1,7,7,4.856665731378142
597970,1,7,7,1.8862102194129664
597973,1,7,7,4.041184769897081
597983,1,7,9,26.405391866915657
597988,1,7,5,0.3700090141005197
597990,1,7,9,14.60003897905803
598015,1,7,5,0.3700090141005197
598025,1,7,3,3.198553771352219
598037,1,7,7,5.857573442728401
598041,1,7,2,12.25920569124578
598042,1,7,5,0.37000902039789374
598053,1,7,2,6.621775361808511
598057,1,7,1,13.371317750002822
598061,1,7,5,0.3700090141005197
598069,1,7,5,0.3700090141005197
598070,1,7,4,0.3700090657260609
598080,1,7,4,0.3700090657260609
598103,1,7,8,33.02736663956059
598126,1,7,2,12.604685900621892
598127,1,7,3,1.57944055131574
598135,1,7,4,0.3700090657260609
598141,1,7,7,3.777135448929266
598148,0,7,0,0.02489390349462997
598153,1,7,4,0.3700090657260609
598167,1,7,10,13.602502495701005
598178,1,7,4,0.3700090657260609
598183,1,7,6,28.26046884156138
598205,1,7,10,4.5163857669202905
598225,1,7,4,0.3700090657260609
598231,1,7,8,17.517316344701797
598244,1,7,9,23.9926806795362
598246,1,7,10,17.8385098861513
598250,1,7,8,18.98423537255082
598251,1,7,9,2.8850156456668907
598280,1,7,6,22.832375751368698
598283,1,7,5,0.3700090141005197
598322,1,7,8,26.226642430691147
598325,1,7,5,0.3700090141005197
598326,1,7,1,16.41316194367382
598342,1,7,4,0.3700090657260609
598343,1,7,6,9.940715180454825
598348,1,7,5,0.37000902039789374
598351,1,7,10,15.914779281715585
598356,1,7,1,21.912390253156293
598379,1,7,9,21.843752741526725
598388,1,7,9,27.492469756272172
598411,1,7,7,6.3045127793896185
598417,1,7,4,0.3700090657260609
598421,1,7,10,21.92590032764726
598429,1,7,2,3.446218410176404
598445,1,7,4,0.3700090657260609
598462,1,7,1,21.60429340657351
598463,1,7,8,28.117673527635148
598477,1,7,6,23.854065452361912
598480,1,7,9,23.345666758652673
598490,1,7,6,6.90794445296923
598496,1,7,2,13.049491646155703
598505,1,7,9,32.95396931069373
598513,1,7,9,2.94070299906001
598515,1,7,9,8.237050032266364
598516,1,7,4,0.3700090657260609
598518,1,7,4,0.3700090657260609
598547,1,7,9,21.688096433814376
598575,1,7,10,14.176513334163173
598582,1,7,8,5.478092074497636
598586,1,7,9,32.7043323407653
598597,1,7,9,21.48228830451188
598604,0,7,0,0.04484860988008726
598609,1,7,10,17.379397649849206
598616,0,7,0,0.038724910697272526
598618,1,7,6,20.734251581919665
598640,1,7,9,20.63030786393409
598661,1,7,10,23.283622120558917
598664,1,7,1,5.566485629758407
598676,1,7,7,6.14582299969951
598678,1,7,1,18.913198690082204
598680,1,7,10,9.704538463621192
598689,1,7,9,32.69808270132529
598692,1,7,8,25.637015457799894
598716,1,7,10,15.425552345161405
598720,1,7,10,16.93067447144066
598727,1,7,5,0.3700090141005197
598744,1,7,9,21.496062205768254
598745,1,7,8,24.59112060244563
598790,1,7,9,15.031833542140397
598802,1,7,5,0.3700090141005197
598807,1,7,3,3.1658794577347695
598808,1,7,5,0.3700090141005197
598812,1,7,9,17.86286863152079
598817,1,7,5,0.3700090141005197
598824,1,7,6,7.629431754316703
598825,1,7,6,19.56404989377152
598826,1,7,6,28.680079128937045
598831,1,7,9,19.804574986776203
598890,1,7,4,0.3700090657260609
598893,1,7,7,5.409772806310335
598899,1,7,5,0.3700090141005197
598910,1,7,10,15.909818575657233
598911,1,7,9,4.430328791052734
598915,1,7,8,26.855765354734153
598924,1,7,2,12.071690857229223
598925,1,7,5,0.3700090141005197
598928,1,7,7,0.6913269985978798
598932,1,7,8,11.281171604452242
598937,1,7,2,3.7300808469519
598944,1,7,4,0.3700090656202526
598951,1,7,10,14.269971382571947
598959,1,7,6,22.579045958422206
598960,1,7,10,24.982254330675044
598971,1,7,9,24.101336574629386
598992,1,7,8,7.266945991962392
599011,1,7,9,26.582042640158896
599053,1,7,9,12.469390815082853
599057,1,7,9,16.166317938461503
599059,1,7,8,20.93229211197413
599091,1,7,1,11.485619878074713
599102,1,7,8,26.863626112991845
599104,1,7,5,0.3700090141005197
599115,1,7,10,22.01395439852106
599121,1,7,5,0.3700090141005197
599130,1,7,8,21.664120659387308
599132,1,7,4,0.3700090657260609
599141,1,7,6,17.265206937901944
599144,1,7,10,26.00940362428752
599145,1,7,4,0.3700090657260609
599148,1,7,9,4.465979386105187
599155,1,7,6,26.186903460541977
599167,1,7,9,6.526031942048235
599179,1,7,8,16.093910545359357
599191,1,7,5,0.3700090141005197
599201,1,7,8,7.337449334489889
599214,1,7,10,13.11757660957148
599232,1,7,1,24.123394548790216
599234,0,7,0,0.021307167804769545
599246,1,7,1,9.301573827083404
599252,1,7,8,25.508584355737838
599283,1,7,5,0.3700090141005197
599294,1,7,6,20.820653129555723
599331,1,7,4,0.3700090656202526
599350,1,7,10,23.93089371222889
599391,1,7,8,19.283541869776762
599406,1,7,9,18.027509500413625
599410,1,7,8,4.146175705011167
599414,1,7,8,12.145082577601064
599430,0,7,0,0.04610940184022791
599432,1,7,5,0.3700090141005197
599434,1,7,1,26.584728119699886
599436,1,7,8,35.90585761371037
599439,1,7,9,24.133794489226332
599447,1,7,9,22.576344608593594
599451,1,7,8,21.76001383923742
599453,1,7,6,10.872140366832674
599454,1,7,5,0.3700090141005197
599501,1,7,5,0.3700090141005197
599506,1,7,9,6.450902253038388
599522,1,7,5,0.3700090141005197
599528,1,7,9,14.418403215529345
599530,1,7,1,26.783005472081115
599546,1,7,4,0.3700090657260609
599549,1,7,7,0.34885119773898154
599568,1,7,7,4.0966650105548235
599596,0,7,0,0.037664371157942564
599597,1,7,1,5.989922221256443
599634,1,7,2,3.770375642271628
599643,1,7,9,31.51502476509543
599644,1,7,8,34.04669389048462
599645,1,7,1,25.358795669227394
599678,1,7,6,23.737949153090536
599682,1,7,5,0.3700090141005197
599684,1,7,5,0.37000902039789374
599688,1,7,10,18.400254354245366
599697,1,7,7,5.866863557308365
599707,1,7,9,33.314683273836444
599724,1,7,9,18.293715205759003
599725,1,7,8,29.829255652184763
599749,1,7,9,29.33528374443653
599760,1,7,5,0.3700090141005197
599787,1,7,5,0.3700090141005197
599790,1,7,8,21.620381198855227
599807,1,7,5,0.3700090141005197
599814,1,7,4,0.3700090657260609
599817,1,7,8,10.659998478179288
599838,0,7,0,0.028723966273961413
599848,1,7,8,24.40005012992403
599852,1,7,9,9.329799088001884
599859,1,7,1,11.656391072402112
599877,1,7,7,3.3924490776792298
599885,1,7,6,23.253896269926695
599892,1,7,6,29.212594498099048
599923,1,7,9,9.617747874755409
599925,1,7,5,0.3700090141005197
599937,1,7,6,30.50512229858072
599938,1,7,2,4.7425885844461355
599939,1,7,1,21.045248306592022
599941,1,7,5,0.3700090141005197
599953,0,7,0,0.034681272629635836
599977,1,7,9,20.010630573021587
600005,1,7,2,12.152429729182376
600006,1,7,4,0.3700090657260609
600026,1,7,8,10.270015058249319
600032,1,7,10,6.510534247688766
600034,1,7,9,30.630379094997068
600041,1,7,6,12.519271695368733
600042,1,7,5,0.3700090141005197
600043,1,7,10,17.112421805036732
600048,1,7,5,0.3700090141005197
600050,1,7,5,0.3700090141005197
600065,1,7,4,0.3700090657260609
600066,1,7,8,4.795714905241631
600069,1,7,1,19.769234553216858
600081,1,7,4,0.3700090657260609
600104,1,7,9,19.458122726627842
600114,1,7,8,13.178815707906427
600117,1,7,6,22.66610771497588
600124,1,7,9,33.309340834305765
600127,1,7,9,31.831806330349146
600128,1,7,6,12.857593917152972
600132,1,7,8,2.7398274445105026
600141,1,7,10,10.100049257742594
600160,1,7,5,0.3700090141005197
600171,1,7,8,32.69055856196293
600189,1,7,9,28.73763598035457
600201,1,7,1,15.823222944190919
600205,1,7,5,0.3700090141005197
600209,1,7,9,16.059846045849138
600216,1,7,4,0.3700090657260609
600217,1,7,8,25.383741112121143
600221,1,7,1,16.467087370299076
600247,1,7,8,5.308064032461898
600287,1,7,9,32.14499810835236
600290,1,7,4,0.3700090657260609
600294,1,7,9,33.06854313797974
600297,1,7,2,1.2623882343991415
600298,1,7,10,17.346150365344666
600299,1,7,10,18.28283669443586
600310,1,7,10,14.928973487721342
600325,1,7,9,14.839813845428733
600348,1,7,10,19.375653254010317
600352,1,7,6,28.988223609252813
600362,1,7,2,15.200705633701144
600367,1,7,4,0.3700090657260609
600370,1,7,3,1.6628860559411285
600375,1,7,9,30.621632182157292
600408,1,7,8,32.50038868862207
600411,1,7,8,17.923441694174414
600418,1,7,8,15.514720306963643
600441,1,7,8,21.636461008187126
600444,1,7,5,0.3700090141005197
600457,0,7,0,0.02253435022725276
600458,1,7,6,11.643192165769847
600459,1,7,9,32.67975420137588
600484,1,7,10,15.870962783986432
600494,1,7,10,13.305035863711817
600495,1,7,2,11.202536313973196
600500,1,7,9,3.2431327441027706
600505,1,7,4,0.3700090657260609
600507,1,7,8,21.750241003114386
600509,1,7,4,0.3700090657260609
600523,1,7,9,31.161279965832524
600525,1,7,8,26.19229397012023
600537,1,7,8,12.906621969738561
600540,1,7,6,12.999973611773791
600561,1,7,9,24.389845937734755
600571,1,7,1,10.776289662314712
600585,1,7,8,19.412663211823478
600591,1,7,10,17.375165699670294
600595,1,7,4,0.3700090656202526
600597,1,7,9,30.74317865834721
600644,1,7,1,20.705604640949257
600660,1,7,1,11.665032438536796
600664,1,7,9,29.43763019491975
600666,1,7,4,0.3700090657260609
600670,1,7,4,0.3700090657260609
600680,1,7,6,27.975684226770422
600685,0,7,0,0.033817969887941716
600705,1,7,1,19.212215577922613
600721,1,7,4,0.3700090657260609
600722,1,7,7,1.5402507753586903
600726,1,7,6,24.404521042403406
600729,0,7,0,0.0337217022581175
600744,1,7,8,34.82057617580851
600747,1,7,5,0.3700090141005197
600753,1,7,8,20.98439694470979
600768,1,7,7,5.650619615968151
600772,1,7,7,5.982023680277468
600778,1,7,8,3.2561818351757315
600789,1,7,10,24.034631665710897
600796,1,7,4,0.3700090657260609
600805,1,7,8,12.384319288479636
600813,1,7,8,20.633049037222385
600822,1,7,9,12.214679424899826
600841,1,7,10,18.51007305508546
600846,1,7,5,0.3700090141005197
600909,1,7,10,19.84876694785938
600916,1,7,5,0.3700090141005197
600918,1,7,1,25.01486009911952
600927,1,7,10,13.938379939316754
600928,1,7,5,0.37000902039789374
600946,1,7,8,24.96841751491716
600949,1,7,9,30.55504437725883
600963,1,7,6,8.362364984223095
600966,1,7,8,26.51077844391895
600969,1,7,6,21.96265945064981
600975,1,7,10,26.0236193173594
600984,1,7,4,0.3700090657260609
601016,1,7,1,24.665913857447364
601020,1,7,5,0.3700090141005197
601031,1,7,8,30.482943897240943
601032,1,7,9,4.658458045774846
601040,1,7,4,0.3700090657260609
601044,1,7,10,15.047180658904683
601060,1,7,6,29.81354709980633
601075,1,7,8,19.46573386968977
601077,1,7,9,23.42381427012145
601084,1,7,5,0.3700090141005197
601089,1,7,4,0.3700090657260609
601093,1,7,5,0.3700090141005197
601110,1,7,8,29.591255096426234
601116,1,7,8,24.99215550600121
601122,1,7,9,25.177600258490216
601165,1,7,8,33.45830567496422
601169,0,7,0,0.04723504515890546
601177,1,7,9,8.773579523715188
601178,1,7,5,0.3700090141005197
601190,1,7,9,32.14686976815063
601198,1,7,10,17.753516922188513
601232,1,7,10,23.13991819637101
601233,1,7,4,0.3700090657260609
601243,1,7,1,13.319528326739256
601245,1,7,6,14.774079558664537
601261,1,7,6,21.856824724037764
601287,1,7,8,19.565906507248506
601310,1,7,8,6.442208174490266
601314,1,7,6,29.324233000910116
601320,1,7,6,20.44047585207459
601337,1,7,10,7.148853117691148
601360,1,7,10,26.024113190127075
601372,1,7,6,29.669745481870535
601373,1,7,7,6.460922681484118
601381,1,7,8,26.807530833812656
601384,1,7,6,27.493722540281038
601410,1,7,3,3.1890909968569074
601415,1,7,5,0.3700090141005197
601431,1,7,7,5.307310689270596
601433,0,7,0,0.0425767229098214
601438,1,7,9,33.46642144746105
601439,1,7,9,24.30127396617028
601442,1,7,1,25.38299443211303
601508,1,7,5,0.3700090141005197
601511,1,7,5,0.3700090141005197
601518,1,7,5,0.3700090141005197
601519,1,7,8,35.47739041337668
601524,1,7,6,30.405383691075237
601532,1,7,9,10.918336789831137
601534,1,7,6,20.619426607867908
601541,1,7,8,19.17295529925752
601576,1,7,8,20.289929659336995
601590,0,7,0,0.02726472484451575
601593,1,7,10,23.49198789964396
601596,1,7,7,2.7719694039000373
601600,1,7,4,0.3700090657260609
601602,1,7,8,20.05373659366909
601613,1,7,9,33.062686115834
601634,1,7,6,30.630881905954354
601641,1,7,9,6.037922884002275
601647,1,7,1,11.86801191100173
601658,1,7,9,3.497252304533829
601664,1,7,10,22.487918262793105
601668,1,7,1,9.000161979528432
601677,1,7,4,0.3700090657260609
601681,0,7,0,0.03398335079370584
601690,1,7,8,12.170212842151685
601700,1,7,4,0.3700090657260609
601719,1,7,1,24.958463104761567
601720,1,7,9,30.726593254376912
601745,1,7,5,0.3700090141005197
601757,1,7,6,29.887402171856845
601777,1,7,2,15.871519207130149
601780,1,7,1,16.904808415567576
601789,1,7,8,16.82071937295826
601790,0,7,0,0.04709560359515661
601795,1,7,6,27.554651924151617
601797,0,7,0,0.03970599704257996
601799,1,7,4,0.3700090657260609
601826,1,7,5,0.3700090141005197
601827,1,7,4,0.3700090657260609
601831,1,7,7,5.043290033922215
601833,1,7,5,0.3700090141005197
601851,1,7,6,12.999326540112211
601900,1,7,9,5.0919745551747715
601907,1,7,9,3.123790577403242
601911,1,7,1,27.590947219681226
601932,1,7,8,10.211890073523499
601941,1,7,4,0.3700090656202526
601951,1,7,9,8.851924577977112
601965,1,7,4,0.3700090657260609
601972,1,7,10,25.384210810965765
601978,1,7,5,0.3700090141005197
601995,1,7,8,11.686225194279377
602001,1,7,6,29.452424645248318
602002,1,7,9,33.4356669802471
602019,1,7,8,27.2348593861753
602027,1,7,6,22.886981160061794
602028,1,7,5,0.3700090141005197
602034,1,7,9,3.5330743814876997
602042,1,7,6,8.540302827794488
602052,1,7,9,27.010853534511526
602074,1,7,6,21.325515287751657
602096,1,7,10,9.851505154614374
602118,1,7,2,4.840690902859617
602129,1,7,5,0.3700090141005197
602140,1,7,5,0.3700090141005197
602170,1,7,8,31.13016294892899
602175,1,7,7,6.183363292701905
602177,1,7,6,29.388111936530812
602178,1,7,1,17.48318465229872
602193,1,7,6,13.664832546038282
602205,1,7,5,0.3700090141005197
602226,1,7,9,29.46665374529696
602242,1,7,5,0.3700090141005197
602246,1,7,7,3.3189584771356513
602253,1,7,5,0.3700090141005197
602255,1,7,5,0.3700090141005197
602256,1,7,6,11.138058668839994
602258,1,7,10,4.171805549189179
602262,1,7,4,0.3700090656202526
602265,1,7,9,32.62934081944208
602266,1,7,9,12.423258484086997
602274,0,7,0,0.036810863979131636
602277,1,7,9,29.097115670697647
602278,1,7,4,0.3700090657260609
602284,1,7,4,0.3700090657260609
602295,1,7,9,17.91016078550084
602302,1,7,8,24.902502023683002
602327,1,7,4,0.3700090657260609
602329,1,7,5,0.3700090141005197
602334,1,7,4,0.3700090657260609
602342,1,7,10,23.428401209202402
602357,1,7,8,3.2160566999076914
602358,1,7,6,12.479221490180482
602374,1,7,8,8.489064954568926
602377,1,7,6,20.886441969127727
602384,1,7,1,5.341377179195945
602388,1,7,1,26.9045946111338
602391,1,7,9,4.878951334410787
602402,1,7,8,17.89138153189729
602405,1,7,6,6.180641469416778
602407,1,7,8,23.114088330402826
602410,1,7,3,2.862126200298127
602420,1,7,9,24.4444602915404
602421,1,7,1,6.274358658422122
602451,1,7,9,24.511639972447
602456,1,7,9,18.42968718914792
602473,1,7,4,0.3700090657260609
602499,1,7,9,30.19965133791651
602507,1,7,7,5.018852660212212
602517,1,7,4,0.3700090657260609
602525,1,7,4,0.3700090656202526
602533,1,7,8,13.397614956139279
602541,1,7,3,3.233019441692294
602553,1,7,7,5.292359052113991
602568,1,7,5,0.3700090141005197
602572,1,7,10,24.16735550547949
602579,1,7,9,12.260368860843144
602583,1,7,6,11.105059127964886
602589,0,7,0,0.04210424965964457
602603,1,7,5,0.3700090141005197
602606,1,7,6,19.673264825928456
602609,1,7,10,4.993753719646325
602610,1,7,6,11.617577831255653
602612,1,7,8,27.718708424095624
602617,1,7,4,0.3700090657260609
602619,1,7,9,26.18407854048639
602652,0,7,0,0.0325023191448816
602653,1,7,10,19.456047780589337
602661,1,7,9,5.401388328478039
602667,1,7,9,15.196374570107023
602671,1,7,5,0.3700090141005197
602680,1,7,10,18.550055303346017
602694,1,7,9,2.5146897466681333
602711,0,7,0,0.031974534383261144
602714,1,7,4,0.3700090657260609
602717,1,7,8,10.488412732357016
602722,1,7,1,16.45255601639399
602727,1,7,5,0.3700090141005197
602728,1,7,5,0.3700090141005197
602732,1,7,1,21.445160441750296
602734,0,7,0,0.0371727069251224
602736,1,7,9,29.669916195795246
602737,1,7,6,24.35925695077959
602738,1,7,9,33.63630453065863
602756,1,7,4,0.3700090657260609
602761,1,7,10,7.880938878598972
602781,1,7,8,28.306477941384756
602788,1,7,2,6.232749748711808
602793,1,7,4,0.3700090657260609
602799,1,7,6,28.741782056940778
602812,1,7,6,29.77623855278963
602819,1,7,6,6.597661199921835
602872,1,7,8,13.730902305453533
602880,1,7,2,14.285690020687262
602886,1,7,9,33.550995203025465
602890,1,7,4,0.3700090657260609
602924,1,7,8,9.213087318718697
602931,1,7,6,7.100902513366069
602939,1,7,5,0.3700090141005197
602942,1,7,4,0.3700090657260609
602943,1,7,8,3.0895814623981113
602954,1,7,6,23.740462011847878
602955,1,7,6,30.04583423676476
602961,1,7,5,0.3700090141005197
602965,0,7,0,0.029855298021195412
602967,1,7,9,20.00081542308561
602969,1,7,2,16.184035167679905
602971,1,7,9,14.160505850456573
602979,1,7,8,15.628877028028718
602986,1,7,4,0.3700090657260609
603002,0,7,0,0.04689673093561988
603030,1,7,9,13.969333761733614
603052,1,7,8,25.932302412273884
603054,1,7,9,32.540900262003866
603063,1,7,9,20.49279136178213
603086,1,7,9,13.00926147897677
603095,1,7,10,7.491995517659837
603096,1,7,8,16.340366170642866
603097,1,7,4,0.3700090657260609
603102,1,7,6,28.964009430788245
603118,0,7,0,0.11077635427111492
603121,1,7,4,0.3700090657260609
603126,1,7,9,33.724987081247676
603129,1,7,9,11.619088977661196
603136,1,7,4,0.3700090657260609
603145,1,7,2,12.788002155040653
603149,1,7,5,0.3700090141005197
603158,1,7,7,3.253392640081209
603192,1,7,6,30.648747397671354
603196,1,7,6,17.72148180745688
603199,1,7,10,24.641022435051916
603203,1,7,5,0.3700090141005197
603216,1,7,5,0.3700090141005197
603221,1,7,7,4.313596384379983
603228,1,7,7,1.0635928472580374
603240,1,7,10,11.385723971750828
603246,1,7,9,31.88012800416654
603251,1,7,8,30.367953011418454
603256,1,7,7,3.0573772882974883
603258,1,7,2,12.685278208695664
603261,1,7,8,29.03616035162156
603281,1,7,6,18.71624569989424
603292,1,7,8,31.352587355250527
603311,1,7,9,19.34342834305136
603313,1,7,5,0.3700090141005197
603320,1,7,10,14.782151185034314
603330,1,7,5,0.37000902039789374
603360,1,7,8,15.287044654934162
603369,1,7,9,33.4973801069509
603372,1,7,10,14.436158243197825
603379,1,7,5,0.3700090141005197
603383,1,7,9,32.055848261685206
603404,1,7,9,27.063640276413487
603406,1,7,1,21.236749506171407
603407,0,7,0,0.02406146071422573
603411,1,7,4,0.3700090657260609
603434,1,7,5,0.3700090141005197
603445,1,7,6,7.446890806990619
603452,1,7,8,12.071433174302083
603455,1,7,3,2.9157982285532476
603471,1,7,10,21.29726663617375
603475,1,7,4,0.3700090657260609
603480,1,7,5,0.3700090141005197
603484,1,7,9,29.38051422358366
603488,1,7,8,5.944202876764124
603490,1,7,5,0.3700090141005197
603492,1,7,5,0.3700090141005197
603507,1,7,9,22.811187415648497
603515,1,7,10,21.554820183695668
603531,1,7,5,0.3700090141005197
603532,1,7,8,12.597414671443365
603534,1,7,5,0.3700090141005197
603555,1,7,5,0.3700090141005197
603562,1,7,6,26.96520335397687
603568,1,7,9,7.381543962372486
603579,1,7,4,0.3700090657260609
603590,1,7,7,2.4500490531295194
603606,1,7,5,0.3700090141005197
603612,1,7,1,26.00868676644737
603613,0,7,0,0.04426187070852432
603616,1,7,2,2.3142089846678027
603631,1,7,8,21.570384151824985
603646,1,7,10,13.577340808434732
603658,1,7,8,21.73075005452391
603677,1,7,2,16.464547126369467
603679,0,7,0,0.039359594988931663
603683,1,7,8,32.65093009811913
603692,1,7,4,0.3700090657260609
603705,1,7,8,17.247525874247525
603709,1,7,4,0.3700090657260609
603712,1,7,6,17.182987654851768
603722,1,7,6,30.425972713774353
603723,1,7,9,33.493867714763056
603731,1,7,3,3.1146539152314023
603761,1,7,6,11.603679031023262
603778,1,7,4,0.3700090657260609
603779,1,7,1,26.284741367371094
603785,1,7,7,5.907574957735527
603791,1,7,4,0.3700090657260609
603804,1,7,6,17.76338619690889
603805,1,7,1,11.282770058998734
603806,1,7,8,33.18485308636379
603811,1,7,6,11.487175478644994
603828,1,7,1,25.787144952217375
603832,1,7,8,8.071653013551797
603845,1,7,4,0.3700090657260609
603865,1,7,8,22.99554487162693
603874,1,7,4,0.3700090657260609
603878,1,7,9,20.465701386768018
603897,1,7,9,33.506274180977854
603904,1,7,1,21.235413741237593
603905,1,7,7,6.477053410285396
603910,1,7,5,0.3700090141005197
603926,1,7,9,32.69661044643051
603928,1,7,4,0.3700090657260609
603929,1,7,10,16.23310937121847
603932,1,7,4,0.3700090657260609
603936,1,7,5,0.3700090141005197
603951,1,7,6,30.549104825387698
603961,1,7,6,29.90995395526844
603964,1,7,8,25.53988756732796
603971,1,7,10,18.84472328011016
603974,1,7,2,8.45710809296045
603976,1,7,1,4.908217320099262
603996,1,7,5,0.3700090141005197
604012,1,7,1,27.889973421847632
604032,1,7,6,18.401343632991424
604046,1,7,8,5.4970460771914675
604058,1,7,1,10.80392009860026
604078,1,7,9,5.99877956167653
604079,1,7,8,31.15302460327573
604096,1,7,6,19.245431571318214
604102,1,7,6,26.996725660198962
604121,1,7,10,24.504019721125324
604130,1,7,10,7.664165730956329
604131,1,7,6,26.662939134659943
604164,1,7,9,8.048066178220099
604175,1,7,8,23.952187626227342
604178,1,7,10,25.042717055720942
604183,1,7,8,35.32181731360002
604196,1,7,7,4.000707539464669
604215,1,7,1,21.474696173087175
604237,1,7,7,4.523503414842396
604241,1,7,4,0.3700090656202526
604242,1,7,10,17.176760770587013
604251,1,7,8,24.224096677867426
604269,0,7,0,0.03276098574919616
604272,0,7,0,0.03160466804908503
604275,1,7,8,26.142785505175578
604281,1,7,6,29.037030609081548
604296,1,7,3,3.079980281583797
604310,0,7,0,0.03282606443031808
604324,1,7,4,0.3700090657260609
604366,1,7,8,11.064906689711016
604385,1,7,8,24.58948423849313
604387,1,7,4,0.3700090657260609
604395,1,7,8,13.758709947805558
604405,1,7,4,0.3700090657260609
604407,1,7,2,14.056331516683814
604414,1,7,9,28.432252975319347
604415,1,7,9,31.577928638308506
604431,1,7,6,29.34655678060333
604434,1,7,8,5.9628118943341
604442,1,7,9,5.203751095651569
604443,1,7,10,15.127885586360296
604448,1,7,10,13.049382031087845
604450,1,7,3,2.447143761387354
604455,1,7,7,4.540648893675851
604456,0,7,0,0.046917072158494104
604462,1,7,8,24.36523914090432
604468,1,7,4,0.3700090657260609
604469,1,7,5,0.3700090141005197
604481,1,7,9,33.75003991889325
604487,1,7,4,0.3700090657260609
604507,0,7,0,0.0392076195472956
604514,1,7,6,13.249483744131359
604515,1,7,9,32.55014612732193
604520,1,7,9,21.58115624015561
604523,1,7,8,20.96381087823355
604531,1,7,8,33.01999095627573
604555,1,7,9,15.03509268520693
604567,1,7,5,0.3700090141005197
604581,1,7,8,6.655304288592684
604584,1,7,10,17.884301640045866
604593,1,7,5,0.3700090141005197
604605,1,7,9,26.635270270290757
604620,1,7,9,29.879217734410435
604621,1,7,9,13.482829602401706
604625,1,7,7,5.195315479707955
604626,1,7,8,25.627989501131633
604627,1,7,1,26.824145651402947
604632,1,7,9,29.878938376975114
604637,1,7,8,32.59812349995537
604670,0,7,0,0.09904425873736027
604673,1,7,9,15.846161047569334
604675,1,7,8,11.250176258363751
604691,1,7,8,35.02937557110588
604713,1,7,1,25.044498317260906
604732,1,7,4,0.3700090657260609
604739,1,7,9,7.9597355431797645
604759,1,7,9,23.400781463278268
604771,1,7,1,25.451919837956325
604772,1,7,10,25.886657057395766
604792,0,7,0,0.08354474125140213
604814,1,7,5,0.3700090141005197
604819,1,7,1,4.37950489374315
604832,1,7,4,0.3700090656202526
604834,1,7,9,12.615190501649476
604849,1,7,3,1.6592384160787577
604864,1,7,9,32.54103910527265
604873,1,7,7,5.709744723493079
604875,1,7,4,0.3700090657260609
604935,1,7,10,25.50608844497164
604950,1,7,4,0.3700090657260609
604970,1,7,1,4.308631312616519
604974,1,7,3,3.227340502599664
604984,1,7,4,0.3700090657260609
604985,1,7,2,16.26025956618126
604986,1,7,4,0.3700090657260609
605003,1,7,4,0.3700090657260609
605007,1,7,7,6.041494388157281
605012,1,7,1,4.063693608858673
605032,1,7,6,27.7664319308206
605035,1,7,6,16.659366175922482
605046,1,7,4,0.3700090657260609
605047,0,7,0,0.03528716877905751
605091,1,7,8,26.80487415075497
605095,1,7,6,18.006994327368187
605138,1,7,5,0.3700090141005197
605148,0,7,0,0.03126598308711612
605150,1,7,9,22.27463726403662
605153,1,7,9,8.096333447229387
605160,1,7,5,0.3700090141005197
605176,1,7,9,29.562587574671767
605185,1,7,6,25.297919854269406
605211,1,7,1,21.702649964681548
605224,1,7,6,13.530540532537158
605230,1,7,9,25.04607120480968
605245,1,7,7,4.635166093313386
605288,1,7,5,0.37000902039789374
605295,1,7,7,6.361270737426042
605304,1,7,8,12.954333388051246
605306,1,7,6,21.638470638141644
605324,1,7,8,24.97237078348856
605328,1,7,6,8.119323086593146
605335,1,7,8,29.455211564204127
605337,1,7,8,15.31983164590963
605343,1,7,1,19.397469700571147
605345,1,7,8,33.85415743988068
605348,1,7,3,1.654328457977829
605361,1,7,6,13.836675502825651
605375,1,7,9,31.590394205333826
605387,1,7,6,22.302434976249398
605392,1,7,9,17.97735147916758
605394,0,7,0,0.032847917363004665
605397,1,7,6,22.768532912588974
605411,1,7,7,1.963503124044616
605435,0,7,0,0.04700518540560197
605446,1,7,9,30.845850873470276
605455,1,7,4,0.3700090657260609
605460,1,7,10,16.131220423932394
605485,1,7,10,13.39428100256312
605487,1,7,4,0.3700090657260609
605495,0,7,0,0.038369356786968324
605500,1,7,10,12.899752930556044
605515,1,7,9,31.621785711796864
605518,1,7,6,20.832775584140087
605528,1,7,4,0.3700090657260609
605532,1,7,4,0.3700090657260609
605537,1,7,1,3.6610830293081573
605540,1,7,10,10.642456617917672
605561,1,7,10,15.874754171860058
605562,1,7,2,9.596895452357147
605572,1,7,6,11.5124572990272
605573,1,7,4,0.3700090657260609
605576,1,7,9,20.147820662746664
605583,1,7,6,26.071691269080368
605596,1,7,3,2.815279509645366
605615,1,7,7,5.1694525493611305
605658,1,7,4,0.3700090657260609
605683,1,7,8,36.031848987593015
605695,1,7,5,0.3700090141005197
605696,1,7,9,8.239171586404485
605697,1,7,7,1.0390488622997731
605713,0,7,0,0.07806198330008977
605724,1,7,9,24.97859323222078
605735,1,7,10,14.931918513617537
605736,1,7,9,16.102601414004152
605740,1,7,10,16.97896219785931
605747,1,7,6,22.723661278033113
605748,1,7,8,27.893948730172337
605763,1,7,9,16.169977983365214
605803,1,7,9,17.587635585566066
605815,0,7,0,0.03962877668996417
605849,1,7,8,13.26416567375267
605873,1,7,6,12.15954880687111
605878,1,7,6,11.644075080218302
605893,1,7,4,0.3700090657260609
605894,1,7,9,10.13185483306061
605899,1,7,7,3.265367385340615
605910,1,7,10,24.726949738990896
605929,1,7,4,0.3700090657260609
605935,1,7,6,21.833380748179067
605941,1,7,3,0.99951753983152
605947,1,7,2,11.234033892973459
605949,1,7,5,0.3700090141005197
605953,1,7,10,14.048100060191508
605954,1,7,2,8.0320027240301
605971,1,7,10,15.882960231455018
605979,1,7,10,8.951927303244391
605988,1,7,3,1.1158638174568982
605990,1,7,7,1.0275981859500445
606001,1,7,8,14.748001726623484
606002,1,7,4,0.3700090657260609
606004,1,7,6,23.85962862140891
606027,1,7,5,0.3700090141005197
606035,1,7,9,18.528735524003267
606037,1,7,4,0.3700090657260609
606038,1,7,6,30.491258502018947
606041,1,7,8,25.870592786725467
606047,1,7,7,2.887504551527086
606054,0,7,0,0.03313991438116453
606056,1,7,6,30.39696710729613
606057,1,7,8,17.879921364326798
606074,1,7,9,32.63534672713296
606078,1,7,5,0.3700090141005197
606092,1,7,9,28.367808541776885
606105,0,7,0,0.0364112891954656
606117,1,7,8,30.519739299955763
606120,1,7,1,26.145947514809826
606122,0,7,0,0.03624952549546284
606144,0,7,0,0.047274749814991496
606148,1,7,4,0.3700090657260609
606167,1,7,6,13.76110597226605
606174,1,7,10,17.258621812121948
606177,1,7,10,7.291644818671377
606189,1,7,10,6.553272993003442
606206,1,7,8,31.53260813351794
606225,1,7,4,0.3700090657260609
606227,1,7,10,16.35821605740345
606229,1,7,6,27.51421122700598
606236,1,7,8,28.39772104020653
606237,1,7,6,19.688939384889384
606258,1,7,8,32.569694900809964
606262,1,7,8,24.21043065888799
606276,1,7,6,29.46523246921402
606286,1,7,2,1.8883793313045902
606294,1,7,5,0.3700090141005197
606300,1,7,6,28.455595301835476
606301,1,7,8,14.358490488182065
606308,1,7,9,23.56301112148189
606318,1,7,4,0.3700090657260609
606331,1,7,4,0.3700090657260609
606332,1,7,10,12.870630835311047
606333,1,7,8,25.643887707331878
606337,1,7,8,24.74987795694949
606342,1,7,8,26.118475524349197
606350,1,7,8,24.156021410177164
606356,1,7,3,3.1803823233237014
606368,1,7,4,0.3700090657260609
606369,1,7,8,8.607369872927233
606373,1,7,10,13.869717325098947
606391,1,7,8,28.164560107643066
606401,0,7,0,0.03193488292969902
606403,1,7,5,0.3700090141005197
606404,1,7,6,17.064709277941155
606405,1,7,3,1.3806308488128005
606413,1,7,4,0.3700090656202526
606422,1,7,6,12.825454425033543
606423,1,7,4,0.3700090657260609
606433,1,7,6,12.502461558196979
606435,1,7,4,0.3700090657260609
606440,1,7,6,28.70277352487678
606446,1,7,8,20.49273377905125
606452,1,7,4,0.3700090657260609
606471,1,7,9,33.222020085151236
606492,1,7,9,28.8355280225866
606512,1,7,5,0.3700090141005197
606518,1,7,8,20.86566240099379
606525,1,7,8,34.5672211284841
606543,1,7,4,0.3700090657260609
606551,1,7,6,28.57544022610504
606564,0,7,0,0.0390264910796063
606581,1,7,9,31.08583516315288
606599,0,7,0,0.09937301802763736
606601,1,7,2,4.023088182644324
606641,1,7,7,1.3476100781772244
606643,1,7,6,22.771786831948695
606650,1,7,7,4.006850515766965
606660,1,7,5,0.3700090141005197
606698,1,7,9,29.565494299229293
606713,1,7,2,8.6345619865199
606715,1,7,10,18.54267950466715
606724,1,7,2,7.727774569210312
606732,1,7,7,2.0556660863780207
606745,1,7,10,24.00349366850741
606751,1,7,1,12.06026092509363
606756,1,7,6,25.196431369609172
606757,1,7,9,30.498511680697128
606775,1,7,6,26.671381723455266
606776,1,7,6,11.136751306944861
606788,1,7,9,25.31865306935248
606808,1,7,4,0.3700090657260609
606811,1,7,9,33.2324820502894
606823,1,7,1,27.10148993980582
606828,1,7,8,15.070557767250977
606831,1,7,8,9.667728628352824
606835,1,7,5,0.3700090141005197
606838,1,7,4,0.3700090657260609
606846,1,7,2,6.232889848787175
606847,1,7,9,28.23085984006344
606869,1,7,4,0.3700090657260609
606874,1,7,6,29.515723196692242
606879,1,7,1,23.426276829966707
606881,1,7,9,2.8515867894129854
606894,0,7,0,0.0336579981657199
606898,1,7,8,34.81190228097332
606906,1,7,9,33.456850429982175
606907,1,7,5,0.3700090141005197
606913,1,7,7,1.783661355055102
606921,1,7,6,28.1159066123901
606923,1,7,10,23.41747445292409
606927,1,7,8,29.46580284990459
606936,1,7,6,24.55376561208789
606944,1,7,10,10.5148841539957
606951,1,7,5,0.3700090141005197
606961,1,7,8,23.429961242421644
606970,1,7,2,15.313817521100447
606981,1,7,1,15.548262788759493
606984,1,7,1,23.16965835587384
606986,1,7,5,0.37000902039789374
606988,1,7,7,5.544063933014251
606998,1,7,7,1.452884828525517
606999,1,7,6,22.899389903842806
607003,1,7,8,9.000103996365045
607045,1,7,9,20.72681448630132
607046,1,7,9,7.366620148644521
607062,1,7,8,26.53599929028523
607092,1,7,5,0.3700090141005197
607117,1,7,4,0.3700090657260609
607119,1,7,9,28.886499177718488
607127,1,7,10,11.098146625386072
607146,1,7,8,6.166029592633054
607164,1,7,5,0.3700090141005197
607174,1,7,6,16.731123267578905
607191,1,7,8,29.251655332270644
607204,1,7,9,33.364567032761215
607211,1,7,4,0.3700090657260609
607229,1,7,10,26.034012720460215
607244,1,7,9,29.395975596369
607260,1,7,10,17.46125049293039
607262,1,7,4,0.3700090657260609
607270,1,7,5,0.3700090141005197
607279,1,7,7,6.548723582208007
607297,1,7,10,16.469110287760873
607306,1,7,8,9.655094036257523
607309,1,7,5,0.3700090141005197
607310,1,7,10,24.990516751072335
607323,1,7,7,2.5494635132174324
607342,1,7,1,24.90119518330008
607380,1,7,8,9.384724090410293
607392,1,7,10,16.65525186199491
607393,1,7,5,0.37000902039789374
607410,1,7,9,33.05857979206581
607421,1,7,9,11.620913200827271
607427,1,7,4,0.3700090657260609
607432,1,7,6,7.343717205986622
607442,1,7,3,3.116483315037751
607467,1,7,10,18.98106697320195
607480,1,7,9,24.970182605885142
607481,1,7,5,0.3700090141005197
607483,1,7,10,24.638604985235325
607506,1,7,6,29.158248345705324
607513,1,7,7,5.179944407581635
607534,1,7,10,17.488757483331728
607537,1,7,6,10.877225381248797
607549,1,7,4,0.3700090657260609
607550,1,7,5,0.3700090141005197
607563,1,7,9,33.06246245315558
607569,1,7,9,21.602492076105186
607586,1,7,5,0.3700090141005197
607594,1,7,9,4.653591975059015
607605,1,7,3,1.8599017247492207
607608,1,7,10,5.1284087521982755
607614,1,7,6,28.966036453138354
607617,1,7,9,32.99309867954313
607630,1,7,9,30.14819351245818
607633,1,7,9,29.78496551786799
607643,1,7,1,26.718276923833688
607657,1,7,1,10.103041434983973
607670,1,7,4,0.3700090657260609
607692,1,7,7,2.4770573734113093
607694,1,7,8,15.993878909460742
607699,1,7,5,0.3700090141005197
607711,1,7,4,0.3700090656202526
607729,1,7,8,19.491054384756765
607731,1,7,9,24.265245352567266
607738,0,7,0,0.043040564980060945
607746,1,7,8,12.293083290359505
607764,1,7,5,0.3700090141005197
607768,1,7,4,0.3700090657260609
607776,1,7,9,10.748969565894638
607779,1,7,2,14.955717021347976
607794,1,7,9,30.666294603496564
607829,1,7,6,29.98480042769143
607843,1,7,9,12.76719097276463
607861,0,7,0,0.05623754441956775
607877,1,7,8,27.92445544355378
607885,1,7,8,18.82933506938246
607887,1,7,9,33.73219631181515
607894,1,7,9,29.731843280221163
607901,1,7,2,2.7756932666062393
607916,1,7,1,21.517295605294006
607917,1,7,3,3.0418351507113406
607938,1,7,10,20.079665014591328
607939,1,7,6,8.393214524837825
607949,1,7,1,13.225850585073031
607968,1,7,10,23.724363589878173
607971,1,7,2,7.387951808704904
607974,1,7,8,29.626607548926206
607977,1,7,4,0.3700090657260609
608006,1,7,9,31.950180033057865
608015,1,7,9,21.897163637833952
608017,1,7,5,0.3700090141005197
608025,1,7,9,4.653944795219177
608040,1,7,3,2.5340323838200405
608046,1,7,1,21.467195506305718
608048,1,7,10,10.915169370216889
608070,1,7,10,7.277770771150659
608076,1,7,10,25.380998828529247
608091,1,7,4,0.3700090657260609
608105,1,7,1,10.841085392931248
608108,1,7,7,3.6705527996822163
608112,1,7,4,0.3700090657260609
608115,1,7,10,3.580616858387831
608137,1,7,6,29.70261996533556
608145,1,7,6,11.607533736750248
608154,1,7,5,0.3700090141005197
608155,1,7,6,18.447763103997346
608166,1,7,6,22.340212571421375
608205,1,7,10,6.174644281302107
608219,1,7,10,15.424940738989196
608233,1,7,6,20.05947551255719
608237,1,7,9,24.59566388899876
608264,0,7,0,0.035565293671996207
608266,1,7,7,2.0144348269919226
608270,1,7,6,7.532270982490683
608288,1,7,6,29.50134174776249
608299,1,7,6,22.418637699648965
608312,1,7,8,13.266586903074781
608326,1,7,9,29.843552226644658
608327,1,7,5,0.3700090141005197
608338,1,7,2,5.8280329661657175
608341,1,7,8,23.690205628622756
608342,1,7,10,22.001920876261188
608353,1,7,8,21.123344221277975
608359,1,7,6,18.163758443988645
608362,1,7,9,3.8953332463846304
608371,1,7,2,9.441283391755405
608385,1,7,5,0.37000902039789374
608387,1,7,5,0.3700090141005197
608397,1,7,9,18.46574350638285
608418,1,7,1,13.043854398136778
608422,1,7,10,16.343514835190092
608436,1,7,4,0.3700090657260609
608442,1,7,10,24.641630063476445
608447,1,7,5,0.3700090141005197
608470,1,7,4,0.3700090657260609
608484,1,7,4,0.3700090657260609
608506,1,7,7,3.7030367208255504
608507,1,7,8,14.635222803211052
608511,1,7,5,0.3700090141005197
608553,1,7,9,8.039295656293143
608580,1,7,1,22.16942148002483
608583,1,7,4,0.3700090657260609
608594,1,7,8,30.288564860011892
608596,1,7,2,2.341639008474415
608610,1,7,4,0.3700090657260609
608611,1,7,4,0.3700090657260609
608614,1,7,7,2.48005653633915
608617,1,7,10,20.45781836743857
608626,1,7,6,30.319433082337977
608634,1,7,9,17.59657127522875
608638,1,7,6,10.418533394040981
608651,1,7,6,25.034904676251294
608658,1,7,8,15.211928407506424
608659,0,7,0,0.03654705645856326
608664,0,7,0,0.04454679454227687
608679,1,7,5,0.3700090141005197
608686,1,7,10,9.848712737652042
608691,1,7,5,0.37000902039789374
608693,0,7,0,0.04658105290161674
608703,1,7,5,0.3700090141005197
608707,1,7,5,0.3700090141005197
608708,1,7,10,17.538689403703142
608710,1,7,7,5.266549137520998
608711,1,7,9,27.48697968759604
608728,1,7,5,0.3700090141005197
608744,1,7,2,9.162110994962232
608753,1,7,9,30.240591482368995
608762,1,7,4,0.3700090657260609
608765,1,7,10,25.31407695866285
608767,1,7,3,1.3743296408923757
608769,1,7,6,8.67376282876488
608777,1,7,6,17.69288174400268
608799,1,7,9,33.55618270295209
608803,1,7,6,5.562695768482882
608813,1,7,8,13.86706721194593
608821,1,7,10,5.941414625048755
608826,1,7,8,16.424145052408278
608830,0,7,0,0.03669682944012792
608864,1,7,4,0.3700090657260609
608877,1,7,4,0.3700090657260609
608906,1,7,4,0.3700090657260609
608921,1,7,8,13.390061495227993
608923,1,7,6,26.3460673623833
608924,1,7,5,0.3700090141005197
608928,1,7,6,23.14514670474895
608931,1,7,5,0.3700090141005197
608933,1,7,1,20.13321711770615
608953,1,7,4,0.3700090657260609
608961,1,7,5,0.3700090141005197
608983,1,7,8,21.596517021249728
608985,1,7,9,18.244812764503937
609016,0,7,0,0.041197865833060544
609061,1,7,5,0.3700090141005197
609114,1,7,8,9.763404045409155
609115,1,7,8,11.315135628074056
609128,1,7,8,22.80297935001086
609138,1,7,3,0.9682973043366434
609139,1,7,10,13.434404246341327
609144,1,7,10,20.999238961873765
609145,1,7,4,0.3700090657260609
609154,1,7,5,0.3700090141005197
609175,1,7,9,17.258235740613333
609178,1,7,6,20.715156426116096
609179,1,7,9,27.95980163095304
609185,1,7,5,0.3700090141005197
609190,1,7,9,27.654804788962103
609191,1,7,6,22.69306849341084
609211,1,7,4,0.3700090657260609
609224,0,7,0,0.04188334561788751
609226,1,7,4,0.3700090657260609
609233,1,7,9,9.231795931189465
609257,1,7,9,17.741749379005004
609268,1,7,5,0.3700090141005197
609269,1,7,5,0.3700090141005197
609275,1,7,9,8.95899554183981
609277,1,7,8,29.279114582431863
609281,1,7,10,14.41409861078606
609282,1,7,4,0.3700090657260609
609293,1,7,8,26.324204265219283
609308,1,7,4,0.3700090657260609
609325,1,7,9,5.707887965988365
609345,1,7,10,21.44970140459982
609373,1,7,1,16.02337506846194
609375,1,7,10,26.040641332371386
609381,1,7,8,17.010196171863303
609392,1,7,7,5.825612769331746
609397,1,7,9,2.026917914676367
609400,1,7,9,10.799387810006735
609409,1,7,9,9.45437491303538
609410,1,7,8,10.67965226495593
609414,1,7,4,0.3700090657260609
609419,1,7,9,32.825320788337486
609443,1,7,9,22.606696126522223
609450,1,7,8,35.9060001775724
609452,1,7,5,0.3700090141005197
609459,1,7,8,24.9367324906293
609461,1,7,10,4.505259755252356
609485,1,7,5,0.3700090141005197
609488,1,7,6,12.175184214276651
609503,1,7,8,30.528832795233516
609515,1,7,7,5.318429149710516
609546,1,7,5,0.3700090141005197
609557,1,7,7,0.8787901370282168
609578,1,7,10,24.785978959256173
609579,1,7,5,0.3700090141005197
609581,1,7,1,18.941284359487412
609607,1,7,5,0.3700090141005197
609615,1,7,5,0.3700090141005197
609622,1,7,6,29.768261916901043
609623,1,7,6,27.74953526395361
609630,1,7,1,20.338525361054813
609639,1,7,8,15.566738758674264
609647,1,7,8,14.593365661453246
609650,1,7,6,22.721922576345733
609652,1,7,5,0.37000902039789374
609655,1,7,9,8.22014176531989
609665,1,7,10,21.00725012102806
609686,1,7,6,18.925054189545406
609687,1,7,6,27.983341951579533
609706,1,7,9,24.952997395197954
609707,1,7,8,28.078239279554072
609729,1,7,9,2.584080663669675
609739,1,7,9,33.231592716279046
609741,1,7,1,26.10401257145938
609742,1,7,3,3.1835752602285683
609751,1,7,4,0.3700090657260609
609785,1,7,5,0.3700090141005197
609801,1,7,9,10.573745211499174
609813,1,7,4,0.3700090657260609
609816,1,7,9,11.707729163940472
609821,1,7,9,29.47907397472756
609834,1,7,6,22.731093745535734
609856,0,7,0,0.029652907939241715
609862,1,7,9,33.480204799170146
609872,1,7,2,4.1733887736177335
609885,0,7,0,0.04593054250385398
609917,1,7,8,21.726778913518334
609945,1,7,9,19.626086439893943
609946,1,7,6,18.411446023911303
609957,1,7,10,6.700260637421245
609958,1,7,4,0.3700090657260609
609959,1,7,2,7.7676149118119575
609968,1,7,1,21.71328406756559
609969,1,7,1,21.57915690737743
609981,1,7,6,22.975185615484676
609986,1,7,1,16.483334956125525
609988,1,7,1,3.8054992604773346
609999,1,7,7,5.451727738371797
610007,1,7,4,0.3700090657260609
610017,1,7,5,0.3700090141005197
610018,1,7,8,29.86691973168115
610023,1,7,9,21.527052410199047
610024,1,7,3,2.8235320260246946
610039,1,7,8,18.633217304105052
610040,1,7,4,0.3700090657260609
610044,1,7,5,0.3700090141005197
610052,0,7,0,0.04690641019532716
610059,1,7,1,17.88396450340881
610060,1,7,5,0.3700090141005197
610070,1,7,9,28.829121693724
610073,1,7,8,11.371806940153403
610094,1,7,4,0.3700090657260609
610105,1,7,9,23.44896329688324
610109,1,7,9,30.15022109301027
610138,1,7,9,16.693250890839217
610145,1,7,8,28.93844111074957
610151,1,7,8,26.85465348950846
610156,1,7,4,0.3700090657260609
610176,1,7,9,19.008676165367422
610177,1,7,10,25.209397371937886
610179,1,7,3,2.7383944023265894
610184,1,7,7,2.8845710625074616
610185,1,7,5,0.3700090141005197
610187,0,7,0,0.044527097165033516
610212,1,7,3,3.1678625584842233
610225,1,7,4,0.3700090657260609
610243,1,7,6,30.418014278037123
610244,1,7,9,13.948444243934944
610251,1,7,5,0.37000902039789374
610253,1,7,4,0.3700090657260609
610255,1,7,6,11.13034334955155
610281,1,7,6,28.660151792595308
610286,1,7,9,21.87558916457828
610296,1,7,9,14.624108378144705
610303,1,7,6,22.49652827365078
610326,1,7,10,26.059613957853237
610335,1,7,6,8.079747730161124
610350,1,7,10,10.873008984347418
610359,1,7,10,17.433915253557256
610360,1,7,5,0.3700090141005197
610377,1,7,6,21.5507819997401
610387,1,7,6,30.391257087327524
610390,1,7,2,14.993866514066198
610393,1,7,1,12.399759259923409
610396,1,7,6,24.30774769250195
610398,1,7,7,5.598828589400491
610404,1,7,8,32.468949143119666
610416,1,7,8,23.542932899129976
610420,1,7,3,3.1276915679368096
610424,1,7,9,33.41308069662699
610427,1,7,6,21.874340874904057
610432,1,7,5,0.3700090141005197
610436,1,7,8,22.903770930275247
610438,1,7,6,29.74830553610318
610452,1,7,4,0.3700090657260609
610453,1,7,6,28.097817547045263
610461,1,7,9,29.225683136440605
610466,1,7,9,23.236911188541878
610529,1,7,4,0.3700090657260609
610540,1,7,4,0.3700090656202526
610544,1,7,9,24.759110898164554
610555,1,7,3,3.2327061415136464
610560,1,7,3,3.228587718764033
610574,1,7,2,2.3783857554818946
610575,1,7,9,32.79468875084521
610591,1,7,8,5.468887884585965
610603,1,7,2,10.645672789927328
610614,1,7,6,17.12416541564865
610615,1,7,2,8.354639786070752
610625,1,7,9,33.60702211102954
610637,1,7,9,31.995556173097118
610638,1,7,1,6.400611158421125
610660,1,7,8,16.866061289812862
610694,1,7,6,22.31667399722253
610709,1,7,5,0.3700090141005197
610723,1,7,7,4.060948150534332
610724,1,7,3,3.2151754298835455
610727,1,7,4,0.3700090657260609
610746,1,7,6,20.85349412800856
610769,1,7,4,0.3700090657260609
610781,1,7,9,14.126863603504212
610786,1,7,9,32.86439056051163
610788,1,7,9,19.92681289523599
610814,1,7,6,21.946801691081827
610871,0,7,0,0.03272126039861405
610916,1,7,6,30.540380120530177
610923,1,7,7,5.938703329924032
610924,1,7,9,7.759537452633747
610926,1,7,2,10.932385072714295
610942,1,7,5,0.3700090141005197
610947,1,7,10,7.359797527263128
610956,1,7,6,20.44409207613931
610961,1,7,1,20.083319665426178
610966,1,7,4,0.3700090657260609
610987,1,7,9,24.35931197453385
611017,1,7,10,17.305714180838457
611020,1,7,9,14.682406732228198
611025,1,7,8,22.55619986914889
611032,1,7,8,28.933448565467042
611035,1,7,5,0.3700090141005197
611036,1,7,7,6.46890036713486
611068,1,7,1,13.139550664599188
611069,1,7,9,22.86636825705951
611074,1,7,10,15.154400756235091
611080,1,7,8,20.427826090918998
611093,1,7,9,28.36855762148196
611095,1,7,4,0.3700090657260609
611114,1,7,5,0.3700090141005197
611117,1,7,9,29.300672530435204
611129,1,7,8,27.274303026198005
611165,1,7,10,18.898583206776713
611230,1,7,7,4.708877520791583
611231,1,7,2,10.35020392017351
611232,0,7,0,0.03655773859327219
611239,1,7,7,1.371949399827188
611259,0,7,0,0.030445120082230086
611272,1,7,4,0.3700090657260609
611284,1,7,6,29.986551201102895
611299,1,7,10,18.500716883961783
611319,1,7,8,8.599236042526982
611331,1,7,9,30.049616980562
611348,1,7,2,6.773549939330162
611351,1,7,4,0.3700090657260609
611378,1,7,5,0.37000902039789374
611389,1,7,3,1.197993676763373
611395,1,7,9,15.669466079580598
611416,1,7,6,15.879570453816026
611424,1,7,6,9.048961036583579
611425,1,7,8,4.110915803762767
611441,1,7,2,5.060885943286589
611451,1,7,3,2.9364764646562813
611455,1,7,10,11.192082745863713
611466,1,7,9,10.17177064097411
611467,0,7,0,0.03767095535407462
611475,1,7,4,0.3700090657260609
611522,1,7,8,5.431318439740989
611549,1,7,9,33.78293008766535
611560,1,7,5,0.3700090141005197
611577,0,7,0,0.028485955631530665
611584,1,7,8,34.26219373277099
611592,1,7,6,4.347731993492513
611597,1,7,10,26.03549395844953
611610,1,7,5,0.3700090141005197
611612,1,7,9,28.943993361552618
611619,1,7,8,14.315781362744906
611621,1,7,8,26.64586277439645
611631,1,7,6,22.203711079715607
611635,1,7,5,0.3700090141005197
611638,1,7,9,18.432222949626752
611652,1,7,9,29.23950412399287
611658,1,7,10,4.145861641114995
611661,1,7,6,14.506073665480105
611665,1,7,10,25.53617547971586
611670,1,7,9,23.17414180785581
611673,1,7,10,7.00925733508477
611683,1,7,9,3.8062517070811666
611697,1,7,5,0.37000902039789374
611700,1,7,3,2.5145238638842446
611705,1,7,9,11.077385870429591
611718,1,7,10,25.85568947580632
611737,1,7,6,20.760812792458413
611743,1,7,1,18.588324576429372
611745,1,7,5,0.3700090141005197
611759,1,7,2,12.313653799282205
611778,1,7,6,15.86463576095313
611792,1,7,1,18.22125950435151
611794,1,7,4,0.3700090657260609
611797,0,7,0,0.03212241631632036
611798,1,7,10,22.779745541849717
611803,1,7,9,32.75926977983794
611808,1,7,9,31.061211196249232
611827,1,7,5,0.3700090141005197
611845,1,7,1,3.7716773788765536
611848,1,7,8,11.924592327421369
611869,1,7,10,16.68169806729526
611876,1,7,4,0.3700090657260609
611883,1,7,8,13.152280474702206
611887,1,7,4,0.3700090657260609
611891,1,7,6,10.268628780524194
611933,1,7,10,10.063983584949941
611934,1,7,9,17.161107257773203
611953,1,7,8,29.04698936294223
611957,0,7,0,0.038890096995969396
611980,1,7,8,30.450564920240748
612000,1,7,5,0.3700090141005197
612003,1,7,10,11.739914434025373
612006,1,7,6,29.74657936290232
612038,1,7,9,33.06691678525227
612049,1,7,10,10.063845297092882
612051,1,7,6,14.561222205455012
612053,1,7,8,22.647827196727572
612054,1,7,4,0.3700090657260609
612061,1,7,4,0.3700090657260609
612073,1,7,4,0.3700090657260609
612084,1,7,8,14.457258096212918
612088,1,7,7,5.958360906694168
612104,1,7,5,0.3700090141005197
612117,1,7,4,0.3700090657260609
612137,1,7,4,0.3700090657260609
612153,1,7,8,26.720242780711818
612169,1,7,6,22.271588464797755
612175,0,7,0,0.03926639823455331
612177,1,7,5,0.3700090141005197
612224,1,7,10,9.41384690343583
612229,1,7,9,25.077193923138687
612230,1,7,10,6.227333618856836
612231,0,7,0,0.04685959734391789
612237,1,7,3,2.425232022244903
612243,1,7,6,15.791467947156201
612252,1,7,10,24.3890829842251
612275,1,7,6,11.833548430897494
612279,1,7,7,5.305891949959302
612286,1,7,9,3.4785990339311454
612312,1,7,10,13.640400942889542
612315,1,7,2,5.270332599211538
612324,1,7,8,15.764453841350074
612333,1,7,3,2.6706659154063477
612344,1,7,5,0.3700090141005197
612354,1,7,6,19.227517417056525
612356,1,7,5,0.37000902039789374
612366,1,7,6,28.661441108266892
612382,1,7,8,10.64997652994296
612394,1,7,9,19.65907968764027
612397,1,7,5,0.3700090141005197
612415,1,7,5,0.3700090141005197
612416,0,7,0,0.028979523632094148
612419,1,7,8,32.57353344534944
612469,1,7,3,2.0443226009567717
612477,1,7,9,15.964627002355911
612478,1,7,9,30.046332603415568
612488,1,7,4,0.3700090657260609
612489,0,7,0,0.03622013311441032
612496,1,7,8,16.091932896600007
612519,1,7,10,15.118178985058297
612532,1,7,3,3.123991650807355
612533,1,7,5,0.3700090141005197
612537,1,7,8,9.417494699570177
612545,1,7,9,24.02714814220666
612565,1,7,3,3.148125480512129
612571,1,7,6,29.87688139611853
612574,1,7,10,16.189981297328064
612585,1,7,6,13.963892463348301
612595,1,7,4,0.3700090657260609
612600,1,7,6,14.17757071109205
612602,1,7,9,23.52870533684817
612609,1,7,1,21.986176831887942
612631,1,7,4,0.3700090657260609
612642,1,7,9,26.032791607951747
612649,1,7,4,0.3700090657260609
612674,1,7,8,21.386171088364144
612693,1,7,8,28.77629143686284
612721,1,7,1,14.137607042593917
612725,1,7,5,0.37000902039789374
612727,1,7,4,0.3700090657260609
612730,1,7,9,12.858728220672461
612746,1,7,9,4.717510638010044
612752,1,7,9,16.54523892247462
612756,1,7,10,13.724369920789847
612765,1,7,8,22.644257027387024
612767,1,7,9,28.68866743425184
612768,1,7,8,30.01560624622588
612774,1,7,4,0.3700090657260609
612777,0,7,0,0.03646220441460784
612784,1,7,4,0.3700090657260609
612788,1,7,9,26.09948218495078
612794,0,7,0,0.032811530903742094
612795,1,7,1,26.074239378572774
612796,1,7,8,22.130242175928394
612800,1,7,9,31.362327542062946
612806,1,7,8,17.774746767561943
612810,0,7,0,0.026926485626463083
612830,1,7,8,6.116608483322369
612840,1,7,1,17.444000526829438
612845,1,7,4,0.3700090657260609
612868,1,7,4,0.3700090657260609
612882,1,7,3,3.2250772207167024
612891,1,7,4,0.3700090657260609
612896,1,7,9,20.983760791624853
612907,1,7,7,2.4474192644969244
612917,1,7,10,23.980679491269818
612919,1,7,9,22.834576433493098
612922,1,7,3,2.4801618180843343
612930,1,7,8,29.24624779318809
612932,1,7,10,18.7361008260075
612954,1,7,6,16.2788440612061
612964,1,7,9,30.346053764327596
612970,1,7,10,19.859610929430367
612984,1,7,4,0.3700090657260609
612988,1,7,7,6.388118984821148
613008,1,7,9,17.718983689950598
613016,0,7,0,0.035867584941290824
613018,1,7,8,27.45385800656496
613026,1,7,2,12.906044008551891
613043,1,7,6,21.571468794104092
613045,1,7,7,0.6040753576276556
613060,1,7,9,18.535381950856053
613067,1,7,6,19.163821906640525
613070,1,7,4,0.3700090657260609
613086,0,7,0,0.032516713005001564
613098,1,7,9,27.46120756362081
613108,1,7,1,20.180042701126833
613114,1,7,8,15.562343049539777
613116,1,7,10,7.107424876919368
613127,1,7,8,31.370676170468876
613129,1,7,7,3.229413582736931
613131,1,7,6,16.681971839858935
613135,1,7,10,6.846672744465721
613147,1,7,10,26.063240231354946
613149,1,7,6,28.96916567238014
613152,1,7,9,16.560237925864847
613159,0,7,0,0.04197114184678648
613169,0,7,0,0.03591445260028904
613173,1,7,9,17.284349171654448
613185,1,7,9,17.38605989190133
613198,1,7,8,28.887444933242335
613212,1,7,9,10.040966532891135
613214,1,7,4,0.3700090656202526
613221,1,7,6,22.754300988469993
613223,1,7,9,22.534474706584678
613233,1,7,3,1.5455220934414402
613255,1,7,8,15.765350478767575
613277,0,7,0,0.027155427859277118
613283,1,7,2,15.702278803410499
613302,1,7,1,22.90968661428276
613306,1,7,1,21.497582970624673
613312,1,7,9,16.57838082094436
613316,1,7,7,6.362061647084457
613317,1,7,8,20.12974109397219
613369,1,7,6,15.725393979658529
613375,1,7,8,31.799396514148842
613385,1,7,4,0.3700090657260609
613388,1,7,8,22.429898249403212
613394,1,7,9,23.839869411769303
613397,1,7,8,22.873282189942614
613421,1,7,5,0.3700090141005197
613436,1,7,8,17.795579743303065
613439,1,7,9,5.690980369106735
613458,1,7,5,0.3700090141005197
613462,1,7,5,0.3700090141005197
613463,1,7,5,0.3700090141005197
613466,1,7,10,17.532122195049766
613472,1,7,1,18.034008090740517
613483,1,7,6,28.549977204397063
613499,1,7,4,0.3700090657260609
613503,1,7,6,21.986362992898606
613504,1,7,1,14.64171755447639
613535,1,7,8,34.891001407947265
613539,1,7,1,19.617603838166396
613543,0,7,0,0.1502236343069492
613549,1,7,4,0.3700090657260609
613564,1,7,5,0.3700090141005197
613576,1,7,9,30.67255413552187
613577,1,7,4,0.3700090657260609
613587,1,7,9,31.223846967355694
613603,1,7,9,19.573101562707595
613618,1,7,4,0.3700090657260609
613623,1,7,9,23.67367671594867
613624,1,7,4,0.3700090657260609
613649,1,7,4,0.3700090657260609
613657,1,7,4,0.3700090657260609
613660,1,7,10,26.01111958454702
613662,1,7,1,21.58001284601128
613672,1,7,7,4.836111096621123
613723,1,7,9,17.036784900788916
613724,1,7,9,8.593886497118902
613727,1,7,9,30.83276347269057
613729,1,7,6,16.787141880326512
613750,1,7,5,0.3700090141005197
613764,1,7,4,0.3700090657260609
613779,1,7,9,32.88084239139739
613787,1,7,9,24.615950275738427
613794,1,7,5,0.3700090141005197
613804,1,7,1,21.984721778117684
613807,1,7,10,16.122033669856698
613822,1,7,9,31.366658763393072
613842,1,7,8,32.652407867931835
613851,0,7,0,0.03137688151411352
613859,1,7,6,18.13952514363012
613865,1,7,7,2.1981403883379222
613887,1,7,4,0.3700090656202526
613901,1,7,4,0.3700090656202526
613923,1,7,5,0.3700090141005197
613928,1,7,9,10.32743240902631
613939,1,7,6,26.988495340197836
613941,1,7,9,22.446225013681552
613960,1,7,7,2.3344478517530693
613961,1,7,9,30.338748927712917
613972,1,7,10,5.816581343036857
613978,1,7,6,28.901085886052105
613979,1,7,4,0.3700090657260609
613984,1,7,5,0.3700090141005197
613988,1,7,10,15.198677235992637
614007,1,7,10,11.712960843552242
614017,1,7,9,20.24542538816456
614035,1,7,7,1.124316527563568
614045,0,7,0,0.031040832665555313
614051,1,7,9,33.77032413885192
614052,1,7,7,6.1161509239343355
614094,1,7,8,9.89441853122335
614106,1,7,4,0.3700090657260609
614108,1,7,6,12.710927118892874
614112,1,7,9,31.61921826127907
614117,1,7,7,0.668671205011755
614136,1,7,9,9.664466884852292
614137,1,7,10,12.454985238388234
614155,1,7,6,24.05635326871508
614191,1,7,5,0.3700090141005197
614199,1,7,10,18.49861600322969
614200,1,7,3,1.3299338772660725
614216,1,7,6,26.72997297626152
614222,0,7,0,0.40131568940593365
614241,1,7,7,4.683408638897744
614253,1,7,6,19.6792167469794
614255,1,7,4,0.3700090657260609
614257,1,7,3,3.1066663939746006
614293,1,7,5,0.3700090141005197
614295,0,7,0,0.030760139566698274
614298,1,7,1,27.32902875828997
614299,1,7,8,35.05617475976671
614319,1,7,9,29.831090450320392
614354,1,7,6,30.506762638109265
614378,1,7,3,2.9884903159455067
614383,1,7,9,9.455653859748892
614395,1,7,5,0.3700090141005197
614397,1,7,6,22.179789052348713
614415,1,7,5,0.3700090141005197
614416,1,7,3,1.7495020873773413
614425,0,7,0,0.06161340572986047
614430,1,7,2,3.7550827308153183
614433,1,7,9,21.161455754899947
614440,1,7,6,29.45676643951054
614464,1,7,4,0.3700090657260609
614470,1,7,9,14.602601943689999
614488,1,7,9,29.272367640659184
614493,1,7,9,30.74109906853796
614498,1,7,3,3.107724037632917
614509,1,7,4,0.3700090657260609
614517,1,7,8,27.203452195897345
614539,1,7,7,3.1715307337181486
614547,0,7,0,0.038540694644977766
614563,1,7,5,0.3700090141005197
614564,1,7,1,10.086826733202074
614569,1,7,6,10.547461613961701
614576,1,7,8,30.4288491778971
614583,1,7,7,1.6531784608677027
614586,1,7,9,17.408752801538853
614603,1,7,6,16.26286438269497
614615,1,7,4,0.3700090657260609
614617,1,7,9,11.313573293248925
614621,1,7,1,26.428616571664136
614624,1,7,3,3.0002724724097916
614633,1,7,9,33.4139310813639
614636,1,7,4,0.3700090657260609
614669,1,7,8,27.969871002756598
614670,1,7,9,5.844814532246257
614673,1,7,10,22.495041605045476
614675,1,7,8,25.705298820882298
614681,1,7,5,0.3700090141005197
614691,1,7,8,28.803420964599244
614701,1,7,8,9.112108570171094
614708,1,7,10,13.685784389266072
614722,0,7,0,0.03328578834378381
614736,1,7,6,26.678755001464786
614748,1,7,6,24.276112854149275
614766,1,7,8,5.778459564009324
614778,1,7,2,11.479061036674288
614804,1,7,10,22.096816234025905
614817,1,7,8,29.000104164428514
614819,1,7,9,22.148514780852963
614822,1,7,7,1.6656935803923685
614832,1,7,10,25.524570199708222
614836,1,7,2,15.03871483706681
614839,0,7,0,0.038807168806826636
614850,1,7,7,0.6566233428363919
614851,1,7,8,32.24409366008976
614854,1,7,8,18.002117374658297
614856,1,7,9,12.90950672567808
614859,1,7,6,8.38297950884655
614861,1,7,6,29.37941211443213
614864,1,7,7,2.705228887900207
614870,1,7,10,15.099042279926508
614892,1,7,9,25.913334995599765
614895,1,7,4,0.3700090657260609
614899,1,7,9,27.449524936367986
614922,1,7,8,24.37419978365901
614929,1,7,6,12.111320342235368
614949,1,7,1,23.529759256630243
614952,1,7,8,6.370549757580038
614956,1,7,4,0.3700090657260609
614958,1,7,10,16.1119569332529
614966,1,7,5,0.3700090141005197
614967,1,7,8,36.040849054135386
614991,1,7,6,12.343709570603451
615000,1,7,1,4.594975264045878
615014,1,7,9,14.289576612595074
615029,1,7,7,4.440828988486375
615042,1,7,9,10.021545566507456
615073,1,7,8,9.767843361784568
615075,1,7,4,0.3700090657260609
615081,1,7,8,33.66504023422672
615082,1,7,4,0.3700090657260609
615084,1,7,8,29.53284825426053
615091,1,7,7,2.731419073981562
615096,1,7,5,0.3700090141005197
615099,1,7,6,16.26430389748814
615121,1,7,6,23.740270302826303
615127,1,7,2,4.147643866398586
615151,1,7,4,0.3700090656202526
615163,1,7,9,2.5449651226041134
615167,1,7,5,0.3700090141005197
615173,1,7,5,0.3700090141005197
615182,1,7,6,7.105484759053972
615185,1,7,6,9.501063260400707
615186,1,7,8,5.730672131769229
615202,1,7,3,2.561648053610413
615209,1,7,10,15.878124615195052
615213,1,7,9,21.72782358366554
615222,1,7,6,22.519508623132907
615228,1,7,4,0.3700090657260609
615230,1,7,10,17.73636768716943
615241,1,7,1,23.560604839042814
615244,1,7,5,0.3700090141005197
615246,1,7,6,19.956656400119744
615249,1,7,8,9.395423971775514
615262,1,7,4,0.3700090657260609
615263,1,7,9,3.6919113116714635
615265,1,7,7,3.293367745795706
615281,1,7,8,29.841398881690225
615286,1,7,5,0.3700090141005197
615291,1,7,8,25.541471310996684
615292,1,7,6,26.13536826169761
615294,1,7,4,0.3700090657260609
615296,1,7,1,17.78165901370216
615306,1,7,6,24.32296626077275
615309,1,7,4,0.3700090657260609
615310,1,7,9,9.852907848870757
615325,1,7,4,0.3700090657260609
615351,1,7,7,0.9620366156446073
615356,1,7,1,17.204629557882104
615373,1,7,9,32.44648541075687
615383,1,7,9,24.811399357418875
615389,1,7,7,2.672314285723881
615395,1,7,4,0.3700090657260609
615396,1,7,5,0.3700090141005197
615407,1,7,10,21.01396402566832
615417,1,7,8,9.365833966311172
615418,1,7,10,14.48214842073081
615421,1,7,5,0.3700090141005197
615423,0,7,0,0.032076892156900225
615429,1,7,10,19.440766499102722
615434,1,7,8,23.39117661987362
615437,1,7,9,22.948741804456592
615464,1,7,3,3.230863557094271
615471,0,7,0,0.043217929321443055
615492,1,7,9,22.48699292947888
615496,1,7,8,24.11327876273076
615499,1,7,10,12.2237216638085
615526,1,7,8,14.059909413397707
615531,1,7,1,24.391642095482748
615532,1,7,6,9.94208000486164
615535,1,7,5,0.3700090141005197
615569,1,7,4,0.3700090657260609
615585,1,7,10,26.033983538589894
615587,1,7,1,9.398505487185652
615588,1,7,5,0.3700090141005197
615612,1,7,9,23.191750745141064
615617,1,7,1,14.109516405613581
615619,1,7,8,15.86188453552095
615632,1,7,9,33.76239503762112
615639,1,7,7,5.893945122064365
615658,1,7,4,0.3700090657260609
615663,1,7,10,6.551318180885196
615667,1,7,3,2.9133659830797964
615670,1,7,6,29.54754302460298
615679,1,7,9,26.881277512902027
615696,1,7,9,23.16194212277766
615697,1,7,5,0.3700090141005197
615700,1,7,5,0.3700090141005197
615726,0,7,0,0.03271226995935575
615730,1,7,10,20.976090744606292
615734,1,7,4,0.3700090657260609
615765,1,7,6,29.402948301336806
615766,1,7,7,5.542064081939535
615774,1,7,6,29.371392839582885
615777,1,7,8,19.962219446491655
615795,1,7,8,17.671443694356185
615810,1,7,9,2.392932085481395
615825,1,7,1,25.121887619176857
615833,1,7,8,13.573635945753482
615840,1,7,10,9.687487175174347
615858,1,7,8,23.74763138418748
615864,1,7,9,5.054297703374296
615865,1,7,10,4.616515823126729
615871,1,7,8,12.655161754653314
615877,1,7,10,15.441979313113894
615885,1,7,5,0.3700090141005197
615891,1,7,2,4.0662633978914915
615916,1,7,6,24.52282871117379
615919,0,7,0,0.033030261473622445
615929,1,7,3,3.222572168655856
615957,1,7,8,24.456179236135796
615960,1,7,10,15.865823898340258
615963,1,7,9,16.86933233300861
615985,1,7,8,33.881764136507556
615988,1,7,10,17.28728775229531
616001,1,7,8,19.575247835632787
616009,1,7,9,30.60705987841155
616020,1,7,10,16.321348233935637
616023,1,7,8,18.821391921028113
616039,1,7,9,9.288755603584477
616060,1,7,1,17.182587922076156
616069,1,7,4,0.3700090657260609
616070,1,7,3,1.6066663269046064
616085,1,7,9,18.248334515666066
616088,1,7,5,0.3700090141005197
616089,1,7,9,23.56150215661136
616117,1,7,6,20.82122555057273
616124,1,7,1,20.948640504156693
616129,1,7,4,0.3700090657260609
616153,0,7,0,0.05459807629689587
616184,0,7,0,0.05728596294947559
616186,1,7,9,6.810550451536484
616189,1,7,8,29.56884420722972
616195,1,7,4,0.3700090657260609
616201,1,7,7,6.241341330564116
616232,1,7,5,0.3700090141005197
616238,1,7,4,0.3700090657260609
616273,1,7,1,18.669719675512994
616276,1,7,4,0.3700090657260609
616280,1,7,1,26.21527650012506
616283,1,7,5,0.3700090141005197
616288,1,7,10,7.683010569987631
616297,1,7,5,0.3700090141005197
616303,1,7,9,33.315706446939835
616308,1,7,9,6.1721642586505014
616345,1,7,2,16.575492576984885
616359,1,7,5,0.37000902039789374
616363,1,7,4,0.3700090657260609
616369,1,7,7,2.9197277718041468
616375,1,7,7,1.2547737886191277
616380,1,7,9,17.9001594934032
616381,1,7,2,10.06601823285288
616403,1,7,8,33.8854189984035
616404,1,7,4,0.3700090657260609
616414,1,7,6,9.385118500176969
616416,0,7,0,0.05567840751444166
616418,1,7,10,23.386186357523947
616419,1,7,10,6.38178131311248
616421,1,7,4,0.3700090657260609
616425,1,7,8,26.313499109558187
616438,1,7,10,14.23045117908568
616444,1,7,4,0.3700090657260609
616486,1,7,4,0.3700090657260609
616488,1,7,1,14.429614876834979
616499,1,7,9,3.488211975405859
616502,1,7,10,18.52644807236126
616514,1,7,3,3.119302908565489
616525,1,7,6,28.09513145616525
616537,1,7,10,12.580729975032241
616548,1,7,8,17.78390938920517
616561,1,7,8,25.944860422521778
616562,0,7,0,0.016089382236961516
616566,1,7,5,0.3700090141005197
616574,0,7,0,0.03419977387001917
616596,1,7,8,32.2884665392815
616602,1,7,9,2.6502424193322427
616616,1,7,1,11.531217089996973
616618,1,7,8,3.534330771386992
616627,1,7,7,5.73460045122609
616639,1,7,3,0.6574717904556243
616652,1,7,8,28.46038198322923
616655,1,7,10,22.184598918547785
616667,1,7,6,25.074516314215295
616669,1,7,4,0.3700090657260609
616672,1,7,4,0.3700090657260609
616682,1,7,9,33.02051253301301
616683,0,7,0,0.03882607121378533
616699,1,7,5,0.3700090141005197
616715,0,7,0,0.038506040544142514
616721,1,7,9,19.674215571395486
616738,1,7,9,24.1401798535875
616744,1,7,4,0.3700090657260609
616748,1,7,10,22.04431973031661
616761,1,7,8,20.860763841249934
616788,1,7,8,14.650334696583855
616800,1,7,4,0.3700090657260609
616808,1,7,5,0.3700090141005197
616822,1,7,6,27.674164526287864
616845,1,7,1,22.4287756266404
616857,1,7,7,2.0517905470445177
616863,1,7,10,18.307418110046324
616867,1,7,2,15.186611940343754
616889,1,7,9,9.87125503800198
616896,1,7,4,0.3700090657260609
616901,1,7,10,17.550681880075366
616903,1,7,2,12.841363643232476
616911,1,7,8,16.036787007185143
616912,1,7,7,5.645730608265908
616916,1,7,9,20.799449260357186
616922,1,7,5,0.37000902039789374
616931,1,7,2,3.4874247747124163
616939,1,7,6,14.067355005699389
616953,1,7,5,0.3700090141005197
616964,0,7,0,0.032962140490791526
616984,1,7,9,23.686041916419818
616986,1,7,5,0.3700090141005197
616992,1,7,6,9.1130806617153
617009,1,7,5,0.3700090141005197
617014,1,7,2,11.884166258309564
617028,1,7,6,10.877132550531519
617033,1,7,5,0.3700090141005197
617034,1,7,8,5.30115030974037
617043,1,7,5,0.3700090141005197
617056,1,7,7,6.063369548547069
617069,1,7,9,30.87958911312805
617070,1,7,8,19.56723382454072
617091,0,7,0,0.039098016073739854
617099,1,7,8,12.636258268154064
617100,1,7,8,31.312839813839854
617113,1,7,9,15.719698633839366
617114,1,7,4,0.3700090657260609
617120,1,7,6,30.519010299951685
617130,1,7,8,2.06875701737708
617148,1,7,2,1.0746011236725854
617153,1,7,9,3.134904215887572
617154,1,7,9,17.00346767467191
617159,1,7,9,25.6637792126028
617170,1,7,6,22.42510140440082
617194,1,7,6,13.59425605605996
617197,1,7,8,16.15921531176855
617200,1,7,6,9.050366549728562
617211,1,7,1,17.959835006108445
617219,1,7,5,0.37000902039789374
617237,1,7,5,0.3700090141005197
617239,0,7,0,0.03771317847729826
617246,1,7,10,4.393497261194062
617278,1,7,10,16.302256228948398
617279,1,7,4,0.3700090657260609
617290,1,7,8,26.53207555798197
617306,1,7,1,8.902112399742311
617333,1,7,3,3.1985388937331027
617345,1,7,9,31.163323186698104
617347,1,7,5,0.3700090141005197
617366,1,7,9,24.691846521108488
617406,1,7,10,22.066342015466045
617409,1,7,7,3.3342020765803855
617413,1,7,8,19.940267949078137
617423,1,7,1,10.714693411421763
617427,1,7,6,28.65015475422548
617434,1,7,7,0.3626926000636869
617436,1,7,6,17.691711214986835
617437,1,7,8,10.863684913729326
617444,1,7,10,18.903864522209485
617466,1,7,8,29.22467192362906
617478,1,7,9,33.46184040976323
617487,1,7,8,30.13911982230727
617494,1,7,7,4.307169305573532
617498,1,7,6,5.559929600149147
617509,1,7,4,0.3700090657260609
617511,1,7,1,12.149398288986895
617570,1,7,9,32.26577076242222
617613,1,7,5,0.3700090141005197
617622,1,7,5,0.3700090141005197
617626,1,7,7,1.3404140514768481
617643,1,7,9,32.98132142616932
617647,1,7,8,18.97206746717115
617652,1,7,6,7.852081003126851
617663,1,7,6,20.869869970675186
617666,1,7,6,20.275290864356617
617684,1,7,4,0.3700090657260609
617694,1,7,7,2.2080263649055043
617695,1,7,4,0.3700090657260609
617706,1,7,6,30.53359037968699
617720,1,7,8,33.42564556222116
617721,0,7,0,0.02993840877479948
617741,1,7,9,32.569774483866524
617745,1,7,3,3.135591365772822
617751,0,7,0,0.047261077853678696
617755,1,7,9,30.849090903563713
617784,1,7,5,0.3700090141005197
617790,1,7,7,0.6391413828041983
617792,1,7,10,18.6664040842338
617808,1,7,6,21.680721370241145
617816,1,7,6,8.42765503760012
617819,1,7,9,12.94494686064891
617850,1,7,10,14.86310996343516
617853,1,7,3,3.2667573037063695
617863,1,7,8,30.424774875510938
617867,1,7,10,20.538190403877103
617874,1,7,6,25.860739226477467
617875,1,7,8,31.996169303825358
617877,1,7,5,0.3700090141005197
617916,1,7,6,19.66994432486745
617924,1,7,7,5.234282905542822
617928,1,7,6,18.715081054067994
617939,1,7,9,17.73678273894866
617941,1,7,9,32.644134748092036
617945,1,7,9,22.57572314944701
617983,1,7,2,12.8216993689529
618003,1,7,9,26.127824261514668
618015,1,7,1,28.00729014670146
618038,1,7,5,0.3700090141005197
618043,1,7,9,30.708511508962264
618049,1,7,8,13.638322049327522
618070,1,7,8,17.439856595012937
618072,1,7,10,24.453165443617017
618119,1,7,9,27.152846620706782
618121,1,7,5,0.3700090141005197
618142,0,7,0,0.035005834146633434
618155,1,7,7,5.400343924562971
618157,0,7,0,0.12690455874317266
618208,1,7,2,14.372610712039517
618211,1,7,9,19.919979422614976
618216,1,7,5,0.3700090141005197
618228,1,7,6,15.590426975357566
618248,1,7,8,6.64063103691258
618299,1,7,8,3.5465936312126867
618315,0,7,0,0.031241498305145256
618317,1,7,7,0.34967794713568573
618324,1,7,6,23.8167954984842
618336,1,7,4,0.3700090657260609
618342,1,7,5,0.3700090141005197
618343,1,7,8,31.02794664270557
618345,1,7,4,0.3700090657260609
618352,1,7,10,5.4278997680961885
618378,1,7,3,2.5271051081952605
618385,1,7,9,21.6318296303101
618390,1,7,8,30.79759349056344
618412,1,7,8,20.98652316503259
618422,1,7,4,0.3700090657260609
618424,1,7,8,21.77711948536433
618445,1,7,9,31.772688898955092
618460,1,7,5,0.3700090141005197
618469,1,7,5,0.3700090141005197
618470,1,7,8,24.995973598263465
618487,0,7,0,0.0471308202099517
618500,1,7,6,23.23791730801407
618504,1,7,9,23.262069597082828
618512,1,7,5,0.3700090141005197
618517,1,7,6,22.035004770413988
618519,1,7,1,6.994928902763846
618523,1,7,7,1.809012634778044
618536,1,7,5,0.3700090141005197
618558,1,7,8,20.322643220575078
618562,1,7,8,36.06215652623364
618563,1,7,6,21.96477634412252
618580,1,7,3,2.706079142772981
618582,1,7,3,3.2295861436759608
618586,1,7,4,0.3700090657260609
618604,1,7,6,17.682714256090104
618608,1,7,10,23.785479709814915
618644,1,7,7,5.456241252785137
618657,1,7,5,0.3700090141005197
618682,1,7,5,0.3700090141005197
618688,1,7,9,19.041142390729533
618694,1,7,5,0.3700090141005197
618720,1,7,10,13.084502836560537
618731,0,7,0,0.04248583543528841
618734,1,7,9,28.812467070268045
618747,1,7,4,0.3700090656202526
618750,1,7,5,0.37000902039789374
618751,1,7,4,0.3700090657260609
618754,1,7,10,19.047078351408626
618757,1,7,5,0.3700090141005197
618764,1,7,9,30.46082893325611
618779,1,7,8,8.582831546966728
618792,1,7,10,21.15241002389387
618794,1,7,10,13.46716623959327
618807,1,7,6,26.90330774624647
618808,1,7,4,0.3700090657260609
618809,1,7,9,26.48140927114171
618817,1,7,9,21.318399350732697
618824,1,7,5,0.3700090141005197
618839,1,7,9,9.757464487989203
618850,1,7,4,0.3700090657260609
618856,1,7,4,0.3700090657260609
618857,1,7,5,0.3700090141005197
618872,0,7,0,0.04610977031248415
618894,1,7,4,0.3700090657260609
618904,0,7,0,0.03482945170878829
618912,1,7,9,27.599969158370563
618923,1,7,9,3.838542662679387
618955,1,7,6,23.916610834853543
618974,1,7,9,6.6683410886353
618995,1,7,7,3.371033806818389
618998,1,7,6,30.502737590282557
618999,1,7,6,22.529854274335186
619003,1,7,1,20.127312626574856
619008,1,7,8,12.888821560878204
619016,1,7,8,31.417827442052847
619023,1,7,1,12.079458384541118
619030,1,7,8,14.257334320450678
619033,1,7,6,19.178674236890686
619042,1,7,8,28.874292618780224
619075,1,7,1,28.05835930265463
619084,1,7,1,5.443964991335975
619092,1,7,8,18.02559598431814
619112,1,7,6,14.514248455940958
619119,0,7,0,0.05931857951481668
619120,1,7,6,26.601246810172313
619124,1,7,8,5.309857602484519
619125,1,7,7,2.7278990932413496
619131,1,7,2,10.28585468442445
619161,1,7,4,0.3700090657260609
619165,1,7,1,14.042311034748822
619166,0,7,0,0.055510268689142134
619188,1,7,4,0.3700090657260609
619190,1,7,9,24.56891875868462
619194,1,7,2,15.668079177399862
619197,1,7,9,19.878416762584884
619211,1,7,5,0.3700090141005197
619214,1,7,9,20.056075875308668
619217,1,7,4,0.3700090657260609
619259,1,7,9,23.18106011722688
619264,1,7,9,23.1614645639645
619300,1,7,9,33.60944179715226
619303,1,7,4,0.3700090657260609
619305,1,7,7,1.7296123327381998
619312,0,7,0,0.03572333010241828
619347,1,7,8,22.048936311025553
619361,1,7,8,28.994374534119828
619388,1,7,9,33.037455268809694
619406,1,7,7,1.0557051832581603
619412,1,7,6,19.512932069287032
619420,1,7,8,15.739736522262474
619438,0,7,0,0.04321234145552718
619442,1,7,2,15.353464135654558
619463,1,7,8,18.304378075713785
619473,1,7,6,12.027530415251771
619475,1,7,6,21.03943351224904
619482,1,7,9,33.42353823860146
619508,1,7,3,3.186929858318861
619514,1,7,3,0.7446223673851459
619521,1,7,1,6.667604627834739
619532,1,7,1,12.311765536652752
619537,1,7,6,16.288569171453357
619541,1,7,10,24.6408823742233
619551,1,7,3,3.2321217682954035
619579,1,7,10,21.374461623591387
619584,1,7,8,35.92686127168878
619586,1,7,6,15.879767093533506
619590,1,7,3,3.1832534657169065
619591,1,7,7,3.6950091474824682
619602,1,7,2,5.1817671128585525
619612,1,7,5,0.3700090141005197
619620,1,7,10,15.904940272864339
619639,1,7,4,0.3700090657260609
619640,1,7,4,0.3700090657260609
619643,1,7,10,18.3422060497597
619651,1,7,3,3.074766435911211
619662,1,7,4,0.3700090657260609
619673,1,7,9,1.9847804029933511
619677,1,7,9,30.632258191179925
619682,1,7,4,0.3700090657260609
619688,1,7,6,30.52595457075295
619689,1,7,9,29.200764469346115
619691,1,7,1,18.561533355529356
619695,1,7,6,26.6545305362864
619711,1,7,7,1.059887700322568
619721,1,7,7,5.505337310506064
619731,1,7,1,5.488829888022803
619732,1,7,6,28.42985705205092
619733,1,7,9,22.442808688847602
619747,1,7,10,26.00690844149173
619752,1,7,10,9.493860640333722
619779,1,7,6,22.088207930183607
619792,1,7,10,17.362595604821784
619807,1,7,7,4.234928315077041
619814,1,7,6,23.06653039814614
619818,1,7,8,30.293800938027225
619835,1,7,5,0.3700090141005197
619845,1,7,1,21.846092633508228
619848,1,7,6,20.0634603465819
619874,1,7,9,29.646816839789327
619889,1,7,9,33.3096704778317
619891,1,7,7,6.118937106251321
619893,1,7,7,5.529852614708237
619906,1,7,9,13.622056970370922
619913,1,7,6,28.653393513333253
619928,1,7,8,20.34356134133674
619929,1,7,5,0.3700090141005197
619938,1,7,1,11.627787373131802
619948,1,7,9,31.364930491985263
619961,1,7,3,3.1790445358882353
619966,1,7,8,10.161002319116108
619973,1,7,8,30.735278061574675
619978,1,7,10,21.0916949891522
619982,1,7,4,0.3700090656202526
619996,1,7,4,0.3700090656202526
620000,1,7,7,5.5305510066178325
620002,1,7,9,3.692646439828834
620053,1,7,8,26.036670897041745
620054,1,7,1,6.523919041633594
620057,1,7,4,0.3700090657260609
620075,1,7,5,0.3700090141005197
620095,1,7,6,20.928502692089726
620097,1,7,6,30.183237002690497
620099,1,7,9,12.631577878557383
620109,1,7,6,15.669908204270607
620124,1,7,9,33.710458057431936
620127,1,7,7,6.280020417411737
620129,1,7,4,0.3700090657260609
620134,1,7,10,26.05449525113215
620154,1,7,9,20.59001382784345
620156,1,7,2,15.571569512409623
620168,1,7,5,0.3700090141005197
620182,1,7,10,26.03464579367222
620192,1,7,6,17.322061483052536
620193,1,7,10,9.756653045170696
620196,1,7,9,30.244512048476462
620202,1,7,8,34.73321930811932
620206,1,7,7,3.116687188791831
620237,1,7,8,30.45012658669075
620270,1,7,4,0.3700090657260609
620276,1,7,9,2.480170756843161
620281,1,7,8,29.217029897793765
620283,1,7,8,36.05917791382496
620293,1,7,1,4.498555846887809
620298,1,7,1,22.462350502842646
620302,1,7,5,0.37000902039789374
620304,1,7,8,27.505369703118888
620307,1,7,7,0.339072919686741
620326,1,7,9,33.20313572416275
620327,1,7,6,21.510276792866993
620333,1,7,7,5.388903878861526
620347,1,7,4,0.3700090657260609
620353,1,7,6,23.917862944477346
620363,1,7,6,20.72031590591171
620367,1,7,10,24.426831621014315
620368,1,7,5,0.3700090141005197
620370,1,7,9,14.405034108913883
620380,1,7,6,19.549940561971752
620401,1,7,2,12.944086385212211
620403,1,7,9,29.977417711317525
620408,1,7,7,4.758197179343003
620418,1,7,5,0.3700090141005197
620426,1,7,4,0.3700090657260609
620435,1,7,9,18.458631599977313
620447,1,7,1,19.221198846585075
620455,1,7,6,22.249056076105827
620458,1,7,5,0.3700090141005197
620462,1,7,9,19.59969241020945
620474,1,7,5,0.3700090141005197
620481,1,7,9,7.87920153948468
620484,1,7,6,28.56552524484973
620493,1,7,8,26.792143478403034
620494,1,7,6,22.360433548989786
620504,1,7,7,0.8625084400564635
620514,1,7,8,35.996945924902704
620533,1,7,9,16.580740637744167
620537,1,7,8,3.649785535852969
620541,1,7,8,19.855351787392078
620548,1,7,6,13.809759620848956
620555,1,7,8,29.83389881875816
620563,1,7,6,22.340771659252233
620565,1,7,10,17.93088668407927
620572,1,7,4,0.3700090657260609
620574,1,7,5,0.3700090141005197
620576,1,7,10,9.434836002934155
620578,1,7,8,30.480821487767464
620600,1,7,8,2.0035769351598036
620601,0,7,0,0.03656108835581764
620606,1,7,10,15.304658522118785
620615,1,7,5,0.3700090141005197
620639,1,7,9,19.15380431984895
620644,1,7,7,6.235100006287678
620648,1,7,5,0.3700090141005197
620656,1,7,4,0.3700090657260609
620676,1,7,4,0.3700090657260609
620707,1,7,9,12.361859904396535
620717,1,7,5,0.3700090141005197
620739,1,7,8,12.775137782236495
620749,1,7,5,0.3700090141005197
620760,1,7,9,31.36473253188083
620796,1,7,10,7.289648618151974
620804,1,7,8,27.141826755925447
620822,1,7,6,22.776943927021666
620825,1,7,1,5.046913895871776
620827,0,7,0,0.04499876558725904
620831,0,7,0,0.03466908669475899
620874,1,7,8,8.073094091917925
620878,1,7,5,0.3700090141005197
620887,1,7,7,3.2528065576756005
620917,1,7,9,25.162677670190853
620928,1,7,10,16.54757573993748
620935,1,7,6,5.875107077270262
620940,1,7,8,17.555171413832543
620947,1,7,6,12.599174394094533
620955,1,7,3,2.651958501834219
620966,1,7,8,23.132520713292475
620970,1,7,6,9.319934840512877
620976,0,7,0,0.047147207179679906
620979,1,7,9,29.056809791458114
620989,1,7,10,15.129493744542673
621029,1,7,1,21.60706613797244
621033,1,7,9,28.76927984159875
621043,1,7,10,23.4266007511655
621067,1,7,6,25.40899162269602
621068,1,7,5,0.3700090141005197
621075,1,7,8,24.003708344796014
621078,1,7,1,20.4740299893433
621087,1,7,6,24.52938923581974
621092,1,7,3,3.245863478927872
621117,1,7,8,18.006993527691463
621139,1,7,8,33.29463991078084
621142,1,7,10,24.96726426175446
621148,1,7,6,30.497405576235554
621149,1,7,8,15.2423438057072
621166,0,7,0,0.06985712948667529
621170,1,7,5,0.3700090141005197
621172,1,7,8,16.129454407244395
621178,1,7,8,33.27072567418539
621196,1,7,10,16.811121107618078
621212,1,7,2,14.853250033050495
621215,1,7,9,21.03289647216749
621220,1,7,9,18.817383338277523
621226,1,7,9,29.56890394740406
621231,1,7,8,15.856659448416202
621232,1,7,6,14.7509051109305
621260,1,7,6,25.782039626381195
621293,1,7,6,29.690803764493857
621297,1,7,6,30.260885479960425
621298,1,7,6,28.180653812295336
621302,1,7,4,0.3700090657260609
621309,1,7,4,0.3700090657260609
621318,1,7,10,6.310932866628486
621339,1,7,8,8.131981528748831
621348,1,7,6,9.144049959894392
621362,1,7,3,3.1254970246252394
621396,1,7,9,17.389100024314075
621408,1,7,9,24.27610581388709
621418,1,7,8,11.447578708737872
621424,1,7,7,5.520232337272002
621425,0,7,0,0.03956899134830347
621449,1,7,8,27.16047742572104
621454,1,7,8,32.367076120226145
621462,1,7,10,13.606575752303142
621471,1,7,5,0.3700090141005197
621490,1,7,1,10.590268784759001
621558,1,7,9,18.9631197734238
621563,1,7,7,3.875135475371444
621564,1,7,4,0.3700090657260609
621577,1,7,4,0.3700090657260609
621591,1,7,8,30.38955698128252
621593,1,7,2,1.0201107253525021
621597,1,7,9,27.031357827804374
621600,1,7,5,0.3700090141005197
621604,0,7,0,0.03313300466820041
621609,1,7,8,13.906401724566141
621664,1,7,8,22.508438495288907
621668,1,7,5,0.3700090141005197
621670,1,7,9,22.206313017340385
621680,1,7,4,0.3700090657260609
621689,1,7,2,11.228297135262833
621714,1,7,8,13.90618876229313
621724,1,7,9,12.71701672797011
621733,1,7,4,0.3700090657260609
621737,1,7,4,0.3700090657260609
621746,1,7,8,17.221464788958684
621751,1,7,9,12.715076699371537
621752,1,7,5,0.3700090141005197
621756,1,7,7,0.659082317650451
621757,1,7,8,35.53119867607112
621758,1,7,5,0.3700090141005197
621765,1,7,8,30.556147666210258
621793,1,7,2,8.290090023654548
621810,1,7,5,0.3700090141005197
621813,1,7,4,0.3700090657260609
621814,1,7,10,5.059225548064289
621824,1,7,9,32.87145265128351
621834,1,7,8,25.065136643473927
621839,1,7,1,15.804486769492998
621841,1,7,7,0.6026940807126593
621849,1,7,4,0.3700090657260609
621857,1,7,8,2.399550670804706
621872,1,7,8,18.350947497456296
621875,1,7,5,0.3700090141005197
621876,0,7,0,0.04517105812121846
621883,1,7,6,18.919229238940513
621892,1,7,4,0.2256445477490687
621907,1,7,5,0.37000902039789374
621914,1,7,8,29.87369294202675
621925,1,7,6,27.913852903811353
621936,1,7,8,27.81896281999882
621952,1,7,6,16.103077913529887
621980,1,7,8,28.26568845482914
621982,1,7,6,10.707780164716494
621983,1,7,1,6.798229721577128
621991,1,7,3,3.1818141303572753
622005,1,7,7,5.94629500415
622020,1,7,5,0.3700090141005197
622034,0,7,0,0.09002055979163753
622037,1,7,5,0.3700090141005197
622043,1,7,6,26.426252304523445
622055,1,7,5,0.3700090141005197
622065,1,7,6,14.542385011101224
622074,1,7,6,9.428034756197027
622081,0,7,0,0.042413063263609975
622089,1,7,6,27.00839765705124
622096,1,7,7,2.6977033382317988
622098,1,7,9,33.211285532657726
622101,1,7,5,0.3700090141005197
622103,1,7,6,30.401410074275322
622131,1,7,5,0.3700090141005197
622140,1,7,7,3.343881565175076
622144,1,7,8,34.80062898725401
622145,1,7,8,10.083590966964046
622150,1,7,6,23.04063000453542
622155,1,7,5,0.3700090141005197
622168,1,7,4,0.3700090657260609
622169,1,7,8,21.31694127914269
622171,0,7,0,0.08175669785377938
622178,1,7,5,0.37000902039789374
622182,1,7,9,33.01164725679372
622185,1,7,7,3.5864910920049917
622220,1,7,5,0.3700090141005197
622223,1,7,6,29.567052772484
622228,1,7,9,28.101915835826492
622229,1,7,7,5.765772687719932
622241,1,7,8,18.031342821275803
622248,1,7,10,17.901866717135928
622257,1,7,6,16.61237309356693
622258,1,7,5,0.3700090141005197
622284,1,7,4,0.3700090657260609
622296,1,7,6,27.54501337933805
622304,1,7,6,19.942037564633612
622307,1,7,10,10.06633187328691
622323,1,7,8,11.032761845623783
622358,1,7,10,17.459154242527553
622359,1,7,9,29.743622352148396
622386,1,7,3,2.894399380686932
622396,1,7,1,26.67597048643104
622406,1,7,5,0.3700090141005197
622418,1,7,6,24.399400199559583
622428,0,7,0,0.03567976962698743
622430,1,7,8,32.07948503132082
622431,1,7,3,3.1583771934916585
622434,1,7,10,11.402066894136599
622447,1,7,4,0.3700090657260609
622462,1,7,6,24.404854217293927
622468,1,7,1,27.991118762426307
622484,1,7,4,0.3700090657260609
622494,1,7,10,18.046680095701916
622538,1,7,10,25.11481470775866
622540,1,7,8,2.460883146733557
622543,1,7,10,16.58362487961134
622626,1,7,8,26.485293173706037
622639,1,7,5,0.3700090141005197
622653,1,7,3,3.2181209147864984
622655,1,7,9,26.442882604830043
622661,1,7,6,28.70380534583521
622667,1,7,4,0.3700090657260609
622722,1,7,6,29.79006910003872
622724,1,7,4,0.3700090657260609
622731,1,7,4,0.3700090657260609
622759,1,7,4,0.3700090657260609
622774,1,7,8,24.5622428194885
622781,1,7,1,15.098422019125818
622785,1,7,9,30.200411027134113
622787,1,7,8,22.053091988516567
622798,1,7,1,21.12729726595307
622838,0,7,0,0.035591315201223564
622854,1,7,5,0.3700090141005197
622856,1,7,4,0.3700090657260609
622857,1,7,9,23.706857283241245
622882,1,7,8,23.17500712984595
622901,1,7,6,29.564504841882357
622923,1,7,2,3.6871508214060302
622933,1,7,10,18.482778214293443
622939,1,7,8,33.88652217953344
622947,1,7,3,3.0969643412024883
622948,1,7,8,7.931897377979171
622973,1,7,5,0.3700090141005197
622992,1,7,10,10.979287967374198
622993,1,7,5,0.3700090141005197
622997,1,7,8,32.587496313954375
623009,1,7,10,4.389752705038564
623034,1,7,1,22.471549764043868
623037,1,7,9,11.290244295250954
623045,1,7,10,9.336472285796473
623051,1,7,9,33.31150455666908
623055,1,7,4,0.3700090657260609
623058,1,7,8,22.996952909299274
623070,1,7,8,14.787789552134926
623074,1,7,9,17.013045139754826
623096,0,7,0,0.0659761669688389
623097,1,7,1,7.043077832792617
623101,1,7,6,26.865953951281366
623107,1,7,6,8.828369118037513
623119,1,7,5,0.3700090141005197
623125,1,7,6,24.56772143993764
623134,1,7,10,8.962112246243477
623148,1,7,4,0.3700090657260609
623168,1,7,8,7.336283390317744
623192,1,7,7,2.6666323311826017
623197,1,7,5,0.3700090141005197
623204,1,7,9,22.402074217005232
623205,1,7,8,15.624857355136943
623216,0,7,0,0.03926351767805476
623218,1,7,6,23.243917841458288
623222,1,7,4,0.3700090657260609
623227,1,7,7,5.267847716490795
623237,1,7,6,29.296332636424758
623243,1,7,6,19.507028509593745
623245,1,7,3,3.008606044630191
623261,1,7,1,27.10932036956671
623279,1,7,6,29.22235034305688
623283,1,7,7,5.271709278550987
623284,1,7,8,12.269558676849709
623303,1,7,5,0.3700090141005197
623306,1,7,9,2.926082745226715
623308,0,7,0,0.022181379107574267
623321,1,7,4,0.3700090657260609
623326,0,7,0,0.03873768160089476
623329,1,7,10,17.8492843312434
623333,1,7,8,31.968568547788852
623345,1,7,4,0.3700090657260609
623352,1,7,8,26.563791331825247
623364,1,7,6,25.816455869089406
623369,1,7,8,16.404675488474886
623392,0,7,0,0.03467414010285674
623421,1,7,5,0.3700090141005197
623424,1,7,6,20.222297582630134
623436,1,7,8,17.98519764696614
623444,1,7,8,12.547830769548396
623447,1,7,6,20.641009932997495
623456,1,7,5,0.3700090141005197
623457,1,7,5,0.3700090141005197
623472,1,7,1,24.574647166209974
623477,1,7,2,7.28803336299274
623485,1,7,9,33.768784523949016
623492,1,7,6,29.40556930277921
623559,1,7,7,0.34069234594126585
623564,1,7,5,0.3700090141005197
623570,1,7,9,11.167910395097916
623588,1,7,4,0.3700090657260609
623589,1,7,3,1.0334188608213888
623608,1,7,9,30.122975543513387
623635,1,7,9,4.967325123760434
623648,1,7,6,12.705409836468625
623667,1,7,9,24.78393353791416
623672,1,7,4,0.3700090657260609
623673,1,7,3,2.5358054726497623
623676,1,7,9,33.492230341869394
623677,1,7,8,32.302864853303355
623683,1,7,8,12.253383576839795
623691,1,7,8,11.08231884626563
623693,1,7,7,6.491386186704764
623708,1,7,10,21.68255843198451
623710,1,7,10,9.415554649662253
623715,1,7,5,0.3700090141005197
623721,1,7,4,0.3700090657260609
623728,1,7,9,30.566857017644068
623738,1,7,9,19.88424853817634
623743,1,7,10,13.657335484378972
623747,1,7,6,11.904143464667662
623759,1,7,8,13.65657370279878
623768,1,7,1,13.719942549187044
623772,1,7,7,4.448858654630341
623773,1,7,6,20.755118792665385
623778,1,7,5,0.3700090141005197
623779,1,7,3,3.1498991117704715
623791,1,7,3,1.894649302684199
623792,1,7,5,0.3700090141005197
623795,1,7,4,0.3700090657260609
623798,1,7,4,0.3700090657260609
623804,1,7,3,3.0815753153771857
623808,1,7,6,30.121136361382455
623827,1,7,6,25.440046844038722
623834,1,7,6,16.38126559000198
623865,1,7,6,14.401588938144268
623874,1,7,10,11.735109742949625
623881,1,7,2,7.932908959674123
623889,1,7,1,24.369409878636166
623908,1,7,10,14.913525447848718
623920,1,7,4,0.3700090657260609
623921,1,7,6,29.727924737895925
623945,1,7,8,27.76703447857272
623953,1,7,9,27.250964337080262
623954,1,7,9,25.845143805985632
623970,0,7,0,0.040054714455356355
623971,1,7,6,11.151229667596859
623990,1,7,7,2.612490473648142
623992,1,7,4,0.3700090657260609
623998,1,7,9,31.321643023890992
624002,1,7,10,25.389703315409577
624007,1,7,1,25.32934585333525
624017,1,7,3,3.1437321786396706
624021,1,7,5,0.3700090141005197
624029,1,7,5,0.3700090141005197
624047,1,7,2,16.236461451634085
624052,1,7,9,24.817767031852192
624067,1,7,1,24.450325597442024
624086,1,7,8,9.756105053504884
624089,1,7,5,0.3700090141005197
624094,1,7,7,5.661383299196543
624097,1,7,10,9.913980459546275
624102,1,7,8,20.665173972934788
624117,1,7,4,0.3700090657260609
624120,1,7,9,33.66789296907955
624121,1,7,4,0.3700090657260609
624144,1,7,2,13.141678158601751
624149,1,7,8,9.605781461182874
624157,1,7,9,30.47958634539276
624159,1,7,2,7.99117772883451
624189,1,7,6,20.630516858240583
624198,1,7,7,5.269741084463014
624199,1,7,1,12.768271900667415
624202,1,7,6,10.022608724015871
624207,1,7,7,5.185349602118008
624209,1,7,9,22.487269099441292
624216,1,7,6,21.5127913314569
624233,1,7,9,24.16528699814494
624244,1,7,9,26.1106388326234
624273,1,7,5,0.3700090141005197
624287,1,7,6,13.710755635937295
624295,0,7,0,0.032108766372629376
624332,1,7,8,29.60934925437139
624363,1,7,6,14.400486173368996
624369,1,7,8,30.92059542376921
624377,1,7,5,0.3700090141005197
624379,1,7,5,0.3700090141005197
624382,1,7,3,1.064337264469509
624398,1,7,10,9.169627215366932
624402,1,7,7,4.876516902637496
624425,1,7,5,0.3700090141005197
624438,1,7,7,5.575758949672265
624452,1,7,9,22.859431531933048
624456,1,7,8,27.62716383174977
624472,1,7,9,24.267836789608886
624482,1,7,5,0.3700090141005197
624500,1,7,2,12.47402684839546
624501,1,7,9,12.839889618266467
624512,1,7,6,25.79626173982868
624513,1,7,4,0.3700090657260609
624514,1,7,6,22.719571488876014
624520,1,7,9,24.96260109432431
624548,1,7,6,15.018622296316332
624592,1,7,4,0.3700090657260609
624600,1,7,8,10.040412153770465
624601,1,7,10,21.553093741857314
624605,1,7,8,35.67900207481213
624617,1,7,8,26.896133242619886
624653,1,7,4,0.3700090657260609
624662,1,7,5,0.3700090141005197
624667,1,7,7,2.156134558187081
624685,1,7,5,0.3700090141005197
624692,1,7,9,33.684158261373
624695,1,7,6,11.151173197823208
624721,1,7,7,3.0246145475190938
624724,1,7,6,6.384186200452461
624725,0,7,0,0.04730935307486052
624730,1,7,10,20.302307645940868
624735,1,7,2,7.730482439320074
624746,1,7,8,30.292473949699584
624748,1,7,4,0.3700090657260609
624749,1,7,6,25.021614931701414
624750,1,7,5,0.3700090141005197
624759,1,7,5,0.3700090141005197
624762,1,7,9,5.341616839880825
624771,1,7,6,7.847174762939506
624792,1,7,10,18.52319251232813
624801,1,7,8,34.97594229567919
624806,1,7,6,9.266346197096697
624807,1,7,6,21.655277726188793
624817,1,7,10,22.57212101504211
624846,1,7,5,0.3700090141005197
624851,1,7,9,25.059445278449136
624855,1,7,9,23.54384822555409
624863,1,7,10,13.139789973791823
624871,1,7,10,23.28231392475166
624883,1,7,7,2.7030599570891893
624895,1,7,5,0.3700090141005197
624900,1,7,9,30.732179450449134
624903,1,7,7,4.929973966946894
624909,1,7,9,33.71376879537646
624921,1,7,1,26.50111083198003
624933,1,7,8,7.4290190707392245
624934,1,7,9,13.544809235859548
624936,1,7,6,15.333689611666747
624952,1,7,7,5.020726790305248
624955,1,7,4,0.3700090657260609
624959,1,7,5,0.3700090141005197
624969,1,7,6,24.13114403551697
624983,1,7,9,6.448871587909998
624986,1,7,8,35.35098431232049
624994,1,7,5,0.3700090141005197
625028,0,7,0,0.04703509596829703
625031,0,7,0,0.040649802761225665
625033,1,7,8,34.05154545992107
625045,1,7,5,0.3700090141005197
625053,0,7,0,0.03469601358494028
625079,1,7,9,29.955124828364475
625086,1,7,2,14.64628995296141
625094,1,7,4,0.3700090657260609
625099,1,7,9,4.965654700701328
625104,1,7,4,0.3700090657260609
625111,1,7,2,14.242912617119774
625114,1,7,9,33.0624166409644
625116,1,7,4,0.3700090656202526
625118,1,7,6,9.1521474546901
625119,1,7,4,0.3700090657260609
625126,1,7,6,10.692122434411417
625129,1,7,5,0.3700090141005197
625132,1,7,5,0.3700090141005197
625160,1,7,4,0.3700090657260609
625172,1,7,10,24.21680888449877
625176,1,7,8,17.889963165751073
625192,1,7,4,0.3700090657260609
625205,1,7,10,18.235689868869652
625207,1,7,5,0.3700090141005197
625218,1,7,8,20.059111083344096
625219,1,7,5,0.3700090141005197
625229,0,7,0,0.02912680807845252
625235,1,7,8,23.761741600564065
625250,1,7,10,9.847446284714374
625257,1,7,1,16.128662958511143
625262,1,7,4,0.3700090657260609
625270,1,7,2,2.5256680836012793
625272,1,7,4,0.3700090657260609
625273,1,7,5,0.3700090141005197
625306,1,7,8,23.540085941786945
625314,1,7,7,3.2848296723829082
625322,1,7,10,7.270052234948481
625327,0,7,0,0.034208913808986774
625329,1,7,8,24.10605559237858
625364,1,7,9,13.298902115945385
625371,1,7,10,8.96554667123147
625400,0,7,0,0.03053203870427878
625426,1,7,9,8.866886010108415
625441,1,7,8,17.611016662576816
625473,1,7,1,18.357759920935358
625486,1,7,2,6.661340636961339
625488,1,7,8,1.9820693636389395
625510,1,7,7,4.588547263726869
625518,1,7,4,0.3700090657260609
625520,1,7,3,1.8649741456180426
625529,1,7,8,30.39733424287674
625547,1,7,5,0.3700090141005197
625556,1,7,7,6.19736482298259
625563,1,7,10,9.368679428667269
625569,1,7,1,11.077411836739989
625578,1,7,8,6.538079867296313
625580,1,7,6,27.42877214833761
625605,1,7,1,23.49761193770613
625607,1,7,8,20.240474626306543
625627,1,7,8,3.193048033407137
625635,1,7,6,29.10997034466869
625637,1,7,8,13.383089631604586
625646,1,7,10,12.692093277399241
625657,1,7,5,0.3700090141005197
625667,1,7,7,5.943563476047705
625700,1,7,8,11.098168346627611
625708,1,7,6,22.784407710472145
625709,1,7,5,0.3700090141005197
625713,1,7,9,29.581626658787776
625718,1,7,9,10.387051809032254
625725,1,7,4,0.3700090657260609
625732,1,7,6,29.379179280426833
625737,1,7,1,24.023505503444834
625742,1,7,8,13.59409024913878
625745,1,7,3,1.5078673515700496
625748,1,7,3,3.2516240077023033
625753,1,7,6,23.23433469990657
625794,1,7,1,8.371805881150674
625798,1,7,9,25.326369055109637
625834,1,7,2,2.7412052325842535
625848,1,7,4,0.3700090657260609
625862,1,7,6,24.417835066031113
625866,1,7,9,32.447500520508
625894,0,7,0,0.06757683997017314
625904,1,7,5,0.3700090141005197
625909,1,7,7,5.303207591973299
625932,1,7,5,0.3700090141005197
625933,0,7,0,0.031552642703347664
625953,1,7,4,0.3700090657260609
625957,1,7,1,11.337051580744385
625977,1,7,9,19.92577066318601
625989,1,7,5,0.3700090141005197
625994,1,7,8,33.27775117622509
626002,0,7,0,0.02437139969850495
626004,1,7,7,6.294516844989072
626019,0,7,0,0.03658550067970414
626024,1,7,2,3.47933310189659
626037,1,7,6,21.599989518932894
626046,1,7,4,0.3700090657260609
626072,1,7,6,17.993385501364376
626086,1,7,9,17.874954601844124
626104,1,7,9,5.778719030360235
626113,1,7,10,20.110720729012918
626127,1,7,9,14.56925619171199
626130,1,7,8,26.938350358008766
626136,1,7,7,5.045727078527654
626164,1,7,8,26.313061490834976
626190,1,7,8,16.10049065962328
626194,1,7,8,29.597535259000523
626207,1,7,10,9.509818981536984
626229,1,7,10,26.035086596258417
626240,1,7,4,0.3700090657260609
626250,1,7,7,4.428434116379387
626251,1,7,8,29.948827415885805
626252,1,7,9,28.26927895958424
626271,1,7,9,30.630937004733276
626279,1,7,10,7.680371872153314
626281,1,7,10,4.3168483002175035
626300,1,7,7,5.004993525202328
626314,1,7,8,29.334383577371717
626321,1,7,1,24.485528639827915
626322,1,7,9,11.199833603074293
626330,1,7,5,0.3700090141005197
626346,1,7,9,19.802235221709974
626357,1,7,8,22.547659421774565
626366,1,7,6,8.710310500499123
626371,1,7,7,3.5592756317450864
626375,1,7,5,0.3700090141005197
626376,1,7,5,0.3700090141005197
626393,1,7,5,0.3700090141005197
626396,1,7,8,18.497004164113758
626410,1,7,9,18.686635635253992
626423,1,7,4,0.3700090657260609
626434,1,7,10,3.826741401132631
626458,1,7,6,13.31678294290429
626462,1,7,5,0.3700090141005197
626463,1,7,2,1.1543860287729228
626477,1,7,9,25.10175605194106
626486,1,7,9,25.38468002732333
626488,1,7,7,3.558922902003178
626525,1,7,2,12.99366565696688
626533,1,7,6,30.23467736564713
626546,1,7,1,24.15140710556464
626554,1,7,6,11.276313951541848
626557,1,7,10,11.414556295221315
626558,1,7,8,27.193217865264376
626579,1,7,4,0.3700090657260609
626603,1,7,3,3.2458653299493103
626613,1,7,5,0.3700090141005197
626615,1,7,9,29.199951128954265
626617,1,7,9,17.52350224586807
626618,1,7,9,7.464257420840982
626633,1,7,9,3.74797844893411
626635,1,7,8,9.626363621139657
626641,1,7,10,21.00456192755166
626645,1,7,8,28.233964141696553
626646,1,7,9,30.55057936186548
626651,1,7,1,22.87800130850633
626665,1,7,9,27.840935069337842
626668,1,7,4,0.3700090657260609
626677,1,7,4,0.3700090657260609
626681,1,7,8,13.797347068738604
626697,1,7,9,19.102406409615796
626708,0,7,0,0.04018985600947212
626733,0,7,0,0.033973267073964954
626742,1,7,5,0.3700090141005197
626747,1,7,8,21.579108220890888
626753,1,7,8,32.671821400561804
626757,1,7,9,33.734853709306115
626777,1,7,9,17.993530139948863
626782,1,7,5,0.3700090141005197
626783,1,7,2,8.382906621371392
626786,1,7,6,11.537904854235801
626787,1,7,6,24.507199332592414
626791,1,7,9,20.75387421970403
626796,1,7,9,28.677064577081698
626799,1,7,3,2.93469942436862
626802,1,7,8,34.842880415905015
626814,0,7,0,0.03729969927770027
626824,1,7,8,15.494686300633933
626831,1,7,8,15.834482742370703
626832,1,7,4,0.3700090657260609
626840,1,7,5,0.3700090141005197
626842,1,7,5,0.3700090141005197
626852,1,7,4,0.3700090657260609
626855,1,7,7,1.2894181629445858
626857,1,7,5,0.3700090141005197
626872,1,7,8,17.594176509375057
626880,1,7,8,20.90524823896453
626888,1,7,8,3.870602204897554
626889,1,7,6,28.817048083533816
626898,1,7,9,23.40834603723513
626911,1,7,2,2.2518627060879335
626916,0,7,0,0.03360513931743791
626922,1,7,10,13.310871759208315
626926,1,7,4,0.3700090657260609
626945,1,7,8,19.805588137617107
626946,0,7,0,0.022696202592071103
626949,1,7,2,11.17085129185759
626996,1,7,8,12.898361451902813
626998,1,7,5,0.3700090141005197
627018,1,7,8,24.353972668316977
627019,1,7,4,0.3700090657260609
627022,1,7,10,19.893349481178465
627024,1,7,8,34.37694770402874
627045,0,7,0,0.17995714239213237
627052,1,7,4,0.3700090657260609
627058,1,7,6,29.645038851281868
627074,1,7,1,11.013858698658723
627077,1,7,4,0.3700090657260609
627093,1,7,10,25.83254628658782
627100,1,7,3,2.499287671312473
627101,1,7,8,26.236675318764945
627104,1,7,9,22.38369416751456
627128,1,7,8,15.33108023594548
627135,1,7,6,6.144955273283354
627136,1,7,6,9.74422953338982
627146,1,7,3,3.1652614200217433
627149,1,7,5,0.3700090141005197
627173,1,7,10,15.622120232546985
627193,1,7,7,4.761466088080552
627199,1,7,4,0.3700090657260609
627202,1,7,1,11.21417549418239
627205,1,7,7,2.9156510288878197
627212,1,7,2,6.081247528261607
627225,1,7,9,25.180197485879635
627255,1,7,9,20.617048754621
627285,1,7,2,9.92813232027035
627291,1,7,2,3.394648711476707
627292,1,7,7,5.421057052786747
627306,1,7,6,28.204403525958185
627308,1,7,4,0.3700090657260609
627327,1,7,6,27.037627654512928
627344,1,7,1,26.65344516145678
627348,1,7,1,26.1598070955939
627372,1,7,10,14.320220313604052
627375,1,7,9,32.984363061604746
627414,1,7,8,33.65897855458655
627427,1,7,8,13.123458008025638
627436,1,7,6,30.504876929700306
627440,1,7,5,0.3700090141005197
627445,1,7,1,12.052123580475364
627446,1,7,10,5.04250821448116
627469,1,7,2,9.758328916481696
627480,1,7,6,13.03245908249649
627482,1,7,9,2.900960609745474
627486,1,7,9,24.60201559574038
627508,1,7,4,0.3700090657260609
627512,1,7,9,33.62233412453024
627520,1,7,8,8.118046314022273
627537,1,7,1,12.221595265755907
627549,1,7,9,16.207522492038674
627552,1,7,2,8.412166321372686
627584,1,7,8,23.861387143363526
627592,0,7,0,0.03956264778582454
627596,1,7,8,25.46069435980743
627601,1,7,4,0.3700090657260609
627603,1,7,9,23.49808405677016
627612,1,7,8,24.25296202243286
627638,1,7,7,0.3657296263518134
627651,1,7,9,18.97121141418425
627664,1,7,6,17.811938300481422
627681,0,7,0,0.04005762577295399
627683,1,7,8,8.869385580036559
627695,1,7,8,7.887575497764158
627709,1,7,4,0.3700090657260609
627743,1,7,10,10.936208402182242
627747,1,7,4,0.3700090657260609
627759,1,7,9,29.047661438393515
627827,1,7,5,0.37000902039789374
627853,1,7,5,0.3700090141005197
627858,1,7,1,6.874310885580366
627867,1,7,5,0.3700090141005197
627875,1,7,1,23.26192790602199
627885,1,7,10,10.670939842229489
627888,1,7,8,32.66142253571051
627901,1,7,4,0.3700090657260609
627902,1,7,6,16.06188862059034
627905,1,7,5,0.3700090141005197
627912,1,7,10,13.518094620135145
627926,0,7,0,0.03541700867865143
627931,1,7,9,8.925048392088211
627941,0,7,0,0.03333240659475441
627948,1,7,9,26.053540249783644
627949,1,7,9,27.29022921611316
627958,1,7,9,33.09014519114111
627959,1,7,3,2.893275383666932
627960,1,7,7,1.0572897099788603
627964,1,7,8,20.799088694715795
627972,1,7,1,27.641370193870085
627983,1,7,2,9.122197765106925
627984,1,7,8,22.596956007147586
627992,1,7,6,13.190185653107864
628004,1,7,4,0.3700090657260609
628005,1,7,4,0.3700090657260609
628011,1,7,5,0.3700090141005197
628038,1,7,4,0.3700090657260609
628071,1,7,1,6.812744773339735
628115,1,7,4,0.3700090657260609
628125,1,7,9,20.263814792896778
628161,1,7,8,24.730097471168353
628171,1,7,9,33.057823420484816
628186,1,7,9,27.770842862069063
628201,1,7,10,24.840535649383106
628210,1,7,7,5.1261841645412165
628215,1,7,3,3.0560309467090554
628238,1,7,6,17.90811797597291
628252,1,7,10,9.684154980732847
628256,1,7,10,4.152826547493316
628259,1,7,9,33.73356924456007
628262,1,7,9,25.255723296584993
628264,1,7,4,0.3700090657260609
628266,1,7,2,3.105473754312151
628267,1,7,6,7.209417722048437
628275,1,7,9,23.273786977593982
628285,1,7,9,30.91001996709493
628293,1,7,8,16.223061685517944
628318,1,7,4,0.3700090657260609
628322,1,7,5,0.3700090141005197
628338,1,7,7,4.238622286076722
628340,1,7,6,29.935424427291647
628362,1,7,10,13.740343865638842
628369,1,7,9,28.562788245462517
628384,1,7,5,0.3700090141005197
628402,1,7,9,33.626446703831284
628405,1,7,10,14.425694292709688
628406,1,7,10,23.615482116173254
628410,0,7,0,0.0658002252223035
628416,1,7,6,12.57924989588946
628432,1,7,4,0.3700090657260609
628434,1,7,8,27.350241061488905
628474,1,7,8,19.253681795432833
628478,1,7,9,33.49024679557818
628531,1,7,10,26.02196635224153
628535,1,7,3,3.0257390550688656
628570,1,7,5,0.3700090141005197
628571,0,7,0,0.13808000067018183
628585,1,7,9,9.717957550764973
628605,1,7,5,0.3700090141005197
628616,1,7,9,13.225866125350034
628629,1,7,9,26.47764559601057
628645,1,7,5,0.3700090141005197
628662,1,7,5,0.3700090141005197
628675,1,7,8,9.588917434188065
628684,1,7,6,22.079567717103092
628685,1,7,8,30.520216776449516
628698,1,7,8,23.077862520119645
628705,1,7,9,25.034111504648603
628713,1,7,7,3.7795712607863576
628718,1,7,9,28.716476845729616
628727,1,7,6,21.084108640202768
628733,0,7,0,0.035381729710114884
628737,1,7,5,0.3700090141005197
628753,1,7,9,33.586155152488715
628757,1,7,1,25.30560066633563
628763,1,7,4,0.3700090657260609
628786,1,7,10,22.807057684721585
628792,1,7,9,28.908923167160086
628802,1,7,10,22.947844207110965
628808,1,7,4,0.3700090657260609
628827,1,7,9,6.467719993699625
628840,1,7,6,27.786570684398097
628844,1,7,7,5.75074296500036
628845,1,7,9,11.341129163575575
628846,0,7,0,0.04700642996193112
628850,1,7,4,0.3700090656202526
628860,1,7,6,29.44441816574187
628872,1,7,6,11.120204631543292
628883,1,7,8,11.986605906594747
628884,1,7,5,0.3700090141005197
628892,1,7,9,7.056994927734472
628894,1,7,1,7.057334687102907
628905,1,7,8,31.19815654019708
628913,1,7,8,6.232004351688753
628915,0,7,0,0.04708921496128358
628923,1,7,5,0.3700090141005197
628939,1,7,6,22.399876541864252
628944,1,7,10,17.43644802853924
628945,1,7,5,0.3700090141005197
628947,1,7,10,16.01103810693442
628967,1,7,9,25.15194962632188
628968,1,7,8,21.146986385751156
628970,1,7,9,26.951003556652537
628983,1,7,10,10.6824721020848
628998,1,7,8,20.28922730753819
629005,1,7,8,9.015006683568835
629010,1,7,8,24.105334849500018
629042,1,7,9,14.273806032086286
629047,1,7,4,0.3700090657260609
629051,1,7,4,0.3700090657260609
629057,0,7,0,0.029726420262934237
629059,1,7,8,10.051623990957122
629060,1,7,5,0.3700090141005197
629077,0,7,0,0.03985660387300862
629085,1,7,9,32.922208446826524
629098,1,7,8,31.547666836333292
629111,1,7,8,22.840532551020136
629116,1,7,6,23.998759162733858
629121,1,7,3,2.796475620845295
629122,1,7,5,0.3700090141005197
629165,1,7,10,24.73942270478586
629167,1,7,6,23.2470444519351
629169,1,7,9,3.300243973837012
629180,1,7,5,0.3700090141005197
629188,0,7,0,0.03289686248136933
629189,1,7,9,23.66467646116296
629198,1,7,9,7.0224642911603
629199,1,7,4,0.3700090657260609
629204,1,7,10,6.268873647644005
629207,1,7,5,0.3700090141005197
629217,1,7,6,22.41945635798055
629222,1,7,4,0.3700090657260609
629227,1,7,9,23.88448373688897
629233,1,7,6,19.564338046365467
629237,0,7,0,0.03551439588888988
629245,1,7,5,0.3700090141005197
629252,1,7,8,28.170164050687596
629254,1,7,9,21.159850239322058
629264,1,7,5,0.3700090141005197
629272,1,7,6,27.48858036652697
629279,1,7,4,0.3700090657260609
629290,1,7,9,24.780088722678908
629299,1,7,7,3.211047455286008
629311,1,7,8,18.725984722903235
629314,1,7,1,11.887793825834756
629317,1,7,8,23.779514997652832
629337,1,7,6,24.42653492251018
629357,0,7,0,0.08684136711627445
629363,1,7,9,6.9411958828630675
629368,1,7,10,16.690454864521804
629380,1,7,5,0.3700090141005197
629409,1,7,6,22.007689907861785
629428,1,7,5,0.3700090141005197
629431,0,7,0,0.043020607918593565
629432,1,7,9,6.216157503961801
629434,1,7,7,6.409617960686967
629451,1,7,6,28.699544396488104
629460,1,7,4,0.3700090657260609
629473,0,7,0,0.03174596637932129
629480,1,7,10,10.666059990027678
629488,1,7,10,23.854911586056424
629492,1,7,9,28.989820193072898
629496,1,7,8,29.94072884970573
629521,1,7,9,32.550733210741335
629538,1,7,9,31.016496970423063
629573,1,7,10,15.211715651024496
629593,1,7,1,27.260535593706898
629596,1,7,2,13.974992986027999
629598,1,7,1,21.94403913215848
629602,1,7,8,22.615783185519852
629612,1,7,7,4.157519527904068
629616,1,7,3,3.24004191765947
629629,1,7,8,29.688589488969463
629641,1,7,4,0.3700090657260609
629649,1,7,5,0.3700090141005197
629654,1,7,6,9.767708193103196
629667,1,7,8,24.788465190502126
629679,1,7,4,0.3700090657260609
629711,1,7,9,17.229871750298017
629714,1,7,9,16.452195043174594
629721,1,7,10,26.018499568959335
629728,1,7,10,17.134967397471875
629738,1,7,5,0.3700090141005197
629741,1,7,9,14.34267733361583
629748,1,7,7,6.2860071046736925
629753,1,7,9,17.99759063428445
629754,1,7,9,32.969683622079486
629758,1,7,1,8.182496550193614
629793,1,7,9,22.336965371216042
629799,1,7,6,10.938507643837113
629802,1,7,3,0.6964515664764062
629811,1,7,7,2.595126457442396
629841,1,7,10,12.379086163530355
629847,1,7,8,31.098261665626012
629855,1,7,8,35.319592500032066
629868,1,7,10,13.103878573910276
629869,1,7,8,23.76158986442833
629872,1,7,8,26.258287994297365
629888,0,7,0,0.137737672155411
629930,1,7,9,32.25840231642619
629962,1,7,7,4.251792874889026
629963,1,7,7,5.9365439784118825
629964,1,7,6,10.215631686474554
629975,1,7,4,0.3700090657260609
629984,1,7,1,22.46405621538381
629986,1,7,7,5.715322087225662
629995,1,7,4,0.3700090657260609
629998,1,7,8,35.57708132581099
630013,1,7,9,18.70245878605837
630050,1,7,6,22.378144310481545
630052,1,7,6,15.589312238681948
630080,0,7,0,0.039723695575473394
630086,1,7,1,10.58268482531255
630094,1,7,3,1.4478212917292435
630100,0,7,0,0.028666855576883536
630108,1,7,4,0.3700090657260609
630115,1,7,8,30.818832227924993
630127,1,7,9,29.92966120870165
630156,1,7,4,0.3700090657260609
630158,1,7,7,5.530680270624736
630160,1,7,9,32.31822984316743
630161,1,7,8,20.488972161297937
630164,1,7,4,0.3700090657260609
630167,1,7,7,5.845104168701486
630197,1,7,4,0.3700090657260609
630215,1,7,5,0.3700090141005197
630222,1,7,6,6.048085716206501
630228,1,7,6,30.053926090648694
630252,1,7,6,17.87861203993531
630262,1,7,6,29.712504939230115
630263,1,7,5,0.3700090141005197
630264,1,7,1,19.295965339377375
630279,1,7,4,0.3700090657260609
630294,1,7,9,18.866646502128688
630304,1,7,4,0.3700090657260609
630310,1,7,8,33.97142697836593
630330,1,7,9,29.039047894935113
630333,1,7,5,0.3700090141005197
630371,1,7,9,25.418763617376182
630372,1,7,4,0.3700090657260609
630379,1,7,8,14.961433414788761
630438,1,7,1,24.788816435335804
630455,1,7,8,2.335765212926861
630490,1,7,8,20.082743529778906
630493,1,7,10,16.966525207834632
630498,1,7,1,16.08409227042118
630501,1,7,9,5.406274471080085
630507,1,7,7,1.3686159719364774
630512,1,7,4,0.3700090657260609
630513,1,7,7,2.2785212841147375
630547,1,7,6,18.140301115625867
630557,1,7,6,5.992304164367306
630562,1,7,4,0.3700090657260609
630589,1,7,8,34.9874272510923
630603,1,7,4,0.3700090657260609
630645,1,7,4,0.3700090657260609
630649,1,7,1,26.68324055801065
630670,1,7,5,0.3700090141005197
630675,1,7,6,21.934850602361923
630679,1,7,3,3.199260144867654
630685,1,7,1,14.807184002325991
630687,1,7,5,0.3700090141005197
630688,1,7,4,0.3700090657260609
630692,1,7,10,18.523253837854813
630697,1,7,9,32.03534592412578
630722,1,7,4,0.3700090657260609
630726,1,7,1,9.76798327383566
630731,1,7,5,0.3700090141005197
630738,1,7,4,0.3700090657260609
630751,1,7,8,25.617785103156635
630803,1,7,8,6.358682750243748
630805,1,7,4,0.3700090657260609
630808,1,7,8,11.362353653487036
630833,1,7,9,25.371471693119613
630842,1,7,9,28.233183162215905
630852,1,7,6,19.196132643148665
630868,1,7,9,21.111697043170945
630878,0,7,0,0.03893737220348551
630890,1,7,9,15.165065917580023
630896,1,7,6,22.726069676364272
630903,1,7,6,8.630414622709692
630912,1,7,8,3.691238621436454
630916,0,7,0,0.04052688733026811
630919,1,7,5,0.3700090141005197
630927,1,7,9,33.6558468447434
630928,1,7,9,21.2521188018177
630949,1,7,6,27.88138807214359
630950,1,7,8,26.67098540105777
630952,1,7,9,12.399043897252922
630954,1,7,6,13.367241613033453
630968,1,7,9,20.24832162420333
630969,1,7,8,15.449190481894393
630984,1,7,8,32.111100347915134
630990,1,7,4,0.3700090657260609
631005,1,7,5,0.3700090141005197
631010,1,7,4,0.3700090657260609
631048,1,7,5,0.3700090141005197
631066,1,7,8,16.970707538662705
631077,1,7,9,33.745007513172354
631080,1,7,1,6.722514820191203
631091,1,7,5,0.3700090141005197
631101,1,7,10,23.730274051161945
631106,1,7,2,12.40272079650641
631118,1,7,4,0.3700090657260609
631154,1,7,9,9.9205428094065
631156,1,7,6,29.78079165951752
631170,0,7,0,0.04211988392746936
631187,1,7,9,28.861992310857303
631188,1,7,6,24.00128775248127
631207,1,7,4,0.3700090656202526
631213,1,7,5,0.3700090141005197
631239,1,7,9,19.060642144350574
631242,1,7,4,0.3700090657260609
631243,1,7,9,17.865489009622507
631245,1,7,8,15.838568028347053
631250,1,7,9,18.520990350077234
631285,1,7,4,0.3700090657260609
631287,1,7,5,0.3700090141005197
631292,1,7,8,32.60633614942734
631307,1,7,9,22.093721460216656
631310,1,7,4,0.3700090657260609
631322,0,7,0,0.04022923277175308
631325,1,7,9,28.493902369377565
631327,1,7,8,23.068484924689315
631331,1,7,7,5.595543718236228
631336,1,7,3,2.4703102409138635
631342,1,7,5,0.3700090141005197
631351,1,7,3,3.0750589292694483
631360,1,7,6,9.877807182914323
631362,1,7,8,14.656256048482446
631368,1,7,2,12.955768804689493
631383,1,7,1,9.065964566471306
631384,1,7,10,13.94240299245206
631386,1,7,1,15.19474542214922
631394,1,7,7,3.7852311534371017
631396,1,7,6,27.392235028906192
631399,1,7,9,32.821828613255505
631400,1,7,1,17.93324328459096
631403,1,7,8,32.71159774385109
631412,0,7,0,0.02394026420191394
631422,1,7,6,24.78635447439543
631428,1,7,5,0.37000902039789374
631435,1,7,5,0.3700090141005197
631452,0,7,0,0.032160935049369656
631455,1,7,6,28.97532106377473
631464,0,7,0,0.03789897086979851
631474,1,7,9,33.217496144540156
631480,1,7,9,15.130393484099285
631488,1,7,2,15.561535086843001
631498,1,7,8,17.53202130768491
631511,1,7,5,0.3700090141005197
631526,1,7,8,31.119779242458442
631527,1,7,4,0.3700090657260609
631534,1,7,7,6.150247937825017
631563,1,7,4,0.3700090657260609
631566,1,7,3,2.707193142450846
631582,1,7,9,22.95657754225317
631594,1,7,8,26.769886017845614
631620,1,7,6,20.335776894443537
631625,1,7,9,32.91731848487143
631634,1,7,10,9.642367390649637
631662,1,7,5,0.3700090141005197
631680,1,7,5,0.3700090141005197
631686,1,7,5,0.3700090141005197
631714,0,7,0,0.03414569138481184
631727,0,7,0,0.038855614435573366
631735,1,7,10,4.581989342036521
631747,1,7,10,7.544728327094553
631755,1,7,5,0.3700090141005197
631756,1,7,8,13.490054178961348
631758,1,7,4,0.3700090657260609
631766,1,7,8,25.4157290052036
631776,1,7,1,26.716572042914166
631777,1,7,4,0.3700090656202526
631781,1,7,5,0.3700090141005197
631792,1,7,2,15.813677080084853
631804,1,7,6,16.86182541757206
631807,1,7,6,16.95639677888329
631810,1,7,4,0.3700090657260609
631823,1,7,9,21.75282288615703
631836,1,7,1,18.241084644718704
631860,1,7,5,0.3700090141005197
631861,1,7,10,13.062739356952218
631862,1,7,2,9.4946575171874
631871,1,7,4,0.3700090657260609
631887,1,7,9,32.557138961181465
631900,1,7,7,2.163723049065203
631910,1,7,8,26.46791274809245
631913,1,7,5,0.3700090141005197
631935,1,7,5,0.3700090141005197
631938,1,7,9,14.281522143373287
631940,1,7,10,9.360007901170658
631950,1,7,10,23.734072300244247
631951,1,7,9,2.8980628426377515
631962,1,7,6,5.849073778053651
631974,1,7,8,31.10406659706677
631996,1,7,5,0.3700090141005197
631998,1,7,7,5.151941296219536
632006,1,7,2,11.086646114096565
632013,1,7,3,2.975680161471751
632015,1,7,6,25.781098576583382
632022,1,7,6,14.19889364231436
632031,1,7,3,2.726489045870631
632032,1,7,3,3.2058808817190276
632034,1,7,4,0.3700090656202526
632046,1,7,8,21.58919881661639
632047,1,7,4,0.3700090657260609
632051,1,7,2,4.560568760031169
632075,1,7,10,17.676107950824214
632083,1,7,4,0.3700090657260609
632087,1,7,9,15.871225738353088
632094,1,7,10,15.236811942049991
632098,1,7,7,3.2204647556506374
632117,1,7,10,4.6885564978170455
632123,1,7,9,25.55363738145822
632137,1,7,9,18.244781635417112
632146,1,7,4,0.3700090657260609
632147,1,7,10,17.241028809543405
632152,1,7,8,17.647101483701913
632155,1,7,8,3.222065992323569
632183,1,7,2,13.698105354983106
632184,1,7,5,0.3700090141005197
632230,1,7,6,29.431890257950016
632232,1,7,9,10.233475351067987
632234,1,7,8,2.4121121920824886
632247,1,7,8,2.5049578854245893
632290,1,7,5,0.3700090141005197
632294,1,7,8,27.41656437382347
632314,1,7,8,15.181203418270014
632324,1,7,3,2.9520370129538955
632341,1,7,3,2.2107041342179428
632344,1,7,10,26.03237116709821
632345,0,7,0,0.14034718020992112
632347,1,7,9,19.716546859498113
632356,0,7,0,0.03535558149922026
632391,1,7,8,24.94464906048336
632395,1,7,9,30.7122964709244
632401,1,7,7,2.880219181622312
632410,1,7,4,0.3700090657260609
632417,1,7,5,0.3700090141005197
632423,1,7,5,0.3700090141005197
632469,1,7,5,0.3700090141005197
632478,1,7,6,28.192510677771303
632492,1,7,10,21.86285797045163
632498,1,7,5,0.3700090141005197
632511,1,7,10,16.493954670978745
632516,1,7,8,6.219401966188989
632526,1,7,5,0.3700090141005197
632536,1,7,5,0.3700090141005197
632544,1,7,4,0.3700090657260609
632547,1,7,5,0.3700090141005197
632554,1,7,5,0.3700090141005197
632562,1,7,1,18.82486313271553
632564,1,7,6,29.61407109610966
632575,1,7,9,32.00234536400975
632589,1,7,5,0.3700090141005197
632591,1,7,5,0.3700090141005197
632599,1,7,10,9.907057803335071
632600,1,7,8,25.016451445251537
632604,1,7,4,0.3700090657260609
632613,1,7,5,0.3700090141005197
632637,1,7,5,0.3700090141005197
632651,1,7,2,12.038350178721988
632673,1,7,9,33.70054532313063
632678,1,7,8,12.726026509771163
632683,1,7,5,0.3700090141005197
632711,1,7,6,25.029723787486727
632730,1,7,4,0.3700090657260609
632736,1,7,9,4.220672296490692
632741,1,7,5,0.37000902039789374
632744,1,7,3,3.2245226486180822
632756,1,7,5,0.3700090141005197
632766,1,7,3,1.6564347567514626
632781,0,7,0,0.03999863467230511
632788,1,7,10,12.592952277583867
632806,1,7,9,4.592006595930926
632810,1,7,8,31.74545659616654
632831,1,7,1,21.35128952571057
632834,1,7,10,16.29701704932692
632860,1,7,9,20.42592991981381
632871,1,7,10,13.692439862739473
632900,1,7,4,0.3700090657260609
632914,1,7,10,23.721992146238986
632929,1,7,9,33.052774346744606
632931,1,7,7,1.775420562197044
632933,0,7,0,0.22374561265389808
632957,1,7,5,0.3700090141005197
632969,1,7,5,0.3700090141005197
632972,1,7,8,5.566039694715533
632977,1,7,7,3.158877128072637
632980,1,7,9,32.023677928750615
633000,1,7,10,23.88468234555527
633002,1,7,8,13.451561956678422
633004,1,7,9,33.45652966431999
633007,1,7,9,24.949137510397854
633010,0,7,0,0.03207842178065789
633011,1,7,9,11.295200548558444
633014,1,7,1,23.497262990528718
633019,1,7,6,10.530566686848795
633023,1,7,8,30.106220392117653
633037,1,7,9,31.53145043339103
633046,1,7,9,24.269240397936837
633054,1,7,9,30.743239643550385
633062,1,7,7,4.799330419331978
633072,1,7,1,27.25171509169812
633085,0,7,0,0.0374153835968813
633092,1,7,10,13.79320299277998
633108,1,7,6,29.314127541530382
633113,1,7,6,16.902567424277056
633123,1,7,8,32.45950530944008
633132,1,7,1,4.263687064918202
633152,1,7,1,24.206034057308905
633158,1,7,10,22.871778498964296
633159,1,7,8,8.116907942567812
633165,1,7,6,30.370807639383628
633169,1,7,5,0.3700090141005197
633174,1,7,5,0.3700090141005197
633187,1,7,5,0.3700090141005197
633189,1,7,3,3.0766656829836556
633190,1,7,5,0.3700090141005197
633219,1,7,2,16.24273220357964
633242,1,7,8,17.876728914821797
633252,1,7,3,2.299015941079956
633279,1,7,9,23.46486591171855
633285,1,7,4,0.3700090657260609
633286,1,7,9,11.952727791028646
633287,1,7,10,19.057155825199594
633323,1,7,1,6.790313653486893
633336,0,7,0,0.03888497104773923
633344,0,7,0,0.027874882689429368
633346,0,7,0,0.02796284615871842
633360,1,7,7,3.4292323558728564
633363,1,7,6,8.244981957754863
633391,1,7,5,0.37000902039789374
633394,1,7,1,25.32476379053614
633415,1,7,1,16.367193140220746
633430,1,7,9,23.992928299982484
633432,1,7,5,0.3700090141005197
633435,1,7,4,0.3700090657260609
633446,1,7,2,16.55704707728628
633453,1,7,9,13.219839130436167
633476,1,7,6,5.38536574400786
633479,1,7,5,0.3700090141005197
633480,1,7,10,20.817318958013182
633492,1,7,5,0.3700090141005197
633500,1,7,5,0.3700090141005197
633502,1,7,6,20.955879879256354
633505,1,7,10,17.538859729576114
633509,1,7,6,17.157472556573023
633515,1,7,8,15.508744054539717
633522,1,7,4,0.3700090657260609
633525,1,7,1,24.014212328751594
633535,1,7,5,0.3700090141005197
633543,1,7,6,16.096574797448152
633549,1,7,1,9.45213438929108
633551,1,7,8,31.216350972048016
633566,1,7,5,0.3700090141005197
633570,1,7,9,30.678501004490492
633573,1,7,4,0.3700090657260609
633585,1,7,2,11.523478014673291
633589,1,7,4,0.3700090657260609
633594,1,7,5,0.3700090141005197
633595,1,7,2,12.723426069561416
633621,1,7,4,0.3700090657260609
633625,1,7,9,21.694723020451818
633633,1,7,5,0.37000902039789374
633635,1,7,6,21.042975463998427
633639,1,7,6,23.342821837673046
633641,1,7,10,11.027907841205181
633642,1,7,6,6.709189305075691
633656,1,7,10,6.471807810994727
633659,1,7,2,12.087908909191231
633662,1,7,7,0.9215358719227772
633665,1,7,6,26.756497881108224
633674,1,7,6,12.10585672653399
633694,1,7,6,5.38897706497279
633706,1,7,9,27.015474498370473
633708,1,7,9,14.317685963139416
633724,1,7,5,0.3700090141005197
633728,1,7,8,34.53178818736738
633738,1,7,8,17.46844703431063
633787,1,7,5,0.3700090141005197
633790,1,7,9,19.34953721724526
633799,1,7,8,24.942007263969106
633838,1,7,1,26.8226274021618
633840,1,7,9,29.08426001347402
633850,1,7,9,15.181891780429835
633861,1,7,10,10.481644776338985
633874,1,7,3,3.205446257038454
633888,1,7,10,10.169206343024232
633890,1,7,9,29.331081131434008
633900,1,7,10,8.587079942393132
633914,1,7,8,29.396243119658212
633915,1,7,4,0.3700090657260609
633934,1,7,2,12.586559629782982
633948,1,7,6,19.962871406879756
633950,1,7,2,10.038422435727153
633969,0,7,0,0.03752992300602229
633995,1,7,7,2.3514158782523142
634014,1,7,8,31.11956729563502
634016,1,7,10,10.282270475255649
634028,1,7,9,27.837121098835524
634032,1,7,1,10.010430839521968
634035,1,7,4,0.3700090657260609
634039,1,7,9,33.28624722219458
634049,0,7,0,0.03872807870154833
634056,1,7,4,0.3700090657260609
634063,1,7,9,20.735501582664007
634068,1,7,8,19.282761545625995
634070,1,7,5,0.3700090141005197
634087,1,7,6,22.664311918223397
634106,1,7,9,8.10396541244175
634155,1,7,1,14.584783800022516
634159,1,7,5,0.3700090141005197
634181,1,7,8,16.14980413222349
634185,1,7,8,12.225153896244283
634195,1,7,4,0.3700090657260609
634208,1,7,9,3.7870824561060688
634220,1,7,10,10.46235893426418
634222,1,7,6,14.618727698456896
634233,1,7,6,16.404528203016454
634249,1,7,9,13.544528806072304
634264,1,7,8,11.298441614855848
634283,1,7,3,3.250107542904254
634292,1,7,7,0.37730013754782166
634295,1,7,9,3.2218650880610618
634302,0,7,0,0.030914086492636945
634321,1,7,6,15.337910707649613
634329,0,7,0,0.036357315500030296
634335,1,7,10,4.287337033382027
634352,1,7,2,15.844285400510078
634357,1,7,4,0.3700090657260609
634362,1,7,6,8.448427021579272
634365,1,7,4,0.3700090657260609
634370,1,7,5,0.3700090141005197
634377,1,7,4,0.3700090657260609
634379,1,7,10,8.762750507796335
634405,1,7,6,21.65444274107801
634416,1,7,9,30.33690180144728
634417,1,7,9,33.14981181199548
634426,1,7,5,0.3700090141005197
634447,1,7,8,33.434463664314734
634451,1,7,7,4.859169892543537
634478,1,7,8,35.719449924610316
634488,1,7,8,17.28000270802706
634498,1,7,1,13.730300715002492
634513,1,7,6,5.458270837136029
634521,1,7,4,0.3700090657260609
634522,1,7,8,14.555542872320533
634526,1,7,10,18.51214235703759
634532,1,7,9,22.913122630118284
634536,1,7,9,21.757036104665936
634537,1,7,7,1.2230837123029432
634548,1,7,5,0.3700090141005197
634549,1,7,9,19.714808513718786
634564,1,7,8,31.997940360365337
634574,1,7,8,5.918804439625328
634575,0,7,0,0.03425389921404124
634577,1,7,9,29.9406853217058
634579,1,7,7,0.3548922874734325
634586,1,7,4,0.3700090656202526
634592,1,7,5,0.37000902039789374
634596,1,7,10,15.778842031551623
634604,1,7,1,16.594776069048912
634606,0,7,0,0.08576021025376011
634607,1,7,1,12.903611189807867
634614,1,7,1,18.584907375468447
634615,1,7,4,0.3700090657260609
634620,0,7,0,0.0859517149993124
634621,1,7,6,27.98151476430583
634644,1,7,8,14.623257864599568
634673,1,7,10,13.515342860854059
634682,1,7,9,19.201079966925327
634698,1,7,8,22.52103162014547
634736,1,7,9,20.995558872686214
634737,1,7,7,3.252102990948786
634742,1,7,1,22.280946118378967
634743,0,7,0,0.03180861504450748
634746,1,7,9,11.60100964421275
634747,1,7,5,0.3700090141005197
634752,1,7,5,0.3700090141005197
634760,1,7,4,0.3700090657260609
634797,1,7,4,0.3700090657260609
634812,1,7,9,4.5821265993423745
634825,1,7,4,0.3700090657260609
634837,1,7,9,26.10419581886501
634840,1,7,5,0.3700090141005197
634855,1,7,6,30.050308992810187
634864,1,7,8,20.89013733695958
634866,1,7,1,9.916439392329199
634878,1,7,10,10.4591528311383
634884,1,7,8,22.656472180360606
634919,1,7,4,0.3700090656202526
634926,1,7,8,12.13518549961333
634977,1,7,9,28.279236417100734
634978,1,7,4,0.3700090657260609
634981,1,7,2,3.4607213981572365
635002,0,7,0,0.03637578568153613
635006,1,7,5,0.3700090141005197
635017,1,7,5,0.3700090141005197
635048,1,7,9,23.501242188560596
635058,1,7,5,0.3700090141005197
635059,1,7,6,17.078898988674485
635061,1,7,5,0.3700090141005197
635063,1,7,6,22.4635112484472
635082,1,7,9,33.4506841251454
635085,1,7,6,9.00697707330135
635088,1,7,10,17.65175723782921
635096,1,7,4,0.3700090657260609
635107,1,7,5,0.3700090141005197
635112,1,7,1,10.213330145706635
635115,1,7,4,0.3700090657260609
635117,1,7,6,30.510355539898168
635121,1,7,5,0.3700090141005197
635122,1,7,5,0.3700090141005197
635131,1,7,6,21.29810017729761
635156,1,7,4,0.3700090657260609
635163,1,7,6,21.0688487030258
635165,1,7,9,25.049651513381825
635186,1,7,6,5.220177618092875
635188,1,7,10,7.731458085503512
635194,1,7,9,22.619518136081002
635209,1,7,7,5.689086249536018
635226,1,7,9,24.625951065857894
635232,1,7,4,0.3700090656202526
635243,1,7,3,3.205402574734067
635259,1,7,8,21.181786671484772
635262,1,7,6,17.7098506648317
635265,1,7,8,24.5884804334551
635271,1,7,4,0.3700090657260609
635279,1,7,1,13.047192128751085
635282,1,7,10,21.327479645382194
635283,1,7,9,16.730256392169338
635296,1,7,7,5.925719217311244
635299,0,7,0,0.045179370747770904
635314,1,7,6,17.34345672447384
635316,1,7,9,23.10421002349313
635325,1,7,10,4.6382049990152545
635330,1,7,6,8.3636402230254
635338,1,7,2,10.115906004563007
635340,1,7,10,13.801298539101372
635354,0,7,0,0.04268786518478271
635361,1,7,10,19.135225254389383
635378,1,7,9,18.877696736377292
635379,1,7,1,27.185885025586746
635399,1,7,9,5.590875145280911
635408,1,7,9,20.294937046985094
635416,1,7,9,12.392463250259272
635434,1,7,9,22.069673445951853
635436,1,7,9,10.547435146741456
635450,0,7,0,0.03850277134064816
635464,1,7,8,22.56296682986323
635470,1,7,10,15.41699273048775
635476,1,7,8,21.25551671481235
635486,1,7,8,24.237234999012482
635495,1,7,9,29.256465902512645
635501,1,7,6,26.009905748349286
635504,1,7,8,19.988539283102277
635511,1,7,8,9.90835010681946
635512,1,7,10,26.02247772967395
635517,1,7,4,0.3700090657260609
635519,1,7,4,0.3700090657260609
635521,1,7,4,0.3700090657260609
635526,1,7,9,29.267474912555645
635529,1,7,4,0.3700090657260609
635538,1,7,8,35.533004829834304
635546,1,7,8,31.34065255689422
635552,1,7,5,0.3700090141005197
635554,1,7,5,0.3700090141005197
635566,1,7,8,32.51018390700631
635572,1,7,8,18.447344355313938
635580,1,7,5,0.3700090141005197
635603,1,7,6,18.56868887458338
635605,1,7,6,12.538484487048091
635607,1,7,4,0.3700090657260609
635608,1,7,5,0.3700090141005197
635613,1,7,9,19.158749019236513
635617,1,7,9,9.28819098938689
635624,1,7,5,0.3700090141005197
635628,1,7,10,22.817088288409007
635640,1,7,4,0.3700090657260609
635642,1,7,4,0.3700090657260609
635643,1,7,4,0.3700090657260609
635691,1,7,4,0.3700090657260609
635719,1,7,4,0.3700090657260609
635760,1,7,8,23.81469483884977
635771,1,7,5,0.3700090141005197
635775,1,7,9,9.048287656847062
635776,1,7,6,5.505635750351557
635783,1,7,9,23.39385055735085
635785,1,7,4,0.3700090657260609
635792,1,7,10,5.162040599461842
635798,1,7,5,0.3700090141005197
635842,1,7,5,0.3700090141005197
635845,1,7,8,31.295588973898944
635871,1,7,9,21.991442814891375
635874,1,7,9,21.261739101832248
635895,1,7,4,0.3700090657260609
635921,1,7,6,22.15369468245274
635927,1,7,4,0.3700090657260609
635931,1,7,5,0.3700090141005197
635943,1,7,5,0.3700090141005197
635959,1,7,6,27.715205829933304
635996,1,7,5,0.3700090141005197
636016,1,7,8,31.80199192647455
636019,1,7,4,0.3700090657260609
636028,1,7,7,0.7665556048981678
636033,1,7,3,1.253875906836274
636035,1,7,6,20.51542814787619
636068,1,7,6,25.290893230021204
636091,0,7,0,0.028820945350234682
636093,1,7,9,28.45347321662814
636108,1,7,10,11.486882530906927
636116,1,7,3,2.8588863817108634
636140,1,7,6,20.84537524576874
636143,1,7,9,24.638610533842687
636146,1,7,10,12.497134734361486
636148,1,7,2,12.011725668161361
636161,1,7,10,23.484270519753125
636167,1,7,9,12.818716271930256
636171,1,7,4,0.3700090656202526
636175,1,7,9,32.902014534199715
636181,1,7,8,31.290221880492897
636201,1,7,3,2.951121106869155
636205,1,7,8,18.210360443684365
636208,0,7,0,0.031352997290508375
636212,1,7,4,0.3700090657260609
636219,1,7,9,22.00045403528662
636221,1,7,8,25.092921246612956
636249,1,7,8,14.618169439211774
636268,1,7,9,31.04032573454012
636275,1,7,1,24.082355872481457
636276,1,7,10,21.3885206606975
636294,1,7,9,22.349661549232017
636333,1,7,8,24.580440797317227
636337,1,7,8,10.124110293115844
636354,1,7,9,30.498067943304907
636356,1,7,4,0.3700090657260609
636361,1,7,9,16.945047620217636
636362,1,7,8,36.09844756098966
636382,0,7,0,0.0381821407463466
636422,1,7,5,0.3700090141005197
636427,1,7,9,31.203569150276017
636431,1,7,4,0.3700090657260609
636438,0,7,0,0.026310204560809305
636442,1,7,6,18.27348881634032
636444,1,7,8,26.327269414132804
636451,1,7,4,0.3700090657260609
636454,0,7,0,0.036073659746986585
636457,1,7,8,19.981726363899032
636458,1,7,9,29.658359291839435
636462,1,7,6,29.187603723867404
636468,1,7,4,0.3700090656202526
636478,0,7,0,0.04714793920321241
636481,1,7,9,22.437585381842368
636484,1,7,9,9.821262498788291
636502,1,7,9,31.095070002139398
636508,1,7,4,0.3700090657260609
636524,1,7,10,20.50596651491451
636546,1,7,9,32.74738226859454
636548,1,7,10,20.69518942280379
636564,1,7,8,14.813970223124324
636569,1,7,4,0.3700090657260609
636577,1,7,8,11.363808294666079
636592,1,7,10,26.03515903352401
636599,1,7,8,27.79902255236676
636611,1,7,4,0.3700090657260609
636623,0,7,0,0.12383560265952535
636635,1,7,4,0.3700090657260609
636638,1,7,1,27.16732504792847
636650,1,7,9,7.029014922069916
636654,1,7,8,27.200708622138876
636690,0,7,0,0.029478999205141423
636707,1,7,4,0.3700090657260609
636712,1,7,6,23.33035777388595
636717,1,7,6,29.31670794250761
636721,1,7,8,15.786465074986817
636736,1,7,9,24.450282600232228
636755,1,7,8,32.079647340119664
636781,1,7,8,26.23856428544338
636782,0,7,0,0.0363315766617374
636806,1,7,6,24.084414800040335
636820,1,7,4,0.3700090657260609
636829,1,7,4,0.3700090657260609
636832,1,7,5,0.37000902039789374
636851,1,7,1,21.93405573980294
636860,1,7,8,28.794030384233192
636875,0,7,0,0.03617694129764808
636881,1,7,4,0.3700090657260609
636901,1,7,6,27.425560533863525
636916,1,7,8,32.69639617161495
636922,1,7,7,4.596979849053298
636926,1,7,10,26.018641850219733
636928,1,7,10,4.3394932137520446
636947,1,7,8,21.39529019038838
636954,1,7,5,0.3700090141005197
636956,1,7,8,36.02644490092827
636957,1,7,10,6.182263936224174
636970,1,7,9,18.864427027119767
636976,1,7,4,0.3700090657260609
636987,1,7,8,23.1500365739019
636993,1,7,9,11.73495322248896
637007,1,7,7,2.7080049044771988
637018,1,7,6,30.642725579564967
637027,1,7,1,7.574595632940942
637030,1,7,7,5.652764507614914
637045,1,7,6,23.501365233729903
637053,1,7,10,20.889215916570265
637056,1,7,9,11.401472968135044
637063,1,7,9,27.153638967689993
637075,1,7,9,24.922750745779446
637095,1,7,8,2.7492754395249657
637108,1,7,9,32.44735465752948
637114,1,7,4,0.3700090657260609
637125,1,7,9,24.964626108091394
637128,1,7,9,32.457386377632986
637150,1,7,8,33.79345433688523
637152,1,7,6,29.34050973025913
637160,1,7,9,17.20107401013527
637202,1,7,5,0.3700090141005197
637216,1,7,3,2.658223096842248
637223,1,7,2,13.47330678914265
637224,1,7,8,35.22662981603032
637257,1,7,7,5.299991411499574
637260,1,7,6,30.172318727286168
637293,1,7,8,9.823729637606606
637305,1,7,8,19.00163216896273
637307,0,7,0,0.03348107107914472
637328,1,7,9,15.79123928412618
637329,1,7,5,0.3700090141005197
637330,1,7,9,23.696718000759507
637332,1,7,1,17.169287538711316
637337,1,7,10,10.465892590229254
637346,1,7,5,0.3700090141005197
637347,1,7,10,22.063046413240748
637353,1,7,5,0.3700090141005197
637367,0,7,0,0.039019011592104864
637370,1,7,6,19.544582535397065
637373,1,7,8,28.490279861517177
637398,1,7,7,3.373139267422087
637402,1,7,10,26.022027064677026
637404,1,7,8,23.611400449980675
637422,0,7,0,0.06362364837750278
637430,1,7,6,26.008519075565243
637442,1,7,6,25.86596165273976
637459,0,7,0,0.03812218510452084
637464,1,7,10,8.844609837702967
637477,1,7,8,25.659304667602115
637487,1,7,8,34.64823065446053
637504,1,7,8,32.7057014205194
637511,1,7,8,12.968953296354835
637516,1,7,5,0.3700090141005197
637521,1,7,5,0.3700090141005197
637543,1,7,1,19.965675464319883
637546,1,7,8,4.037013226545795
637549,1,7,7,5.91164074697081
637556,1,7,9,24.8950911630528
637579,1,7,5,0.3700090141005197
637580,1,7,3,2.9087517249424897
637582,1,7,1,18.801629940300987
637602,1,7,6,21.634092609617493
637615,1,7,8,21.756873558984505
637625,1,7,6,19.540698315457757
637629,1,7,6,19.02387065734934
637635,1,7,8,2.6933716490277537
637636,1,7,9,22.153881482476955
637640,1,7,2,13.832710571868196
637644,1,7,5,0.3700090141005197
637649,1,7,7,2.4979653650647786
637664,1,7,4,0.3700090657260609
637668,1,7,3,1.6524788521570664
637728,1,7,8,8.843850177780752
637742,1,7,9,7.79046669511187
637744,1,7,9,28.110979754858555
637745,1,7,8,24.75653243938908
637757,1,7,10,16.588026828906838
637763,1,7,4,0.3700090657260609
637770,1,7,5,0.3700090141005197
637776,1,7,10,17.761165465981723
637777,1,7,9,23.11089735822847
637797,1,7,4,0.3700090656202526
637803,1,7,1,21.679917684695557
637804,1,7,10,12.793706407653731
637820,1,7,5,0.3700090141005197
637825,1,7,5,0.3700090141005197
637835,1,7,6,14.622015691334477
637836,1,7,5,0.3700090141005197
637846,1,7,5,0.3700090141005197
637852,1,7,5,0.3700090141005197
637862,1,7,8,24.02591134173207
637863,1,7,1,24.001388918355957
637867,1,7,8,33.39724023878756
637876,1,7,5,0.3700090141005197
637877,1,7,10,9.201089668462902
637893,1,7,6,24.921123081045778
637902,1,7,8,18.00078853543322
637909,1,7,10,16.37686532885802
637918,1,7,5,0.3700090141005197
637939,1,7,10,24.825786178852677
637940,1,7,8,25.07984200074802
637941,1,7,8,29.974482320259305
637976,1,7,6,25.542229718897836
637978,1,7,9,27.97479104857889
637996,1,7,4,0.3700090657260609
638017,1,7,9,4.423011938341282
638019,1,7,7,1.4907028493530188
638022,0,7,0,0.02705163832710327
638026,1,7,5,0.3700090141005197
638038,1,7,2,8.358997541062728
638091,1,7,7,5.1589383691390704
638108,1,7,8,26.47612106599994
638120,1,7,10,5.393423488511474
638122,1,7,10,26.02147869281837
638123,1,7,9,21.87359761550602
638128,1,7,2,15.029302249339814
638140,0,7,0,0.04731406161086185
638163,0,7,0,0.04723398026299687
638210,1,7,8,29.568053510617577
638216,1,7,8,22.569148299339773
638218,0,7,0,0.027721383290829557
638222,1,7,5,0.3700090141005197
638260,1,7,9,21.48396606719946
638261,0,7,0,0.045684407585304204
638263,1,7,9,31.405727914556042
638273,1,7,2,6.7464068670543025
638282,1,7,4,0.3700090657260609
638304,1,7,9,9.898168619181689
638314,0,7,0,0.08749267843112517
638315,1,7,5,0.3700090141005197
638348,1,7,8,34.825312320387944
638353,0,7,0,0.039978915131019754
638359,1,7,9,29.0003667309845
638388,1,7,5,0.3700090141005197
638392,1,7,6,19.524025107995598
638395,1,7,10,15.00033252855381
638396,1,7,10,17.87479114816036
638398,1,7,6,26.085374730128144
638401,1,7,9,3.5893415786918528
638406,1,7,6,16.75423435179044
638412,1,7,1,5.99181481143429
638443,0,7,0,0.04694360238101456
638463,1,7,6,29.788130430414512
638466,1,7,9,22.934503742073446
638479,1,7,4,0.3700090657260609
638492,1,7,6,24.063199671095095
638495,1,7,9,8.216853230985052
638506,1,7,9,23.7922999072756
638509,1,7,5,0.3700090141005197
638526,1,7,5,0.3700090141005197
638527,1,7,7,4.40162913682861
638528,1,7,7,5.013464298569572
638530,1,7,3,2.715101408691368
638539,1,7,9,31.036455934154418
638542,1,7,10,18.480338777501505
638544,1,7,3,3.274900167226899
638545,1,7,8,19.264633496930887
638551,1,7,6,27.39880782050405
638552,1,7,4,0.3700090657260609
638554,1,7,1,27.330718650599536
638563,1,7,4,0.3700090657260609
638569,1,7,1,7.803909885465357
638571,1,7,9,6.246703825866894
638581,1,7,6,6.376079371986268
638582,1,7,5,0.3700090141005197
638634,1,7,8,30.44203826768293
638645,1,7,7,0.5068464580005891
638650,1,7,9,30.07134491183108
638667,1,7,2,13.59028502580795
638669,1,7,4,0.3700090657260609
638671,1,7,8,21.29914007533869
638672,1,7,3,2.3039294617847585
638685,0,7,0,0.0466763664159212
638705,1,7,5,0.3700090141005197
638707,1,7,6,11.32741684707558
638710,1,7,4,0.3700090657260609
638718,1,7,9,3.0710930608204454
638739,1,7,3,3.1037817514418915
638740,1,7,5,0.37000902039789374
638741,1,7,4,0.3700090657260609
638748,1,7,4,0.3700090657260609
638753,1,7,8,19.280093764799844
638760,1,7,8,4.552851787963406
638762,0,7,0,0.062209840366372525
638765,1,7,9,24.740981042003234
638768,1,7,8,17.272853023911164
638781,0,7,0,0.03266301101791689
638783,1,7,9,29.862621445982608
638799,1,7,7,1.2978047492151739
638806,1,7,9,24.094162348156136
638809,1,7,6,19.562666862485614
638835,1,7,4,0.3700090657260609
638839,1,7,5,0.3700090141005197
638844,1,7,9,33.558009811839426
638865,1,7,9,28.862002104862267
638868,1,7,6,18.11750626023387
638875,1,7,5,0.3700090141005197
638907,1,7,3,3.128375724306711
638917,1,7,5,0.3700090141005197
638927,1,7,6,17.995330814143454
638931,1,7,8,20.483905926528195
638935,1,7,4,0.3700090657260609
638949,1,7,6,23.38136361742554
638954,1,7,2,4.294506266357682
638955,1,7,10,23.150828519621253
638961,1,7,1,16.440017628514926
638973,1,7,6,21.409447853387064
638986,0,7,0,0.08249542637670397
638992,1,7,8,4.610949525180213
639007,1,7,10,7.946637578829538
639009,1,7,5,0.37000902039789374
639019,1,7,6,22.425540706234855
639025,1,7,9,23.561656901884632
639049,1,7,3,3.029713610194403
639058,1,7,8,22.550402830477005
639061,1,7,1,13.883292150153574
639067,1,7,5,0.3700090141005197
639074,1,7,1,17.531857531978552
639085,1,7,4,0.6013412953055493
639090,1,7,9,4.6507297579701055
639092,1,7,9,20.804268274425407
639099,1,7,4,0.3700090657260609
639103,1,7,10,4.435077839309048
639119,1,7,9,28.0732298198772
639130,1,7,9,33.304718635258574
639135,1,7,9,31.316521143535493
639141,1,7,8,12.905622330593562
639154,1,7,1,21.788793391177045
639161,1,7,4,0.3700090657260609
639171,1,7,5,0.3700090141005197
639184,1,7,6,14.880896548026369
639216,1,7,5,0.3700090141005197
639229,1,7,3,3.266687773634762
639232,1,7,4,0.3700090657260609
639237,1,7,2,13.985328775747202
639243,1,7,5,0.3700090141005197
639284,1,7,9,29.29934380106345
639285,1,7,4,0.3700090657260609
639295,1,7,9,12.842374840899781
639296,1,7,8,17.63057518688204
639297,0,7,0,0.05645039393533054
639300,1,7,3,0.9449993013918336
639307,1,7,9,24.84785207644842
639310,1,7,3,2.715311649064658
639314,1,7,4,0.3700090657260609
639323,1,7,9,32.67082355094689
639325,1,7,8,12.78627030908505
639332,1,7,9,12.032830827477122
639333,1,7,9,27.69699475786336
639336,1,7,9,14.276532376991595
639347,1,7,10,4.887434803133171
639351,1,7,8,28.691731339320224
639371,1,7,1,14.522561308820215
639372,1,7,8,23.751994037097173
639374,1,7,5,0.3700090141005197
639388,1,7,8,15.231207376243978
639391,1,7,9,29.23028114598357
639413,1,7,6,7.601636904479925
639424,1,7,10,24.24616178435414
639441,1,7,9,31.24118817557047
639471,1,7,9,25.368184635178288
639476,1,7,5,0.3700090141005197
639477,1,7,8,5.745670825735165
639491,1,7,4,0.3700090657260609
639494,1,7,5,0.3700090141005197
639506,1,7,6,18.619035774261054
639516,1,7,9,25.190263048157856
639528,1,7,7,3.9081457608500743
639531,1,7,5,0.3700090141005197
639543,1,7,9,28.366723328786076
639549,1,7,1,11.749104986207815
639573,1,7,8,22.105993130963917
639579,1,7,6,8.463881559517556
639584,1,7,8,23.0640904912877
639602,1,7,6,21.691924848258267
639619,1,7,6,17.462971246418427
639630,1,7,4,0.3700090657260609
639645,1,7,5,0.3700090141005197
639649,1,7,5,0.3700090141005197
639666,1,7,10,16.833522519825102
639681,0,7,0,0.029418842486371746
639683,1,7,1,25.648453351006246
639689,1,7,4,0.3700090657260609
639690,1,7,4,0.3700090657260609
639710,1,7,8,26.920919098071053
639715,0,7,0,0.03241605434997275
639731,1,7,4,0.3700090657260609
639735,0,7,0,0.16791863701859272
639747,1,7,8,24.034267130555595
639768,0,7,0,0.031817144420435206
639798,1,7,8,34.21405638328622
639808,1,7,8,35.750699671173855
639813,1,7,6,26.254212799041238
639832,1,7,10,15.733408332292509
639835,1,7,5,0.3700090141005197
639838,1,7,10,7.276473344581207
639852,1,7,8,34.5257692213258
639866,1,7,2,15.529483387649012
639873,1,7,9,21.94268805216373
639897,1,7,4,0.3700090657260609
639903,1,7,8,22.85704607491921
639905,1,7,6,12.888130765739733
639913,1,7,9,31.462333226937474
639925,1,7,5,0.3700090141005197
639927,1,7,1,6.714396631458738
639928,1,7,1,19.72902476999149
639966,1,7,1,16.293976817170478
640026,1,7,8,24.13774104457301
640038,1,7,10,24.989872690423415
640046,1,7,6,15.375154394067051
640091,1,7,5,0.3700090141005197
640093,1,7,5,0.3700090141005197
640100,1,7,1,18.323506262353856
640106,1,7,6,20.067444333178553
640123,1,7,9,33.672572819718525
640132,1,7,8,24.07089413441196
640133,1,7,2,13.749370198345034
640139,1,7,9,25.31245090319833
640140,1,7,10,19.965499887948923
640141,1,7,1,26.638678769043768
640143,1,7,4,0.3700090657260609
640161,1,7,4,0.3700090657260609
640163,1,7,8,30.93808455133533
640171,1,7,5,0.3700090141005197
640174,1,7,8,5.613749086346799
640184,1,7,8,30.381210610191943
640206,1,7,9,29.63541202172861
640224,1,7,7,2.948726476854596
640234,1,7,5,0.3700090141005197
640265,1,7,9,28.833176350798055
640267,1,7,9,15.858772444207505
640271,1,7,8,6.3811289334924925
640273,0,7,0,0.08147572011750748
640280,1,7,1,26.50026144076317
640297,1,7,3,2.695790932256307
640331,1,7,5,0.3700090141005197
640348,1,7,9,13.966558350357943
640354,1,7,10,12.441131405625047
640376,1,7,10,24.02508228868252
640377,1,7,6,16.61719786791239
640391,1,7,1,10.362616740892179
640401,1,7,9,27.03476458972673
640403,1,7,4,0.3700090657260609
640422,1,7,9,13.731487448056784
640430,1,7,8,25.057238090532717
640431,1,7,6,14.6139986561462
640440,1,7,1,12.842069962203762
640445,1,7,4,0.3700090657260609
640470,1,7,2,4.163476763552021
640471,1,7,1,24.8255553267039
640479,1,7,10,15.905988345936816
640483,1,7,3,0.9614594613012534
640500,1,7,2,12.935780325560437
640505,1,7,5,0.3700090141005197
640520,1,7,6,26.672281435004933
640530,1,7,6,29.53843558564643
640531,1,7,8,6.949233851983284
640545,1,7,10,24.007256785698676
640569,1,7,9,24.643472832424006
640593,1,7,10,16.825646832756977
640612,1,7,9,8.266536477370899
640619,1,7,7,2.1643632721120674
640626,1,7,2,16.509377208268603
640641,1,7,4,0.3700090657260609
640643,1,7,6,27.785368028000708
640653,1,7,6,19.197193234228575
640665,1,7,4,0.3700090657260609
640671,1,7,1,27.83857801596384
640710,1,7,5,0.3700090141005197
640717,1,7,9,32.85257238558436
640725,1,7,2,6.87521842504534
640758,1,7,10,9.927700033950762
640763,1,7,1,26.542269197139653
640770,1,7,10,15.394904546789295
640771,1,7,5,0.3700090141005197
640806,1,7,2,7.706892750096993
640823,1,7,6,26.77885434933109
640826,1,7,5,0.3700090141005197
640836,1,7,4,0.3700090657260609
640839,1,7,8,5.200740223441733
640841,1,7,4,0.3700090657260609
640855,1,7,9,22.43516339708569
640874,1,7,9,27.849300662465613
640882,1,7,9,22.857858807520554
640899,1,7,7,2.0167404480488513
640907,1,7,4,0.3700090657260609
640919,1,7,8,7.4868709677086835
640920,1,7,9,10.131379431151087
640937,1,7,7,4.113981567053235
640941,1,7,8,12.563809810494561
640969,1,7,10,9.674450244013906
640970,1,7,2,13.198575311837828
640972,1,7,7,2.915894366372906
640975,1,7,4,0.3700090657260609
640978,1,7,4,0.3700090657260609
640991,1,7,7,4.888188379862298
640995,1,7,9,24.693538570983762
640998,1,7,9,17.15962070109684
641009,1,7,10,9.016328768232656
641017,1,7,4,0.3700090657260609
641031,1,7,9,5.218124003782334
641035,1,7,8,6.547227777034692
641054,1,7,9,16.457089132297824
641055,1,7,8,6.0524204397799535
641056,1,7,6,24.415244056485346
641061,1,7,8,14.653459081910658
641074,1,7,7,4.413581041290806
641077,1,7,8,23.836536665634522
641105,1,7,9,5.056315229650283
641120,1,7,7,4.669329128779876
641134,1,7,3,2.61373548910164
641153,1,7,4,0.3700090657260609
641155,1,7,1,12.079406058255682
641164,1,7,5,0.3700090141005197
641165,1,7,8,27.28188762014186
641166,1,7,6,21.098678500895613
641169,1,7,8,14.665413336482564
641180,1,7,9,2.611838687636655
641183,1,7,7,3.010225753356364
641184,1,7,5,0.3700090141005197
641193,1,7,6,30.029744175421378
641198,1,7,4,0.3700090657260609
641214,1,7,4,0.3700090657260609
641221,1,7,2,16.15548833230686
641243,1,7,3,3.1236773155514035
641250,1,7,2,3.7439366199061905
641254,1,7,6,30.383169635918755
641269,1,7,8,18.057871718667414
641281,1,7,5,0.3700090141005197
641283,1,7,5,0.3700090141005197
641290,1,7,9,32.39721554114392
641292,1,7,4,0.3700090657260609
641296,1,7,10,21.338731512356112
641304,1,7,5,0.37000902039789374
641305,1,7,4,0.3700090656202526
641331,0,7,0,0.04486477701224206
641346,1,7,8,24.538905459064473
641348,1,7,5,0.3700090141005197
641356,0,7,0,0.037123904756819294
641367,1,7,6,30.250763421171424
641383,1,7,2,15.496837994583917
641389,1,7,6,12.195127040834201
641399,1,7,5,0.3700090141005197
641408,1,7,5,0.3700090141005197
641413,1,7,6,25.40123580848143
641431,1,7,5,0.3700090141005197
641441,1,7,8,18.12492799856081
641454,1,7,6,21.311292976953883
641485,1,7,9,24.941266679635596
641510,1,7,8,34.29049208420422
641523,1,7,1,12.066255677003108
641539,1,7,5,0.3700090141005197
641551,1,7,6,8.248046015619689
641561,1,7,6,19.523467533668292
641563,1,7,2,12.672964039912644
641570,1,7,6,21.94705067350851
641577,1,7,4,0.3700090657260609
641579,1,7,6,26.07415272594451
641586,1,7,6,25.51087593997448
641588,1,7,1,27.202125287839127
641604,1,7,5,0.3700090141005197
641609,1,7,10,4.6746752203910695
641626,1,7,7,5.9246618014340555
641628,1,7,10,18.008497481826776
641646,1,7,8,21.929244383694154
641700,1,7,9,31.447198790256582
641703,1,7,9,14.607916285376056
641704,1,7,5,0.3700090141005197
641708,1,7,9,32.71439585226383
641723,1,7,8,24.52161219047158
641746,1,7,6,18.75362985463863
641774,1,7,4,0.3700090657260609
641785,1,7,8,22.93763807680411
641819,1,7,5,0.3700090141005197
641852,1,7,8,13.394634934147422
641864,1,7,8,18.864507436242558
641876,0,7,0,0.03442675700433565
641877,1,7,8,23.82336297080837
641880,1,7,10,22.074594242328036
641895,1,7,8,24.995308448809844
641914,1,7,5,0.3700090141005197
641915,1,7,1,12.408832739784483
641965,1,7,8,35.52473919838513
641980,1,7,8,29.21897639416874
641983,1,7,2,1.3927385387080573
641987,1,7,6,26.993693877454003
641996,1,7,4,0.3700090657260609
642017,1,7,3,3.172387482804395
642018,1,7,8,21.35235212010051
642021,1,7,5,0.3700090141005197
642022,1,7,9,22.957235660075916
642026,1,7,5,0.3700090141005197
642027,1,7,4,0.3700090657260609
642029,1,7,10,26.00703742151096
642030,1,7,10,20.51524398657033
642045,1,7,7,6.523672211018319
642046,1,7,6,15.890322858900308
642054,1,7,9,28.390187955356254
642067,1,7,10,16.837845322499287
642083,1,7,10,24.78587647233497
642094,1,7,3,0.9484882950654854
642114,1,7,8,35.897251362990446
642119,1,7,1,24.93152286216331
642125,1,7,9,13.768917321779568
642141,1,7,10,26.03264792333147
642145,1,7,7,6.126811737130519
642159,1,7,9,20.80561838472324
642172,1,7,9,29.618132978785464
642180,1,7,9,24.68577972178655
642184,1,7,9,33.73174200267212
642188,1,7,8,17.613210676227013
642201,1,7,5,0.3700090141005197
642207,1,7,8,36.092064832927996
642212,1,7,9,22.45458416496798
642221,1,7,5,0.3700090141005197
642228,1,7,1,5.825051451386257
642249,1,7,8,18.284630087230102
642274,1,7,9,22.201321605681148
642289,1,7,6,7.47341506508343
642293,1,7,6,22.291147018674522
642297,1,7,8,30.077799885913347
642323,1,7,6,27.384902573256948
642324,1,7,9,31.85634845016869
642327,1,7,4,0.3700090657260609
642336,1,7,10,11.339026337641684
642361,1,7,6,13.235738900972038
642374,1,7,4,0.3700090657260609
642380,1,7,9,14.217135447246244
642386,1,7,9,31.089423540172568
642391,1,7,8,9.939349552537584
642397,1,7,7,6.040236301902512
642409,1,7,4,0.3700090657260609
642410,1,7,10,12.74305605141614
642418,1,7,3,1.3338636067563603
642431,1,7,10,13.687199571681678
642465,1,7,4,0.3700090657260609
642487,1,7,1,21.376131358722432
642503,1,7,5,0.3700090141005197
642529,1,7,2,3.3579769178781524
642532,1,7,10,25.374268820804
642538,1,7,9,3.5555311695568097
642539,1,7,4,0.3700090657260609
642548,0,7,0,0.03689586395604522
642560,1,7,8,35.64637917273946
642562,1,7,10,23.54180166843741
642574,1,7,7,2.1536226004931125
642593,1,7,9,7.176754442119863
642615,1,7,7,1.6535283160723069
642620,1,7,2,7.5898713365424255
642627,1,7,4,0.3700090657260609
642630,0,7,0,0.03501493915297281
642636,1,7,5,0.3700090141005197
642641,1,7,4,0.3700090657260609
642642,1,7,8,24.433105079871616
642658,1,7,8,20.093253149249684
642659,1,7,5,0.3700090141005197
642662,1,7,8,35.48930633244625
642665,1,7,6,16.093172861069487
642677,1,7,10,21.38744984057268
642678,1,7,7,1.7339853326681596
642682,1,7,7,5.82136843466654
642687,1,7,10,16.79975110036679
642692,1,7,5,0.37000902039789374
642723,1,7,2,12.727530707627327
642736,1,7,6,14.46119667812513
642739,1,7,9,20.816474483625
642748,1,7,9,25.091342013087477
642772,1,7,8,31.37278876384647
642803,1,7,4,0.3700090657260609
642820,1,7,10,22.59062431840675
642836,0,7,0,0.03295815997835072
642844,1,7,6,16.078677843227748
642855,1,7,9,4.073360550100107
642856,1,7,3,3.1257330523856
642859,1,7,5,0.3700090141005197
642863,1,7,2,15.825273803923167
642869,1,7,3,2.2767969536621986
642870,1,7,10,14.209439354126081
642875,1,7,4,0.3700090657260609
642878,1,7,9,11.577210143291843
642910,1,7,5,0.3700090141005197
642922,1,7,6,18.699361461397388
642931,1,7,6,14.917650625002468
642938,1,7,4,0.3700090657260609
642956,1,7,8,21.09257508968701
642963,1,7,5,0.3700090141005197
642970,1,7,8,29.216179604432284
642985,0,7,0,0.03959650995478194
643009,1,7,10,9.001054340539044
643013,1,7,6,17.832816091011175
643027,1,7,10,13.202148610844658
643028,1,7,1,27.54213562808298
643031,1,7,6,29.42611953646786
643040,1,7,10,9.165387476868363
643050,1,7,5,0.37000902039789374
643084,1,7,8,23.675718932260708
643090,1,7,5,0.3700090141005197
643099,1,7,10,25.141421689449544
643103,1,7,6,15.24476212832869
643108,1,7,4,0.3700090657260609
643117,1,7,7,2.320548001605429
643119,1,7,5,0.3700090141005197
643148,1,7,4,0.3700090657260609
643152,1,7,9,11.915559173253484
643157,1,7,8,9.713590984806846
643160,1,7,9,21.816117850119955
643162,1,7,1,22.82579462797192
643172,1,7,9,29.31585525000045
643174,1,7,5,0.3700090141005197
643186,1,7,6,16.105654170580348
643189,1,7,4,0.3700090657260609
643191,1,7,9,17.389695403202467
643194,1,7,10,4.549995400486211
643199,1,7,4,0.3700090657260609
643207,1,7,8,22.64031516040465
643221,1,7,9,4.4051173284024365
643230,1,7,9,22.90513262932004
643239,1,7,9,28.09643689474765
643245,1,7,8,24.151531373039674
643261,1,7,8,31.314383581306913
643273,1,7,1,26.555716001120608
643306,1,7,9,24.23488857575605
643315,1,7,5,0.3700090141005197
643334,1,7,6,27.16379767703722
643347,1,7,9,32.04674212756748
643358,1,7,8,35.53449153232483
643367,1,7,3,3.1195343642194695
643399,1,7,7,2.489137871739535
643406,1,7,9,32.668510314119494
643442,1,7,6,24.19037567819384
643446,1,7,8,29.067810948833824
643453,1,7,9,5.908861731721973
643460,1,7,3,3.2173245408957385
643473,1,7,1,11.633475506481414
643505,1,7,4,0.3700090657260609
643518,1,7,6,19.5666126256908
643532,1,7,6,23.91331221723074
643555,1,7,9,9.97498539005565
643564,1,7,9,16.442350632319986
643571,1,7,5,0.3700090141005197
643576,1,7,9,25.09636304717859
643585,1,7,2,9.036890433368367
643586,1,7,6,21.639480041881985
643594,1,7,5,0.3700090141005197
643620,1,7,7,5.449312753250255
643628,1,7,9,28.14588502754198
643630,1,7,7,2.472001659230749
643637,1,7,8,14.544913098417148
643642,1,7,9,25.334133950031127
643649,1,7,8,19.449591842453497
643652,1,7,9,23.288398453567197
643653,1,7,1,17.18857346174082
643658,1,7,5,0.3700090141005197
643667,1,7,10,15.898785087449616
643669,1,7,9,18.27936014901139
643673,1,7,10,11.3347399084983
643706,1,7,9,22.996015588134046
643718,1,7,4,0.3700090656202526
643734,1,7,6,29.19544117678885
643748,1,7,5,0.3700090141005197
643753,1,7,9,6.346000822258459
643761,1,7,1,5.823160036512246
643763,0,7,0,0.03437394549317149
643768,1,7,6,28.014891847303133
643790,1,7,8,29.133330277948662
643807,1,7,6,16.573428589259514
643810,1,7,4,0.3700090657260609
643816,1,7,4,0.3700090657260609
643823,1,7,8,19.487473983225662
643845,1,7,5,0.3700090141005197
643847,1,7,1,24.243243991063057
643850,1,7,7,5.80846129958084
643856,1,7,8,23.36730765501699
643858,0,7,0,0.05496222174461493
643866,1,7,7,6.002292873063444
643888,1,7,5,0.3700090141005197
643903,1,7,8,22.68115722402445
643913,1,7,1,20.952377789387644
643958,1,7,6,14.421631935658645
643960,1,7,6,29.619986896731486
643962,1,7,4,0.3700090657260609
643969,1,7,10,18.8456894877942
643974,1,7,7,3.3404140809202136
643978,1,7,6,17.440982720822674
643979,1,7,4,0.3700090657260609
643982,1,7,2,14.794160895740768
643986,1,7,10,17.079510597628754
643998,1,7,9,11.11896771482014
644023,0,7,0,0.028163072355525825
644027,0,7,0,0.038057941001872625
644028,1,7,9,17.419571782820324
644034,1,7,6,25.043292308560982
644039,1,7,5,0.3700090141005197
644070,1,7,1,25.509830892115033
644071,1,7,4,0.3700090657260609
644081,1,7,9,31.68609391196192
644088,1,7,7,4.329660108281964
644090,1,7,2,3.7767677588041817
644091,1,7,2,11.85978454349541
644117,1,7,6,22.47897233743698
644126,1,7,10,6.547861429874746
644129,1,7,6,27.504857733925032
644142,1,7,9,28.46003276143548
644181,1,7,6,26.729054213059243
644182,1,7,10,14.316960987930603
644191,0,7,0,0.034956512177696956
644200,1,7,6,8.053217109937357
644247,1,7,10,20.249817680835783
644248,1,7,10,12.45543970243384
644252,1,7,6,27.89991456028538
644262,0,7,0,0.04639597456456647
644266,1,7,6,20.573409210801355
644319,1,7,6,15.618313177085543
644329,1,7,10,21.698248580200758
644333,1,7,6,18.612795154175608
644344,1,7,6,18.002219391729525
644350,1,7,6,29.65256916122499
644352,1,7,1,14.380816884964213
644362,1,7,6,20.194719771550503
644372,1,7,7,6.410059052719496
644374,1,7,5,0.3700090141005197
644388,1,7,9,22.57919746377274
644412,1,7,6,23.45166805292516
644413,1,7,6,9.353166183225413
644421,1,7,5,0.3700090141005197
644427,1,7,3,3.135304897057249
644438,1,7,8,20.679822809294578
644444,1,7,5,0.3700090141005197
644451,1,7,2,11.383132565072481
644457,1,7,1,21.377811354548246
644467,1,7,5,0.3700090141005197
644480,1,7,10,26.019512121418774
644487,1,7,1,17.930060978447116
644497,1,7,1,25.834792522660816
644516,1,7,9,5.363678353800017
644519,1,7,4,0.3700090657260609
644529,1,7,8,29.796308018882836
644531,1,7,6,9.723286974795851
644544,0,7,0,0.04700049098565526
644548,1,7,7,1.5159617394031484
644559,1,7,5,0.3700090141005197
644574,1,7,8,17.631965090324012
644577,1,7,8,17.634066867514676
644578,1,7,7,0.3921356484151664
644584,1,7,7,5.356870726630334
644595,1,7,3,3.16286617728672
644596,1,7,6,15.045833513741906
644606,1,7,10,26.021166636313286
644609,1,7,3,3.0363692211438864
644617,1,7,8,19.352061444003013
644619,1,7,9,18.11286797287688
644620,1,7,5,0.3700090141005197
644623,1,7,5,0.3700090141005197
644626,1,7,8,31.07594716343299
644627,1,7,6,29.351913067721735
644639,1,7,4,0.3700090657260609
644643,1,7,6,17.26753011532421
644662,1,7,8,19.552348343496067
644663,1,7,1,26.552779085849224
644664,1,7,5,0.3700090141005197
644679,1,7,2,2.6430717436720514
644686,1,7,5,0.3700090141005197
644737,1,7,6,17.176944627941555
644748,1,7,6,14.688347170469578
644750,1,7,9,14.441973914835557
644772,1,7,2,12.731211095260294
644778,1,7,1,21.495207943631517
644779,1,7,8,18.073709546769855
644786,1,7,6,22.970443314168833
644804,1,7,5,0.3700090141005197
644815,1,7,5,0.3700090141005197
644828,1,7,2,16.512740552043045
644851,1,7,1,9.798660327289147
644853,1,7,9,6.3620776623736885
644864,1,7,8,8.974259694768726
644867,1,7,9,31.3306025614756
644899,1,7,2,15.264560492847918
644903,1,7,10,21.288201729647913
644906,1,7,10,26.01200701119666
644919,1,7,9,13.557475809834843
644920,1,7,5,0.3700090141005197
644923,1,7,9,29.328181608991216
644934,1,7,6,28.461141779254145
644939,1,7,10,5.8008807158793845
644942,1,7,10,13.579640354031977
644944,1,7,10,22.164441534161774
644947,1,7,5,0.37000902039789374
644959,1,7,4,0.3700090657260609
644962,1,7,4,0.3700090657260609
644966,1,7,9,10.115869976530995
644973,1,7,9,15.062158910387527
645006,1,7,6,29.716945703013074
645016,1,7,2,5.491272171817397
645019,1,7,7,6.5327636609117885
645026,1,7,9,33.71659362162012
645039,1,7,9,13.211760403742323
645040,1,7,5,0.3700090141005197
645043,1,7,5,0.3700090141005197
645054,1,7,5,0.3700090141005197
645084,1,7,8,27.266631363665795
645092,1,7,4,0.3700090657260609
645097,1,7,8,24.600498394032396
645112,1,7,5,0.3700090141005197
645118,1,7,4,0.3700090657260609
645135,1,7,3,2.71407658699152
645148,1,7,8,28.485339288382253
645150,1,7,6,25.54709741712317
645157,1,7,1,21.391094349233864
645158,1,7,8,6.943111608779045
645159,1,7,3,3.1142772193425254
645205,1,7,6,19.70559917488025
645215,1,7,9,32.8416158578061
645216,1,7,5,0.3700090141005197
645237,1,7,9,7.204968441785026
645245,1,7,2,7.096240239190472
645259,1,7,9,20.802259096364217
645260,1,7,1,14.35818122749221
645265,1,7,8,21.470752782455293
645274,1,7,4,0.3700090656202526
645291,1,7,7,5.252481205413561
645308,1,7,4,0.3700090657260609
645309,1,7,8,7.544933037309109
645319,1,7,8,34.10737333849965
645321,1,7,9,7.874092625212649
645342,1,7,10,18.408205782154923
645348,1,7,8,14.455273420046343
645395,1,7,8,23.116589707827327
645406,1,7,4,0.3700090657260609
645410,1,7,2,13.394734959046632
645461,1,7,9,33.553554121166336
645470,1,7,5,0.3331615592231054
645472,1,7,4,0.3700090657260609
645473,0,7,0,0.039967715046121816
645483,0,7,0,0.04703342611150572
645517,1,7,10,9.774789675599923
645518,1,7,8,28.18815694854234
645535,1,7,3,3.2166712076508746
645539,1,7,9,5.485083261356701
645540,1,7,7,0.608097371658364
645544,0,7,0,0.03948758088156895
645545,1,7,8,29.390383324840545
645560,1,7,1,9.787718898497468
645571,1,7,9,31.292028509006833
645576,1,7,4,0.3700090657260609
645578,1,7,5,0.3700090141005197
645587,1,7,10,8.339306192307424
645592,1,7,9,31.52086255593359
645593,1,7,7,1.5491325566097789
645597,1,7,6,14.661097596072139
645609,1,7,8,20.849144652444735
645612,1,7,2,5.120240909844305
645619,1,7,9,9.3205264345344
645628,0,7,0,0.0388002894157369
645629,1,7,9,28.854492464554593
645633,1,7,8,20.489255506487662
645659,1,7,5,0.3700090141005197
645662,1,7,8,16.002512326595802
645671,1,7,1,18.500572214406297
645674,1,7,8,16.236495691256135
645696,1,7,9,33.221688209699764
645708,1,7,9,15.7313293236781
645711,1,7,1,22.767809811714788
645723,1,7,2,12.650740275576613
645724,1,7,1,25.363380206795433
645750,1,7,8,20.626549345491483
645762,1,7,3,3.1953965927171963
645775,0,7,0,0.06158990381689231
645777,1,7,5,0.3700090141005197
645782,1,7,10,25.823199941113636
645792,1,7,7,6.024530033469752
645817,1,7,5,0.3700090141005197
645821,1,7,6,28.862080386442003
645844,1,7,3,1.8655987260164364
645862,1,7,4,0.3700090657260609
645880,1,7,1,16.54796510964385
645885,1,7,10,25.66546730765222
645886,1,7,6,16.766704064482635
645894,1,7,6,26.993545215463087
645914,1,7,8,17.491502731694556
645915,1,7,8,19.040273767921093
645930,1,7,9,29.19051972339662
645949,1,7,1,16.742195144488136
645954,1,7,5,0.37000902039789374
646013,1,7,8,23.321018640607093
646022,1,7,7,0.3897419849268087
646030,1,7,9,20.46846960134795
646039,1,7,1,9.66318869121386
646042,1,7,5,0.3700090141005197
646052,1,7,1,16.875409729040715
646057,1,7,9,29.848471964689168
646077,1,7,5,0.3700090141005197
646080,1,7,1,10.168900301905763
646090,1,7,6,27.566716713873905
646123,1,7,10,11.055633472128983
646125,1,7,5,0.3700090141005197
646126,1,7,4,0.3700090657260609
646128,1,7,9,3.2723075735097473
646142,1,7,8,14.438189716014053
646148,1,7,9,20.78164224150765
646152,1,7,8,15.65566199579939
646167,1,7,6,17.019938504946623
646169,1,7,6,11.24244261285335
646172,1,7,10,6.849306473085354
646177,1,7,9,15.935184688501876
646184,1,7,7,1.334831413157256
646195,1,7,6,30.104693616244205
646196,1,7,4,0.3700090657260609
646208,1,7,9,25.12557186324812
646211,1,7,6,29.445742541812432
646218,1,7,10,17.659165110969436
646220,1,7,9,33.45366365469091
646229,1,7,4,0.3700090657260609
646230,1,7,1,27.6601847483127
646233,1,7,9,21.84456530767252
646242,1,7,4,0.3700090656202526
646248,1,7,9,33.0666892220655
646263,1,7,9,21.512981353462145
646266,1,7,9,28.223564711835927
646297,1,7,6,11.890798709361547
646299,1,7,8,26.030075592559832
646303,1,7,2,5.861880810586964
646304,1,7,1,15.448531501407551
646306,1,7,9,2.8712014618533104
646313,1,7,6,6.582065011814053
646320,0,7,0,0.04580187250525686
646332,1,7,9,20.471156854515417
646341,1,7,6,21.782570873670704
646345,1,7,5,0.3700090141005197
646354,0,7,0,0.03058951721518977
646375,1,7,4,0.3700090657260609
646385,1,7,1,12.064912208067504
646398,1,7,3,1.711337700979404
646399,1,7,10,7.44063945071201
646414,1,7,4,0.3700090657260609
646427,1,7,8,7.307387860712912
646429,1,7,6,27.428590930120325
646432,1,7,9,22.29430861950809
646452,1,7,4,0.3700090657260609
646458,1,7,8,2.593458311801089
646472,1,7,10,25.008529925818415
646473,1,7,8,18.720597979645717
646477,1,7,6,16.882115588746267
646480,1,7,6,11.686390371852248
646481,1,7,4,0.3700090657260609
646493,1,7,1,23.382476077264567
646505,1,7,8,10.666762856118606
646519,1,7,6,7.100182949706552
646528,1,7,8,10.059895690375797
646533,1,7,8,14.120943563169519
646534,0,7,0,0.030444713420996066
646583,1,7,5,0.3700090141005197
646584,1,7,10,18.14970787787461
646587,1,7,8,6.053272270598854
646589,1,7,9,27.297977572873943
646603,1,7,8,24.15653860978887
646649,1,7,8,5.630911133384483
646671,1,7,9,19.614806833899102
646675,1,7,9,33.481874132516815
646679,1,7,10,5.129249477898558
646681,1,7,5,0.3700090141005197
646707,1,7,8,8.638831148457223
646713,1,7,6,30.406289280020136
646717,1,7,5,0.3700090141005197
646770,1,7,9,12.141953067473287
646789,1,7,9,33.24284100848006
646797,1,7,9,9.562370777671772
646810,1,7,8,34.996899120588694
646823,1,7,7,0.6017384033060014
646846,1,7,1,15.133910704238573
646860,1,7,6,30.197279987749642
646868,1,7,4,0.3700090657260609
646871,0,7,0,0.03330506955434984
646895,1,7,10,4.307881199762246
646912,1,7,6,29.357520046876093
646913,1,7,7,5.862530398299184
646946,1,7,9,24.551910814132324
646947,0,7,0,0.033753893259596754
646963,1,7,8,30.25078863315625
646966,1,7,9,22.924008130588238
646974,1,7,6,26.02254203501344
646983,1,7,5,0.3700090141005197
647045,0,7,0,0.03315765896616013
647062,1,7,6,27.279094318724912
647082,1,7,3,3.1414557547797495
647088,1,7,9,32.63582752174539
647094,1,7,10,5.261407245365267
647104,1,7,10,25.996768783231893
647105,1,7,9,8.36675592953376
647119,1,7,6,13.400482871525089
647132,1,7,6,25.04461501596827
647134,1,7,6,16.73366050918813
647147,1,7,3,3.088316117793031
647154,1,7,8,16.87416301889974
647156,1,7,7,4.686116646012837
647163,0,7,0,0.03428926450454741
647169,1,7,9,31.099848265106555
647173,1,7,9,15.240791793618106
647175,1,7,6,10.887545094035275
647178,1,7,10,7.390693895541359
647179,1,7,10,14.420654550734639
647180,1,7,8,26.493579293840714
647186,1,7,9,12.7019178228993
647225,1,7,1,12.31274638675618
647226,1,7,7,5.49744203531423
647246,1,7,7,0.34522180977183814
647258,1,7,9,28.370438625327942
647266,1,7,10,15.703571010243005
647273,1,7,9,33.0589373645996
647275,1,7,5,0.3700090141005197
647277,1,7,3,2.949614921769798
647278,1,7,5,0.37000902039789374
647331,1,7,4,0.3700090657260609
647339,1,7,10,14.69142813524693
647378,1,7,6,4.673725338902453
647394,1,7,10,16.11254357569722
647421,1,7,9,31.71162057099645
647423,1,7,4,0.3700090657260609
647440,1,7,1,12.797138859929332
647446,1,7,5,0.3700090141005197
647461,1,7,5,0.3700090141005197
647465,1,7,5,0.3700090141005197
647468,1,7,6,21.069047752048256
647475,1,7,10,11.946539540569738
647481,1,7,8,32.49937801318598
647488,1,7,9,21.179918728239524
647495,1,7,9,9.352002210147008
647514,1,7,9,20.103841414990193
647524,1,7,6,30.238865612403885
647533,1,7,10,22.18292025641925
647538,1,7,7,0.5672127476950685
647543,1,7,2,11.349046385410784
647544,1,7,8,11.79115658859406
647549,0,7,0,0.03871669339834006
647550,1,7,9,24.089899657840068
647559,1,7,9,24.507794482695182
647569,1,7,10,3.3146597158035394
647572,1,7,6,24.31594553301407
647595,1,7,6,29.632942071965275
647609,1,7,5,0.3700090141005197
647610,1,7,8,12.523366721743571
647613,1,7,8,28.155774805344716
647621,1,7,7,3.2980930535939033
647623,0,7,0,0.04482268391367798
647624,1,7,5,0.3700090141005197
647631,1,7,2,1.4154019455474216
647635,1,7,10,20.36329699723393
647663,1,7,1,27.6083595955428
647668,1,7,8,25.412104812507135
647686,1,7,8,35.39347056509967
647693,1,7,9,12.743406550206197
647694,1,7,5,0.3700090141005197
647695,1,7,8,17.74400118693878
647697,1,7,8,15.023552503599898
647704,1,7,5,0.3700090141005197
647707,1,7,5,0.3700090141005197
647712,1,7,5,0.3700090141005197
647715,1,7,8,25.987205536338575
647725,1,7,3,1.9119853659865318
647733,1,7,3,2.9106187533387646
647734,1,7,5,0.3700090141005197
647769,1,7,9,23.414420020596374
647775,1,7,2,2.736630311585157
647777,1,7,6,21.675479714774347
647792,1,7,10,15.39061787781303
647797,1,7,7,4.900751029807421
647802,1,7,9,28.961010298314033
647810,1,7,6,12.829416194028195
647858,1,7,10,17.46816575690472
647867,1,7,9,31.56472026108171
647868,1,7,9,30.67128461680071
647884,1,7,6,15.392231890932232
647896,1,7,1,15.10246554161217
647901,1,7,8,19.552016190289926
647903,1,7,9,21.93457016730217
647912,1,7,5,0.37000902039789374
647918,1,7,5,0.3700090141005197
647932,1,7,4,0.3700090657260609
647935,1,7,4,0.3700090657260609
647938,1,7,4,0.3700090657260609
647944,1,7,6,11.783574833896795
647949,1,7,9,29.05019877318572
647956,1,7,3,3.0261015546987764
647963,1,7,9,19.21706769822487
647965,1,7,10,11.263783466776237
647977,1,7,6,28.33479645154411
647980,1,7,4,0.3700090657260609
647982,0,7,0,0.0470306975260214
647990,1,7,7,1.501062098155613
647993,1,7,6,8.839333450086887
647996,1,7,2,12.344245100418982
648006,1,7,4,0.3700090657260609
648011,1,7,5,0.3700090141005197
648012,1,7,6,20.56806307781876
648017,1,7,4,0.3700090657260609
648031,0,7,0,0.04717985551812091
648038,0,7,0,0.039138897113127194
648052,1,7,3,3.195277005659934
648061,1,7,9,13.989871332808312
648069,1,7,9,32.69690027747214
648073,1,7,5,0.3700090141005197
648093,1,7,2,6.556693362935029
648094,1,7,6,6.167756160562429
648099,1,7,2,1.4029928937700151
648101,1,7,6,19.56438529232754
648103,1,7,8,29.71594029098067
648105,1,7,3,3.2016711529106936
648106,1,7,8,36.109077082459805
648129,1,7,10,11.2465862459884
648145,1,7,1,25.973826039631433
648153,1,7,8,31.52624016749934
648155,1,7,1,16.523870348857766
648162,1,7,9,24.664330056496834
648167,1,7,6,5.619726772610983
648198,1,7,5,0.3700090141005197
648200,1,7,5,0.3700090141005197
648201,1,7,8,18.66432340243953
648202,1,7,5,0.3700090141005197
648206,1,7,5,0.3700090141005197
648211,0,7,0,0.027084655618084853
648212,1,7,10,24.95316160357461
648242,1,7,8,26.742422348202496
648247,1,7,1,8.293481094279823
648254,1,7,6,23.335689337830814
648279,1,7,5,0.3700090141005197
648286,1,7,5,0.3700090141005197
648288,1,7,1,16.652204504813533
648301,1,7,8,7.921511581897914
648310,1,7,10,22.391630163127235
648318,1,7,9,29.853946169812605
648338,1,7,9,23.508573200111353
648339,1,7,6,18.793898426966585
648380,1,7,5,0.3700090141005197
648390,1,7,5,0.3700090141005197
648403,0,7,0,0.03352413287940973
648404,1,7,8,26.335907676952445
648414,1,7,4,0.3700090657260609
648432,1,7,7,6.39420503610883
648447,1,7,9,27.826418559534496
648470,1,7,6,22.860764603076156
648476,1,7,9,23.621737743929867
648483,0,7,0,0.1249665891839444
648513,1,7,8,30.452474220901156
648523,1,7,8,36.076761384726865
648526,1,7,1,4.154594880673657
648528,1,7,1,27.4270889385424
648534,1,7,6,22.499517953466466
648535,1,7,8,15.628918668777978
648536,1,7,7,1.5984625570940256
648543,1,7,9,31.6607424018203
648545,1,7,9,12.825930501618286
648552,0,7,0,0.03870498200640437
648567,1,7,5,0.3700090141005197
648570,1,7,7,4.9256299959345755
648574,1,7,5,0.3700090141005197
648576,1,7,4,0.3700090657260609
648585,1,7,9,30.501758520472706
648606,1,7,1,27.548933024895103
648624,1,7,8,24.175953132215
648625,1,7,4,0.3700090657260609
648673,1,7,4,0.3700090657260609
648675,1,7,9,22.007372202385604
648678,1,7,2,16.127362117072764
648746,1,7,9,24.5491250815174
648766,1,7,5,0.3700090141005197
648768,1,7,5,0.3700090141005197
648785,1,7,5,0.3700090141005197
648789,1,7,8,7.538309684859274
648790,1,7,4,0.3700090657260609
648803,0,7,0,0.04506476143499323
648818,1,7,6,29.297787831906756
648822,1,7,8,29.83058628152827
648830,1,7,8,36.10176999537944
648840,1,7,3,3.247016719322559
648841,1,7,5,0.3700090141005197
648844,1,7,6,24.065085452550072
648855,1,7,5,0.3700090141005197
648868,1,7,8,24.420006121478306
648869,1,7,2,7.1023330832535985
648871,1,7,6,18.49115883619243
648878,1,7,9,33.33108877881186
648884,1,7,4,0.3700090657260609
648889,1,7,9,26.927818958691642
648899,1,7,6,18.43388039456868
648913,1,7,1,27.388776104609377
648928,1,7,9,16.26292815423864
648934,1,7,6,29.425603168073366
648948,1,7,9,21.247291992759198
648954,1,7,3,3.1315202180306905
648955,1,7,9,27.09544731728759
648958,1,7,6,17.91318325480077
648968,1,7,4,0.3700090657260609
648972,1,7,5,0.3700090141005197
648974,0,7,0,0.03411060281275428
648984,1,7,10,17.083054936390415
648995,1,7,5,0.3700090141005197
649011,1,7,1,11.974342857042252
649016,0,7,0,0.045892202339025016
649041,1,7,6,9.847556830876178
649054,1,7,5,0.3700090141005197
649055,1,7,9,32.55299488126218
649056,1,7,10,17.82014706165244
649109,1,7,8,30.42194759565877
649113,1,7,5,0.37000902039789374
649119,1,7,8,17.516498410978777
649120,1,7,9,7.359438656189903
649130,1,7,6,7.7660783787846945
649137,1,7,9,29.80824100581586
649153,1,7,9,24.94167959067662
649162,1,7,10,26.03562851783316
649163,0,7,0,0.03506869107001537
649164,1,7,1,9.844204388217117
649169,1,7,10,13.403806126752826
649172,1,7,4,0.3700090657260609
649195,1,7,4,0.3700090657260609
649206,1,7,8,8.785438301977873
649214,1,7,4,0.3700090657260609
649234,0,7,0,0.07816094939077342
649236,1,7,6,19.922066951505172
649253,1,7,5,0.3700090141005197
649280,1,7,10,10.644088301720604
649285,1,7,8,21.206841857517418
649295,1,7,9,21.246067614691405
649323,1,7,3,1.4371600995461695
649329,1,7,9,15.699936785444358
649333,1,7,9,19.283356267800908
649340,1,7,4,0.3700090657260609
649354,1,7,10,6.946564203902674
649359,1,7,9,11.945782034778249
649395,1,7,10,12.69645046931427
649403,1,7,8,26.63033951997057
649424,1,7,6,20.487540683674506
649435,1,7,5,0.3700090141005197
649438,1,7,7,2.442887961048368
649445,0,7,0,0.029043533659468778
649449,1,7,1,27.476067904763756
649463,1,7,1,14.978617553119276
649485,1,7,1,22.501673663568152
649488,1,7,9,22.999029889476166
649496,1,7,4,0.3700090657260609
649498,1,7,10,10.600243528927239
649500,1,7,9,16.84569595296014
649508,1,7,8,10.907381788392057
649532,1,7,6,12.084425437112076
649536,1,7,6,19.045503361069773
649544,0,7,0,0.04701717802808355
649565,1,7,8,22.69634052049006
649566,1,7,10,26.010535410538576
649587,1,7,5,0.3700090141005197
649589,1,7,10,18.478827067864906
649603,1,7,4,0.3700090657260609
649614,1,7,10,7.1786120193229435
649623,1,7,8,24.733987640820185
649634,1,7,10,13.12824761897042
649640,1,7,4,0.3700090657260609
649642,0,7,0,0.032363399431812455
649647,1,7,8,35.63678368966561
649655,1,7,4,0.3700090657260609
649662,1,7,5,0.3700090141005197
649665,1,7,7,0.974107144166738
649693,1,7,8,26.219843716452722
649713,1,7,3,1.9173620121812016
649731,1,7,5,0.3700090141005197
649736,1,7,5,0.3700090141005197
649762,1,7,4,0.3700090657260609
649795,1,7,6,15.339258917115124
649805,1,7,5,0.37000902039789374
649806,1,7,1,19.09593421038646
649808,1,7,3,3.1550336880491128
649827,1,7,9,2.989531962202953
649837,1,7,6,12.0911026575807
649838,1,7,6,10.257128133313675
649842,1,7,5,0.3700090141005197
649856,0,7,0,0.03876460046023519
649868,1,7,4,0.3700090657260609
649876,1,7,5,0.3700090141005197
649889,1,7,6,9.118200813110148
649892,1,7,7,1.9543962406132138
649893,1,7,8,32.788107778669136
649895,1,7,3,2.8735900867190862
649910,1,7,2,3.6632200488518265
649914,1,7,8,35.057008984948716
649915,1,7,5,0.3700090141005197
649945,1,7,8,25.903428798427942
649948,1,7,4,0.3700090657260609
649955,1,7,3,3.200048885977209
649967,1,7,5,0.3700090141005197
649968,1,7,4,0.3700090657260609
649982,1,7,8,23.61804915899413
649985,1,7,5,0.3700090141005197
650010,1,7,5,0.3700090141005197
650050,1,7,9,32.03862061314206
650053,1,7,5,0.3700090141005197
650054,1,7,6,22.914178616917685
650056,1,7,10,7.160506209932331
650063,1,7,6,10.167180336981001
650066,1,7,9,25.34300373670969
650074,1,7,9,23.40120188508462
650076,1,7,5,0.37000902039789374
650078,1,7,3,2.5681949525601575
650086,1,7,7,5.799816805180308
650094,1,7,4,0.3700090657260609
650095,1,7,10,25.408340561100367
650156,1,7,9,29.598598511800706
650161,1,7,8,34.82662423949824
650180,1,7,10,17.09576726786728
650182,1,7,9,6.458633604708497
650188,1,7,7,2.9176249667668572
650190,1,7,10,13.591740943630594
650204,1,7,6,21.929285083705736
650219,1,7,5,0.3700090141005197
650235,1,7,8,17.546764220655948
650241,1,7,10,20.78325950050084
650250,1,7,9,21.221664381702485
650286,1,7,1,26.442165264250576
650297,0,7,0,0.1196375909009885
650312,1,7,4,0.3700090657260609
650313,1,7,8,16.444319561240874
650316,1,7,4,0.3700090657260609
650318,1,7,3,3.117597080190136
650342,1,7,4,0.3700090657260609
650346,1,7,5,0.3700090141005197
650347,1,7,9,31.467855320147248
650348,1,7,7,6.376815511062356
650353,1,7,6,26.192687156160716
650354,1,7,9,7.803966952373295
650390,1,7,9,31.879757877885982
650395,0,7,0,0.04715480142617167
650400,1,7,5,0.3700090141005197
650418,1,7,5,0.3700090141005197
650431,1,7,4,0.3700090656202526
650436,1,7,1,23.399360903329075
650439,1,7,9,28.498860772781228
650440,1,7,7,6.481723457352666
650452,1,7,4,0.3700090657260609
650453,1,7,1,18.73045779863423
650467,1,7,1,9.117376712699267
650470,1,7,6,21.889963175078876
650475,1,7,8,9.489302550616395
650477,1,7,9,11.869743055264879
650480,0,7,0,0.03302818987630325
650497,1,7,7,3.0110138235163832
650502,1,7,8,35.34722613010384
650507,1,7,5,0.3700090141005197
650512,1,7,8,18.30579891979103
650535,1,7,8,30.167530230707253
650546,1,7,10,24.257075579031678
650562,1,7,7,3.173805052351611
650568,1,7,6,19.61773865577619
650576,1,7,3,3.0631439412630828
650587,1,7,6,19.896590287384555
650593,1,7,8,20.275844370329082
650612,1,7,10,11.150386888962181
650613,1,7,8,28.589453980878904
650622,0,7,0,0.039122035042501946
650624,1,7,2,15.50144492521467
650629,1,7,8,30.644417986543022
650635,1,7,6,29.92066753547031
650641,1,7,4,0.3700090657260609
650645,1,7,10,11.884251662527983
650661,1,7,9,19.71832105922607
650664,1,7,6,17.855453621135236
650667,1,7,1,15.02652846784615
650680,1,7,5,0.37000902039789374
650685,1,7,5,0.3700090141005197
650689,1,7,10,9.595277926753724
650707,1,7,4,0.3700090657260609
650735,1,7,9,25.314342589901937
650785,1,7,10,17.72062426071045
650786,1,7,1,27.335963170448178
650788,1,7,3,3.2041412268775926
650795,0,7,0,0.03852010531685248
650799,1,7,2,4.303958524312255
650807,1,7,10,14.651216879775944
650814,1,7,4,0.3700090657260609
650820,1,7,6,11.140843087986593
650846,1,7,9,21.685455417239353
650847,1,7,10,10.121042051956664
650865,1,7,9,11.410349362795978
650874,0,7,0,0.08110634875637185
650880,1,7,4,0.3700090657260609
650881,1,7,9,29.869042821837283
650883,1,7,9,30.64674203672717
650887,1,7,9,25.788422596362967
650889,1,7,4,0.3700090657260609
650892,1,7,8,18.639755436300927
650909,1,7,4,0.3700090657260609
650943,1,7,10,22.83853594149377
650960,1,7,1,23.87179220711306
650966,1,7,2,6.756292683301048
650972,1,7,8,24.736114030761506
650987,1,7,9,13.42997575925876
651015,1,7,2,5.233764338821814
651022,1,7,6,29.027456041445863
651051,1,7,9,22.30158252228005
651054,1,7,6,4.940918035436082
651055,1,7,8,29.244087160782435
651058,1,7,10,16.956026748716152
651079,1,7,8,30.839068564634193
651080,1,7,9,6.010810267924517
651088,1,7,8,10.269440485765102
651103,1,7,5,0.3700090141005197
651107,1,7,4,0.3700090657260609
651118,1,7,9,8.112239479309283
651122,0,7,0,0.03656215742512228
651161,1,7,9,27.402221903720562
651164,1,7,9,32.66372926001569
651194,1,7,5,0.3700090141005197
651198,1,7,6,29.589145231852502
651201,1,7,10,15.34154838343946
651209,1,7,6,20.86718815912921
651212,1,7,4,0.3700090657260609
651215,1,7,5,0.3700090141005197
651220,1,7,9,33.09066888414163
651230,0,7,0,0.07042409011177414
651237,1,7,6,14.154941652793838
651251,1,7,10,24.418404226859458
651259,1,7,8,33.87546920351987
651264,1,7,6,14.139601615582393
651276,1,7,9,8.74959718291199
651277,1,7,4,0.3700090657260609
651280,1,7,5,0.3700090141005197
651281,1,7,8,17.640439798346797
651287,1,7,8,23.076747230735787
651290,1,7,5,0.3700090141005197
651292,1,7,6,12.321120351630281
651297,1,7,8,19.634646400236264
651302,1,7,5,0.37000902039789374
651305,1,7,8,25.638516745801734
651320,1,7,2,14.545178801594965
651335,1,7,6,22.890938824449446
651339,1,7,5,0.3700090141005197
651341,1,7,3,3.14073588754119
651342,1,7,6,30.125335295158866
651347,1,7,8,23.808331852016636
651351,1,7,4,0.3700090657260609
651358,1,7,1,3.742935907052442
651367,1,7,5,0.3700090141005197
651370,0,7,0,0.03483373360895465
651401,1,7,9,31.450202263480165
651404,1,7,6,21.99159673689591
651407,1,7,5,0.3700090141005197
651417,1,7,9,24.00929119458585
651422,1,7,5,0.3700090141005197
651427,1,7,9,32.85013626313284
651449,1,7,1,8.43559189043165
651450,1,7,1,18.18646631097122
651454,1,7,4,0.3700090657260609
651463,1,7,6,20.408279694280306
651467,0,7,0,0.04384846064325706
651476,1,7,5,0.3700090141005197
651479,1,7,6,21.649983670229968
651498,1,7,6,26.64301925461567
651509,1,7,8,32.78323888734526
651511,1,7,6,12.407407505743588
651519,1,7,1,14.856287554634457
651524,1,7,9,11.703514742458546
651525,1,7,10,7.0704401406977855
651534,1,7,5,0.37000902039789374
651559,1,7,9,12.336052546424826
651560,1,7,9,31.3704176531747
651574,1,7,10,17.825919357078426
651603,1,7,9,17.01771370045675
651605,1,7,6,19.825189338014162
651609,1,7,6,26.90305885754621
651610,1,7,8,35.534795832110454
651613,1,7,8,33.9824041969343
651615,1,7,5,0.3700090141005197
651616,1,7,6,29.45594478637707
651623,1,7,9,12.063659723520757
651624,1,7,9,8.985701827804517
651628,1,7,9,17.295381646376352
651662,1,7,8,35.381979562482385
651699,1,7,9,15.177393053575331
651703,1,7,4,0.3700090657260609
651707,0,7,0,0.022112380436081016
651713,1,7,9,9.086474005832677
651737,1,7,6,21.031964379750963
651765,1,7,6,22.38660485602384
651774,1,7,9,11.18637326201715
651777,1,7,5,0.3700090141005197
651784,1,7,6,9.115155225003374
651787,1,7,8,7.878183724035215
651789,1,7,6,30.25524323323991
651816,1,7,8,29.706940216168206
651818,1,7,1,6.10601288722176
651823,1,7,7,2.7087720759270777
651835,1,7,8,6.112256613368433
651873,1,7,10,13.841236461909217
651879,1,7,10,9.926036908176798
651885,0,7,0,0.03375983637735745
651892,1,7,6,13.814840121080946
651902,1,7,1,23.779983918432556
651913,1,7,6,22.40161461713593
651920,1,7,4,0.3700090657260609
651932,1,7,5,0.3700090141005197
651937,1,7,6,29.932267501128266
651939,1,7,8,30.04840047405641
651946,1,7,5,0.3700090141005197
651947,1,7,1,22.317250608411243
651948,0,7,0,0.03180493780347584
651954,0,7,0,0.07363104034640436
651960,1,7,7,1.5842884223595348
651970,1,7,9,31.153039121878393
651979,0,7,0,0.029972729136837798
651980,1,7,6,21.933440016006493
651981,1,7,6,19.826744210572972
651984,1,7,9,33.61196843149165
652015,1,7,4,0.3700090657260609
652017,0,7,0,0.043339831859280115
652018,1,7,7,6.176428690299025
652028,1,7,8,19.730400347529297
652043,1,7,3,2.76128718842444
652047,1,7,9,27.96306789038011
652049,1,7,4,0.3700090657260609
652055,1,7,9,30.955503506222392
652060,1,7,8,21.18732604864595
652063,1,7,6,21.595514792826457
652087,1,7,8,24.50007110686445
652099,1,7,5,0.3700090141005197
652122,1,7,6,29.186475801735156
652127,1,7,3,3.1382025914367557
652135,1,7,7,6.068293014778598
652144,1,7,8,26.220714022133397
652146,1,7,10,24.946144634503813
652148,1,7,7,3.4450087969421928
652149,1,7,3,2.517071840644442
652173,1,7,8,35.34808788887083
652201,1,7,9,25.16786880966415
652202,1,7,8,26.91930231320972
652222,1,7,7,2.4556441976066092
652230,1,7,4,0.3700090657260609
652237,1,7,8,24.420227897914028
652262,1,7,5,0.3700090141005197
652264,1,7,7,2.803504959254216
652282,1,7,10,18.43246849231225
652290,1,7,4,0.3700090657260609
652317,1,7,7,5.49787343579695
652326,1,7,8,13.807778322147483
652366,1,7,4,0.3700090657260609
652382,1,7,8,27.641809977617697
652388,0,7,0,0.042918723812275274
652400,1,7,4,0.3700090657260609
652403,1,7,8,14.78725971961021
652407,1,7,1,6.089329737998914
652412,1,7,9,33.053791436616585
652417,1,7,9,7.529847013741722
652426,1,7,8,10.023441506207515
652468,1,7,2,7.581305532437931
652470,1,7,8,4.81129100280903
652490,1,7,8,8.38083002819594
652496,1,7,8,22.432126819189463
652507,1,7,3,2.972970325004071
652521,1,7,8,27.733922039879225
652524,1,7,8,17.182320888493418
652527,1,7,1,21.904275710472923
652541,1,7,1,18.10575168866792
652549,1,7,3,2.255325934171489
652555,1,7,6,16.805639459412884
652558,1,7,8,28.11928918513928
652559,1,7,8,26.07685668867382
652596,1,7,7,4.3748241170499504
652605,1,7,9,5.2401236371184
652619,1,7,8,29.22459293317032
652627,1,7,8,23.39360101851635
652632,1,7,10,13.744483691480218
652645,1,7,4,0.3700090657260609
652663,1,7,6,10.384795730348184
652680,1,7,1,26.864877233835927
652681,1,7,8,27.85139348985692
652712,1,7,9,4.582480743817053
652718,1,7,6,22.001944489680064
652719,1,7,1,22.228737151454204
652721,1,7,6,16.979116502230244
652731,1,7,6,29.72767349653889
652755,1,7,6,23.91607376179551
652756,1,7,8,34.20455187483784
652768,1,7,2,6.672323887822767
652782,1,7,6,25.66578907073043
652785,1,7,6,22.075352315068628
652818,1,7,3,3.092114164250696
652821,1,7,7,0.7734091297058925
652830,1,7,6,6.877576501241895
652894,1,7,5,0.3700090141005197
652908,1,7,5,0.3700090141005197
652909,1,7,6,12.843904286104392
652928,1,7,6,8.496418836842194
652952,1,7,6,25.323151980362937
652955,1,7,9,24.12510252048082
652960,1,7,8,35.69013514276096
652962,1,7,9,23.027315985871528
652984,1,7,3,3.0054749351899046
652989,1,7,9,20.090102891208282
652993,1,7,9,25.05684324905516
652997,1,7,5,0.3700090141005197
653007,1,7,7,5.99532406534504
653008,1,7,3,2.8008483892745706
653027,1,7,2,3.7606008826450763
653038,1,7,10,18.441165776282315
653045,1,7,10,21.8525443160042
653050,1,7,9,24.06618267352523
653052,1,7,5,0.3700090141005197
653064,1,7,8,18.720939373727887
653067,1,7,5,0.3700090141005197
653074,1,7,7,1.8792220343193116
653076,1,7,4,0.3700090657260609
653090,1,7,9,33.16209793848605
653111,1,7,6,12.663931859315204
653118,1,7,4,0.3700090657260609
653144,1,7,5,0.3700090141005197
653169,1,7,4,0.3700090657260609
653180,1,7,5,0.3700090141005197
653181,1,7,1,18.082975922869906
653208,1,7,1,25.653849747457148
653229,1,7,2,16.22159585390524
653235,1,7,8,16.089656026729322
653247,1,7,9,22.71459711888908
653250,1,7,6,19.945311802354922
653257,1,7,9,15.206336557639046
653268,1,7,8,17.77923214534834
653270,1,7,10,14.085309986671419
653271,1,7,10,10.368811585842462
653273,1,7,5,0.3700090141005197
653292,1,7,9,23.96128570886783
653300,1,7,9,16.048497175496625
653351,1,7,1,14.068964386727377
653354,1,7,9,31.109962101165298
653362,1,7,9,16.24088490825479
653379,1,7,4,0.3700090657260609
653392,1,7,6,21.80724598742426
653406,1,7,9,18.1681166307611
653409,1,7,5,0.3700090141005197
653416,1,7,4,0.3700090657260609
653423,1,7,1,14.129335176506608
653429,0,7,0,0.045699433616629356
653442,1,7,5,0.3700090141005197
653446,1,7,6,29.551910710637667
653452,1,7,5,0.3700090141005197
653471,1,7,6,20.94864419157918
653478,1,7,9,30.49709779751698
653489,1,7,5,0.3700090141005197
653494,1,7,9,30.74841004004173
653501,1,7,7,5.842622816829063
653512,1,7,7,1.3630092622214756
653513,1,7,4,0.3700090657260609
653519,1,7,8,18.4296233020223
653531,1,7,6,22.659284762291936
653532,1,7,9,27.85279516773598
653543,1,7,4,0.3700090657260609
653559,1,7,7,5.409000606416472
653563,1,7,10,12.560924402331992
653565,0,7,0,0.09029496328787764
653574,1,7,6,27.337248541860017
653576,1,7,1,22.903523122048277
653581,1,7,2,14.953461975692244
653583,1,7,4,0.3700090657260609
653593,1,7,10,22.721625658846254
653597,1,7,4,0.3700090657260609
653599,1,7,8,10.404416896791963
653605,1,7,6,29.294822601195122
653620,1,7,9,32.69919639233392
653621,1,7,1,4.753803606077998
653625,1,7,6,18.837728357284576
653638,1,7,7,5.104467935366162
653657,0,7,0,0.13557138973367916
653663,1,7,9,27.957280790035206
653664,1,7,6,22.78986340345388
653667,1,7,1,24.097431550263536
653675,1,7,8,26.933292682688798
653690,1,7,4,0.3700090657260609
653702,1,7,6,17.077597191355906
653714,1,7,8,7.781674392809629
653724,1,7,1,24.737504092097126
653726,1,7,9,24.709021904325393
653736,1,7,3,1.5974307155593441
653738,1,7,7,0.5641641755573638
653742,1,7,8,30.367355468751867
653751,1,7,5,0.3700090141005197
653765,1,7,9,33.71911049320395
653792,1,7,9,2.4447871518892605
653798,1,7,7,5.517682848740838
653817,1,7,6,16.484001443621597
653831,1,7,6,14.548353327238116
653841,1,7,8,10.48826296817689
653846,1,7,4,0.3700090657260609
653849,1,7,7,2.7481710902723075
653850,1,7,6,11.880185630090768
653877,1,7,5,0.3700090141005197
653885,1,7,1,25.54766433579869
653887,1,7,4,0.3700090657260609
653894,1,7,9,27.974856005095624
653921,1,7,6,8.021648134508572
653926,0,7,0,0.03523566535169879
653939,1,7,10,12.581322837405313
653945,1,7,6,17.131991419541933
653966,1,7,6,18.871936816326567
653984,1,7,6,21.066050187716634
653992,1,7,1,20.592569773092738
654005,1,7,9,21.861059158664915
654010,1,7,9,25.16961378551995
654026,1,7,8,10.300910261917702
654041,1,7,6,14.693102639805238
654044,1,7,7,6.470649461988471
654067,1,7,8,33.34865272650746
654081,1,7,7,3.498434855891201
654087,1,7,3,3.1301375724444385
654102,1,7,9,30.18436190842313
654113,1,7,6,29.412376288760196
654131,1,7,8,27.280401878475462
654133,1,7,5,0.3700090141005197
654138,1,7,9,31.29235598615681
654146,1,7,6,26.896906936231733
654160,1,7,6,14.433346397670212
654181,1,7,6,11.668434887075964
654187,1,7,8,19.778505778068396
654196,1,7,9,9.979527662240583
654198,1,7,9,8.458308336249454
654199,1,7,7,5.244728590320841
654209,1,7,8,32.6748767042981
654217,1,7,5,0.3700090141005197
654233,1,7,5,0.3700090141005197
654235,1,7,8,33.64937757978089
654245,1,7,9,33.014005849072696
654256,1,7,4,0.3700090657260609
654259,1,7,8,22.509849647964376
654263,1,7,8,31.334559190184514
654265,1,7,1,5.080080622008713
654280,0,7,0,0.11708170161389174
654282,1,7,1,6.535030942187292
654290,1,7,5,0.3700090141005197
654299,1,7,10,22.588130847851097
654315,1,7,10,13.067640049097802
654316,1,7,6,17.93820899662796
654324,1,7,5,0.3700090141005197
654334,1,7,9,33.48853127613917
654335,1,7,9,24.27587310335333
654342,1,7,4,0.3700090657260609
654347,1,7,10,25.240828683658172
654351,1,7,5,0.3700090141005197
654360,1,7,6,30.046854169538857
654366,1,7,3,3.109266096084328
654379,1,7,4,0.3700090657260609
654380,1,7,6,21.25887319956693
654382,1,7,9,33.24535754847135
654387,1,7,9,32.2550568743705
654404,1,7,4,0.3700090657260609
654419,1,7,4,0.3700090656202526
654424,1,7,3,3.049165309833964
654434,1,7,5,0.3700090141005197
654441,0,7,0,0.03452178960019802
654462,1,7,5,0.3700090141005197
654465,1,7,10,16.5806651594995
654484,1,7,9,24.900886595507227
654489,1,7,4,0.3700090657260609
654501,1,7,6,13.259161511343438
654504,1,7,2,14.220664486665642
654511,1,7,8,20.235166612155588
654516,1,7,10,10.941478865710907
654520,1,7,8,27.73906954518871
654528,1,7,10,23.912922232133646
654538,1,7,1,20.22216899988267
654539,0,7,0,0.04255546467784117
654574,1,7,2,5.916754737258344
654586,1,7,5,0.3700090141005197
654603,1,7,8,35.6249482241897
654637,1,7,9,33.644592029900764
654643,1,7,1,15.146894515026151
654644,1,7,6,9.361587215031554
654648,1,7,1,20.833486067973517
654651,1,7,1,21.30208988445876
654700,1,7,9,33.085536658395455
654707,1,7,7,6.03219540517224
654725,1,7,8,26.190729371338612
654731,1,7,4,0.3700090657260609
654755,1,7,9,5.082346703029953
654759,1,7,4,0.3700090657260609
654772,1,7,9,13.143376026845363
654786,1,7,9,33.29785576717158
654787,1,7,6,20.866043288087788
654817,1,7,8,25.32349080507955
654837,1,7,6,26.972448240157316
654852,1,7,1,19.156422193146337
654867,0,7,0,0.07508685386344781
654874,1,7,6,29.230127672892117
654877,1,7,6,9.086147530276051
654878,1,7,9,27.510117896255192
654882,1,7,1,6.754170283085887
654888,1,7,6,24.25398861331958
654889,1,7,5,0.3700090141005197
654933,1,7,5,0.3700090141005197
654951,1,7,4,0.3700090657260609
654958,1,7,5,0.3700090141005197
654959,1,7,2,4.843036163989127
654963,1,7,10,26.022988619062662
654966,1,7,10,9.229027133136748
654970,1,7,8,22.80261566082348
654981,1,7,8,18.54266029122498
654986,1,7,5,0.3700090141005197
655007,1,7,5,0.3700090141005197
655014,1,7,4,0.3700090657260609
655035,1,7,8,5.826641000739801
655047,1,7,6,16.92786807954787
655049,1,7,4,0.3700090657260609
655050,1,7,5,0.3700090141005197
655058,1,7,9,14.89675348709427
655062,1,7,6,20.40330096032419
655065,1,7,6,23.130355882220968
655069,1,7,6,28.31843402619853
655072,1,7,2,8.956541803819645
655101,1,7,5,0.3700090141005197
655131,1,7,1,23.29671327163641
655139,1,7,1,27.863849329670117
655154,1,7,8,32.501702680968826
655194,1,7,2,7.320360071631076
655210,1,7,9,12.389637213024969
655226,1,7,8,16.140168147836796
655231,1,7,7,5.800225250517301
655250,1,7,5,0.3700090141005197
655256,1,7,5,0.3700090141005197
655273,1,7,6,30.25421013786196
655290,1,7,1,4.823386747201776
655291,1,7,4,0.3700090657260609
655304,0,7,0,0.21078799933331094
655314,1,7,5,0.3700090141005197
655325,1,7,9,28.797935079543517
655328,1,7,1,8.46891474074207
655335,1,7,5,0.3700090141005197
655344,1,7,8,35.32445030932346
655352,1,7,5,0.3700090141005197
655366,1,7,4,0.3700090657260609
655368,1,7,7,6.205642255775627
655381,1,7,10,13.437216745626463
655398,1,7,9,30.44544397059773
655412,1,7,6,29.445546806690626
655419,1,7,1,9.181889134047449
655433,1,7,6,5.6586475365164866
655441,1,7,9,8.9902812102429
655448,1,7,9,11.499373754044024
655451,1,7,6,16.6625108677567
655456,1,7,8,6.358827629971997
655472,1,7,6,14.157982384885319
655487,1,7,4,0.3700090657260609
655492,1,7,5,0.37000902039789374
655500,1,7,10,18.47492806223761
655515,0,7,0,0.040502077882191886
655519,1,7,5,0.3700090141005197
655535,1,7,6,22.514482399933087
655536,1,7,3,2.4734473095957554
655549,1,7,9,16.545110828276112
655560,1,7,8,19.580228911825724
655562,1,7,5,0.3700090141005197
655563,0,7,0,0.04716421521871778
655578,1,7,8,19.139504501723454
655581,1,7,4,0.3700090657260609
655583,1,7,8,24.556595951124052
655590,1,7,1,23.70156656074359
655592,1,7,10,23.395030361412086
655620,1,7,9,30.143937201187143
655624,1,7,9,30.831630199672272
655642,1,7,1,21.67463449562512
655650,1,7,7,2.3522862395562716
655659,1,7,8,2.8574150408455985
655664,1,7,4,0.3700090657260609
655670,1,7,8,15.269924918038392
655672,1,7,7,5.858698893166161
655673,1,7,5,0.3700090141005197
655676,0,7,0,0.0471302640321457
655678,1,7,9,21.6637539769158
655684,1,7,5,0.3700090141005197
655685,1,7,10,10.879928257598912
655702,1,7,4,0.3700090657260609
655730,1,7,9,33.253256620897375
655747,1,7,9,15.198619977315914
655751,1,7,5,0.3700090141005197
655753,1,7,8,30.719632628109075
655758,1,7,9,25.087249154660526
655761,0,7,0,0.028166465694477692
655774,1,7,9,15.221730470921326
655786,1,7,7,2.5021416638918397
655802,1,7,8,28.090100247618263
655818,1,7,4,0.3700090657260609
655822,1,7,10,23.659286490748528
655832,1,7,1,20.697385476201223
655837,1,7,6,26.381575308483104
655847,1,7,9,24.924555781173424
655864,1,7,8,17.47700454076781
655877,1,7,9,18.829543478665986
655879,1,7,9,23.45039468387214
655898,1,7,2,12.154650657962524
655913,1,7,7,4.91904988220368
655915,1,7,6,20.906878659453746
655918,1,7,5,0.3700090141005197
655920,1,7,8,24.849726530077096
655924,1,7,2,9.779189441362043
655929,1,7,6,27.648854035614097
655931,1,7,9,30.6688018985302
655939,1,7,4,0.3700090657260609
655952,1,7,9,19.26037508962426
655963,1,7,9,22.10465778155642
655964,1,7,5,0.3700090141005197
655965,1,7,1,25.522395472146727
655990,1,7,1,19.540071114651457
656000,1,7,5,0.3700090141005197
656002,1,7,9,10.06955198779178
656007,1,7,5,0.3700090141005197
656008,1,7,9,31.35638851733978
656010,0,7,0,0.03842160960006836
656012,1,7,4,0.3700090656202526
656019,1,7,9,23.15926198571909
656027,1,7,6,29.047489704151165
656029,1,7,9,30.83190522886501
656048,0,7,0,0.03864797327979715
656058,1,7,5,0.3700090141005197
656106,1,7,1,13.109427585741733
656127,1,7,4,0.3700090657260609
656143,1,7,6,16.779422565283483
656157,1,7,5,0.3700090141005197
656165,1,7,5,0.3700090141005197
656171,1,7,2,9.00447964668808
656180,1,7,10,16.759153991161256
656194,1,7,5,0.3700090141005197
656196,1,7,9,33.60921162589659
656198,1,7,5,0.3700090141005197
656202,1,7,7,6.336351888505864
656206,1,7,9,30.500714685609896
656213,1,7,5,0.3700090141005197
656217,1,7,5,0.3700090141005197
656245,1,7,10,21.048959438232558
656251,1,7,10,26.018355681708375
656265,1,7,6,10.519940865175462
656271,1,7,5,0.3700090141005197
656287,1,7,5,0.3700090141005197
656301,1,7,1,20.524734990687207
656309,1,7,8,18.14159431143367
656314,1,7,8,13.054435537039499
656323,1,7,6,19.39104721147141
656337,1,7,6,8.042348162493765
656345,1,7,8,31.600422377178045
656367,1,7,8,27.819760785915513
656382,1,7,4,0.3700090656202526
656386,1,7,4,0.3700090657260609
656400,1,7,10,16.190636640624618
656403,1,7,8,7.001181969208343
656412,1,7,5,0.3700090141005197
656421,1,7,2,7.186736231439721
656442,1,7,9,22.648137463519603
656458,1,7,6,18.62474043419243
656466,1,7,8,21.533294659548087
656467,1,7,4,0.3700090657260609
656471,1,7,6,29.24050416032892
656472,1,7,6,22.29868524045383
656489,1,7,4,0.3700090657260609
656512,1,7,9,33.528145676976294
656547,1,7,10,22.341469019899183
656555,1,7,9,29.052064133697815
656562,1,7,3,3.241822055616356
656573,0,7,0,0.03298090077092885
656576,1,7,9,16.411787981654943
656577,1,7,9,4.423247404112696
656587,1,7,6,18.777266794194876
656590,1,7,2,4.877762138514518
656615,1,7,5,0.3700090141005197
656717,1,7,10,6.296936021080705
656726,1,7,9,30.434497401168247
656728,1,7,9,24.62410396805441
656729,1,7,3,3.0580505361868964
656733,1,7,1,13.005792871851606
656734,1,7,8,2.889242959725438
656737,1,7,8,9.256535671510788
656754,1,7,8,24.90081934075372
656760,1,7,8,3.6156725963550453
656764,1,7,7,3.2361552666614894
656766,1,7,2,13.755277903901518
656781,1,7,7,5.762583710116259
656840,1,7,1,3.7608570106714625
656865,1,7,5,0.3700090141005197
656872,1,7,8,16.62455167254837
656904,1,7,8,25.423269071326025
656918,1,7,5,0.3700090141005197
656923,1,7,6,7.1463145723005885
656951,1,7,9,33.22612791376004
656972,1,7,8,17.112665111782004
656973,1,7,4,0.3700090657260609
656977,1,7,10,24.52274632435167
656986,1,7,9,29.58691131448662
656997,1,7,4,0.3700090657260609
657028,0,7,0,0.0854071441961789
657035,1,7,6,26.605178318998295
657037,1,7,8,23.86833128066369
657041,1,7,5,0.3700090141005197
657046,1,7,9,21.503470299410818
657063,1,7,6,20.587057326771262
657074,1,7,6,26.084244767058163
657076,1,7,5,0.3700090141005197
657079,1,7,8,33.31446587313487
657099,1,7,7,5.97502654470534
657108,1,7,9,13.460732529997562
657115,1,7,7,0.5104081751494134
657121,1,7,5,0.3700090141005197
657123,1,7,1,12.317564453637189
657132,1,7,6,19.543471046870973
657135,1,7,10,7.85589660267205
657143,1,7,10,17.248908990305377
657144,1,7,4,0.3700090656202526
657171,1,7,2,10.071225011700253
657190,1,7,5,0.3700090141005197
657200,1,7,4,0.3700090657260609
657212,1,7,5,0.3700090141005197
657223,1,7,5,0.3700090141005197
657235,1,7,4,0.3700090657260609
657245,1,7,3,1.9034674892433796
657252,1,7,5,0.3700090141005197
657265,1,7,6,21.09715656952576
657273,1,7,7,0.5413410343664885
657274,1,7,1,26.83595264871487
657287,1,7,5,0.3700090141005197
657288,1,7,5,0.3700090141005197
657310,1,7,10,18.699788237754426
657318,1,7,8,26.533488366417615
657324,1,7,6,27.227224447614933
657328,1,7,1,21.629756780609437
657350,1,7,10,26.015001887297064
657365,1,7,9,17.5967247995279
657379,1,7,4,0.3700090657260609
657382,1,7,5,0.3700090141005197
657388,1,7,5,0.3700090141005197
657390,1,7,5,0.3700090141005197
657394,1,7,5,0.3700090141005197
657396,1,7,7,2.3376490447668354
657454,1,7,4,0.3700090657260609
657468,1,7,4,0.3700090657260609
657472,1,7,6,22.01538655952509
657491,1,7,8,31.411273866579226
657492,1,7,10,26.039854246430934
657494,1,7,5,0.37000902039789374
657496,1,7,8,33.76018508795011
657500,1,7,5,0.3700090141005197
657510,1,7,4,0.3700090657260609
657512,1,7,7,6.104159076112489
657521,1,7,6,22.345893088045205
657558,1,7,5,0.3700090141005197
657564,1,7,1,20.03041600251829
657569,1,7,8,4.444804993296071
657571,1,7,6,10.938733707798013
657572,1,7,9,18.883808699133017
657575,1,7,9,19.150182722600448
657576,1,7,10,7.907065499673189
657585,1,7,4,0.3700090657260609
657607,1,7,8,35.69698499763652
657619,1,7,5,0.3700090141005197
657624,1,7,6,17.570665994412867
657634,1,7,9,12.967003131387534
657645,1,7,9,29.869110224958288
657650,1,7,8,9.07368287458423
657657,1,7,7,0.6580290883994929
657666,1,7,5,0.3700090141005197
657667,1,7,8,17.476551144415225
657680,1,7,9,15.98447217178694
657686,1,7,6,26.087246737754704
657691,1,7,8,13.897823805139028
657709,1,7,9,30.454968549341096
657711,1,7,10,5.16923169045862
657733,1,7,9,31.77861458171603
657737,1,7,9,31.585942362959415
657739,1,7,8,4.777795413883385
657741,1,7,10,18.528666132666796
657747,1,7,10,23.882989366366377
657760,1,7,4,0.3700090656202526
657764,1,7,10,22.09176048784867
657767,1,7,5,0.3700090141005197
657772,0,7,0,0.046564441814945505
657778,1,7,9,24.39043927731326
657786,1,7,9,24.608204066111547
657820,1,7,10,16.424451180647385
657826,1,7,8,30.985408053063097
657834,1,7,5,0.3700090141005197
657835,1,7,9,27.26631487079707
657843,1,7,6,20.738437028044157
657846,1,7,8,25.428009550468616
657862,1,7,9,30.70558431214465
657871,1,7,9,22.241937202974693
657884,1,7,5,0.3700090141005197
657892,1,7,5,0.3700090141005197
657914,1,7,5,0.3700090141005197
657934,1,7,2,7.342785970750837
657937,1,7,5,0.3700090141005197
657939,1,7,8,14.694754185618123
657940,1,7,1,25.529453453618235
657941,1,7,8,26.56125949202546
657988,1,7,9,30.730295830578058
657994,1,7,6,5.786455161989529
657996,1,7,6,21.587508507383543
657999,1,7,5,0.3700090141005197
658006,1,7,4,0.3700090657260609
658014,1,7,9,33.0678989098186
658048,1,7,4,0.3700090657260609
658052,1,7,7,2.8311213193918077
658053,1,7,10,10.622407480257529
658062,1,7,6,21.421401886481668
658072,1,7,3,2.900632784403406
658083,1,7,6,27.76972104587382
658084,1,7,9,19.923065297310313
658089,1,7,6,11.495198109459027
658090,1,7,1,3.9476939755589866
658125,1,7,8,32.720415666302074
658126,1,7,9,24.654518038370096
658138,1,7,1,14.76770331847469
658152,1,7,4,0.3700090657260609
658160,1,7,7,5.017243279021908
658163,0,7,0,0.035323730977749566
658171,1,7,4,0.3700090657260609
658178,1,7,1,8.986466197650499
658188,1,7,8,29.773676707770534
658203,1,7,3,2.57131661814087
658208,0,7,0,0.27067654313066714
658215,1,7,10,26.021102084342175
658216,1,7,8,35.60771357043245
658227,1,7,4,0.3700090657260609
658234,1,7,9,31.38623079790883
658235,1,7,8,19.288493451704593
658236,1,7,4,0.3700090657260609
658239,1,7,9,24.638576004473826
658246,1,7,5,0.3700090141005197
658264,1,7,3,2.8534145692093964
658271,1,7,8,10.176438201437277
658317,1,7,6,14.562586225906065
658335,1,7,8,18.185033578605484
658347,1,7,6,29.522979425448074
658348,1,7,4,0.3700090657260609
658352,1,7,9,22.70905463964426
658362,0,7,0,0.032349411413785736
658365,1,7,4,0.3700090656202526
658380,1,7,10,13.433424100966521
658382,1,7,1,25.491495661096838
658388,1,7,1,9.292207081746275
658393,1,7,5,0.3700090141005197
658405,1,7,8,13.197026669980664
658423,1,7,4,0.3700090657260609
658427,1,7,1,22.999618587683898
658434,1,7,1,19.427353404469812
658461,1,7,5,0.3700090141005197
658463,1,7,8,28.644476167639983
658498,1,7,6,29.525578617131977
658499,1,7,1,22.826156642344774
658524,1,7,9,13.940852064206021
658525,1,7,4,0.3700090657260609
658568,1,7,5,0.3700090141005197
658578,1,7,9,6.2577168043831275
658586,1,7,8,7.8118216715505895
658593,1,7,10,19.30392319929362
658613,1,7,6,15.910372697588928
658628,1,7,10,20.24713357220499
658631,1,7,8,20.863558530918745
658639,1,7,3,0.8391235882337433
658641,1,7,9,31.092974065686626
658643,1,7,6,22.767520954707972
658646,1,7,3,2.837718212277384
658650,0,7,0,0.030150160921580998
658658,1,7,1,6.520750538817082
658666,1,7,10,23.750246155698655
658677,1,7,4,0.3700090657260609
658687,0,7,0,0.19182178267929198
658695,1,7,1,18.42706335516496
658700,1,7,8,29.888106432770794
658705,1,7,3,3.2287679212905314
658735,0,7,0,0.0470760948241602
658769,0,7,0,0.03808535816963211
658773,1,7,8,23.76695885818525
658795,1,7,7,5.631546101355631
658801,1,7,2,14.209467483868403
658809,1,7,9,19.798198974486734
658811,1,7,6,22.437128394940682
658814,1,7,10,24.01930143727331
658818,1,7,2,8.94998732128342
658820,1,7,5,0.3700090141005197
658822,0,7,0,0.12139641591324542
658835,1,7,1,26.207500336882045
658868,1,7,3,3.1329811766911124
658881,1,7,7,4.679674238298159
658886,1,7,2,8.68292463894514
658890,1,7,9,26.57556344828773
658911,1,7,8,24.83610552357371
658922,1,7,5,0.3700090141005197
658925,1,7,5,0.3700090141005197
658929,1,7,4,0.3700090657260609
658951,1,7,8,31.54622936381178
658953,1,7,7,0.966224137325441
658958,1,7,9,25.836488358478803
658962,1,7,4,0.3700090657260609
658965,1,7,10,23.282522016536277
658986,1,7,9,11.109806348143957
658997,1,7,5,0.3700090141005197
659000,1,7,1,5.5240222164087625
659025,1,7,7,2.674774836082165
659030,1,7,2,15.260407295680459
659031,1,7,5,0.37000902039789374
659040,1,7,6,26.918083345223845
659084,1,7,9,6.683030428972394
659099,1,7,8,30.35017428717859
659104,1,7,9,10.871501170087022
659130,1,7,5,0.3700090141005197
659179,1,7,8,24.505022688216716
659182,1,7,8,24.564758840183057
659183,1,7,9,30.682676456207208
659196,1,7,9,25.04489042115904
659209,1,7,5,0.3700090141005197
659215,1,7,10,18.804122996481976
659226,1,7,9,13.542668052034198
659241,1,7,4,0.3700090657260609
659255,1,7,5,0.3700090141005197
659256,1,7,8,27.883364901202857
659261,1,7,9,26.29153175226903
659272,1,7,5,0.3700090141005197
659279,1,7,10,14.122497950931594
659290,0,7,0,0.030826097280656342
659297,1,7,4,0.3700090657260609
659300,1,7,3,2.9420552218039484
659329,1,7,9,25.21209532615303
659330,1,7,5,0.3700090141005197
659338,1,7,6,28.543046454177635
659361,1,7,10,17.829787035365815
659382,1,7,8,14.51942473259471
659389,1,7,9,32.05796340326172
659397,1,7,9,16.597175670505717
659401,1,7,4,0.3700090657260609
659415,1,7,6,8.157316356770373
659419,1,7,10,23.11818951948254
659434,1,7,9,23.933901556090646
659443,1,7,8,27.319702646762824
659452,1,7,10,13.436965971378134
659458,0,7,0,0.09602907301775965
659473,1,7,8,3.877811174668506
659490,1,7,9,5.075783381767123
659509,1,7,9,18.854237659792762
659526,1,7,10,20.75197227823887
659540,1,7,1,26.014208386080526
659545,1,7,9,18.820508031181628
659562,1,7,10,17.128232468060336
659567,1,7,5,0.3700090141005197
659570,1,7,6,20.450349287525356
659575,1,7,8,7.6678596090311935
659596,1,7,9,32.241997145319885
659603,1,7,9,18.113956431114428
659607,1,7,5,0.3700090141005197
659608,1,7,5,0.3700090141005197
659615,1,7,8,27.743499701630064
659623,1,7,6,23.346163058228303
659624,1,7,5,0.3700090141005197
659633,0,7,0,0.028829383392285385
659640,1,7,3,2.988929755142698
659645,1,7,6,23.295578367183808
659647,1,7,5,0.3700090141005197
659654,1,7,9,24.710610806196165
659659,1,7,6,25.885009544348268
659675,1,7,6,14.834301528177884
659692,1,7,10,5.972363038525179
659695,1,7,9,7.2715328442429294
659705,1,7,9,21.491109800851646
659706,1,7,8,34.82983326192459
659716,0,7,0,0.13001484831877655
659717,1,7,5,0.3700090141005197
659733,1,7,6,25.393469593853634
659735,1,7,8,26.868288447076427
659749,1,7,6,20.818978205783573
659752,1,7,9,17.778149362752263
659769,1,7,7,6.027748336714565
659781,1,7,8,29.08383275731783
659785,1,7,3,3.2161297962149478
659792,1,7,6,16.298727217440582
659819,1,7,10,12.402590393725257
659825,1,7,1,27.366390876221146
659827,1,7,6,29.35435488675312
659836,1,7,8,23.208271389614463
659837,1,7,6,16.754805332633314
659841,1,7,6,27.62912273953277
659843,1,7,9,17.740950666452704
659857,1,7,9,26.275164310010183
659858,0,7,0,0.03467831734514958
659879,1,7,9,28.938441281563772
659889,1,7,4,0.3700090657260609
659890,1,7,10,7.024878222681813
659892,1,7,9,28.188437384271698
659893,1,7,8,13.382812787348804
659907,1,7,2,16.11925595480584
659915,1,7,4,0.3700090657260609
659931,1,7,9,20.86349112957337
659946,1,7,6,22.006705409993067
659953,1,7,6,29.24704446234728
659961,0,7,0,0.030544589809591387
659975,1,7,9,20.02994735651285
659988,1,7,4,0.3700090656202526
659991,1,7,6,18.770452061926825
660006,1,7,7,6.270326221758159
660012,1,7,6,29.648165830886338
660023,1,7,8,26.49272979776082
660027,1,7,8,3.6712294255074447
660032,1,7,6,28.66065898492291
660033,1,7,1,24.519346679606965
660047,1,7,4,0.3700090657260609
660054,1,7,9,8.690025863673679
660056,1,7,9,12.121862671713503
660072,1,7,6,12.054074143158328
660081,1,7,10,17.331755237854896
660083,1,7,5,0.3700090141005197
660089,1,7,6,21.947473504181175
660093,1,7,2,16.391519609561684
660124,1,7,9,30.766426547414675
660147,1,7,9,24.09473570879717
660148,1,7,8,17.40672787651706
660155,1,7,8,35.523283545916314
660160,1,7,9,32.209607383277266
660162,1,7,6,14.946345736585828
660166,1,7,7,4.310811340684766
660169,1,7,9,20.477855674215192
660184,0,7,0,0.03131926334412491
660193,1,7,1,27.849736248047837
660201,1,7,8,17.44428756176441
660206,1,7,1,9.616995296316048
660221,1,7,6,29.72671279393789
660223,1,7,5,0.3700090141005197
660226,1,7,8,18.259864865313542
660234,1,7,8,32.818946894431186
660260,1,7,8,28.33362392043662
660261,1,7,8,10.01676530949097
660280,1,7,10,22.258647845238936
660284,1,7,6,27.553402996873867
660300,1,7,8,36.08667103540246
660304,1,7,10,16.95189770480692
660315,1,7,8,14.23894957668192
660319,1,7,5,0.3700090141005197
660331,1,7,10,17.16524002938401
660338,0,7,0,0.06639438763720851
660339,1,7,5,0.3700090141005197
660366,1,7,8,19.479516470282977
660379,1,7,1,14.384881080583105
660392,1,7,5,0.3700090141005197
660397,1,7,5,0.3700090141005197
660418,1,7,10,23.388250438164636
660419,1,7,6,25.09905219406656
660420,1,7,9,20.220161343905804
660430,1,7,9,18.983142172582824
660438,1,7,6,29.30680536001507
660440,0,7,0,0.029235694284541616
660449,1,7,4,0.3700090657260609
660462,1,7,8,17.671321686842084
660465,1,7,10,4.614779962184432
660499,1,7,2,6.781409773294541
660508,1,7,5,0.3700090141005197
660509,1,7,4,0.3700090657260609
660527,1,7,3,3.0157010456284588
660529,1,7,7,4.633928199461311
660532,1,7,9,33.32126746773452
660536,1,7,10,6.651524091593103
660549,1,7,4,0.3700090657260609
660569,0,7,0,0.08626203924472145
660576,1,7,5,0.37000902039789374
660593,1,7,5,0.3700090141005197
660594,1,7,5,0.3700090141005197
660596,1,7,5,0.3700090141005197
660602,1,7,8,3.250354815404697
660613,1,7,3,2.688728226090676
660628,1,7,1,21.695728968492656
660629,1,7,8,10.272888885270634
660648,1,7,4,0.3700090657260609
660660,1,7,7,1.8242250404552862
660664,1,7,7,6.209433804952676
660714,1,7,5,0.3700090141005197
660717,1,7,8,29.62672024905148
660723,1,7,8,24.88881750204029
660727,1,7,4,0.3700090657260609
660738,1,7,6,28.99213148312926
660756,1,7,1,17.20129013620032
660762,1,7,8,24.079212560199743
660765,1,7,1,3.710179287282218
660772,1,7,8,33.785312012261535
660776,1,7,4,0.3700090657260609
660779,1,7,5,0.3700090141005197
660780,1,7,9,14.741097716464392
660800,1,7,9,29.917246134683353
660817,1,7,2,15.526791492276017
660820,1,7,9,31.031247557361212
660823,1,7,8,9.601810049554043
660824,1,7,5,0.3700090141005197
660826,1,7,1,7.998678910187332
660828,1,7,6,28.372617176643416
660838,1,7,6,20.162629126245072
660888,1,7,6,28.07822332680381
660895,1,7,8,20.010027391062792
660897,1,7,4,0.3700090657260609
660908,1,7,8,19.773403772831855
660912,0,7,0,0.03369348244345279
660913,1,7,9,16.51512990894139
660943,1,7,10,19.78616219487858
660957,1,7,9,31.0868464854612
660958,1,7,6,15.029726606224331
660964,1,7,8,32.50011804652962
660965,1,7,5,0.3700090141005197
660967,1,7,4,0.3700090657260609
660971,1,7,8,23.626698433481515
660982,1,7,8,19.764834541369826
661008,1,7,6,29.447737174240704
661013,1,7,6,10.395979204961593
661018,1,7,9,32.944259024076906
661026,1,7,9,29.100650512233624
661029,1,7,8,3.994128931660381
661048,1,7,9,20.069396672935117
661052,1,7,8,24.59469036699726
661061,1,7,9,29.506138800542963
661068,1,7,10,26.005907283840532
661073,1,7,9,27.331654295211063
661078,1,7,6,9.272312122060772
661093,1,7,4,0.3700090657260609
661109,1,7,8,18.808182313004846
661114,1,7,8,25.679081421277893
661115,0,7,0,0.03906178518892955
661123,1,7,5,0.3700090141005197
661133,1,7,6,12.889160366087072
661139,1,7,7,5.993992904163133
661141,1,7,8,24.176191782202526
661144,1,7,9,17.187759204262957
661164,1,7,4,0.3700090657260609
661171,1,7,5,0.3700090141005197
661174,1,7,4,0.3700090657260609
661182,1,7,8,26.182560487852765
661183,1,7,5,0.3700090141005197
661184,1,7,4,0.3700090657260609
661194,1,7,1,10.801009962368783
661216,1,7,1,21.819260727353623
661225,1,7,10,10.650173465015127
661233,1,7,9,29.985295984602477
661240,1,7,5,0.3700090141005197
661245,1,7,8,30.509567531352406
661252,1,7,10,17.448662573460933
661260,1,7,6,25.991997421785847
661282,1,7,8,4.079627744186233
661286,0,7,0,0.0362591986377512
661297,1,7,5,0.3700090141005197
661298,1,7,4,0.3700090657260609
661315,1,7,3,1.3987123290557657
661339,1,7,4,0.3700090657260609
661346,1,7,9,25.06845954564338
661349,1,7,8,3.314784536372421
661353,0,7,0,0.030038671483247646
661355,1,7,3,3.132282307331471
661373,1,7,10,20.997888101953304
661380,1,7,8,32.07902844576766
661381,1,7,1,26.57728940831028
661393,0,7,0,0.030297303841790336
661395,1,7,8,13.629347298230932
661400,1,7,9,25.411906883171067
661419,1,7,10,15.13808398324797
661421,1,7,1,19.549859923525336
661427,1,7,7,1.8426996920004426
661438,1,7,9,32.02145854557094
661449,1,7,8,13.542344037076901
661452,1,7,10,4.7097962835698866
661459,1,7,4,0.3700090657260609
661460,1,7,1,20.494832812162183
661473,1,7,9,10.132628338687118
661501,0,7,0,0.0314296336885555
661512,1,7,6,10.035370605500901
661518,0,7,0,0.04027076266179225
661525,1,7,4,0.3700090657260609
661529,1,7,6,19.383566672750863
661556,1,7,6,14.355353801609194
661565,1,7,8,25.78641287012117
661569,1,7,9,25.69721287569143
661578,1,7,7,2.1201976329414673
661622,1,7,2,2.9496476283695405
661630,1,7,1,14.991779161533367
661648,1,7,9,19.568346707141966
661652,1,7,8,3.6557053483720896
661654,1,7,1,21.673793601476536
661665,1,7,7,5.425280459148837
661672,1,7,5,0.3700090141005197
661679,1,7,9,20.81032748932352
661684,1,7,4,0.3700090657260609
661689,1,7,3,3.0091303563654983
661702,1,7,4,0.3700090657260609
661703,1,7,5,0.3700090141005197
661705,1,7,4,0.3700090657260609
661706,1,7,9,22.98032409209191
661716,1,7,5,0.37000902039789374
661725,1,7,6,17.63596484400136
661726,1,7,1,26.957204949294326
661732,1,7,6,9.728307480194369
661734,1,7,8,29.784963365129375
661743,1,7,8,15.693544951390098
661757,1,7,9,13.971033844716612
661758,1,7,9,2.6875325153762986
661759,1,7,5,0.3700090141005197
661760,1,7,6,19.338616897068736
661785,1,7,7,4.489086493267483
661790,1,7,9,29.221620421137015
661804,1,7,2,3.1548859391230057
661841,1,7,4,0.3700090657260609
661848,1,7,8,35.33345204148558
661864,1,7,9,22.862998393291168
661880,1,7,4,0.3700090657260609
661895,1,7,8,23.374672445676453
661902,1,7,9,33.602211274365594
661903,1,7,5,0.3700090141005197
661919,1,7,4,0.3700090657260609
661920,1,7,5,0.3700090141005197
661931,1,7,9,29.88408714853402
661946,0,7,0,0.02943832831670609
661947,1,7,6,29.11906110743165
661960,1,7,10,18.59670127887623
661962,1,7,6,18.57558024519175
661967,1,7,10,13.643015578722487
661977,1,7,8,21.536248606269435
661987,1,7,1,16.58450211161075
661989,1,7,8,4.930258375818277
662001,1,7,5,0.3700090141005197
662016,1,7,6,29.816249830104073
662025,1,7,8,13.294925598983943
662042,1,7,6,27.937223024840865
662044,1,7,6,8.08812788152963
662054,1,7,8,2.462531113461212
662058,1,7,10,13.975772595250607
662067,1,7,4,0.3700090657260609
662069,1,7,9,30.102460503322703
662085,1,7,4,0.3700090657260609
662094,1,7,3,2.8203849803658247
662095,1,7,7,2.275323132012777
662121,1,7,9,25.14221272841319
662123,0,7,0,0.03312678061036391
662158,1,7,8,9.60724452845579
662170,1,7,2,1.1284770402418283
662173,1,7,7,5.439062646574292
662174,1,7,5,0.3700090141005197
662207,1,7,6,17.846478538949093
662213,1,7,4,0.3700090657260609
662231,1,7,8,33.45305190130691
662233,1,7,9,23.579615355174006
662237,1,7,9,26.521718268737853
662246,1,7,8,24.190454344680642
662247,1,7,9,10.91712569389561
662252,1,7,5,0.3700090141005197
662262,0,7,0,0.0368789361079454
662265,1,7,10,11.717182377771538
662271,1,7,1,26.70638195357982
662272,1,7,6,26.413934018413403
662285,1,7,10,24.430185575535916
662289,1,7,5,0.3700090141005197
662296,1,7,2,0.8311389819562975
662297,0,7,0,0.03962039371866452
662339,1,7,6,30.49646069473032
662354,1,7,1,21.639524482443328
662355,1,7,9,3.193488757106626
662361,1,7,8,23.06328429751386
662364,1,7,9,27.96732777069062
662369,1,7,4,0.3700090657260609
662370,1,7,2,12.795800448958934
662374,1,7,1,23.789526352600245
662390,1,7,7,5.026790582205986
662393,1,7,10,18.59586589497738
662400,1,7,3,1.2776556963949537
662406,1,7,5,0.3700090141005197
662432,1,7,7,4.183099216943853
662437,1,7,10,23.821585059612136
662449,1,7,6,20.65243497222187
662471,1,7,3,0.764058658762089
662481,1,7,5,0.3700090141005197
662495,1,7,9,1.9829748679329475
662503,1,7,5,0.3700090141005197
662508,1,7,9,25.008368205039876
662526,1,7,5,0.3700090141005197
662531,1,7,5,0.3700090141005197
662534,1,7,5,0.3700090141005197
662554,1,7,6,16.990596948607376
662556,1,7,6,22.69975226831917
662603,1,7,10,20.613646801957735
662618,1,7,9,19.520260746769196
662629,1,7,8,20.544866805953323
662640,1,7,5,0.3700090141005197
662647,1,7,8,23.719512012219806
662668,1,7,8,23.75431577465281
662671,1,7,8,10.106460310379429
662711,1,7,6,29.03775715599201
662717,1,7,2,13.920633127342027
662774,1,7,10,3.569623443872867
662788,1,7,9,31.574083615545113
662820,1,7,10,16.43773557630843
662825,1,7,7,1.5517516365688282
662831,1,7,3,2.8493287186441614
662835,1,7,6,7.622932795643506
662842,0,7,0,0.03724516706774409
662844,1,7,4,0.3700090657260609
662852,1,7,5,0.3700090141005197
662859,1,7,9,18.887211667853737
662865,1,7,1,24.494883185840607
662868,1,7,8,24.177511916252715
662876,1,7,6,22.052148979789116
662882,1,7,5,0.3700090141005197
662889,1,7,9,23.174731006514037
662891,1,7,1,17.702168092184024
662906,1,7,4,0.3700090657260609
662910,1,7,10,14.105835814818587
662917,1,7,5,0.3700090141005197
662925,1,7,6,13.983020625269631
662929,1,7,3,2.739061353423981
662934,1,7,4,0.3700090657260609
662935,1,7,9,23.957142649578156
662937,1,7,6,17.20916371488924
662938,1,7,9,18.947216104508318
662947,1,7,4,0.3700090657260609
662950,1,7,4,0.3700090657260609
662970,1,7,9,5.638366466473407
662977,1,7,4,0.3700090657260609
662982,1,7,5,0.37000902039789374
662989,0,7,0,0.025898382564833382
662992,1,7,10,18.0739419755463
662994,1,7,6,30.048773849407443
663006,1,7,3,3.2057480185393876
663009,1,7,8,12.752027265199846
663026,1,7,6,26.653147414472848
663028,1,7,1,27.426235073557695
663032,1,7,1,16.82808271817043
663042,1,7,9,24.268412390449093
663046,1,7,9,4.134454475353757
663048,1,7,9,25.220445145398454
663063,1,7,4,0.3700090657260609
663068,1,7,6,22.770538175886024
663088,1,7,6,30.00150524330128
663095,1,7,8,25.30031965049513
663120,1,7,6,16.352874226341502
663127,1,7,9,31.402010471999724
663139,1,7,5,0.3700090141005197
663147,1,7,5,0.3700090141005197
663149,1,7,9,33.67012857185739
663158,1,7,9,21.634286600727528
663164,1,7,5,0.3700090141005197
663165,1,7,2,4.007393147340606
663168,1,7,4,0.3700090657260609
663175,1,7,9,24.873783082182253
663180,0,7,0,0.03632225856804567
663187,1,7,4,0.3700090657260609
663196,1,7,2,7.37998931107544
663198,1,7,6,18.914139410479603
663207,1,7,8,25.7243188028701
663209,1,7,9,31.525381416767466
663210,1,7,8,22.87792088471276
663219,1,7,4,0.3700090656202526
663223,1,7,10,8.627388835754232
663249,1,7,6,8.276905215238203
663267,0,7,0,0.04212521465752128
663270,1,7,5,0.3700090141005197
663279,1,7,3,2.6767205769603435
663280,1,7,9,30.137479131259084
663303,1,7,5,0.3700090141005197
663311,1,7,4,0.3700090657260609
663336,1,7,5,0.3700090141005197
663341,1,7,5,0.3700090141005197
663356,1,7,10,19.048798471570446
663367,1,7,4,0.3700090657260609
663370,1,7,10,6.895896223533887
663371,1,7,6,28.461287170534618
663372,1,7,5,0.3700090141005197
663404,1,7,8,24.0551130782124
663413,1,7,7,0.9710344602277446
663415,1,7,4,0.3700090657260609
663432,1,7,1,19.43334680119716
663436,1,7,9,18.700064833110844
663452,1,7,3,0.9382647588779978
663456,1,7,9,24.414148018258178
663459,1,7,10,11.891885710095721
663467,1,7,9,29.475969330629468
663471,1,7,4,0.3700090657260609
663495,1,7,6,10.398205608645656
663500,0,7,0,0.0330327073278783
663518,1,7,6,25.05409777409899
663536,1,7,10,6.582438120488518
663542,1,7,10,5.30674130940218
663569,1,7,4,0.3700090656202526
663574,1,7,8,17.540616635825636
663603,1,7,5,0.3700090141005197
663604,1,7,9,33.69191780875074
663615,1,7,4,0.3700090657260609
663623,1,7,8,31.08226033362692
663646,1,7,6,28.65553213622495
663647,1,7,9,33.486162361783435
663663,1,7,9,33.53452529637259
663665,1,7,8,33.30694921867637
663672,1,7,1,27.145241994999974
663677,1,7,10,23.426463096064673
663680,1,7,10,6.332291562482812
663726,1,7,10,25.008418922455636
663729,1,7,4,0.3700090657260609
663741,1,7,10,9.181450934262397
663759,1,7,1,14.882565164646927
663769,1,7,6,18.5284864351402
663775,1,7,7,6.491733399689434
663777,1,7,6,27.505445816571406
663783,1,7,7,6.1904402130501825
663793,1,7,9,33.033571283595734
663810,1,7,8,19.093802626893893
663819,1,7,4,0.3700090657260609
663851,1,7,5,0.3700090141005197
663854,1,7,7,2.2885812172810702
663874,1,7,4,0.3700090657260609
663884,1,7,5,0.3700090141005197
663894,1,7,6,22.514243814044182
663901,1,7,10,8.064731145931608
663917,1,7,6,23.14152472214197
663936,1,7,9,22.10912058125254
663994,1,7,9,20.825150055174504
663999,1,7,1,26.422803009214768
664015,1,7,10,20.94174527412647
664036,1,7,9,33.62295143630223
664044,1,7,9,26.18894771142978
664047,1,7,10,14.411834943385518
664066,1,7,5,0.3700090141005197
664079,1,7,7,4.445874488618428
664104,1,7,4,0.3700090657260609
664110,1,7,4,0.3700090657260609
664120,1,7,9,28.96104428015036
664122,1,7,7,4.0182652869150575
664134,1,7,9,33.03349765383661
664139,1,7,1,6.187894886619602
664146,1,7,9,20.406215065682186
664147,1,7,1,18.916851864576152
664151,1,7,10,26.005093168864427
664170,1,7,2,9.439530256261875
664199,1,7,9,17.743531038464326
664206,1,7,6,28.96193063656099
664209,1,7,5,0.3700090141005197
664231,1,7,6,20.88231282178971
664244,1,7,6,8.59280085688052
664245,1,7,5,0.3700090141005197
664251,1,7,8,18.071303869608666
664252,1,7,4,0.3700090657260609
664253,1,7,2,15.061696189917395
664287,1,7,9,33.65433979360428
664288,0,7,0,0.031242969357395903
664292,1,7,3,3.2059672492475477
664300,1,7,2,5.524320933751931
664302,0,7,0,0.04723679051762738
664303,1,7,4,0.3700090656202526
664305,1,7,6,6.873077640179814
664348,1,7,9,32.97714710103608
664352,1,7,2,16.453808773511977
664368,1,7,7,3.658401923360871
664369,1,7,6,24.065792692554428
664374,1,7,3,1.702015970852294
664379,1,7,1,19.72339178792455
664382,1,7,9,32.23949081718938
664399,1,7,2,10.54323356852381
664407,1,7,5,0.3700090141005197
664409,0,7,0,0.0942902603428853
664423,1,7,9,31.27560905734811
664425,1,7,10,23.390208651597757
664426,1,7,7,5.397692388321783
664450,0,7,0,0.029945312848839306
664454,1,7,8,23.16440432323989
664459,0,7,0,0.03543550258640795
664467,1,7,10,26.003673162028736
664476,1,7,4,0.3700090657260609
664495,1,7,9,28.946371685637796
664504,1,7,4,0.3700090657260609
664511,1,7,7,2.0476097697207445
664536,1,7,6,9.129638836178179
664539,1,7,9,28.18742756431066
664541,1,7,4,0.3700090657260609
664543,1,7,10,24.29409620424893
664572,1,7,6,25.329698667549884
664591,1,7,9,29.930986367043676
664593,1,7,9,33.61204073877705
664611,1,7,4,0.3700090657260609
664614,0,7,0,0.38770588411609963
664618,1,7,4,0.3700090656202526
664619,1,7,6,20.15198083461305
664628,1,7,5,0.3700090141005197
664647,1,7,6,14.137999155813795
664665,1,7,10,12.023204274655583
664670,1,7,8,33.40321705641805
664674,1,7,5,0.3700090141005197
664682,1,7,5,0.3700090141005197
664686,1,7,5,0.3700090141005197
664704,1,7,8,35.699011754705026
664707,1,7,9,27.006867508753633
664731,1,7,10,18.515363914211438
664748,1,7,2,12.463406068448
664752,1,7,8,32.93344015718991
664761,1,7,5,0.3700090141005197
664787,1,7,9,9.74508573191146
664809,1,7,9,29.49011613066764
664810,1,7,3,3.1812091424918916
664815,1,7,5,0.3700090141005197
664823,1,7,5,0.3700090141005197
664828,1,7,5,0.3700090141005197
664841,1,7,9,32.71992214382307
664845,1,7,8,29.857381911936557
664847,1,7,9,33.12324534393506
664853,1,7,8,18.608314354865183
664857,1,7,5,0.3700090141005197
664858,1,7,1,6.726080735396627
664879,1,7,7,2.0788769380965038
664880,1,7,5,0.3700090141005197
664886,1,7,1,7.672164078753791
664887,1,7,5,0.3700090141005197
664892,1,7,8,16.605506852418262
664894,1,7,10,4.858299433147959
664901,1,7,9,15.988858738159918
664906,1,7,7,6.252755858192487
664914,1,7,4,0.3700090657260609
664916,1,7,6,20.72850007157942
664934,1,7,8,34.05040650171627
664961,1,7,6,21.68071770321114
664969,1,7,8,31.10747153491867
664992,1,7,5,0.3700090141005197
664994,1,7,3,1.132282369808487
665005,1,7,9,11.908945422216977
665018,1,7,5,0.3700090141005197
665040,0,7,0,0.0373526562267535
665078,1,7,10,23.31057473226719
665084,1,7,9,27.192175852520013
665088,1,7,4,0.3700090657260609
665091,1,7,10,11.189665746091327
665100,1,7,6,8.220976922187184
665118,0,7,0,0.03564014445721527
665140,1,7,6,15.235793296644829
665143,1,7,1,17.447683280456065
665148,1,7,2,11.420884642925985
665154,1,7,9,20.992931275786763
665162,1,7,4,0.3700090657260609
665192,1,7,6,29.586070805601636
665230,1,7,4,0.3700090657260609
665233,1,7,9,29.807038104261515
665244,1,7,8,20.790939324166175
665253,1,7,4,0.3700090657260609
665262,1,7,6,10.81681732564328
665289,1,7,7,4.050991697174698
665295,1,7,5,0.3700090141005197
665300,1,7,5,0.37000902039789374
665313,0,7,0,0.04330004529946927
665320,1,7,5,0.3700090141005197
665322,1,7,8,9.550835645136065
665327,1,7,6,18.35240864114733
665356,1,7,1,21.659286717690723
665357,1,7,10,15.383307412039283
665362,1,7,8,35.53941302635941
665373,1,7,8,18.877807030811372
665383,1,7,7,0.8064776404825158
665396,1,7,9,13.916347307245461
665410,1,7,10,17.80245321198882
665433,1,7,9,29.572174404125175
665471,1,7,8,14.99629071835872
665489,1,7,7,5.832841325191791
665493,1,7,4,0.3700090657260609
665502,1,7,10,7.348534523949102
665511,1,7,10,18.536658243550896
665514,1,7,9,33.15438678453392
665516,1,7,6,29.394543153248435
665552,1,7,9,32.068724081219735
665560,1,7,5,0.3700090141005197
665563,1,7,10,7.290235986434037
665582,1,7,6,20.630729943716364
665602,1,7,4,0.3700090657260609
665617,1,7,5,0.3700090141005197
665619,1,7,7,5.780700343608735
665625,1,7,1,4.486537158957552
665640,1,7,1,21.373875687847907
665666,1,7,9,29.06981987725216
665676,1,7,9,32.504141865011
665677,1,7,10,14.972784613208105
665681,1,7,10,23.574103095732344
665685,1,7,4,0.3700090656202526
665694,1,7,8,29.226538167016194
665701,1,7,7,5.527391278819747
665710,1,7,5,0.3700090141005197
665714,1,7,6,30.296024531172154
665717,1,7,7,3.737461402273473
665725,1,7,7,0.34378422711615764
665731,1,7,2,5.694881117303279
665744,0,7,0,0.03303496630959857
665755,0,7,0,0.0313455221493217
665768,0,7,0,0.04250528335400304
665776,1,7,9,22.759521847665084
665777,1,7,2,16.078322888788918
665780,1,7,6,19.694505624004588
665785,1,7,4,0.3700090657260609
665811,1,7,6,30.54728235393364
665812,1,7,8,32.00599314872163
665820,1,7,8,34.7959738390034
665822,1,7,10,19.96465154916581
665829,1,7,6,14.207718633768888
665832,1,7,4,0.3700090657260609
665837,1,7,5,0.3700090141005197
665855,1,7,9,29.932163468815634
665875,1,7,4,0.3700090657260609
665877,0,7,0,0.03318344890361674
665888,1,7,4,0.3700090657260609
665905,1,7,3,1.3129404480251574
665926,1,7,9,22.754727160935904
665951,1,7,8,10.995252840942186
665957,1,7,10,25.642671146063496
665970,1,7,5,0.3700090141005197
665978,1,7,2,1.4337160878478628
665981,1,7,9,33.250872886779334
665989,1,7,8,6.8000717350223265
665994,1,7,3,2.4660438715205037
666035,1,7,4,0.3700090657260609
666044,1,7,8,11.285989764798124
666056,1,7,1,24.05095889521428
666062,1,7,3,3.1584094497637247
666064,1,7,5,0.3700090141005197
666066,1,7,6,27.125178383843622
666072,1,7,6,21.6415018932811
666078,1,7,2,5.651398517877743
666099,1,7,9,13.15590224525614
666117,1,7,4,0.3700090657260609
666142,1,7,1,21.189907000739353
666154,1,7,10,16.439362470871604
666172,1,7,9,26.26042682529814
666201,1,7,5,0.3700090141005197
666205,1,7,10,24.94151745874723
666208,1,7,9,30.689476219723165
666215,1,7,7,0.8115530822657098
666250,1,7,4,0.3700090657260609
666262,1,7,6,11.642329843375347
666273,1,7,9,10.315034955394605
666284,1,7,6,26.076565293100902
666295,1,7,4,0.3700090657260609
666306,0,7,0,0.03883698168116491
666309,1,7,6,29.71787068123282
666318,1,7,6,30.50326860907808
666345,1,7,6,15.700185432871816
666354,1,7,6,18.439079922427403
666360,0,7,0,0.11250693272396746
666391,1,7,9,30.31174358533013
666406,1,7,8,30.41095441600631
666409,1,7,5,0.3700090141005197
666423,1,7,9,20.090848505648186
666424,1,7,7,0.5055134749287079
666435,1,7,9,17.980254478962834
666462,1,7,10,10.037904184714659
666471,1,7,1,23.94348008444251
666486,1,7,7,1.0186162949839257
666492,1,7,5,0.3700090141005197
666502,1,7,10,16.608832698065765
666530,1,7,8,30.002916077890024
666533,1,7,8,24.33998607569143
666549,1,7,6,29.73378769162753
666578,1,7,9,24.72520705935837
666585,1,7,5,0.3700090141005197
666587,1,7,8,4.229485382259158
666604,1,7,9,33.06331613047912
666613,1,7,9,25.24088231507954
666619,1,7,4,0.3700090657260609
666622,1,7,9,30.500422830422416
666629,1,7,9,28.58715189862143
666640,1,7,7,1.6475041619797781
666667,1,7,9,6.054565656488215
666672,1,7,9,25.747475776137517
666675,1,7,6,21.427750799587354
666688,1,7,8,29.590745491972523
666695,1,7,4,0.3700090657260609
666696,1,7,8,32.472840905648134
666698,1,7,5,0.3700090141005197
666712,1,7,1,25.465562399681414
666729,1,7,5,0.3700090141005197
666733,1,7,9,12.451838930461454
666738,1,7,10,17.096011268387425
666747,1,7,9,18.378940833749144
666752,1,7,10,12.564111967033332
666766,1,7,5,0.3700090141005197
666780,0,7,0,0.033124190954024704
666790,1,7,10,8.61579843317528
666791,1,7,5,0.3700090141005197
666801,1,7,9,14.258298561770815
666804,1,7,4,0.3700090657260609
666812,1,7,9,28.577424480177086
666838,1,7,10,22.86146788890766
666841,1,7,8,14.120532921697873
666860,1,7,9,29.296980416632653
666866,1,7,7,4.458837749392711
666867,1,7,4,0.3700090657260609
666878,1,7,9,21.120180500568896
666889,1,7,9,16.43228359271979
666898,1,7,8,30.438219863472874
666904,1,7,7,4.886686072705363
666905,1,7,9,15.891725251253943
666915,1,7,7,5.265107803262752
666918,1,7,8,22.437091178864993
666920,1,7,10,18.46016717565822
666925,1,7,8,26.82342699498108
666930,1,7,8,19.573162577152107
666938,1,7,2,15.024662907660568
666951,1,7,6,27.506218109865515
666953,1,7,5,0.3700090141005197
666955,1,7,6,27.492309165327892
666967,1,7,7,3.95282154145743
666978,1,7,9,28.09321459674851
666985,1,7,5,0.37000902039789374
667012,1,7,6,25.78796968860956
667021,1,7,6,13.230159548219719
667022,1,7,1,12.964032651033948
667024,1,7,6,12.584686963003177
667025,1,7,6,28.411435361445328
667027,1,7,5,0.3700090141005197
667031,1,7,4,0.3700090657260609
667037,1,7,9,17.69622775271501
667044,1,7,10,7.892127540558955
667045,1,7,6,12.844537899670845
667048,1,7,3,2.256065393977893
667054,0,7,0,0.033409108414481144
667055,1,7,9,33.56020504548126
667065,1,7,5,0.3700090141005197
667087,1,7,4,0.3700090657260609
667094,1,7,9,25.788100759373418
667101,1,7,5,0.3700090141005197
667102,1,7,8,17.89640395212278
667111,1,7,10,22.816612189799265
667116,1,7,7,5.69478405495932
667118,1,7,8,36.04382318877104
667120,1,7,5,0.3700090141005197
667122,1,7,5,0.3700090141005197
667123,1,7,8,17.184988055813605
667124,1,7,6,23.32689134361369
667125,1,7,9,29.567581326078333
667138,1,7,6,29.41531343115075
667151,1,7,8,19.930249425248164
667157,1,7,8,20.863420303429358
667160,1,7,9,23.739318767724725
667183,1,7,6,29.13367525466703
667193,1,7,9,28.935372493126547
667195,1,7,5,0.37000902039789374
667203,1,7,9,26.256745687262967
667221,1,7,5,0.3700090141005197
667222,1,7,8,19.368093472035028
667298,0,7,0,0.024160482845701322
667303,1,7,8,11.04950098746562
667316,0,7,0,0.036144459216768704
667324,1,7,9,9.710258987233713
667338,1,7,8,32.65727335728407
667362,1,7,7,4.868389754842003
667370,1,7,9,17.28487998121457
667374,1,7,6,6.817248148116789
667379,0,7,0,0.03767624664621246
667393,1,7,3,1.6344270475917386
667394,1,7,9,13.635955531786276
667400,0,7,0,0.03193494612721063
667406,1,7,7,0.3483711308152226
667420,1,7,4,0.3700090657260609
667426,0,7,0,0.03812518988904181
667436,1,7,9,12.820510329145746
667437,1,7,1,19.044354060513417
667442,1,7,4,0.3700090657260609
667453,1,7,9,25.2250710416295
667455,1,7,7,2.4478833237669795
667456,1,7,6,15.939520563977075
667494,1,7,5,0.3700090141005197
667496,1,7,8,17.542692587285867
667497,1,7,9,7.469071434850659
667528,1,7,9,15.79452627839137
667536,1,7,5,0.3700090141005197
667566,1,7,9,25.206784969437056
667600,1,7,6,22.115616708320335
667601,1,7,3,3.143374017486107
667608,1,7,8,28.11308188431939
667620,1,7,6,24.862656801777064
667621,1,7,10,13.825568432358557
667638,1,7,1,8.84148704790845
667645,0,7,0,0.03976018052329196
667652,1,7,5,0.3700090141005197
667663,1,7,9,32.65430600327873
667668,1,7,9,6.820294083926253
667674,1,7,6,18.116627811325728
667680,1,7,4,0.3700090657260609
667685,1,7,8,24.102420166756534
667700,1,7,8,34.633435426830246
667709,1,7,6,19.265964572359096
667731,1,7,5,0.3700090141005197
667733,1,7,9,26.030735340705036
667772,1,7,9,6.802114655365406
667778,0,7,0,0.0334720746286048
667798,1,7,10,21.329163809633176
667841,1,7,4,0.3700090657260609
667863,1,7,6,29.98871347282541
667865,1,7,2,1.6276079003278554
667888,1,7,9,7.529374649548572
667899,1,7,6,29.48798609249455
667903,1,7,8,24.033002334713572
667908,1,7,8,12.68731646677144
667916,1,7,10,7.047986293762674
667918,1,7,6,22.399168114801448
667934,1,7,7,3.0281858523012586
667955,1,7,10,17.47585072613265
667959,1,7,9,5.134564736330367
667984,1,7,10,22.879506204536565
667994,0,7,0,0.047030755443789235
667996,1,7,8,21.946232888070057
668010,1,7,3,2.716941265246175
668016,1,7,7,6.38080460905245
668041,1,7,8,14.721885157712968
668053,1,7,4,0.3700090657260609
668057,1,7,10,15.045653002275765
668074,1,7,5,0.3700090141005197
668078,1,7,1,21.044500656987513
668080,1,7,4,0.3700090657260609
668081,0,7,0,0.031607442587468344
668093,1,7,2,2.8546127350089665
668119,1,7,7,0.3456850211451073
668167,1,7,9,29.50643944115593
668169,1,7,1,19.117370642093668
668177,1,7,7,3.076873573996357
668180,1,7,5,0.3700090141005197
668185,1,7,7,5.906922266067587
668188,1,7,10,18.807790219590327
668200,1,7,9,9.342431777598927
668205,1,7,8,22.56055665398879
668214,1,7,4,0.3700090657260609
668217,0,7,0,0.03774808668310916
668236,1,7,7,2.871212706568503
668249,1,7,4,0.3700090657260609
668259,1,7,4,0.3700090657260609
668265,1,7,10,16.946846027477875
668290,1,7,10,25.420794646446566
668300,1,7,1,25.93036960447919
668307,1,7,4,0.3700090657260609
668318,0,7,0,0.05465651202796666
668340,1,7,9,27.957407300997094
668344,1,7,4,0.3700090656202526
668345,1,7,10,4.826186378800133
668349,1,7,6,12.519885587234606
668374,1,7,8,35.674087890340125
668384,1,7,2,6.205913954028187
668403,1,7,5,0.3700090141005197
668410,1,7,9,26.73835654848515
668436,1,7,4,0.3700090657260609
668437,1,7,6,14.061862413384954
668442,1,7,4,0.3700090657260609
668472,1,7,9,13.369426914568473
668480,1,7,5,0.3700090141005197
668485,1,7,9,27.841012317833776
668490,1,7,9,30.99547871061352
668495,1,7,10,25.99400048737914
668512,1,7,5,0.3700090141005197
668527,1,7,6,13.840206772191182
668537,1,7,7,0.9114050265374241
668539,1,7,4,0.3700090657260609
668555,1,7,8,13.705601726235194
668578,1,7,8,11.054868187911397
668586,1,7,8,26.18267945559702
668595,1,7,10,15.22299038402807
668606,1,7,1,4.777453525605343
668607,1,7,2,14.643019304597594
668613,1,7,8,2.7041884963917138
668618,1,7,6,27.388840982782185
668635,1,7,1,17.51768615452661
668636,1,7,6,16.272254927577325
668642,1,7,8,17.887362446339502
668646,1,7,7,5.386134169226339
668651,1,7,4,0.3700090656202526
668665,1,7,8,18.968305312138593
668666,1,7,5,0.3700090141005197
668672,1,7,9,19.31308684374739
668676,1,7,8,24.231077768841427
668678,1,7,8,9.06293435200941
668688,1,7,6,17.81215825044116
668692,1,7,8,2.3448263793280955
668700,1,7,6,5.531642516744266
668701,1,7,9,30.11783149340496
668714,1,7,7,0.4284627799975839
668745,1,7,8,17.56130237797314
668768,1,7,5,0.3700090141005197
668769,1,7,8,25.044624845376276
668778,1,7,6,16.427833024404862
668784,0,7,0,0.038843215607201845
668793,1,7,9,12.23195259023814
668803,1,7,9,19.965669161366105
668835,1,7,8,17.652478332652414
668838,1,7,5,0.3700090141005197
668844,0,7,0,0.03723743708023767
668849,1,7,1,25.845214320321706
668850,1,7,6,23.913248593649037
668856,1,7,4,0.3700090657260609
668859,1,7,1,13.694406569054882
668860,1,7,10,12.190054664478149
668871,1,7,7,1.6302950918433126
668889,1,7,4,0.3700090657260609
668893,1,7,5,0.3700090141005197
668894,1,7,9,30.881352740409273
668902,1,7,6,26.659563706937796
668938,1,7,5,0.3700090141005197
668940,1,7,9,16.085097559124495
668961,1,7,5,0.37000902039789374
668971,1,7,8,19.540428489569877
668973,1,7,6,29.56190056367556
668981,1,7,4,0.3700090657260609
669012,1,7,8,3.651559363016671
669027,1,7,8,27.799363927674722
669053,1,7,3,1.5114273260171889
669058,1,7,3,3.2260482979227407
669062,1,7,9,33.65492543433775
669063,1,7,5,0.3700090141005197
669065,1,7,5,0.3700090141005197
669067,0,7,0,0.06832027041424418
669075,1,7,9,3.1135554726571675
669082,1,7,6,29.233362534571487
669090,1,7,6,29.680456053104255
669093,1,7,3,2.5773184732952585
669097,1,7,9,30.49606616973406
669140,1,7,8,13.58890732055749
669143,0,7,0,0.02592897780721074
669150,1,7,5,0.3700090141005197
669156,1,7,4,0.3700090657260609
669165,1,7,8,35.64747539534747
669169,1,7,6,16.938966376332054
669186,1,7,9,2.5803471135885414
669192,1,7,6,18.41449575546309
669195,1,7,3,2.7556189453704185
669204,1,7,9,27.165766461332478
669231,1,7,10,9.914165827778039
669234,1,7,6,14.663924133221213
669237,1,7,5,0.3700090141005197
669241,1,7,9,16.976838803698662
669243,1,7,4,0.3700090656202526
669247,1,7,10,20.731031684487323
669249,1,7,3,3.2197064526575043
669257,1,7,4,0.3700090657260609
669274,1,7,10,10.755141274554413
669275,1,7,9,14.970234597981298
669284,1,7,5,0.3700090141005197
669288,1,7,10,3.902574391830095
669294,1,7,6,19.616034033428196
669314,1,7,9,8.70614405239074
669333,1,7,9,33.051010288476526
669338,1,7,4,0.3700090657260609
669361,1,7,6,16.097767627173962
669367,1,7,9,12.821610700271867
669382,1,7,1,21.574363615943646
669384,1,7,8,3.207526853570887
669401,1,7,4,0.3700090657260609
669403,1,7,1,21.207174861593213
669415,1,7,4,0.3700090657260609
669416,1,7,8,7.660450715163953
669419,1,7,4,0.3700090657260609
669421,1,7,7,5.786592718379495
669428,1,7,8,24.317290843178515
669435,1,7,8,12.649926033933882
669443,1,7,9,30.469813467181506
669449,1,7,3,3.2256337396012342
669451,1,7,8,27.307767317308667
669452,1,7,9,23.526763589935317
669470,1,7,4,0.3700090657260609
669490,1,7,6,14.365056259027623
669493,1,7,8,20.554851130737013
669508,1,7,4,0.3700090657260609
669514,1,7,3,2.294234463729882
669522,1,7,3,3.148533659685943
669532,1,7,4,0.3700090657260609
669550,1,7,9,25.83256348400448
669560,1,7,9,24.660347056081296
669596,1,7,8,15.405875226776487
669597,1,7,8,18.882428166181136
669603,1,7,8,25.443661723507013
669617,1,7,8,17.625135305687863
669622,1,7,2,11.935430216434387
669625,1,7,1,4.3404068995817875
669631,1,7,6,21.91609327351782
669636,1,7,9,29.175687407256007
669643,1,7,5,0.3700090141005197
669663,1,7,10,20.553825905622862
669666,1,7,10,11.70895449320669
669681,1,7,7,3.2185168196844747
669689,1,7,5,0.3700090141005197
669697,1,7,5,0.3700090141005197
669703,1,7,4,0.3700090657260609
669704,0,7,0,0.03914957889649436
669708,1,7,10,6.52255970574805
669712,1,7,8,25.453528345820473
669713,1,7,8,14.798166772309106
669725,1,7,10,12.614527878506815
669731,1,7,5,0.3700090141005197
669742,1,7,8,16.678969586418933
669744,1,7,4,0.3700090657260609
669750,1,7,9,29.074113751717892
669751,1,7,1,15.214489851571736
669754,1,7,7,5.532945431195114
669807,1,7,9,11.628744609540092
669816,1,7,1,5.797405019606452
669830,1,7,5,0.37000902039789374
669836,1,7,6,6.372949974192092
669846,1,7,4,0.3700090657260609
669856,1,7,5,0.3700090141005197
669864,1,7,5,0.3700090141005197
669876,1,7,9,20.622568922277818
669877,1,7,6,25.411100415754216
669927,1,7,6,30.503074438845886
669929,1,7,6,17.441261836302054
669948,1,7,8,35.32135284546116
669952,1,7,10,19.338974130967834
669987,1,7,10,13.648553691753609
669990,1,7,8,28.380384168731716
669999,1,7,4,0.3700090657260609
670007,1,7,6,18.41464303751901
670010,1,7,4,0.3700090657260609
670014,1,7,2,10.347145373486516
670063,1,7,6,16.120015022234053
670075,1,7,6,15.24099580681522
670082,1,7,6,22.556680900733998
670100,1,7,6,15.219305887180727
670111,1,7,9,32.07712644733158
670114,1,7,5,0.3700090141005197
670115,1,7,4,0.3700090657260609
670117,1,7,10,25.61642328695315
670120,1,7,9,33.4699800542846
670132,1,7,5,0.3700090141005197
670134,1,7,7,6.286419218607196
670150,1,7,9,9.968714053250123
670154,1,7,7,2.0068794417587275
670164,1,7,10,17.993863465140553
670172,1,7,4,0.3700090656202526
670174,1,7,9,9.087279240130933
670189,1,7,8,31.284815044142373
670197,1,7,5,0.3700090141005197
670202,1,7,9,3.331847702626753
670207,1,7,8,14.129595531919833
670221,1,7,5,0.3700090141005197
670224,1,7,2,10.559908163421827
670228,1,7,6,29.449229868213653
670229,1,7,3,3.0486707396656123
670232,1,7,6,13.443016107198346
670236,1,7,8,13.699853085960896
670239,0,7,0,0.03747781375196262
670252,1,7,9,25.488433993293942
670277,0,7,0,0.026397407236053983
670282,1,7,5,0.3700090141005197
670283,1,7,10,8.358022703028462
670287,1,7,10,16.030072753437103
670290,1,7,8,13.42444427825179
670298,1,7,9,27.3331358483806
670307,1,7,4,0.3700090657260609
670310,1,7,8,12.97932140868404
670318,1,7,5,0.3700090141005197
670327,1,7,9,32.65254117159345
670336,1,7,10,14.04053163113683
670365,1,7,5,0.3700090141005197
670385,1,7,6,16.71724177198157
670386,1,7,4,0.3700090657260609
670410,1,7,2,15.034195969058356
670413,1,7,6,20.72674709550644
670422,1,7,9,21.463565648688228
670441,1,7,7,2.897822766054773
670442,1,7,10,24.937637197659868
670457,1,7,5,0.37000902039789374
670466,0,7,0,0.03408933611268488
670509,1,7,3,1.6799780745148967
670513,1,7,5,0.3700090141005197
670524,0,7,0,0.06457472237663485
670532,1,7,10,12.609390079741988
670538,1,7,6,30.105200269052652
670548,0,7,0,0.09887138838204913
670555,0,7,0,0.039818296734407156
670569,1,7,6,21.4460063866051
670571,1,7,5,0.3700090141005197
670575,1,7,9,8.690005668846693
670608,1,7,3,2.7937153995149893
670625,1,7,8,34.993036779375714
670655,1,7,6,19.017111549379354
670667,1,7,1,5.884219031916371
670674,1,7,2,8.352502656867102
670676,1,7,8,28.268870092522775
670689,1,7,4,0.3700090657260609
670691,1,7,10,17.090637574862306
670701,1,7,9,24.44741220788058
670716,1,7,9,28.381544134404404
670722,1,7,7,5.851693305485632
670725,1,7,1,6.940881014730769
670744,1,7,10,20.746419904241332
670746,1,7,6,18.51637458667911
670752,1,7,1,4.738921451542768
670757,1,7,2,6.581585127047577
670760,1,7,9,33.61594285261584
670764,1,7,9,23.02977338478261
670776,1,7,8,24.606715256504817
670785,1,7,9,19.91159658110334
670793,1,7,7,1.8795312451344195
670817,1,7,8,10.099464396375419
670821,1,7,4,0.3700090657260609
670852,0,7,0,0.025736821144622026
670854,1,7,9,24.496077468340125
670855,0,7,0,0.11026170193509738
670863,1,7,2,4.591782117360369
670867,1,7,4,0.3700090657260609
670874,1,7,9,23.705578634704402
670893,1,7,1,6.9955164095056155
670896,1,7,9,25.182976971271017
670898,1,7,8,21.173730440967287
670901,1,7,8,11.072669229176332
670908,1,7,9,20.300126799770027
670915,1,7,8,18.803787735198398
670920,1,7,8,11.109474470400432
670922,1,7,6,20.18996804273684
670926,1,7,4,0.3700090657260609
670938,1,7,8,21.862276597152544
670944,1,7,9,6.74903005683475
670966,1,7,10,26.041441304833487
670969,1,7,5,0.3700090141005197
670970,1,7,9,32.72021824055298
671006,1,7,10,21.06754057459849
671012,1,7,8,22.5766100337683
671019,1,7,6,10.67753536125894
671024,1,7,5,0.3700090141005197
671042,1,7,9,30.924635121279103
671077,1,7,1,27.802115493936427
671080,1,7,5,0.3700090141005197
671093,1,7,4,0.3700090657260609
671110,1,7,6,20.032826785882616
671111,1,7,3,2.8090680666172423
671115,1,7,8,16.612142100208263
671116,1,7,6,9.527324430644812
671127,1,7,10,15.200082099550817
671129,1,7,1,26.537283023615664
671132,1,7,10,14.674386119393644
671134,1,7,5,0.3700090141005197
671137,1,7,5,0.3700090141005197
671145,1,7,9,13.009691691402468
671169,1,7,9,21.650412741426386
671173,1,7,9,22.99965401912498
671176,1,7,5,0.3700090141005197
671179,1,7,6,13.048888369739474
671212,1,7,8,22.525244836572043
671213,1,7,6,19.548457173533937
671221,1,7,5,0.3700090141005197
671233,1,7,2,14.960196539455163
671238,1,7,4,0.3700090657260609
671265,1,7,3,1.2856413685127603
671292,1,7,5,0.3700090141005197
671301,1,7,10,22.345223994677188
671320,1,7,9,32.970510976677275
671324,1,7,5,0.3700090141005197
671327,1,7,8,32.251536109355456
671348,1,7,5,0.3700090141005197
671349,1,7,4,0.3700090657260609
671352,1,7,10,16.621578221742674
671357,1,7,4,0.3700090657260609
671372,1,7,6,26.639687481156503
671378,1,7,9,19.854357618634545
671379,1,7,1,23.439544416405266
671383,0,7,0,0.12985703516197206
671384,1,7,9,21.936249665810426
671385,1,7,9,8.547254865675844
671390,1,7,4,0.3700090657260609
671401,1,7,8,35.61983502713525
671437,1,7,4,0.3700090657260609
671438,1,7,9,23.652085481665726
671444,1,7,4,0.3700090657260609
671460,1,7,7,1.9761246883981642
671487,1,7,9,23.123958254148665
671491,1,7,7,5.853414756676994
671503,1,7,8,21.70160540818477
671514,1,7,6,24.56271895086102
671528,1,7,10,5.987384436084883
671533,1,7,9,4.418479149018645
671543,1,7,6,7.147969137790421
671552,1,7,4,0.3700090657260609
671561,1,7,4,0.3700090657260609
671580,1,7,5,0.3700090141005197
671585,1,7,9,24.25150211612791
671601,1,7,2,1.6710695974478624
671609,1,7,3,2.0312356338092585
671619,1,7,4,0.3700090657260609
671624,1,7,7,1.8584966842440647
671634,1,7,1,16.130188428176005
671640,1,7,9,22.192364199471474
671646,1,7,4,0.3700090657260609
671650,1,7,5,0.3700090141005197
671654,1,7,6,21.43378392362234
671664,1,7,2,12.846628004522879
671678,1,7,9,33.72988394518346
671692,1,7,9,30.676855351813302
671696,1,7,10,22.51102044522714
671708,1,7,4,0.3700090656202526
671711,1,7,8,28.91293932141117
671727,1,7,9,28.382104271837935
671730,1,7,8,20.375464267718403
671733,1,7,8,26.29031687116304
671781,1,7,5,0.3700090141005197
671814,1,7,7,6.02376035076081
671831,1,7,4,0.3700090657260609
671839,1,7,5,0.3700090141005197
671848,1,7,6,30.376047716657276
671854,1,7,8,17.381648477759487
671865,1,7,6,22.889260901937888
671866,1,7,6,19.6925758091544
671873,1,7,4,0.3700090657260609
671895,1,7,9,19.213989581935344
671920,0,7,0,0.03471615522688997
671974,1,7,4,0.3700090657260609
671977,1,7,4,0.3700090657260609
671988,1,7,1,25.39159543755943
672002,1,7,6,25.405066418194096
672034,1,7,1,17.75129762908722
672051,1,7,7,2.4643576816422286
672061,1,7,10,10.757033026152135
672095,1,7,5,0.3700090141005197
672103,1,7,6,24.02698230920462
672113,1,7,5,0.3700090141005197
672122,1,7,5,0.3700090141005197
672144,1,7,8,10.420952414998505
672174,1,7,1,5.31334984929726
672182,1,7,6,21.095672692708813
672190,1,7,9,8.016970827278822
672192,1,7,9,33.020966639169295
672214,1,7,5,0.37000902039789374
672219,1,7,5,0.3700090141005197
672220,1,7,9,10.569883751245651
672229,1,7,5,0.3700090141005197
672233,1,7,8,9.99217189703025
672234,1,7,9,23.488364788722937
672242,1,7,8,33.8822722981311
672255,1,7,5,0.3700090141005197
672265,1,7,6,27.99319572674088
672274,1,7,9,32.48227087209168
672283,1,7,5,0.3700090141005197
672298,1,7,2,8.705215209310808
672304,1,7,5,0.3700090141005197
672313,1,7,9,29.056745143946813
672315,1,7,3,2.896179287154719
672328,1,7,5,0.3700090141005197
672330,1,7,9,6.715191234620908
672336,1,7,10,15.701993936929524
672348,1,7,6,25.18518301560915
672355,1,7,4,0.3700090657260609
672370,1,7,9,18.849851913045423
672376,1,7,5,0.3700090141005197
672384,1,7,9,15.064933830850883
672386,1,7,6,5.088866216886563
672392,1,7,7,1.27708238091255
672410,1,7,6,5.938563210777721
672420,1,7,10,16.723086160409014
672429,1,7,8,19.955641882192975
672430,1,7,4,0.3700090657260609
672441,1,7,9,33.64982576091631
672475,1,7,6,5.486417231411678
672486,1,7,8,29.592311175200805
672505,1,7,9,18.090138215652434
672508,1,7,4,0.3700090657260609
672510,0,7,0,0.03699423788148491
672511,0,7,0,0.0377416118499584
672538,1,7,10,13.08848277157553
672550,1,7,4,0.3700090657260609
672558,1,7,9,18.55488099932761
672562,1,7,4,0.3700090657260609
672575,1,7,8,35.34677628658648
672583,0,7,0,0.04516225670834637
672593,1,7,5,0.3700090141005197
672601,1,7,5,0.3700090141005197
672636,1,7,4,0.3700090657260609
672639,1,7,3,3.151324838707195
672642,1,7,3,3.2185692948961524
672658,1,7,6,30.634351807806787
672675,1,7,10,26.01405668522097
672703,1,7,6,4.838166702713434
672707,1,7,10,16.70676705755353
672709,1,7,4,0.3700090657260609
672738,1,7,10,11.19733331642874
672742,1,7,4,0.3700090657260609
672745,1,7,8,21.242075397019875
672759,1,7,9,33.24943376263054
672770,1,7,8,26.308351858633365
672773,1,7,6,18.458956117575035
672776,1,7,7,0.5072969916979032
672778,1,7,6,14.572251361338266
672788,1,7,9,22.933362696374076
672791,1,7,5,0.3700090141005197
672796,1,7,8,22.92430788730361
672806,1,7,1,14.210290577538792
672809,1,7,10,17.35137877555699
672812,1,7,9,32.73704345969816
672826,1,7,8,25.042346269507235
672833,1,7,6,24.517072220004053
672861,1,7,5,0.3700090141005197
672864,1,7,9,21.848304372035923
672886,1,7,4,0.3700090657260609
672890,1,7,5,0.3700090141005197
672892,1,7,4,0.3700090657260609
672913,1,7,6,28.866749203433685
672919,1,7,5,0.3700090141005197
672932,1,7,5,0.3700090141005197
672937,1,7,8,12.005245507245302
672952,1,7,1,5.670885075635414
672987,1,7,10,12.76413376860238
673008,1,7,5,0.3700090141005197
673016,1,7,7,2.9554108992071035
673017,1,7,5,0.3700090141005197
673025,1,7,6,24.17067739558589
673040,1,7,9,21.75746490039088
673056,1,7,10,12.727088985440412
673076,1,7,3,2.804399683556852
673087,1,7,9,21.486751659034056
673102,1,7,6,9.49606585520251
673106,1,7,6,25.66875826159785
673109,1,7,3,2.8716335287912247
673117,1,7,8,16.625402324055678
673127,1,7,6,23.597058607217114
673153,1,7,5,0.3700090141005197
673155,1,7,9,27.512492345354442
673192,1,7,1,26.71672998970257
673201,1,7,9,27.54188726206047
673211,1,7,1,24.598137101024175
673236,1,7,1,14.240249342577167
673262,1,7,4,0.3700090657260609
673274,1,7,5,0.3700090141005197
673285,1,7,4,0.3700090657260609
673290,1,7,9,28.671346447397305
673293,1,7,6,24.23222708389404
673301,1,7,10,24.41223489581062
673309,1,7,9,7.11483155010311
673319,1,7,10,21.392548660956088
673320,1,7,8,20.49076953330446
673333,1,7,5,0.3700090141005197
673336,1,7,9,14.232510539651454
673347,0,7,0,0.03934076957992982
673360,1,7,10,20.92514831980106
673362,1,7,5,0.3700090141005197
673372,1,7,4,0.3700090657260609
673386,1,7,9,10.909120367492292
673395,1,7,9,24.85753348069401
673403,1,7,6,8.672889095551287
673405,1,7,9,31.787059435859508
673423,1,7,5,0.3700090141005197
673453,1,7,8,17.631793019869768
673490,1,7,8,31.28196809873081
673499,1,7,5,0.3700090141005197
673537,1,7,6,15.839704315290678
673538,1,7,8,15.00529223207946
673543,0,7,0,0.028996573521495116
673578,1,7,10,17.456627884953352
673586,1,7,8,23.726743214613936
673590,0,7,0,0.034663022988942555
673610,1,7,10,4.963721575695254
673612,1,7,10,16.837407756852723
673616,1,7,9,24.656569019053183
673624,1,7,10,26.048458619658344
673629,1,7,6,26.896154176356596
673630,1,7,6,19.90465499498863
673634,1,7,5,0.3700090141005197
673637,1,7,9,23.808143603890006
673639,1,7,6,22.85279514679123
673643,1,7,9,16.175294822258437
673661,1,7,4,0.3700090657260609
673673,1,7,9,29.04171320349522
673682,1,7,6,18.02079657523377
673686,1,7,7,5.998153726664953
673703,1,7,9,33.280396798002855
673721,1,7,6,19.42820182560724
673734,1,7,8,19.28685694647354
673756,1,7,8,10.060593177228444
673775,1,7,8,22.89836081467042
673814,1,7,9,17.77143967603025
673816,1,7,1,15.957621917227952
673818,1,7,1,14.19076866557819
673830,1,7,7,5.320123940424223
673835,1,7,8,32.17869517251096
673840,1,7,10,25.18900323003776
673843,1,7,9,13.905164136028862
673850,1,7,9,14.399158303605907
673861,1,7,9,28.95223108550095
673879,1,7,9,31.6569779920957
673907,1,7,9,26.073724670492833
673908,1,7,10,17.456193026156512
673915,1,7,8,23.194553193582852
673917,1,7,8,25.094301047682443
673921,1,7,1,16.004167457339772
673932,1,7,4,0.3700090657260609
673936,1,7,9,18.02804709448526
673957,1,7,5,0.3700090141005197
673968,1,7,4,0.3700090657260609
673969,1,7,8,23.622187879169328
673975,1,7,8,32.686439156874485
673980,1,7,9,23.544215945034225
673986,1,7,8,8.346222018836947
673988,1,7,6,15.352291633470905
673989,1,7,4,0.3700090657260609
673992,1,7,1,16.497778544483307
674003,1,7,8,13.898343263614517
674015,1,7,9,30.002242284356754
674020,1,7,6,30.11849818944728
674021,0,7,0,0.06449549873345475
674050,1,7,9,33.39073453286993
674059,1,7,9,33.046036615687896
674060,1,7,9,33.53675138460714
674063,1,7,7,5.349719171137669
674073,1,7,9,8.494231040950595
674122,1,7,8,25.86700721395496
674125,1,7,2,11.549940729660458
674132,1,7,8,32.48266526403139
674136,1,7,9,21.628521990901294
674144,1,7,3,3.003560430487361
674148,1,7,9,25.36766520317819
674158,1,7,10,4.150898533532194
674171,1,7,4,0.3700090657260609
674175,0,7,0,0.033066002389474235
674176,1,7,1,21.8066527686769
674217,1,7,8,34.4575643199412
674223,1,7,4,0.3700090656202526
674226,1,7,5,0.3700090141005197
674228,1,7,10,23.654185696540257
674229,1,7,8,27.258785380236073
674231,1,7,4,0.3700090657260609
674234,1,7,4,0.3700090657260609
674241,1,7,9,23.417121405257664
674247,0,7,0,0.032629107239464786
674250,1,7,4,0.3700090657260609
674261,1,7,5,0.3700090141005197
674286,1,7,6,19.01570231529064
674289,1,7,9,31.275473045440922
674294,1,7,5,0.3700090141005197
674296,0,7,0,0.02424674787474288
674307,1,7,7,5.639742944018274
674322,1,7,8,4.507536104245167
674327,1,7,10,25.765955663447368
674329,1,7,3,1.4489894373677896
674333,1,7,6,22.379268078957164
674376,1,7,10,12.534276365398705
674418,1,7,8,14.936272029646991
674434,1,7,2,5.833052679651029
674444,1,7,8,29.88876555262259
674448,1,7,9,17.28750142869969
674449,1,7,6,10.316458156522057
674458,1,7,5,0.3700090141005197
674477,1,7,3,3.236440280430571
674485,1,7,9,19.950593355749064
674496,1,7,4,0.3700090657260609
674503,1,7,10,23.030092029836307
674506,1,7,9,33.181862329495395
674515,1,7,5,0.37000902039789374
674520,1,7,9,2.680871304100291
674530,1,7,5,0.3700090141005197
674533,1,7,9,9.214222215534186
674571,1,7,7,4.102735884814739
674581,1,7,7,6.00987489593096
674597,1,7,4,0.3700090657260609
674624,1,7,6,12.094927036696525
674625,1,7,2,16.165488138563596
674655,1,7,4,0.3700090657260609
674660,1,7,8,32.2933038453739
674662,1,7,5,0.3700090141005197
674693,1,7,9,25.369955243021106
674695,0,7,0,0.04333217022196656
674697,1,7,6,17.12639767971311
674703,1,7,5,0.3700090141005197
674707,1,7,7,6.319818001780359
674711,1,7,6,16.70512680647214
674721,1,7,1,10.270469632460152
674726,1,7,9,25.7138774089896
674742,1,7,5,0.3700090141005197
674744,1,7,1,11.290797329707456
674753,1,7,1,15.55267616252001
674768,1,7,10,18.096523683196434
674772,1,7,3,3.092484180576599
674775,1,7,6,28.051945964173456
674776,1,7,9,28.573002453745172
674791,1,7,10,15.771832577814587
674793,1,7,10,9.193688358425048
674807,1,7,8,24.31053917714906
674814,1,7,7,6.403878311888507
674845,1,7,5,0.3700090141005197
674849,1,7,7,1.6821519210277163
674850,1,7,8,23.38072921437521
674853,1,7,8,20.74478786353147
674858,1,7,6,16.692695129808342
674878,1,7,5,0.3700090141005197
674884,1,7,3,3.182539039714417
674888,1,7,6,12.019794153754964
674893,1,7,9,22.87408749979645
674896,1,7,6,29.756976860843675
674897,0,7,0,0.2140939390621944
674901,1,7,2,9.289530607507855
674909,1,7,6,29.02883992906083
674911,0,7,0,0.07166674570230018
674916,1,7,8,23.81261051832519
674936,1,7,6,28.411892680146664
674944,1,7,3,3.137490277720733
674947,1,7,9,24.268005995453382
674971,1,7,10,16.814488185752666
674973,1,7,9,30.48102533772001
674975,1,7,6,28.854567454188743
674980,1,7,5,0.3700090141005197
674995,1,7,6,22.08687392815646
675007,1,7,9,2.8407077626699535
675012,1,7,8,32.10893118111563
675013,1,7,8,24.973421902571776
675022,1,7,9,22.142109658142292
675038,1,7,4,0.3700090657260609
675044,1,7,8,34.64493993270037
675045,1,7,7,2.9491724402148964
675094,1,7,3,1.3995299994683634
675108,1,7,8,35.803252303552355
675115,1,7,4,0.3700090657260609
675124,1,7,4,0.3700090656202526
675154,1,7,10,16.660122926156273
675158,1,7,8,9.957959958856172
675179,1,7,8,28.060421417038796
675184,1,7,9,33.7846488449284
675200,1,7,9,17.658021790470183
675201,1,7,9,22.068653070039883
675213,1,7,9,30.497714781481278
675217,1,7,9,32.419128268017886
675226,1,7,10,23.01976308235984
675237,1,7,3,1.7011072257857947
675247,1,7,10,16.208905132756964
675256,1,7,8,22.724909227847117
675272,1,7,9,19.239004142952748
675275,0,7,0,0.029168342353595895
675287,0,7,0,0.021541373812900708
675290,1,7,1,12.546588319022657
675303,1,7,4,0.3700090657260609
675306,1,7,1,17.782436326811226
675307,1,7,1,17.68349901037862
675310,1,7,7,3.7208983192876155
675312,1,7,8,21.59439739191221
675328,0,7,0,0.03926036099541157
675361,1,7,10,18.29213183741677
675372,1,7,6,17.287798135698022
675383,1,7,2,15.057596157749629
675385,1,7,6,11.673435374692215
675395,1,7,5,0.3700090141005197
675418,0,7,0,0.09858276534130699
675421,1,7,8,28.02238263181237
675425,1,7,4,0.3700090657260609
675429,1,7,5,0.3700090141005197
675458,1,7,6,26.44111810878654
675475,1,7,1,21.991719288269564
675476,1,7,10,20.106456801795016
675490,1,7,6,21.93268005604711
675494,1,7,7,6.321018433056543
675539,1,7,8,28.892518368790633
675540,1,7,7,6.17706424529595
675543,1,7,9,10.326436920506499
675571,1,7,4,0.3700090657260609
675572,1,7,8,20.513782617716924
675610,1,7,5,0.3700090141005197
675621,1,7,1,24.2879997247948
675625,1,7,4,0.3700090657260609
675627,1,7,9,15.673152002724382
675635,1,7,4,0.3700090657260609
675642,1,7,4,0.3700090657260609
675650,1,7,9,26.242938370004797
675657,1,7,1,15.864250460805858
675669,1,7,1,16.005266073524552
675712,1,7,4,0.3700090657260609
675727,1,7,5,0.3700090141005197
675737,1,7,8,17.227190319048958
675743,1,7,10,18.061941930584332
675749,1,7,4,0.3700090657260609
675756,1,7,8,21.719414143519078
675765,1,7,5,0.3700090141005197
675784,1,7,9,24.722659420262456
675796,1,7,8,21.211598180358866
675799,1,7,8,33.35394559975977
675811,1,7,9,27.916507277077265
675815,1,7,7,0.6031262019486083
675819,1,7,9,22.02923597096065
675820,1,7,9,29.38659072504934
675833,0,7,0,0.039608805941441214
675843,1,7,5,0.3700090141005197
675859,1,7,8,24.510562345970424
675863,1,7,9,21.9329016789825
675877,1,7,7,2.7852270841723223
675878,0,7,0,0.12837570305625273
675886,1,7,4,0.3700090657260609
675897,1,7,6,22.4800673417068
675940,1,7,9,20.4835214495148
675948,1,7,5,0.3700090141005197
676002,1,7,7,4.514401056552297
676021,1,7,10,25.4085360466156
676025,1,7,1,21.77803548984234
676028,1,7,10,23.418954282312153
676036,0,7,0,0.031686537569413795
676039,1,7,8,26.803479578120378
676045,1,7,10,20.90226060505077
676053,1,7,7,5.685289661521724
676066,1,7,6,16.643311478954892
676072,1,7,8,22.507909298855473
676079,1,7,8,34.823293035008106
676091,1,7,5,0.3700090141005197
676096,1,7,2,12.75052551262491
676116,1,7,1,21.866755591508365
676117,1,7,7,2.1194943919116946
676126,1,7,9,22.60093208787775
676133,1,7,9,17.261183693785764
676145,1,7,8,10.133752980444058
676166,1,7,6,20.62555901338016
676171,1,7,5,0.3700090141005197
676175,1,7,7,1.1224824989473536
676191,1,7,8,21.421343467507402
676193,1,7,10,17.162221834558522
676194,1,7,8,23.34064681941461
676197,1,7,8,34.11226061632174
676204,1,7,10,23.670909030809458
676211,1,7,10,19.37010230000637
676227,1,7,5,0.3700090141005197
676231,1,7,6,11.85169870666333
676244,1,7,8,16.596461192395548
676250,1,7,5,0.3700090141005197
676256,1,7,9,27.288101074886015
676282,1,7,6,13.236523055869354
676286,1,7,9,33.61329582616599
676287,1,7,6,9.148789145685983
676314,1,7,6,27.382927337470917
676337,1,7,4,0.3700090657260609
676341,1,7,9,29.0624628102343
676343,1,7,8,36.121543538330684
676346,1,7,1,22.166286730985366
676354,1,7,5,0.3700090141005197
676376,1,7,5,0.3700090141005197
676387,1,7,9,22.065427204244408
676388,1,7,9,9.363716583842002
676390,1,7,3,3.2042313692564783
676400,1,7,6,23.24499806545267
676407,1,7,7,0.3890271207270925
676417,1,7,1,4.719071655266959
676422,1,7,6,5.562894879305465
676425,1,7,10,25.22661025267285
676430,1,7,10,4.609284024411272
676440,1,7,4,0.3700090657260609
676451,1,7,2,10.956486476854923
676459,1,7,8,24.01802461193508
676460,1,7,8,35.53538239225519
676464,0,7,0,0.03246807407825568
676465,1,7,9,29.346060733732568
676471,0,7,0,0.034134950877541474
676477,1,7,1,26.488310428838542
676498,1,7,1,4.757361792950794
676505,1,7,10,16.57213871573939
676506,1,7,10,21.68428143674295
676518,1,7,8,30.734278572846204
676534,1,7,9,23.814169020863435
676564,1,7,4,0.3700090657260609
676582,0,7,0,0.036963514655982514
676591,1,7,8,15.169309839599228
676592,1,7,9,21.95617034628123
676604,1,7,3,2.9529139035862393
676611,1,7,6,29.721242557713495
676617,1,7,6,13.968012365983277
676623,1,7,6,26.270119991934244
676645,1,7,6,22.119394637540555
676651,1,7,10,6.270571811414089
676658,1,7,4,0.3700090657260609
676668,1,7,9,27.99191743027369
676671,1,7,4,0.3700090657260609
676672,0,7,0,0.04565405898002835
676677,1,7,6,29.491290772450537
676678,1,7,10,14.03292642282163
676686,1,7,4,0.3700090657260609
676691,1,7,6,8.614806940856083
676703,1,7,6,29.626371221317324
676716,1,7,5,0.3700090141005197
676720,1,7,10,21.48164130617835
676722,1,7,8,29.212277675795708
676727,1,7,4,0.3700090656202526
676733,1,7,3,3.0171587577343697
676736,1,7,5,0.3700090141005197
676740,1,7,1,6.733976480983209
676766,1,7,7,3.3898074435851746
676773,1,7,4,0.3700090657260609
676776,1,7,6,14.404662176361098
676798,1,7,5,0.3700090141005197
676800,1,7,5,0.3700090141005197
676804,1,7,10,12.28188860051075
676807,1,7,7,5.440134530390134
676808,1,7,6,6.523680409248181
676815,1,7,6,21.93538115244573
676821,1,7,9,32.23454061364885
676834,1,7,5,0.3700090141005197
676843,1,7,5,0.3700090141005197
676850,1,7,1,23.93996645880529
676886,1,7,1,12.244404415817657
676894,1,7,4,0.3700090657260609
676925,1,7,6,12.54473362614612
676927,1,7,10,18.508321085459926
676929,1,7,10,10.498610727018399
676931,1,7,8,20.491498892880948
676941,1,7,6,10.858028362615352
676943,1,7,1,23.569307055064655
676957,1,7,8,9.176765873971537
676990,1,7,9,24.00283682699072
676992,1,7,9,29.942927245030646
677018,1,7,9,29.110809721390325
677023,1,7,4,0.3700090657260609
677029,1,7,4,0.3700090657260609
677045,1,7,4,0.3700090656202526
677053,1,7,9,23.832150935411757
677069,1,7,2,9.772121363164668
677076,1,7,5,0.3700090141005197
677080,1,7,10,14.599801274901443
677084,1,7,8,30.81170631714401
677106,1,7,1,22.102433894503083
677110,1,7,9,23.969203567113585
677121,1,7,5,0.3700090141005197
677122,1,7,7,1.2964875811612808
677123,1,7,3,2.9695734954403576
677135,0,7,0,0.03678813245220715
677146,1,7,6,26.294563077405677
677147,0,7,0,0.02603220669363783
677159,1,7,9,16.024887402597848
677160,1,7,9,24.37388553421325
677180,1,7,8,8.112136969119259
677194,1,7,5,0.3700090141005197
677202,1,7,9,32.672685105114525
677208,1,7,8,27.915031631689658
677225,1,7,2,5.370072218999881
677231,1,7,4,0.3700090657260609
677239,1,7,3,1.0689927943674509
677244,1,7,9,27.569080024336756
677252,1,7,8,35.63118644386249
677294,1,7,5,0.3700090141005197
677297,1,7,10,7.035017876615443
677298,1,7,6,26.077761372575797
677309,1,7,1,23.877526801871415
677324,1,7,2,4.248701421811432
677331,1,7,8,24.22847286670339
677353,1,7,5,0.3700090141005197
677358,1,7,10,24.405576787455434
677364,1,7,3,3.2497182318373388
677365,1,7,10,19.235960097929286
677369,1,7,9,31.080657444055745
677386,1,7,5,0.3700090141005197
677408,1,7,4,0.3700090657260609
677439,1,7,6,16.41273972359565
677449,1,7,8,7.146991630897214
677455,1,7,1,25.705668216838177
677461,1,7,8,22.498562821934375
677484,1,7,3,3.1567651303796955
677487,1,7,10,18.51443863012338
677491,1,7,9,15.790010470498343
677493,1,7,9,18.598713846145642
677495,1,7,5,0.3700090141005197
677520,1,7,8,34.154700378564314
677521,0,7,0,0.03561853064184921
677530,1,7,7,5.769627753495745
677548,1,7,9,29.2223386222005
677551,1,7,6,12.716355721628684
677553,1,7,4,0.3700090657260609
677586,1,7,6,18.614295744751566
677595,1,7,9,32.98578488738371
677600,1,7,8,14.307636784068475
677611,1,7,4,0.3700090657260609
677619,1,7,6,30.172811615573345
677628,1,7,6,19.550716430111255
677642,1,7,1,21.53510923452404
677648,0,7,0,0.039061086574517984
677672,1,7,2,8.43597522852041
677685,1,7,5,0.3700090141005197
677691,1,7,7,5.050842177223305
677696,1,7,8,31.837730259470227
677698,1,7,5,0.37000902039789374
677702,1,7,8,15.770164773854471
677726,1,7,9,26.071838607508994
677743,1,7,6,16.251597837620775
677747,1,7,9,16.136039681459827
677758,1,7,10,25.41593277320035
677762,1,7,10,23.5349375015887
677775,1,7,5,0.3700090141005197
677788,1,7,4,0.3700090657260609
677789,1,7,5,0.3700090141005197
677794,1,7,5,0.3700090141005197
677817,1,7,5,0.3700090141005197
677820,1,7,4,0.3700090657260609
677823,1,7,9,21.450729760871685
677832,1,7,4,0.3700090657260609
677854,1,7,5,0.3700090141005197
677862,1,7,3,3.2115233276424036
677866,1,7,6,30.321347288645402
677875,1,7,6,24.097895148397964
677882,1,7,6,29.325335987022058
677885,1,7,6,15.819764932945395
677894,1,7,6,13.55852607818743
677897,1,7,8,35.51868632508438
677905,1,7,3,1.7262622626453998
677909,1,7,10,15.902163801313886
677956,1,7,8,21.873962677343012
677971,1,7,9,32.8513058818599
677979,1,7,2,6.429937783522174
678007,1,7,4,0.3700090657260609
678008,1,7,6,29.206270767403648
678018,1,7,2,11.807938228649347
678039,1,7,7,4.545475660125992
678085,1,7,8,8.496475135522378
678089,1,7,10,23.877448381734418
678099,0,7,0,0.022310643331462883
678100,1,7,8,6.462632987866122
678102,1,7,8,28.476648085247152
678104,1,7,9,27.285619968445552
678106,1,7,9,22.276932469406713
678109,1,7,4,0.3700090657260609
678124,1,7,6,16.27829746486004
678127,1,7,2,10.540149730680172
678138,1,7,8,22.992243810626324
678143,1,7,2,10.407639428996701
678148,1,7,9,16.106631503472112
678150,1,7,6,20.774235534861617
678158,1,7,9,16.81862557931258
678160,1,7,8,24.49038952926399
678177,1,7,6,26.953572969008498
678214,1,7,6,22.20535055555332
678218,1,7,2,14.207366165005693
678220,1,7,9,33.78853316627479
678222,1,7,9,27.11546975595754
678227,1,7,7,0.8633265743615341
678238,1,7,8,13.369697171235861
678240,1,7,9,12.712123745284492
678259,1,7,4,0.3700090657260609
678260,1,7,9,21.94803553920253
678262,1,7,5,0.3700090141005197
678266,1,7,1,16.215425731026063
678268,1,7,1,16.868466021091653
678269,1,7,10,12.13701432540142
678273,1,7,3,2.718550533925205
678274,1,7,9,16.094498070160917
678281,1,7,6,26.811710422588817
678326,1,7,9,16.329969620743576
678328,1,7,8,20.81140566064489
678329,0,7,0,0.08181392933104893
678340,1,7,6,17.18915296078926
678344,1,7,7,6.143923882652794
678364,1,7,10,11.080057054060665
678366,1,7,6,20.964364257597058
678383,1,7,9,27.1678617799205
678387,1,7,9,25.18099744841532
678416,1,7,1,21.268862616298033
678417,1,7,10,9.052865155627561
678425,1,7,8,32.8450351062962
678437,1,7,9,18.1409960440077
678438,1,7,4,0.3700090657260609
678446,1,7,2,14.79046598733436
678448,0,7,0,0.08277270238306439
678482,1,7,9,28.29198004825586
678498,1,7,8,12.314348861369437
678522,1,7,6,13.588238853198376
678529,1,7,2,7.501649957149289
678541,1,7,4,0.3700090657260609
678547,1,7,9,32.80108159174106
678553,1,7,6,20.948394973035757
678577,1,7,5,0.3700090141005197
678581,1,7,9,10.07386454121688
678585,1,7,2,2.911845905456266
678591,1,7,1,9.213547726852603
678595,1,7,6,22.082849484463846
678636,1,7,6,25.522468332658523
678656,1,7,1,10.700282471142867
678660,1,7,5,0.37000902039789374
678675,1,7,8,23.075479693972813
678685,1,7,8,34.527579602448284
678694,1,7,10,20.98124273440531
678697,1,7,9,5.639660409809878
678698,1,7,8,29.21069159628919
678707,1,7,6,24.583426940760344
678709,1,7,8,10.145541394984749
678711,0,7,0,0.06225567148030852
678716,0,7,0,0.030865871559138083
678724,0,7,0,0.0367304289119063
678740,1,7,8,24.44207941700271
678747,1,7,7,6.484367155648183
678760,1,7,6,22.862900585878858
678761,0,7,0,0.04693400060478218
678763,1,7,10,24.003161640983073
678779,1,7,6,29.995010210944717
678795,1,7,3,3.184082389662803
678799,1,7,9,30.001423763146562
678801,1,7,9,31.85853810759047
678802,1,7,9,24.83507258345886
678807,0,7,0,0.03003295829741985
678818,1,7,9,31.25053652681609
678823,1,7,9,20.336924572624618
678829,1,7,9,6.395764631617448
678835,1,7,6,20.374517590461465
678837,1,7,4,0.3700090657260609
678855,1,7,5,0.3700090141005197
678869,1,7,8,15.995290870667583
678875,1,7,2,5.624444644222156
678876,1,7,5,0.3700090141005197
678903,1,7,7,1.7688152923266063
678923,1,7,6,22.239182455883142
678935,1,7,9,10.882131448678969
678936,1,7,9,16.33137656094833
678949,1,7,9,6.053305242696003
678954,0,7,0,0.030238926850459563
678972,1,7,4,0.3700090657260609
678987,1,7,10,18.63259656973319
678991,1,7,9,12.891886432061035
678995,1,7,8,22.52845982829294
679021,0,7,0,0.03633476041173414
679028,1,7,8,34.43540843684593
679037,1,7,4,0.3700090657260609
679046,1,7,7,6.5365296328506375
679051,1,7,8,15.142466654320938
679073,1,7,6,11.055239974256919
679086,1,7,1,20.16761957736381
679090,1,7,8,6.504942672762914
679094,1,7,8,31.78368835752422
679102,1,7,6,18.102833637242647
679109,1,7,5,0.3700090141005197
679118,1,7,5,0.3700090141005197
679158,1,7,6,26.58559416104645
679169,1,7,6,12.973997058821167
679175,1,7,9,23.590383886652116
679186,1,7,4,0.3700090657260609
679194,1,7,5,0.3700090141005197
679198,1,7,9,23.74493279264139
679209,1,7,8,21.09269484940448
679214,1,7,6,30.22766716781936
679215,1,7,6,9.517885921722232
679222,1,7,2,9.261012694536648
679231,1,7,9,33.567465365939285
679236,1,7,5,0.37000902039789374
679240,1,7,4,0.3700090656202526
679270,1,7,9,9.519777587943745
679281,1,7,8,29.747533030374225
679284,1,7,3,3.0782809307661734
679288,1,7,4,0.3700090657260609
679302,1,7,9,25.58216519109753
679312,1,7,6,26.142298182148807
679322,1,7,10,13.300454732798391
679331,1,7,10,16.682566743679917
679333,0,7,0,0.0466638161894579
679342,1,7,9,14.401512045782022
679346,1,7,5,0.3700090141005197
679349,1,7,8,13.451884011227959
679355,1,7,6,4.631980734203241
679361,1,7,10,4.338925482786125
679374,1,7,10,7.15962577949862
679384,1,7,9,19.511971185317062
679391,1,7,2,5.727472342574159
679408,1,7,9,16.853490465549527
679410,1,7,9,32.762621059321006
679423,1,7,9,21.310673525217304
679424,1,7,1,25.498846330814203
679427,1,7,10,8.796286726996248
679439,1,7,6,23.33500591574981
679443,1,7,6,21.991758213135125
679470,1,7,6,7.561154901904969
679471,1,7,9,31.78333155157003
679481,1,7,9,31.5513421010077
679516,1,7,3,3.113373231219485
679517,0,7,0,0.02143299395886551
679535,1,7,3,1.4887559359080136
679541,1,7,1,12.859433321035224
679543,1,7,6,18.291830728600136
679554,1,7,6,26.109443581305754
679573,1,7,9,9.092032639180632
679585,1,7,6,20.622489026873225
679586,1,7,8,25.688105171594966
679587,1,7,8,19.863923823912454
679641,1,7,10,26.044890434556795
679644,1,7,9,2.902479006992321
679671,1,7,9,17.61231940888378
679673,1,7,2,11.359287515142821
679677,1,7,5,0.3700090141005197
679684,1,7,9,18.83689133788675
679697,1,7,4,0.3700090657260609
679700,1,7,5,0.3700090141005197
679704,1,7,8,29.963541849552733
679715,1,7,4,0.3700090657260609
679720,1,7,2,7.7886011828455475
679726,1,7,6,28.56733400885748
679743,1,7,6,20.48248535348845
679764,1,7,5,0.3700090141005197
679769,1,7,1,24.179835900734485
679788,1,7,3,2.2141356103964416
679803,1,7,8,15.1802720836228
679808,1,7,10,15.147176347611053
679818,1,7,1,13.237641284979587
679819,1,7,9,16.861455650668717
679831,1,7,9,21.673044980565532
679835,1,7,4,0.3700090657260609
679838,1,7,5,0.3700090141005197
679841,1,7,6,20.86274665090002
679842,1,7,6,8.065235983511307
679864,1,7,9,16.188430783334695
679870,1,7,8,25.96452236915707
679881,1,7,9,9.885385385403737
679882,1,7,4,0.3700090657260609
679894,1,7,5,0.3700090141005197
679902,1,7,10,4.703068340516344
679907,1,7,8,18.78129871816379
679928,1,7,9,23.897013118861025
679947,1,7,6,30.638551050386045
679951,1,7,5,0.3700090141005197
679955,1,7,7,5.054988007784333
679965,1,7,1,4.445677427530486
679980,1,7,4,0.3700090657260609
679995,1,7,1,19.02959933353506
680008,0,7,0,0.07922230993004077
680021,1,7,1,11.67140781002597
680034,1,7,8,33.19880773059415
680053,1,7,7,5.644807967680407
680076,1,7,9,10.122305261744984
680081,1,7,10,20.828902043972846
680110,1,7,5,0.3700090141005197
680112,1,7,3,3.064613837557907
680117,1,7,9,23.990172703112105
680127,1,7,9,29.728111895858916
680144,1,7,6,26.79090873573492
680149,1,7,9,16.04156338125951
680166,1,7,6,14.297844648443874
680167,1,7,9,32.05974602018458
680169,1,7,6,26.73856242003589
680178,1,7,8,17.498530326136052
680188,1,7,6,13.678286492936818
680205,1,7,4,0.3700090657260609
680228,0,7,0,0.03599671348910948
680245,1,7,8,15.20530013660017
680246,1,7,9,30.623836214180294
680252,1,7,9,17.74359821496164
680254,1,7,7,0.33856799636003615
680260,1,7,9,22.017339130691813
680262,1,7,4,0.3700090657260609
680268,1,7,6,16.394984927961072
680270,1,7,10,18.478959123113675
680273,1,7,9,25.17310513485966
680288,1,7,6,25.525643473152837
680289,1,7,5,0.3700090141005197
680290,1,7,9,25.244517596506423
680292,1,7,9,14.167137649404205
680318,1,7,10,14.689730251079757
680372,1,7,6,23.901306416879013
680387,0,7,0,0.36277440282605095
680392,1,7,8,15.994868058613756
680413,1,7,8,25.92498613848426
680427,0,7,0,0.037132704313429576
680428,1,7,7,3.094581725412407
680432,1,7,6,19.549328742073254
680437,1,7,5,0.3700090141005197
680442,0,7,0,0.03853545283059546
680450,1,7,8,16.350360047776185
680452,1,7,6,22.33012081954484
680466,1,7,4,0.3700090657260609
680484,1,7,5,0.3700090141005197
680499,1,7,6,9.635930775637112
680512,1,7,9,25.549469744465377
680530,1,7,10,15.980243416180501
680539,1,7,10,17.595383259494746
680549,1,7,9,30.73494029127693
680551,1,7,5,0.37000902039789374
680560,1,7,2,2.791979431839284
680581,1,7,9,29.385609809106008
680588,1,7,4,0.3700090657260609
680591,1,7,4,0.3700090657260609
680594,1,7,6,29.745568716043834
680616,1,7,1,21.701846895717903
680617,1,7,1,6.128932065532309
680625,1,7,9,5.9295009849719715
680627,1,7,5,0.3700090141005197
680645,1,7,1,15.960467625519454
680650,1,7,8,33.79581055404001
680652,1,7,6,29.646490270695722
680681,0,7,0,0.1741881602914194
680689,1,7,5,0.3700090141005197
680696,1,7,9,23.254157323987737
680705,0,7,0,0.03207900886172108
680708,0,7,0,0.04090253374165167
680712,1,7,8,20.973988871577163
680734,1,7,6,10.579482543417274
680736,1,7,6,9.645723343428966
680763,1,7,1,11.474078671023264
680777,1,7,5,0.3700090141005197
680778,1,7,4,0.3700090657260609
680782,1,7,9,33.05285836662047
680793,0,7,0,0.09392616363666445
680797,1,7,9,24.017244443890355
680799,1,7,4,0.3700090657260609
680807,1,7,4,0.3700090657260609
680817,1,7,6,22.073550171585484
680818,1,7,5,0.3700090141005197
680825,1,7,7,0.5461851546022198
680840,0,7,0,0.035808803789453086
680853,1,7,9,27.805491818903395
680860,1,7,7,6.477485538029348
680870,1,7,9,9.572007770676361
680892,1,7,9,21.514042356582436
680919,0,7,0,0.03727583363521717
680927,1,7,8,3.209754829392243
680931,1,7,9,21.305944475960096
680935,1,7,6,26.59474556527322
680938,1,7,5,0.3700090141005197
680956,0,7,0,0.033419660816795344
680969,1,7,4,0.3700090657260609
680971,1,7,6,26.645605720021955
680972,1,7,4,0.3700090657260609
680994,1,7,5,0.3700090141005197
680998,1,7,4,0.3700090657260609
681012,1,7,3,2.447567383029292
681038,1,7,8,13.524557424609663
681042,1,7,4,0.3700090657260609
681085,1,7,1,28.10390625059496
681087,1,7,9,15.149662227817235
681111,1,7,7,4.565537165953552
681127,1,7,9,31.73254492354457
681132,1,7,9,32.90024189289097
681135,1,7,8,22.79728624397521
681137,1,7,8,11.774190428245197
681142,1,7,10,15.392434801221526
681145,1,7,8,13.602212889387841
681146,1,7,5,0.3700090141005197
681154,1,7,7,6.446741911390185
681163,1,7,10,10.490739248246445
681164,1,7,1,5.262086764556087
681173,1,7,8,22.62346717077222
681176,1,7,2,11.702791422794986
681179,1,7,9,33.457069988363344
681194,1,7,8,2.6627035617862918
681199,1,7,8,29.75098150081843
681212,1,7,1,22.778416457714265
681226,1,7,6,15.883194856333562
681234,1,7,6,26.71999502388888
681253,1,7,4,0.3700090657260609
681261,1,7,6,28.670898156602824
681265,1,7,8,15.989058744667703
681272,1,7,4,0.3700090657260609
681287,1,7,6,18.43135599303717
681293,1,7,1,8.05851604947908
681307,1,7,5,0.3700090141005197
681318,1,7,4,0.3700090657260609
681333,1,7,8,34.37046539536172
681334,1,7,9,7.324688806485133
681347,1,7,7,2.8758912410188016
681348,1,7,8,5.113897568779135
681351,1,7,4,0.3700090657260609
681374,1,7,9,26.20647288727441
681375,1,7,8,31.116773556726663
681396,1,7,1,13.763218196331094
681402,1,7,6,20.87835873308527
681406,1,7,8,22.452999026097697
681420,1,7,1,21.521494297679034
681440,1,7,9,20.20953369142205
681448,1,7,8,33.45683137233814
681467,1,7,6,8.511698675018817
681481,1,7,6,21.739996408548677
681486,1,7,9,13.562881431670416
681508,1,7,3,1.9375427850114078
681521,1,7,10,7.291694206851376
681545,1,7,6,21.572583424107677
681552,1,7,8,33.474591047271566
681566,1,7,9,16.96004201242785
681573,1,7,9,24.35806711843991
681574,1,7,9,14.963214804665157
681586,1,7,8,6.429395705847509
681595,1,7,9,28.845902988539578
681612,1,7,8,35.98510874150869
681626,1,7,1,27.433827835181173
681627,1,7,7,3.293092250275574
681631,1,7,3,1.3484047819449374
681632,1,7,9,17.90601123132217
681642,1,7,8,22.895328817532
681649,1,7,9,33.51603882475828
681651,1,7,4,0.3700090657260609
681662,1,7,7,1.6027391728726406
681666,1,7,9,9.521118567720924
681667,1,7,9,14.000268555960853
681669,1,7,8,32.567715715011474
681670,1,7,10,5.241800207718065
681680,1,7,5,0.3700090141005197
681703,1,7,8,13.75782796774574
681714,1,7,8,26.15517584364897
681726,0,7,0,0.030076703288806298
681733,1,7,9,2.9969465406257623
681739,1,7,6,6.819086272960715
681750,1,7,8,4.106984500485261
681751,1,7,2,1.236073708047263
681760,1,7,7,0.34254714876282555
681765,1,7,10,15.165904650155477
681775,1,7,9,30.66819241234769
681780,1,7,10,4.330622870880765
681795,1,7,9,4.17654519697578
681797,1,7,6,24.999628639225683
681806,1,7,4,0.3700090657260609
681817,1,7,9,18.566387973612226
681830,1,7,8,25.59140258424958
681841,1,7,8,25.49923615753059
681847,1,7,5,0.3700090141005197
681862,1,7,10,14.694109056649879
681885,1,7,8,21.655634982419542
681889,1,7,4,0.3700090657260609
681893,0,7,0,0.03437402706779664
681898,1,7,7,4.590819578013781
681902,1,7,7,5.293736913280019
681912,1,7,7,0.5641241661437639
681916,1,7,9,25.500810556173423
681930,1,7,5,0.3700090141005197
681957,1,7,8,25.898828644252404
681970,1,7,8,30.191906120175165
681994,1,7,6,17.82973371674747
682022,1,7,9,13.742469761950366
682043,1,7,8,33.56284846059834
682050,1,7,5,0.3700090141005197
682064,1,7,2,6.200450935798137
682069,0,7,0,0.03341195522029663
682084,1,7,2,8.359882145237043
682095,1,7,5,0.3700090141005197
682100,0,7,0,0.029482302594651677
682103,0,7,0,0.1367661649204987
682136,1,7,10,23.776163221630643
682137,1,7,7,2.059933444612985
682156,1,7,8,22.49536826283689
682161,0,7,0,0.03619483049990126
682165,1,7,1,18.04066454144505
682167,1,7,8,27.143182415409346
682169,1,7,8,15.612955928275214
682178,1,7,6,22.317754461943423
682183,1,7,3,3.2101943971401914
682226,1,7,9,11.62426971660345
682232,1,7,4,0.3700090657260609
682248,1,7,9,19.51878511435387
682250,1,7,8,2.4988685455157835
682255,1,7,8,19.228251441952885
682273,1,7,1,4.954056170919791
682276,1,7,1,9.867843314385329
682281,1,7,10,10.388849441097522
682283,1,7,3,1.962823712719655
682293,1,7,6,17.99561991933881
682295,1,7,6,27.670254976510943
682306,0,7,0,0.0698676971319413
682308,1,7,1,25.457320658615643
682313,1,7,8,24.3655445445064
682317,1,7,10,24.06508441974494
682327,0,7,0,0.046931022361962324
682334,1,7,2,7.613730914406745
682337,1,7,1,23.963290937096723
682341,1,7,8,18.13376984408854
682353,1,7,4,0.3700090657260609
682364,1,7,6,16.059133588174284
682368,1,7,6,30.126649536121075
682374,1,7,9,23.42925430428332
682380,1,7,5,0.3700090141005197
682387,1,7,8,27.784731430503903
682394,1,7,4,0.3700090656202526
682423,1,7,5,0.3700090141005197
682444,1,7,6,14.578473807219067
682446,1,7,6,21.686343471119827
682449,1,7,9,32.682145517034485
682451,1,7,10,17.47012479976907
682472,0,7,0,0.06744027766853983
682480,1,7,5,0.3700090141005197
682481,1,7,9,32.169849324487906
682505,1,7,6,30.044657076972396
682518,0,7,0,0.022055774934446156
682519,1,7,5,0.3700090141005197
682535,1,7,5,0.3700090141005197
682559,1,7,9,32.15738020241636
682564,1,7,1,6.366308258444863
682570,1,7,4,0.3700090657260609
682574,1,7,5,0.3700090141005197
682580,1,7,1,15.451325140532836
682588,1,7,4,0.3700090657260609
682605,1,7,8,18.702954710226102
682610,1,7,9,25.56583770174049
682615,1,7,8,20.033705705865422
682623,1,7,4,0.3700090657260609
682626,1,7,5,0.3700090141005197
682629,1,7,6,22.198924393204194
682634,1,7,4,0.3700090657260609
682640,1,7,10,9.924461681999906
682642,0,7,0,0.03256378221765048
682653,1,7,1,25.663731665168182
682657,1,7,10,8.485876367010052
682660,1,7,5,0.3700090141005197
682664,1,7,5,0.37000902039789374
682677,1,7,10,6.786452396029154
682683,1,7,7,3.831330231065168
682684,1,7,6,6.621822314611649
682694,1,7,8,14.549146318777236
682695,1,7,2,11.787390991550076
682698,1,7,6,24.09234305854667
682714,1,7,2,16.116173743055974
682715,1,7,4,0.3700090657260609
682720,1,7,1,7.115020275142783
682736,1,7,7,3.948644207379704
682744,1,7,1,21.611224295212082
682746,1,7,7,0.9212662558520818
682751,1,7,9,21.367832301229328
682768,1,7,9,26.693554057149974
682771,1,7,2,6.986267841449768
682785,1,7,9,30.46362217488505
682814,1,7,8,19.894661894897983
682822,1,7,7,4.488837130621094
682829,1,7,9,15.485074026841875
682839,1,7,10,5.808672983347945
682840,1,7,8,14.870459757905483
682862,1,7,1,13.839776279345962
682872,0,7,0,0.032949679773322346
682885,1,7,2,11.31597424396628
682897,1,7,9,32.82442133562213
682899,1,7,4,0.3700090657260609
682907,1,7,8,4.3865001737073275
682914,1,7,5,0.3700090141005197
682917,1,7,8,34.86034650916122
682921,1,7,10,26.00761593788462
682935,1,7,8,20.015405620438255
682956,1,7,3,2.6750295844787413
682964,1,7,10,18.50640974030453
682971,1,7,6,27.253934878907543
682983,1,7,3,2.7278902512359884
683005,1,7,6,13.981238014020805
683012,1,7,9,33.690878554943055
683014,1,7,8,33.88372028698295
683054,1,7,9,20.27925325721448
683058,1,7,6,27.103879399942958
683068,1,7,9,29.663000044057437
683071,1,7,8,19.789805308548235
683075,1,7,10,23.52256350833501
683091,1,7,4,0.3700090657260609
683113,1,7,7,1.823513448468478
683119,1,7,8,5.707793133122474
683128,1,7,9,30.82097142201361
683131,1,7,4,0.3700090657260609
683139,1,7,6,6.681689269785371
683145,0,7,0,0.031565087544202314
683147,1,7,9,17.74165190909912
683160,0,7,0,0.033417824877924183
683170,1,7,5,0.3700090141005197
683177,1,7,1,22.057814487222853
683181,1,7,7,1.4374580199303937
683183,1,7,8,30.9541194494382
683184,1,7,5,0.3700090141005197
683188,1,7,9,21.557051718000878
683213,1,7,4,0.3700090657260609
683220,1,7,4,0.3700090657260609
683222,1,7,1,23.59754341169596
683227,1,7,6,13.847058763596221
683236,0,7,0,0.03937160686209715
683237,1,7,6,20.466372196694216
683239,1,7,1,24.80139606382274
683241,1,7,2,7.56174830978279
683242,1,7,1,8.237383720931597
683272,1,7,5,0.3700090141005197
683285,1,7,4,0.3700090657260609
683293,1,7,9,24.963511642288072
683305,1,7,4,0.3700090657260609
683325,1,7,4,0.3700090657260609
683339,1,7,8,9.721377732066493
683344,1,7,9,31.770946835294293
683345,1,7,1,8.711544364230011
683352,1,7,4,0.3700090657260609
683353,1,7,5,0.3700090141005197
683356,1,7,1,17.56960901157002
683380,1,7,9,24.44395869067557
683396,1,7,8,34.176468744684584
683397,1,7,5,0.3700090141005197
683408,1,7,8,32.010661861976196
683410,1,7,6,19.302426900622375
683417,1,7,7,5.690366042817463
683435,1,7,10,10.899404987657087
683440,1,7,5,0.3700090141005197
683457,1,7,9,31.836627353192103
683458,1,7,9,26.223793486296177
683465,1,7,9,15.233584392168819
683477,1,7,8,17.61280334308413
683489,1,7,4,0.3700090657260609
683491,1,7,4,0.3700090657260609
683494,1,7,6,27.713526646938796
683497,1,7,4,0.3700090657260609
683501,1,7,9,31.48159976322322
683508,1,7,5,0.37000902039789374
683515,1,7,10,10.41088242458931
683516,1,7,7,5.493999110615908
683518,1,7,10,26.006451892306295
683532,1,7,7,2.947574175954016
683536,0,7,0,0.03477706464184934
683554,1,7,8,15.203102004492859
683560,1,7,9,16.694311797673
683561,1,7,6,19.41496465545666
683562,1,7,7,2.0159515667991084
683565,1,7,10,13.515003391749786
683567,1,7,9,29.38201387344884
683579,1,7,1,14.279720832193709
683585,1,7,9,30.275366071778524
683599,1,7,6,8.958120032244517
683602,1,7,10,5.761757817744071
683618,1,7,8,29.527896963928917
683628,1,7,9,23.4177545562008
683648,1,7,1,15.302272569095164
683669,1,7,8,18.729143105220604
683670,1,7,2,7.530655397404288
683689,1,7,6,19.95076849649353
683700,1,7,9,17.977857330265156
683714,1,7,4,0.3700090657260609
683716,1,7,7,6.467621606508129
683724,1,7,10,15.21305086848379
683746,1,7,5,0.3700090141005197
683753,1,7,5,0.3700090141005197
683784,1,7,9,27.455879324807995
683792,1,7,9,30.717593658239387
683827,0,7,0,0.046673098014351946
683831,1,7,9,33.37091421349582
683858,1,7,4,0.3700090656202526
683864,1,7,10,25.586080474303678
683878,1,7,6,12.393627427281615
683891,1,7,4,0.3700090657260609
683926,1,7,6,24.3615755667883
683963,1,7,4,0.3700090657260609
683972,1,7,1,18.82066191411008
684006,1,7,8,35.28453982473119
684011,1,7,9,33.64526996173499
684012,1,7,3,3.2223215144437303
684014,1,7,9,32.381735106038434
684018,1,7,10,7.301056017821882
684030,1,7,4,0.3700090657260609
684033,1,7,5,0.3700090141005197
684060,1,7,4,0.3700090657260609
684064,1,7,7,4.443709418830419
684075,1,7,5,0.3700090141005197
684083,1,7,8,20.986352501585184
684087,1,7,5,0.3700090141005197
684110,1,7,9,31.1046093908987
684114,1,7,3,2.1272156141582497
684118,1,7,7,2.159392102340715
684119,1,7,9,29.199090974371753
684120,1,7,4,0.3700090657260609
684139,1,7,6,19.939505634097163
684146,1,7,7,2.6706181579367554
684153,1,7,5,0.3700090141005197
684155,1,7,5,0.3700090141005197
684161,1,7,7,5.922297379073563
684196,1,7,7,5.804350121108139
684198,1,7,10,23.366377918774514
684205,1,7,9,18.87126182557484
684210,1,7,10,17.575691464163473
684224,1,7,4,0.3700090656202526
684233,1,7,10,18.1711340228433
684236,1,7,5,0.3700090141005197
684246,1,7,6,8.148092946942805
684260,1,7,4,0.3700090657260609
684263,1,7,4,0.3700090657260609
684278,1,7,5,0.3700090141005197
684284,1,7,6,27.09554312862301
684291,1,7,9,8.30121913707277
684292,1,7,10,12.972407202791281
684295,1,7,10,15.430405408135858
684299,1,7,9,33.549858892925464
684312,1,7,2,15.608674664917691
684322,1,7,9,33.14573877328317
684324,1,7,9,29.600305254606027
684341,1,7,4,0.3700090657260609
684342,1,7,8,26.325001894435932
684353,1,7,5,0.3700090141005197
684381,1,7,1,27.434679176782726
684403,1,7,9,33.3742530437929
684409,1,7,9,23.40755020605273
684411,1,7,5,0.3700090141005197
684416,1,7,1,26.630521967142794
684430,1,7,5,0.3700090141005197
684439,1,7,9,31.617512450781287
684444,1,7,9,10.502805016687097
684447,1,7,5,0.3700090141005197
684458,1,7,8,29.687961664672265
684467,1,7,10,10.613402886019857
684471,0,7,0,0.04529000041078539
684473,1,7,8,31.06385367220479
684492,1,7,6,21.09229520201602
684496,1,7,9,23.47209754593441
684502,1,7,8,6.9694842513056505
684508,1,7,8,19.07170312469576
684517,1,7,1,16.137970367173295
684523,1,7,10,26.02622288147705
684529,1,7,6,23.646756991739746
684533,1,7,6,29.374723820298872
684549,0,7,0,0.04702610852553983
684567,1,7,9,16.96307314919931
684583,1,7,8,11.069341213181211
684590,1,7,2,6.335665938601704
684600,1,7,5,0.3700090141005197
684602,1,7,9,33.05507455287757
684615,1,7,9,32.90413927410247
684619,1,7,4,0.3700090657260609
684632,1,7,9,18.339605693030016
684640,1,7,6,24.717004063375636
684653,1,7,6,29.726695719549888
684658,0,7,0,0.03615646513505594
684668,1,7,4,0.3700090657260609
684678,1,7,3,1.0611636139548422
684683,1,7,9,26.95373942733894
684685,1,7,4,0.3700090657260609
684690,1,7,4,0.3700090657260609
684721,1,7,4,0.3700090657260609
684731,1,7,6,16.17014417485125
684733,1,7,1,6.250214914760975
684739,1,7,8,26.540774351515147
684741,1,7,9,31.35865557519413
684746,1,7,2,15.72635068488229
684759,1,7,4,0.3700090657260609
684775,1,7,8,10.554487223097947
684776,1,7,8,35.403934250508705
684779,1,7,8,21.260528547267686
684781,1,7,9,4.458286237339729
684791,1,7,8,19.578582861565913
684794,1,7,10,7.737827767719169
684818,1,7,1,4.98268675036602
684828,1,7,10,18.51186280883287
684845,1,7,10,11.351128166797606
684847,0,7,0,0.14304820337632373
684851,1,7,10,16.41456118890928
684876,1,7,10,4.140119612838452
684897,1,7,3,2.794363070300767
684900,1,7,8,20.671504752681116
684912,1,7,10,9.544595683721754
684921,1,7,6,6.847411513279771
684923,1,7,9,31.572613290516767
684929,1,7,9,10.467096508692242
684946,1,7,4,0.3700090657260609
684952,1,7,9,7.803039286922778
684961,1,7,5,0.3700090141005197
684966,1,7,9,21.2971067406044
684974,1,7,9,30.80652213412688
684985,0,7,0,0.12432613976518689
685000,1,7,5,0.3700090141005197
685011,1,7,5,0.3700090141005197
685052,1,7,6,21.061836125534143
685064,1,7,1,18.17604051611656
685087,0,7,0,0.046987492646967034
685094,1,7,6,29.412638011894998
685098,1,7,5,0.3700090141005197
685103,1,7,7,1.4223994575654335
685114,1,7,4,0.3700090656202526
685136,1,7,4,0.3700090656202526
685159,1,7,9,32.75125210950073
685163,1,7,10,21.024190466513947
685186,1,7,5,0.3700090141005197
685191,1,7,5,0.3700090141005197
685199,1,7,5,0.3700090141005197
685235,1,7,9,26.385360747990042
685250,1,7,8,35.483170967114575
685254,1,7,5,0.3700090141005197
685257,1,7,8,31.716587512046143
685260,1,7,4,0.3700090657260609
685262,1,7,1,19.30310902631927
685264,1,7,8,17.239439914503908
685266,1,7,4,0.3700090657260609
685293,1,7,3,3.22527945785543
685298,1,7,5,0.3700090141005197
685308,1,7,9,17.582957755343617
685309,1,7,6,28.978054900236057
685319,1,7,9,25.302465176958485
685322,1,7,9,32.77258956158056
685324,1,7,10,11.607830553186153
685328,1,7,1,8.04260921047199
685344,1,7,5,0.3700090141005197
685349,1,7,9,28.367402672584372
685360,1,7,7,5.3580168658697
685388,1,7,6,23.806483984091322
685397,1,7,9,28.853709478178985
685414,1,7,2,12.564286663485017
685417,1,7,9,27.28219765378471
685425,0,7,0,0.04499246211361455
685427,1,7,4,0.3700090657260609
685434,0,7,0,0.03917954423842124
685442,1,7,9,26.730329017698207
685473,1,7,5,0.3700090141005197
685484,1,7,4,0.3700090657260609
685525,1,7,9,21.66615629772474
685541,1,7,4,0.3700090657260609
685545,1,7,8,3.700154485893007
685548,1,7,9,32.23338185890194
685568,1,7,9,29.739446455890167
685569,1,7,6,23.587695745746792
685580,1,7,1,23.876848800966865
685587,1,7,5,0.3700090141005197
685601,1,7,9,33.03548948043718
685640,1,7,9,27.021719371579234
685642,1,7,5,0.3700090141005197
685679,1,7,9,33.59191125147336
685687,1,7,7,2.8891274785855323
685736,1,7,6,27.388168311805472
685750,0,7,0,0.03943339147445951
685751,1,7,5,0.3700090141005197
685765,1,7,5,0.3700090141005197
685779,1,7,8,13.972255070245177
685781,1,7,2,9.28056550372334
685788,1,7,9,24.450385660983287
685794,1,7,5,0.3700090141005197
685811,1,7,5,0.3700090141005197
685814,1,7,10,17.814870834595254
685835,1,7,8,33.34267516930397
685846,1,7,9,4.658818907372561
685848,1,7,8,24.90239679443472
685856,1,7,4,0.3700090657260609
685888,1,7,5,0.3700090141005197
685893,1,7,1,14.971222208498265
685903,1,7,8,14.434136122118323
685905,1,7,9,29.486542336161012
685914,1,7,6,14.642091280029673
685917,1,7,9,20.953050032999506
685922,1,7,3,3.1245608655081294
685930,1,7,1,25.186801556232734
685950,1,7,2,9.230514900115868
685960,1,7,5,0.3700090141005197
685977,1,7,4,0.3700090657260609
685984,1,7,10,11.58645054023416
685985,1,7,9,27.980822835523696
686004,0,7,0,0.04241879466452227
686005,1,7,7,2.6353912642616533
686007,1,7,8,17.961508350434894
686011,1,7,9,10.87553296597193
686028,1,7,6,29.474700316004977
686031,1,7,5,0.3700090141005197
686034,1,7,6,7.626071969228299
686056,1,7,5,0.3700090141005197
686059,1,7,6,26.38035650966824
686080,1,7,6,24.185768064795372
686088,1,7,7,2.8406666400132763
686090,1,7,8,26.31528512494721
686098,1,7,6,22.58213140386339
686104,1,7,10,18.944470059836718
686118,1,7,8,31.266199959272686
686135,1,7,8,23.956404582146984
686136,1,7,9,31.778836518662263
686154,1,7,6,25.016583559862436
686163,1,7,6,17.488186888646883
686210,1,7,6,28.589723046877552
686220,1,7,1,22.359736430353117
686255,0,7,0,0.03798228093117931
686272,1,7,9,3.341206566907633
686289,1,7,4,0.3700090657260609
686317,1,7,10,19.497727589134566
686324,1,7,5,0.3700090141005197
686330,1,7,9,5.145405741738736
686337,1,7,8,26.826549981277534
686357,1,7,3,3.23240363467661
686365,1,7,8,25.687050160677124
686368,1,7,3,3.043642257121654
686372,0,7,0,0.08582708172131666
686391,1,7,8,27.316618651679853
686400,1,7,8,35.744476277366594
686405,1,7,9,13.252528301419495
686408,1,7,4,0.3700090657260609
686414,1,7,9,24.04137070188673
686416,1,7,8,21.025267188206104
686424,1,7,1,26.886471083348862
686440,1,7,10,9.823448588706931
686441,1,7,9,22.654443015471152
686453,1,7,8,28.113170935890615
686476,1,7,3,2.731258973544892
686499,1,7,3,3.1486996647521623
686516,1,7,8,7.161003154618878
686530,1,7,4,0.3700090657260609
686532,1,7,4,0.3700090657260609
686534,1,7,5,0.3700090141005197
686536,1,7,5,0.3700090141005197
686538,1,7,6,29.402843297827594
686542,1,7,4,0.3700090657260609
686551,1,7,5,0.3700090141005197
686572,1,7,9,29.49799549538661
686579,1,7,6,25.830098696772076
686586,1,7,8,9.262877699677437
686590,1,7,1,19.94236794765366
686595,1,7,7,2.9131576929293996
686602,1,7,9,20.702680348297545
686640,1,7,8,21.909195142699897
686644,1,7,8,31.230003225043607
686655,1,7,5,0.3700090141005197
686672,1,7,4,0.3700090657260609
686676,1,7,8,3.317616671433205
686677,1,7,6,9.686997068396945
686678,1,7,7,6.468634700291462
686686,1,7,5,0.3700090141005197
686688,1,7,6,25.18829911908531
686698,1,7,10,21.503959526581102
686701,1,7,9,21.16599693680068
686709,1,7,7,1.9041815491562044
686717,0,7,0,0.03396940872978956
686718,0,7,0,0.030241240602870808
686724,1,7,8,21.277252473619576
686727,1,7,8,29.45702171724142
686733,1,7,1,6.890017390019127
686740,1,7,10,18.174117210477746
686767,1,7,6,29.79087904291023
686769,1,7,1,16.064399412263512
686813,1,7,6,17.88319244387339
686829,1,7,1,12.276948417395491
686832,1,7,1,18.62386225430974
686841,1,7,6,27.539856498004134
686844,0,7,0,0.027171002311722942
686865,1,7,10,19.86791774813181
686873,1,7,5,0.37000902039789374
686877,1,7,4,0.3700090656202526
686897,1,7,3,1.9049202085269445
686898,1,7,1,14.100831393336675
686901,1,7,2,6.849799133310522
686904,1,7,9,17.97272336430013
686908,1,7,10,19.252867804428057
686916,1,7,4,0.3700090657260609
686922,1,7,9,33.02908405737996
686948,1,7,6,26.986789391070026
686951,1,7,9,21.476328912864478
686953,1,7,8,30.488400023935167
686959,1,7,6,18.349847649819406
686980,1,7,6,26.37227243937888
686983,1,7,9,31.02294371885948
686993,1,7,6,24.407963236165454
686996,1,7,9,24.50609456370187
687040,1,7,8,21.618669711845346
687061,1,7,4,0.3700090657260609
687063,1,7,8,14.78279709264007
687101,1,7,1,18.595575211134843
687104,1,7,4,0.3700090657260609
687115,1,7,1,9.361215116131872
687128,1,7,4,0.3700090657260609
687140,1,7,10,15.082271032699488
687141,1,7,5,0.3700090141005197
687149,1,7,9,30.191043757586
687161,1,7,6,17.87731398741319
687165,1,7,5,0.3700090141005197
687166,1,7,6,24.903267399185843
687170,1,7,8,19.598747030898565
687179,1,7,4,0.3700090657260609
687197,1,7,6,29.65838527416675
687202,1,7,2,8.187826081911274
687208,1,7,1,19.139304146602893
687213,1,7,4,0.3700090657260609
687244,1,7,2,10.184495255815229
687270,1,7,7,3.1619203996520127
687272,1,7,8,22.665622078452614
687273,1,7,8,11.95957689754809
687289,1,7,8,27.411778011060584
687331,1,7,9,9.553222856289993
687335,1,7,6,6.573387780028998
687338,1,7,8,30.65199336737235
687344,1,7,10,4.492693812792305
687351,1,7,10,8.271854656103766
687353,1,7,7,1.5878493237136562
687357,1,7,4,0.3700090657260609
687362,1,7,5,0.3700090141005197
687378,1,7,7,2.3602198649712967
687390,1,7,5,0.3700090141005197
687407,1,7,5,0.3700090141005197
687421,1,7,6,22.91164147481585
687425,1,7,5,0.3700090141005197
687438,1,7,8,31.22207500249922
687439,1,7,9,33.6766427329125
687464,1,7,2,1.6903854212532026
687478,1,7,5,0.3700090141005197
687482,1,7,4,0.3700090657260609
687483,1,7,7,3.7784189272067685
687492,1,7,8,33.32254207613698
687500,1,7,9,10.16707918028106
687502,1,7,6,21.58012735133983
687508,1,7,6,22.47046496898716
687530,1,7,9,29.18813225940793
687538,1,7,9,31.888826736105482
687542,1,7,4,0.3700090657260609
687543,1,7,7,1.742600579175266
687547,1,7,9,31.91651694401837
687562,0,7,0,0.03397482968393608
687563,1,7,6,30.515953273147897
687571,1,7,1,17.297988378301568
687576,1,7,5,0.3700090141005197
687598,1,7,8,27.03249741872113
687603,1,7,8,9.853676245760955
687608,1,7,2,10.376175223653473
687615,1,7,3,1.2862189752210937
687617,1,7,9,2.1404914792948637
687619,1,7,8,31.647366043548573
687623,1,7,6,14.557886239101025
687654,0,7,0,0.03579381848594614
687657,1,7,9,4.596201266978349
687671,1,7,6,18.395699270721256
687678,1,7,3,2.867551389479912
687688,1,7,6,21.232241570035658
687738,0,7,0,0.04711635038001606
687743,1,7,6,12.076953374681722
687759,1,7,5,0.3700090141005197
687765,1,7,4,0.3700090657260609
687766,1,7,8,21.425895100050468
687769,1,7,9,22.412018692858567
687771,1,7,7,1.2262467043069278
687786,1,7,6,8.479474979114936
687790,1,7,8,17.835930532487648
687806,1,7,8,4.8615135728194
687808,1,7,9,25.074195838901378
687843,1,7,8,6.664228188201338
687849,1,7,3,1.3473475256721288
687851,1,7,7,6.373876373271123
687857,1,7,6,17.995489497868395
687869,1,7,9,32.426685964604275
687873,1,7,9,27.666557193772622
687886,1,7,3,3.1802349481809027
687894,1,7,9,31.381770121671106
687896,1,7,6,23.331194723874262
687905,1,7,9,15.417346638177287
687924,1,7,8,29.09663267552157
687928,1,7,6,20.310355605600297
687953,1,7,8,30.406659242889756
687960,1,7,3,3.2083407311052237
687962,1,7,9,4.00503846802909
687966,1,7,9,29.903317756432116
687975,1,7,10,25.9371744835082
687978,1,7,3,3.185389699917235
687991,1,7,6,22.4821720471211
687995,1,7,8,26.163669257352076
687999,1,7,8,20.50431992975002
688013,1,7,1,8.252642732021602
688029,1,7,10,23.14407521089422
688037,1,7,7,5.574793915624
688054,1,7,4,0.3700090657260609
688094,1,7,8,8.139277777567322
688100,1,7,10,10.833134741904784
688106,1,7,1,23.733629874626146
688115,1,7,4,0.3700090657260609
688146,1,7,4,0.3700090657260609
688154,1,7,8,31.28941955610663
688172,1,7,4,0.3700090657260609
688175,1,7,2,4.790457533298657
688181,1,7,10,20.538743116359928
688183,1,7,4,0.3700090657260609
688188,1,7,7,2.3531929492274477
688196,1,7,4,0.3700090657260609
688199,1,7,8,8.122530607919401
688210,1,7,5,0.3700090141005197
688234,1,7,2,6.516489943901147
688236,1,7,5,0.3700090141005197
688261,1,7,5,0.3700090141005197
688266,1,7,6,22.305721995881292
688268,1,7,2,15.676184687403405
688271,1,7,8,29.827100452313037
688294,1,7,7,2.3338549512051414
688304,1,7,4,0.3700090657260609
688320,1,7,7,1.3984934219102179
688321,1,7,4,0.3700090657260609
688339,1,7,2,14.984628167951504
688340,1,7,4,0.3700090657260609
688352,1,7,1,22.424802568215192
688357,1,7,10,13.668221580137024
688377,1,7,2,11.155544379420462
688426,1,7,8,4.2436290017374825
688443,1,7,9,21.30297651802009
688452,1,7,9,18.711780300027698
688455,1,7,9,33.25440116203949
688479,1,7,1,19.094778814955415
688492,1,7,9,16.66526068079761
688494,1,7,5,0.3700090141005197
688495,1,7,4,0.3700090657260609
688496,1,7,5,0.3700090141005197
688514,1,7,8,35.327902096006866
688540,1,7,7,1.0165763525309164
688552,1,7,10,18.532645172927207
688569,1,7,10,4.860164448260071
688571,1,7,5,0.3700090141005197
688603,1,7,9,30.753100903359083
688611,1,7,3,3.157461850444181
688613,1,7,3,0.771982475722254
688620,1,7,8,8.985516164720107
688629,1,7,9,29.610939589886506
688642,1,7,7,6.182704449756939
688661,1,7,4,0.3700090657260609
688673,1,7,8,5.18276934286497
688677,1,7,5,0.3700090141005197
688681,1,7,6,13.72554298705426
688687,1,7,6,6.703186336605987
688704,1,7,5,0.3700090141005197
688709,1,7,8,18.382639263137744
688716,1,7,1,13.864686937568454
688734,1,7,6,28.315696438443545
688789,1,7,9,31.522398877593854
688792,1,7,9,22.316640732817355
688800,1,7,1,19.10307225942739
688811,1,7,10,9.174920411280914
688820,1,7,3,3.2343663229062716
688832,1,7,8,15.622063975740017
688834,1,7,9,24.47296889736676
688846,1,7,9,25.801723117711788
688856,1,7,5,0.3700090141005197
688862,1,7,9,33.234873743803085
688889,0,7,0,0.03829870851601307
688890,1,7,1,9.694064265138234
688891,1,7,4,0.3700090657260609
688905,1,7,10,10.351660114030143
688913,1,7,5,0.37000902039789374
688933,1,7,9,17.89693178022156
688934,1,7,6,8.575430914119794
688935,1,7,8,32.50118894041102
688941,1,7,6,27.562681588502457
688950,1,7,5,0.3700090141005197
688953,1,7,9,30.65762927053585
688966,1,7,9,29.874378104800574
688977,1,7,10,23.554057286181028
688983,1,7,10,24.504817848348807
688989,1,7,9,11.737808820014854
689003,1,7,4,0.3700090657260609
689007,1,7,10,20.461015180187783
689009,1,7,8,17.58442899121138
689026,1,7,10,19.30069248435139
689027,1,7,6,28.45416843104613
689040,1,7,8,28.60085323823267
689050,1,7,4,0.3700090657260609
689074,1,7,3,3.2518041287303068
689083,1,7,9,18.664532154195207
689091,1,7,1,18.085288212256035
689092,0,7,0,0.1228684485733508
689102,1,7,8,18.367399808009168
689104,1,7,4,0.3700090657260609
689120,1,7,6,26.12167013059025
689126,1,7,5,0.3700090141005197
689142,1,7,10,13.588779820899948
689145,1,7,5,0.3700090141005197
689147,0,7,0,0.03208155068056296
689159,1,7,6,7.588460922723326
689160,1,7,9,15.793765425036806
689164,1,7,10,26.00563285747385
689182,1,7,8,15.044071161073704
689186,1,7,8,13.115236089730177
689188,1,7,10,18.39281323137175
689190,1,7,8,25.624632801301505
689194,1,7,10,18.47683612726019
689214,1,7,6,30.500372025610403
689220,1,7,5,0.3700090141005197
689221,1,7,5,0.3700090141005197
689245,1,7,3,3.1169809583847266
689248,1,7,7,5.800614109903924
689266,1,7,1,22.55629183820214
689267,1,7,5,0.3700090141005197
689278,1,7,2,6.125729636938301
689293,1,7,6,19.670154377322934
689301,1,7,4,0.3700090657260609
689306,1,7,7,1.9692959188923367
689327,1,7,3,3.192356303516894
689339,1,7,7,6.400030977325816
689350,1,7,4,0.3700090657260609
689361,1,7,1,16.66961549849582
689372,1,7,5,0.3700090141005197
689374,1,7,9,26.31881550746098
689381,1,7,5,0.3700090141005197
689382,0,7,0,0.13493146391516245
689388,1,7,10,9.96608528164785
689389,1,7,6,20.160274522050322
689396,1,7,2,12.695252234109585
689407,1,7,7,0.7305477661225807
689410,1,7,6,16.06357339992562
689439,1,7,5,0.3700090141005197
689453,1,7,5,0.3700090141005197
689463,1,7,5,0.37000902039789374
689467,1,7,8,29.08864028517529
689481,1,7,4,0.3700090657260609
689485,1,7,7,0.34297563911646345
689517,1,7,5,0.3700090141005197
689524,1,7,3,3.2407114468134637
689527,1,7,9,32.04766435671223
689534,1,7,4,0.3700090657260609
689557,1,7,2,11.791814822132734
689569,1,7,5,0.3700090141005197
689571,1,7,1,11.334064003407647
689573,1,7,8,18.068785322306397
689576,1,7,5,0.3700090141005197
689581,1,7,10,26.022303105643974
689594,1,7,1,16.036527538805522
689595,1,7,5,0.3700090141005197
689603,1,7,6,7.129716582056758
689627,1,7,2,4.22191578841441
689637,1,7,3,3.075372990358404
689644,1,7,1,20.365702976238833
689645,1,7,9,10.191813297570874
689670,1,7,9,18.228398607218175
689675,1,7,8,18.63469154637605
689682,1,7,5,0.3700090141005197
689683,1,7,8,7.138477038321217
689706,1,7,6,18.38290285176748
689710,1,7,3,2.896084592309764
689714,1,7,2,7.113063755861875
689719,1,7,4,0.3700090657260609
689726,1,7,3,3.2771214372356865
689727,1,7,8,28.494395891392458
689728,1,7,4,0.3700090657260609
689743,1,7,10,16.389017888309198
689749,1,7,5,0.37000902039789374
689761,1,7,1,21.49891606569865
689781,1,7,9,30.225799039543872
689787,1,7,9,27.03433564497161
689795,1,7,8,20.232589879759335
689817,1,7,2,15.245834845851201
689840,1,7,2,9.364295529056264
689844,1,7,1,13.148299315905152
689848,1,7,9,28.45908351165975
689852,1,7,8,29.468735879210943
689896,1,7,2,1.4138575746460789
689904,1,7,4,0.3700090657260609
689910,1,7,7,5.435345287840899
689928,1,7,6,30.02607872725105
689930,1,7,4,0.3700090657260609
689943,1,7,4,0.3700090657260609
689945,0,7,0,0.15293194172234761
689947,1,7,7,1.3676731434276195
689949,1,7,3,2.2709122557244608
689965,1,7,8,22.673875537862592
689982,1,7,4,0.3700090657260609
689989,1,7,4,0.3700090657260609
689996,1,7,2,13.375327692766497
689997,0,7,0,0.03101601645247477
690022,1,7,4,0.3700090657260609
690024,1,7,9,8.129836842002316
690026,1,7,6,6.250855584565321
690036,1,7,4,0.3700090657260609
690037,1,7,1,11.148367127637448
690043,1,7,4,0.3700090657260609
690066,1,7,5,0.3700090141005197
690072,1,7,9,29.511855715469853
690073,1,7,6,23.341305965957755
690074,1,7,4,0.3700090657260609
690087,1,7,10,8.636646507988594
690117,1,7,8,24.835621781776716
690128,1,7,9,6.368215194393951
690132,1,7,8,18.093643685493312
690146,1,7,8,14.462853126549614
690149,1,7,4,0.3700090657260609
690150,1,7,6,22.99600851370608
690151,1,7,5,0.3700090141005197
690155,1,7,9,13.739881388608365
690161,1,7,1,21.40947268239858
690164,1,7,5,0.3700090141005197
690172,1,7,5,0.3700090141005197
690176,1,7,8,19.164280556514136
690181,1,7,7,2.684613905034482
690183,1,7,10,14.119829508702162
690185,1,7,8,19.27255942758621
690195,1,7,10,16.2038305883085
690201,1,7,8,33.273996369034776
690213,1,7,10,26.004508413962206
690232,1,7,4,0.3700090657260609
690237,0,7,0,0.04452189851728095
690247,1,7,4,0.3700090657260609
690256,1,7,3,2.8650215833353907
690277,0,7,0,0.047153125767594097
690280,1,7,4,0.3700090657260609
690287,1,7,9,33.192855078309144
690317,1,7,6,23.098660951357264
690338,1,7,9,29.85189473699325
690372,1,7,8,26.202471126539354
690381,1,7,6,21.944108877790608
690385,1,7,2,14.824589475090015
690397,1,7,5,0.3700090141005197
690400,1,7,1,6.317439362788753
690401,1,7,8,31.11784730642397
690402,1,7,9,25.444013698850284
690411,1,7,8,10.382524634258214
690418,1,7,5,0.3700090141005197
690433,1,7,5,0.3700090141005197
690452,1,7,10,25.374156898858224
690456,1,7,8,31.423795360703412
690459,1,7,4,0.3700090657260609
690466,1,7,9,15.61982393856713
690496,1,7,7,5.593398100896414
690501,0,7,0,0.031916396752255334
690502,1,7,5,0.3700090141005197
690514,1,7,10,25.96765551710488
690533,1,7,9,10.823248647966249
690544,1,7,5,0.3700090141005197
690551,1,7,6,29.29625056722327
690557,1,7,9,31.36068516605888
690583,1,7,9,16.150577207693026
690584,1,7,5,0.3700090141005197
690624,1,7,8,29.199198059941192
690628,1,7,6,9.145741869925537
690632,1,7,3,2.9606768522813205
690633,1,7,5,0.3700090141005197
690639,1,7,4,0.3700090657260609
690673,1,7,3,3.1468131221902196
690696,1,7,8,28.975930029338233
690715,1,7,10,10.45613613850586
690731,1,7,1,10.66020123590297
690757,1,7,6,19.025823909946034
690767,1,7,4,0.3700090656202526
690769,1,7,6,16.61636156166411
690770,1,7,8,13.585808834014317
690781,1,7,7,4.997335295802549
690797,1,7,2,12.74812373883628
690798,1,7,4,0.3700090657260609
690828,1,7,6,19.322133658696004
690835,0,7,0,0.04767961416671768
690839,1,7,3,1.7946948171018198
690845,1,7,10,17.801363175092735
690857,1,7,7,2.4188780170025432
690859,1,7,10,16.014060919091676
690874,1,7,1,13.013391912270896
690911,1,7,6,21.05480179466681
690932,1,7,8,23.778870070051433
690935,1,7,9,13.552902583178032
690950,1,7,8,14.814526682466495
690959,1,7,9,30.44470939391561
690988,1,7,9,23.143628070176334
691002,1,7,8,32.58267959213661
691045,1,7,9,33.13674258766456
691079,0,7,0,0.03721512551443305
691108,1,7,9,21.48095843049497
691112,0,7,0,0.03294161695957702
691113,1,7,9,4.975475885974627
691117,1,7,8,21.34369234287876
691118,1,7,7,4.555755342363194
691133,1,7,1,22.718811905115114
691135,1,7,9,26.64660987059348
691141,1,7,10,5.697967556840148
691151,1,7,8,22.193091309149477
691153,1,7,5,0.37000902039789374
691176,1,7,10,8.949856226844041
691190,1,7,9,31.865636142467594
691193,1,7,5,0.3700090141005197
691198,0,7,0,0.0435039857492412
691217,1,7,8,7.704134382032674
691223,1,7,7,5.355960341774036
691240,1,7,8,11.436088735298995
691246,1,7,9,23.209659264952982
691289,1,7,10,18.490817394814208
691290,1,7,10,17.2158095157011
691294,1,7,2,16.053880901139333
691298,1,7,6,21.76874547166786
691299,1,7,9,18.634642101861505
691309,1,7,4,0.3700090657260609
691313,1,7,8,21.431545563688136
691315,1,7,9,22.55961365617277
691318,1,7,1,20.204200774769888
691321,1,7,8,16.149399865216047
691325,1,7,4,0.3700090657260609
691333,1,7,9,25.79030099201888
691358,1,7,6,29.289507392260205
691363,1,7,7,6.351553229768972
691366,1,7,4,0.3700090657260609
691381,0,7,0,0.03480460329193894
691398,1,7,4,0.3700090657260609
691404,1,7,8,25.629536826808117
691410,1,7,6,7.821783435042159
691415,1,7,4,0.3700090657260609
691419,1,7,10,8.874786305002297
691423,1,7,7,2.1017827564465335
691446,1,7,5,0.3700090141005197
691449,1,7,6,16.252577849451434
691462,1,7,9,33.01914557515212
691469,1,7,8,23.86342851492016
691470,1,7,1,17.856932120666244
691479,1,7,7,2.239574023474463
691488,1,7,9,10.2007869120966
691497,1,7,9,25.63590501551976
691511,1,7,9,19.934098616512735
691525,1,7,4,0.3700090657260609
691541,0,7,0,0.04313179422161165
691543,1,7,9,18.63310305463013
691545,1,7,5,0.3700090141005197
691565,1,7,10,20.73097212524844
691571,1,7,9,27.818417044977
691572,1,7,8,25.12353921693369
691600,1,7,9,26.558842397531343
691601,1,7,8,25.00501472090005
691607,1,7,10,13.433367153806017
691609,1,7,2,6.040352926019455
691613,1,7,1,10.316998181600065
691615,1,7,6,30.296950671251064
691627,1,7,5,0.3700090141005197
691631,1,7,9,26.847691149048536
691639,1,7,9,20.732613909996616
691642,1,7,9,26.98096824262508
691646,1,7,9,26.256556957415505
691679,1,7,5,0.3700090141005197
691680,1,7,10,25.772373688757046
691709,1,7,5,0.3700090141005197
691715,0,7,0,0.0351370798584582
691719,0,7,0,0.09848928056246116
691738,1,7,4,0.3700090657260609
691744,1,7,1,18.666087078176677
691756,1,7,8,35.64200121013877
691770,1,7,6,10.121882287295133
691774,1,7,6,17.61613198887994
691778,1,7,9,29.19747837747546
691802,0,7,0,0.125777905596459
691806,1,7,8,22.91624871244626
691811,1,7,8,2.9041755878298066
691812,1,7,10,24.923572220381768
691817,1,7,8,33.3378440686342
691821,1,7,9,24.931464066870234
691823,1,7,4,0.3700090657260609
691834,0,7,0,0.03202253472378723
691835,1,7,5,0.3700090141005197
691842,1,7,8,5.3712290113928
691848,1,7,5,0.3700090141005197
691852,1,7,8,31.654300575986728
691865,0,7,0,0.038978732623725906
691924,1,7,9,20.925205666575152
691938,1,7,9,15.625421937088328
691949,1,7,10,25.427258455057036
691958,1,7,10,16.449712443809705
691964,1,7,5,0.3700090141005197
691967,1,7,10,15.756021171927753
691971,0,7,0,0.04706218445692101
691994,1,7,4,0.3700090657260609
692008,1,7,9,12.012129302808086
692022,1,7,9,24.4458628934673
692024,1,7,10,8.08087291748347
692030,1,7,5,0.3700090141005197
692036,1,7,3,2.9442281154059504
692041,1,7,5,0.3700090141005197
692044,1,7,6,28.149659958263413
692056,1,7,5,0.37000902039789374
692058,1,7,1,14.783313179115959
692075,1,7,6,17.49299615120778
692093,0,7,0,0.03580646075386005
692095,1,7,1,26.11646177177294
692103,1,7,2,1.4516459790224467
692108,1,7,4,0.3700090657260609
692116,1,7,4,0.3700090657260609
692127,0,7,0,0.038507998309645915
692133,1,7,9,33.6903083675514
692137,1,7,8,24.610958664737666
692159,0,7,0,0.13931700295145996
692174,1,7,7,2.4487529348282155
692184,1,7,6,25.500112455907278
692198,0,7,0,0.04721749042786662
692213,1,7,8,4.39484225262947
692219,1,7,4,0.3700090657260609
692226,1,7,3,3.1718262274813944
692236,1,7,4,0.3700090657260609
692244,1,7,7,2.483462076154993
692245,1,7,3,1.8443623861647358
692246,1,7,4,0.3700090657260609
692275,1,7,7,2.4112649149471266
692299,1,7,8,30.444381952120185
692309,1,7,5,0.3700090141005197
692313,1,7,3,3.0590806107950623
692320,1,7,5,0.3700090141005197
692324,1,7,10,12.214468346096309
692326,0,7,0,0.04492323590620505
692346,1,7,5,0.3700090141005197
692349,1,7,7,6.315693589384627
692357,1,7,8,27.79747743343719
692366,1,7,8,6.165193519234115
692377,1,7,9,22.41741226628544
692379,1,7,1,5.910674477581165
692382,0,7,0,0.040477137136323144
692385,1,7,7,5.619374070524562
692386,1,7,9,12.470504276269482
692387,1,7,7,2.2785367929497258
692399,1,7,8,6.554387101715053
692413,1,7,3,1.551214387698767
692416,1,7,8,24.919843935062715
692417,1,7,6,27.554915539274923
692421,1,7,10,7.080815917440781
692446,1,7,6,9.275103490365217
692464,1,7,5,0.3700090141005197
692466,1,7,1,9.853653492924247
692467,1,7,6,9.902762686943781
692477,1,7,10,25.90940974167086
692490,1,7,6,15.419714102948145
692505,0,7,0,0.0342483491798417
692506,1,7,9,19.82652333870632
692507,1,7,1,26.218966368101967
692533,1,7,4,0.3700090657260609
692550,1,7,5,0.3700090141005197
692580,1,7,5,0.3700090141005197
692600,0,7,0,0.039451035386950495
692602,1,7,9,32.958914522105616
692604,1,7,9,28.63388819122105
692608,1,7,8,6.50676142731672
692613,1,7,4,0.3700090657260609
692615,1,7,4,0.3700090657260609
692618,1,7,8,7.852032603578085
692628,1,7,8,13.564325036661693
692629,1,7,6,17.333687595572364
692646,1,7,6,11.349616816697047
692658,1,7,10,16.94077857024402
692663,1,7,8,13.333956880987165
692664,1,7,6,9.958895571573022
692681,1,7,9,32.91533552805288
692707,1,7,6,14.723160259498169
692718,1,7,5,0.3700090141005197
692721,1,7,7,0.3901930988691534
692726,1,7,7,5.985927194792379
692766,1,7,6,23.629302176544243
692772,1,7,10,6.266030096220265
692774,1,7,10,5.065572868383164
692781,1,7,2,5.492392901633495
692789,1,7,8,32.70793198533604
692801,1,7,3,3.1517051247965306
692821,0,7,0,0.06204971358569697
692824,1,7,2,11.34067922781384
692833,1,7,4,0.3700090657260609
692859,1,7,6,17.980399202714846
692870,1,7,9,32.09641280711846
692883,1,7,8,22.112174025078147
692891,1,7,9,6.670386485152214
692903,1,7,5,0.3700090141005197
692904,1,7,4,0.3700090657260609
692907,0,7,0,0.03262138330337885
692910,1,7,9,29.60445223139534
692967,1,7,2,12.990595328127828
692969,1,7,5,0.3700090141005197
692992,1,7,6,18.823620790614612
693000,0,7,0,0.0392264632608696
693046,1,7,4,0.3700090656202526
693051,1,7,4,0.3700090656202526
693055,1,7,4,0.3700090657260609
693070,1,7,6,7.522063395577559
693075,1,7,8,12.083631076068942
693077,1,7,5,0.3700090141005197
693085,1,7,7,3.364805628179775
693096,1,7,5,0.3700090141005197
693105,1,7,4,0.3700090657260609
693107,1,7,5,0.3700090141005197
693108,1,7,1,21.057900374275448
693120,1,7,6,23.127260657836924
693125,1,7,9,6.056229679811419
693126,1,7,5,0.3700090141005197
693133,1,7,8,8.47447869166341
693137,1,7,9,30.650069456578684
693140,1,7,1,26.165515965620145
693150,1,7,6,20.142445439428798
693162,1,7,5,0.3700090141005197
693175,1,7,6,22.285853731719826
693178,1,7,9,27.505505822694868
693188,1,7,6,29.709622740277094
693202,1,7,5,0.3700090141005197
693219,1,7,4,0.3700090657260609
693224,1,7,9,21.180685932184847
693259,1,7,9,9.313514390525983
693262,1,7,3,3.180874132191691
693267,1,7,10,26.028106711975372
693295,1,7,8,25.27808376951573
693302,1,7,10,20.22183118984606
693305,1,7,3,3.040235708882718
693314,0,7,0,0.047070820425919584
693340,1,7,9,18.30708309894317
693345,1,7,3,2.920847008866603
693384,1,7,3,1.4208346654399553
693386,1,7,9,8.904096017559766
693390,1,7,6,29.64025692185426
693391,1,7,8,3.7429458479460194
693399,1,7,5,0.3700090141005197
693406,1,7,9,19.716722199396305
693411,1,7,8,25.942768299234327
693427,1,7,1,22.125920776815203
693432,1,7,4,0.3700090657260609
693437,1,7,6,18.28513215214205
693446,0,7,0,0.029711077531228376
693458,1,7,7,0.3451383043185387
693469,1,7,10,10.16761089918772
693484,1,7,9,9.985040575746408
693487,1,7,6,14.677646322431922
693500,1,7,1,9.601573770731077
693507,1,7,10,8.631299476198633
693526,1,7,8,14.354834471421626
693535,1,7,6,25.647244576104036
693545,1,7,1,7.118600769540256
693549,1,7,10,17.084483296014923
693552,1,7,9,32.46967532484938
693554,1,7,8,9.39438077833668
693585,1,7,9,14.777358262777794
693597,1,7,5,0.3700090141005197
693602,1,7,9,33.2436424838662
693611,1,7,3,3.2315053732408594
693615,1,7,10,22.94390327039398
693618,1,7,5,0.3700090141005197
693623,1,7,6,8.22856666888591
693624,1,7,3,0.9329496482007315
693635,1,7,4,0.3700090656202526
693640,1,7,7,2.6877797617130037
693652,1,7,2,13.744810314679913
693653,1,7,10,13.584019322115573
693679,0,7,0,0.031132855795186088
693684,1,7,4,0.3700090657260609
693696,1,7,8,14.924340699152943
693715,1,7,1,27.762175580704664
693716,0,7,0,0.03748585582218545
693726,1,7,5,0.3700090141005197
693731,1,7,9,17.165205280622448
693732,1,7,5,0.3700090141005197
693745,1,7,3,2.400794343874101
693771,1,7,5,0.3700090141005197
693795,1,7,5,0.3700090141005197
693804,1,7,3,2.684042048465356
693813,1,7,6,29.326893146816857
693814,1,7,6,28.653658363808642
693831,1,7,2,11.749026041620706
693841,1,7,5,0.3700090141005197
693857,1,7,4,0.3700090657260609
693865,1,7,8,21.551827113960904
693870,1,7,6,29.504886532059253
693874,1,7,9,30.941206687930816
693880,1,7,9,31.15043944734626
693891,1,7,8,18.957486813436756
693893,1,7,9,19.747650987580492
693901,1,7,9,21.50300172404684
693903,1,7,8,12.872667097238905
693912,1,7,8,4.5464662720356195
693927,1,7,10,17.4005903847906
693949,1,7,1,15.023121077408566
693958,1,7,5,0.37000902039789374
693960,1,7,5,0.3700090141005197
693962,1,7,6,10.006873589324123
693979,1,7,6,16.98746162933614
693986,1,7,10,25.6206773297496
693987,1,7,3,3.217735513273653
693991,1,7,6,11.640450901668535
693992,1,7,2,14.39833682421781
693993,1,7,6,19.688063005257995
694001,0,7,0,0.035060935489023316
694014,1,7,8,12.76050723075805
694015,1,7,9,15.330256976869627
694017,1,7,6,17.10204649424973
694053,1,7,5,0.3700090141005197
694064,1,7,6,16.26518969700352
694074,1,7,6,20.35792522968456
694089,0,7,0,0.034014876894371625
694109,1,7,1,13.303383627646612
694114,1,7,9,9.252545738070351
694115,1,7,7,3.328565623502529
694116,1,7,10,18.524700775430063
694118,1,7,6,10.779071090640803
694145,1,7,6,29.223144330876853
694151,1,7,6,7.620166053869569
694169,1,7,2,7.067716357532163
694178,1,7,9,23.767100611716465
694185,0,7,0,0.03893371144865787
694186,1,7,4,0.3700090657260609
694193,1,7,9,9.513278892587385
694211,1,7,5,0.3700090141005197
694220,1,7,6,27.426973736705904
694238,1,7,10,11.605855812931283
694239,1,7,9,7.843728748948714
694254,1,7,2,8.629434042770924
694272,1,7,1,8.101332963579708
694283,1,7,10,6.658490848062737
694288,1,7,8,7.372701227535008
694289,1,7,4,0.3700090657260609
694300,1,7,10,17.68486865168609
694306,1,7,1,5.075711079151705
694340,1,7,6,19.279699674400238
694341,1,7,3,3.1586677335005136
694356,1,7,4,0.3700090657260609
694358,1,7,6,26.67791199822904
694360,1,7,4,0.3700090657260609
694385,1,7,8,13.260384162712171
694388,1,7,9,21.97312956899806
694398,1,7,8,16.20086567382217
694403,1,7,5,0.3700090141005197
694404,1,7,9,29.024831271260155
694430,1,7,5,0.3700090141005197
694442,1,7,6,7.609402081642659
694462,1,7,8,29.626567420651725
694482,1,7,8,20.300740849798785
694493,1,7,10,4.490524226055883
694496,1,7,6,29.725350421015623
694500,1,7,1,15.218309729535084
694515,0,7,0,0.03833588807868473
694521,1,7,8,14.559956139782905
694523,1,7,10,12.54387081555978
694525,1,7,5,0.3700090141005197
694527,1,7,10,26.043696990144735
694533,1,7,6,19.07911447961415
694553,1,7,5,0.37000902039789374
694591,1,7,1,8.668146340220895
694596,1,7,6,28.55848881382797
694613,1,7,5,0.3700090141005197
694641,1,7,6,23.76331836031271
694655,1,7,8,23.823215555615622
694658,1,7,6,21.675336842946148
694676,1,7,4,0.3700090657260609
694681,1,7,1,21.672401144067774
694683,1,7,3,2.7096340480840686
694697,1,7,9,24.67863978086349
694717,1,7,10,13.47102986550262
694722,0,7,0,0.04259904284288417
694731,1,7,9,15.611095968956493
694732,1,7,6,27.552037443587423
694735,0,7,0,0.039045075593437825
694756,1,7,7,6.40142176740433
694760,1,7,4,0.3700090657260609
694767,1,7,9,27.851547270149034
694779,1,7,10,26.04178865887929
694781,1,7,10,4.331612318493589
694786,1,7,9,14.724972209682056
694788,1,7,1,21.6576814183854
694798,1,7,1,16.193026216675534
694832,1,7,10,5.046710897028216
694836,1,7,9,32.62451728149621
694849,1,7,10,26.033976831984067
694861,1,7,3,0.850883127596419
694863,1,7,8,35.721425404948064
694873,1,7,1,19.68579450801822
694881,1,7,9,24.092894244166704
694882,1,7,8,23.082913346795557
694914,1,7,9,15.249273966599908
694919,1,7,6,29.540405375954208
694926,1,7,5,0.3700090141005197
694961,1,7,7,1.312119682082334
694965,1,7,7,5.828325650865035
694972,1,7,10,18.46908757229229
694976,1,7,8,31.68374452318821
694977,1,7,8,29.208171546563147
694981,1,7,1,22.212015816998488
694983,1,7,1,13.00499412813734
694989,1,7,6,13.437656527842039
695001,1,7,9,19.235727703150108
695013,1,7,6,29.377137584015887
695023,1,7,8,26.576613894705762
695049,1,7,10,24.408247458703805
695064,1,7,9,30.06029730209124
695065,1,7,8,21.48541618178968
695078,1,7,1,27.565929403076424
695094,1,7,6,18.410640306285107
695110,1,7,8,14.451803199555737
695124,1,7,4,0.3700090657260609
695146,1,7,8,33.021947061960766
695160,1,7,9,9.802508729273304
695164,1,7,6,22.107943975716495
695172,1,7,5,0.3700090141005197
695179,1,7,5,0.3700090141005197
695182,1,7,2,13.82192619447681
695194,1,7,6,11.682997257073504
695198,1,7,10,15.284048825523787
695218,1,7,9,22.701342321085814
695224,1,7,9,24.816764194184366
695226,1,7,7,6.530492956258656
695235,1,7,6,24.43717992862383
695241,1,7,5,0.37000902039789374
695255,1,7,9,14.963720872203222
695259,1,7,8,31.004874062832773
695266,1,7,1,12.475367265431734
695278,0,7,0,0.04702159352369352
695290,1,7,9,18.24285933983161
695292,1,7,8,32.1664828504959
695297,1,7,1,18.200824113074738
695335,1,7,9,6.6677149637995505
695357,1,7,4,0.3700090657260609
695365,0,7,0,0.040225215816254045
695366,1,7,5,0.3700090141005197
695369,1,7,9,21.90644938742804
695377,1,7,4,0.3700090657260609
695380,1,7,5,0.3700090141005197
695424,1,7,5,0.3700090141005197
695440,1,7,9,24.77181427111444
695441,1,7,8,30.40647496847583
695470,1,7,5,0.3700090141005197
695477,1,7,5,0.3700090141005197
695484,1,7,5,0.3700090141005197
695509,1,7,4,0.3700090657260609
695515,1,7,6,13.986575267301447
695517,1,7,8,18.253713843288434
695519,1,7,9,11.651903769470513
695542,1,7,7,2.212289791275628
695558,1,7,2,2.9418081640992493
695578,1,7,6,17.182169078348377
695585,1,7,2,15.182551442599411
695614,1,7,8,29.683537202485155
695617,1,7,8,36.01098952360564
695645,1,7,3,3.1461569890267085
695647,1,7,10,19.3183283808805
695662,1,7,9,30.512684638372853
695692,1,7,1,23.590904809669176
695702,1,7,6,19.8535072644072
695709,1,7,9,18.42285656524866
695714,1,7,8,34.53510978429325
695723,1,7,10,6.011666861884335
695726,1,7,9,31.392228009233186
695755,1,7,2,13.95126632177967
695763,1,7,7,5.399680487526533
695764,1,7,6,14.489514767051734
695767,1,7,10,16.168552379647345
695772,1,7,9,3.7571540352385813
695782,1,7,9,16.852551096037406
695784,1,7,4,0.3700090657260609
695791,0,7,0,0.058456315590792715
695793,1,7,6,25.17322539516469
695811,1,7,5,0.3700090141005197
695824,1,7,10,26.0187717610268
695825,1,7,10,15.099946216872565
695827,1,7,3,1.8581351010380742
695830,1,7,3,1.4439063064927313
695835,1,7,5,0.3700090141005197
695836,1,7,4,0.3700090657260609
695840,1,7,10,23.08189872259294
695846,1,7,8,31.256613377440637
695883,1,7,8,21.67888691867164
695887,1,7,7,0.9707330886621534
695920,1,7,9,30.174437944877955
695922,1,7,10,23.05663206811398
695943,1,7,4,0.3700090657260609
695977,1,7,4,0.3700090656202526
695979,1,7,6,27.967952114462943
695992,1,7,6,7.431643419356683
696004,1,7,8,23.247359403168122
696009,1,7,6,13.735649847073482
696013,1,7,5,0.3700090141005197
696027,1,7,8,29.13454214313084
696050,1,7,7,1.6032763028998611
696062,1,7,9,20.352049653586462
696063,1,7,10,20.838198908349458
696071,1,7,7,2.9949688795504876
696076,1,7,8,27.40885364669706
696082,1,7,6,30.283543783019656
696101,1,7,8,27.918887692830673
696106,1,7,6,29.393435583726482
696122,1,7,3,1.4432668871091492
696139,1,7,8,14.809304747285621
696176,1,7,1,4.78039475209164
696178,1,7,8,29.297392460999482
696180,1,7,8,9.629825698331656
696187,1,7,10,17.706670852437068
696190,1,7,4,0.3700090657260609
696201,1,7,4,0.3700090657260609
696202,1,7,4,0.3700090657260609
696218,1,7,9,9.709792849564028
696233,1,7,4,0.3700090657260609
696243,1,7,10,22.139197388683378
696246,1,7,10,13.640047306175928
696249,1,7,1,27.299995786327173
696250,1,7,4,0.3700090657260609
696266,1,7,9,17.398804057812264
696268,1,7,9,15.618743344566
696286,1,7,1,22.264373025191034
696326,1,7,7,3.565466529393331
696333,1,7,9,25.357050553619995
696338,1,7,6,18.1949033791955
696348,1,7,6,19.379824795845938
696357,1,7,5,0.3700090141005197
696369,1,7,4,0.3700090657260609
696374,1,7,6,26.43674284515049
696382,1,7,6,23.346958516650048
696384,1,7,7,1.4212202315597995
696385,1,7,6,30.63204070423351
696412,0,7,0,0.035670105986644156
696423,1,7,8,14.83573369583454
696432,1,7,10,4.607375916384666
696440,0,7,0,0.043437539489519415
696441,1,7,9,24.84265251487111
696447,1,7,6,29.33797059261766
696452,1,7,5,0.3700090141005197
696454,1,7,8,17.379173738755338
696461,1,7,6,11.861964666655544
696467,1,7,5,0.3700090141005197
696473,1,7,9,24.731429938084638
696499,1,7,3,3.158623910931226
696505,1,7,9,28.437904245712666
696510,1,7,4,0.3700090657260609
696517,1,7,6,27.05214587193219
696521,1,7,10,18.064873496140752
696525,1,7,9,29.23685315662499
696526,1,7,5,0.3700090141005197
696536,1,7,1,25.313383255403235
696557,1,7,5,0.3700090141005197
696558,1,7,5,0.3700090141005197
696564,1,7,8,23.183906363348406
696567,1,7,2,10.375576214099562
696570,1,7,8,27.83061239713746
696573,1,7,6,27.071869850693634
696582,1,7,9,16.14171354141515
696600,1,7,2,10.142225507003133
696617,1,7,8,29.98819178972665
696627,0,7,0,0.04123136660681099
696628,1,7,4,0.3700090657260609
696629,1,7,1,5.923657812245401
696651,1,7,9,18.21060700007824
696652,1,7,4,0.3700090657260609
696656,1,7,10,18.926335880054197
696672,1,7,4,0.3700090657260609
696674,1,7,6,17.873556145235078
696689,1,7,5,0.3700090141005197
696694,1,7,8,14.655667363352565
696701,1,7,6,19.555292999667774
696725,1,7,8,26.05989461936327
696754,1,7,10,18.50931952677894
696766,1,7,3,2.2749167057548796
696777,1,7,1,7.296697257888656
696778,1,7,5,0.3700090141005197
696794,1,7,5,0.3700090141005197
696813,1,7,6,12.253117596234329
696818,1,7,5,0.3700090141005197
696826,1,7,7,3.9416302018264417
696828,0,7,0,0.03614293601069804
696838,1,7,9,32.53736276684711
696839,1,7,9,17.29692077525911
696840,1,7,7,5.391153188247968
696853,1,7,1,18.05243383609785
696878,1,7,9,24.839442613000173
696882,1,7,9,26.389558125909513
696884,1,7,5,0.3700090141005197
696889,1,7,9,10.749227331075353
696910,1,7,5,0.3700090141005197
696921,1,7,5,0.3700090141005197
696923,1,7,8,6.695128237771783
696932,1,7,7,3.8139538345366795
696939,1,7,8,6.462188067183575
696946,1,7,7,5.031916895644349
696952,1,7,5,0.3700090141005197
696970,1,7,6,27.837601062007415
696988,1,7,5,0.3700090141005197
696991,1,7,8,21.835825912077176
697018,1,7,8,26.03088457782502
697032,1,7,6,25.49073084557692
697037,1,7,5,0.3700090141005197
697040,1,7,9,20.226641271918393
697049,1,7,7,6.0011276809743155
697091,1,7,9,31.2319958129914
697094,1,7,7,5.90162596726995
697101,1,7,10,3.396222904575999
697112,1,7,6,23.828559565567602
697114,1,7,8,13.617441860965888
697119,1,7,9,22.29920405759271
697120,1,7,9,33.485282384253885
697123,1,7,9,19.62995744450436
697128,1,7,9,16.758815172373108
697140,1,7,1,22.346162743269854
697148,1,7,3,3.2083748459540677
697152,1,7,4,0.3700090657260609
697180,1,7,1,20.867378183037722
697185,1,7,5,0.37000902039789374
697199,1,7,4,0.3700090656202526
697202,1,7,9,26.474282442071885
697205,1,7,10,26.02779222820062
697207,1,7,8,28.642402490787685
697211,1,7,10,23.920739397496906
697214,1,7,9,25.728760453903202
697233,1,7,3,3.2534438924479994
697246,1,7,8,22.982496745667778
697252,1,7,8,23.94960880555093
697253,1,7,2,4.13503141615127
697264,1,7,10,22.033184592531175
697271,1,7,5,0.3700090141005197
697277,1,7,9,18.438775801034385
697292,1,7,10,10.935751150662401
697299,1,7,6,29.42905886831862
697301,1,7,8,21.445073284330423
697316,1,7,4,0.3700090657260609
697321,1,7,5,0.3700090141005197
697328,1,7,5,0.3700090141005197
697337,1,7,5,0.3700090141005197
697344,1,7,8,6.737315285778689
697354,1,7,10,3.321891028899287
697357,1,7,3,3.2209616796027216
697359,1,7,8,32.34781968172619
697380,1,7,4,0.3700090657260609
697392,1,7,9,16.083317092164073
697400,1,7,4,0.3700090657260609
697401,1,7,6,29.4036130064199
697403,1,7,7,6.480588753708493
697411,1,7,8,17.71830652256455
697417,1,7,2,11.590225214940403
697425,1,7,8,25.068618623758805
697427,1,7,7,2.992683322377557
697432,1,7,9,11.26574419632731
697439,1,7,9,24.29647042562321
697440,1,7,5,0.3700090141005197
697443,1,7,9,19.119534508723227
697452,1,7,10,19.039785229399936
697477,1,7,6,20.7639995826368
697483,1,7,3,0.9997394490759469
697501,1,7,1,15.497194985619178
697504,1,7,7,0.34099329092506947
697510,1,7,9,15.866292557222511
697512,1,7,8,29.412732898537833
697525,1,7,4,0.3700090657260609
697526,1,7,8,24.055878580379954
697531,1,7,8,17.820586205683163
697555,1,7,1,22.005709164162777
697565,0,7,0,0.02657978615854993
697569,1,7,6,15.544744036130659
697583,1,7,10,18.49549052099251
697599,1,7,3,3.152958377707892
697615,1,7,5,0.3700090141005197
697617,0,7,0,0.039071755139477436
697624,1,7,4,0.3700090657260609
697626,1,7,4,0.3700090657260609
697635,1,7,6,14.352122500238504
697642,1,7,3,2.309672981300833
697650,1,7,7,5.9038035853187365
697651,1,7,9,27.08034773762547
697664,1,7,5,0.3700090141005197
697675,1,7,10,10.747320587634388
697681,1,7,8,4.429385398325003
697684,1,7,5,0.37000902039789374
697699,1,7,6,15.730609916563928
697711,0,7,0,0.12495611151747912
697755,1,7,9,33.01545309885765
697756,1,7,3,0.9439122360982295
697771,1,7,5,0.3700090141005197
697791,1,7,7,0.3452627084436784
697811,1,7,8,4.482301958701978
697823,1,7,7,2.2628335339974757
697829,1,7,5,0.3700090141005197
697841,1,7,10,17.097340861963964
697846,1,7,5,0.3700090141005197
697853,1,7,10,18.443314675944293
697857,1,7,4,0.3700090657260609
697859,1,7,10,11.870199243876803
697901,1,7,10,5.2434423577430085
697930,1,7,9,29.622514339977307
697954,1,7,8,26.942904385169076
697966,1,7,6,21.751735010218074
697967,1,7,8,9.715924754171072
697974,1,7,5,0.3700090141005197
697993,1,7,5,0.3700090141005197
697994,1,7,8,5.291605515299021
698027,0,7,0,0.03343298912842596
698033,1,7,1,11.588406924875088
698049,1,7,9,23.749189039218912
698059,1,7,9,32.7731279356253
698060,1,7,5,0.3700090141005197
698061,1,7,6,26.576333348362777
698064,1,7,5,0.3700090141005197
698077,1,7,8,23.061342989774733
698084,1,7,9,3.3300507523744116
698091,1,7,4,0.3700090656202526
698097,1,7,9,32.43188227586227
698111,1,7,4,0.3700090657260609
698126,1,7,9,20.389200544736006
698137,1,7,5,0.3700090141005197
698140,1,7,4,0.3700090657260609
698142,0,7,0,0.033702362004535164
698144,1,7,1,13.724835947003584
698164,1,7,6,30.39046152065768
698180,0,7,0,0.025159904948272346
698181,1,7,5,0.3700090141005197
698202,1,7,7,2.908133822038275
698236,1,7,9,28.811738081597635
698237,0,7,0,0.03231906035363115
698251,1,7,6,25.264397026603024
698253,1,7,9,31.01516257168488
698281,1,7,8,27.207461678981765
698290,1,7,3,3.1767242100828303
698293,1,7,10,13.582671250845351
698320,1,7,8,12.310031106615268
698321,1,7,6,13.660236773725307
698328,1,7,1,16.02486542782702
698331,1,7,2,12.88070286072059
698356,1,7,9,31.356152687829486
698369,1,7,6,10.533162987533709
698371,1,7,6,19.29105488943573
698391,1,7,8,5.184361972906822
698409,1,7,6,22.313806304548415
698417,1,7,9,27.97299368538115
698433,1,7,6,10.774457379031675
698442,1,7,6,14.054731413627918
698452,1,7,9,22.125649123924614
698453,1,7,6,22.494592358477195
698463,1,7,5,0.37000902039789374
698465,1,7,2,8.830943934806
698475,1,7,8,14.092879819286534
698482,1,7,5,0.3700090141005197
698489,1,7,2,10.48973611865697
698499,1,7,8,20.304862047234163
698501,1,7,9,22.124176264352485
698509,1,7,10,14.549988620618238
698513,0,7,0,0.02536331147084107
698517,1,7,8,7.564964934964043
698522,1,7,9,16.136540355885202
698523,1,7,8,22.25024770797705
698531,1,7,6,14.258369051269705
698534,1,7,9,15.387984822461597
698536,1,7,10,4.700552559910797
698557,1,7,9,22.341194173275593
698568,1,7,5,0.3700090141005197
698573,1,7,4,0.3700090657260609
698577,1,7,6,22.66890094899519
698578,1,7,9,24.48370573728699
698579,1,7,8,24.9028213044512
698581,1,7,10,22.02461745532228
698586,0,7,0,0.039052551970134596
698590,1,7,1,28.06997909666328
698594,1,7,8,32.545810156607786
698613,0,7,0,0.04703592105769654
698618,1,7,6,27.975903519234173
698621,1,7,9,6.174417706338339
698637,0,7,0,0.03407365984324046
698643,1,7,9,6.405950684558115
698668,1,7,7,4.165151664391337
698700,1,7,9,11.360999850077729
698706,1,7,9,18.107906614935416
698732,1,7,6,13.144783807918504
698742,0,7,0,0.034763225908646604
698770,1,7,9,30.163717180514723
698784,1,7,7,6.487214426936957
698800,0,7,0,0.03289879185653083
698806,1,7,8,7.055005589210455
698819,1,7,6,26.917298871256293
698829,1,7,10,11.87566183831815
698842,1,7,4,0.3700090657260609
698849,0,7,0,0.15996751844976273
698853,1,7,4,0.3700090657260609
698856,1,7,4,0.3700090657260609
698857,1,7,10,26.017963676503403
698866,1,7,4,0.3700090657260609
698878,1,7,5,0.3700090141005197
698901,1,7,9,29.83911678955009
698905,1,7,9,23.841265738546763
698909,1,7,1,19.47175578266855
698942,1,7,4,0.3700090657260609
698945,1,7,4,0.3700090657260609
698947,1,7,4,0.3700090657260609
698963,1,7,6,16.684043950856072
698974,1,7,5,0.3700090141005197
698977,1,7,4,0.3700090657260609
698979,1,7,8,33.896703910028535
698982,1,7,7,2.0775801183951517
698989,1,7,4,0.3700090657260609
698999,1,7,6,20.370403238344824
699008,1,7,7,6.439341175422198
699015,1,7,9,2.8592023591259577
699017,1,7,2,15.27911555115515
699022,0,7,0,0.04055883497560583
699035,1,7,5,0.3700090141005197
699036,1,7,6,11.43577060288398
699047,1,7,6,30.383722373484336
699053,1,7,8,18.25926072755255
699055,1,7,9,14.624829022047084
699075,1,7,9,25.661058064431806
699079,1,7,5,0.3700090141005197
699084,1,7,1,8.21221751589206
699113,1,7,5,0.3700090141005197
699117,1,7,10,10.80149327353813
699137,1,7,9,14.442675371233367
699163,1,7,9,26.22379848909869
699178,1,7,6,11.178155570991185
699185,1,7,6,22.486875204488378
699187,1,7,10,26.047821883752263
699192,1,7,8,22.216761823814203
699207,1,7,9,33.79250147675155
699213,1,7,10,14.63348645733158
699240,1,7,6,14.456469098969503
699277,1,7,1,5.772294632086856
699288,1,7,9,14.641041358343237
699312,1,7,9,22.42409311506676
699323,1,7,6,24.710282341979784
699332,1,7,8,21.041486629882986
699335,1,7,5,0.3700090141005197
699352,1,7,5,0.3700090141005197
699354,1,7,7,6.234746535862306
699364,1,7,10,6.301815941049957
699368,1,7,9,26.204512076541306
699379,1,7,10,25.88247228790013
699383,1,7,8,33.91223817493055
699404,0,7,0,0.03638629188380514
699406,1,7,8,26.925831793870948
699407,1,7,4,0.3700090657260609
699446,1,7,8,16.951204548975
699476,1,7,1,20.09086327988257
699485,1,7,7,2.45805492640927
699498,1,7,8,9.14554966533613
699503,1,7,9,28.98481280036104
699504,1,7,10,14.841285720626129
699509,1,7,6,11.35871274511903
699515,1,7,9,31.89950958844132
699552,1,7,8,8.406555031716305
699555,1,7,10,9.355632515954934
699560,1,7,10,6.697530424400242
699597,1,7,6,30.381343259354235
699603,1,7,6,10.54126713270037
699623,1,7,4,0.3700090657260609
699630,1,7,10,21.202638122233022
699657,1,7,8,12.950080848527106
699661,1,7,9,2.6231574803330395
699679,1,7,7,1.441631895889768
699686,1,7,5,0.3700090141005197
699689,1,7,8,6.824960374883148
699694,0,7,0,0.047209066893847865
699723,1,7,8,13.718908497324646
699724,1,7,9,5.206890361808595
699730,1,7,6,19.194400300685555
699740,1,7,9,2.85447923697109
699750,1,7,6,15.232749920152395
699751,1,7,9,12.382489182708282
699752,0,7,0,0.03133445575230758
699757,1,7,8,23.165552803813217
699758,1,7,6,12.886669861885936
699761,1,7,9,20.804001325498195
699764,0,7,0,0.03203168312647713
699768,1,7,7,5.996762076731037
699770,0,7,0,0.03427698041368084
699780,1,7,7,1.7967161341489035
699789,1,7,1,26.358459516550866
699794,1,7,2,1.6839783930987424
699797,1,7,1,10.777826139716128
699827,1,7,8,23.57930109833215
699830,1,7,1,7.18399953769541
699844,1,7,1,13.01271509700223
699847,1,7,5,0.3700090141005197
699870,1,7,10,21.636822795780702
699872,1,7,8,28.211536342748865
699875,1,7,8,28.502256897834908
699898,1,7,1,21.73901931012315
699900,1,7,2,7.943140490008159
699907,1,7,9,33.57846788460634
699913,0,7,0,0.04202514788399013
699930,1,7,9,30.67137779366846
699932,1,7,3,2.5434070302585376
699938,1,7,9,20.974620718801376
699942,1,7,6,8.622267594347543
699949,1,7,5,0.3700090141005197
699954,1,7,6,24.59870438934788
699956,1,7,9,33.19607330238773
699960,1,7,2,14.643950016476253
699966,1,7,9,33.09017121660103
699976,1,7,4,0.3700090657260609
699979,1,7,8,21.923147848468037
700009,1,7,6,29.531237100430086
700017,1,7,2,15.36381710243151
700024,1,7,1,9.592456765155996
700036,1,7,10,16.57799774305044
700045,1,7,8,16.5952260724946
700048,1,7,2,7.47890979911719
700049,1,7,8,29.2051371212836
700052,1,7,7,5.939089305608554
700061,1,7,10,18.263322887641344
700067,1,7,4,0.3700090657260609
700075,1,7,9,14.064137015638693
700092,1,7,9,32.9320236266744
700104,0,7,0,0.03369276327111214
700105,1,7,10,3.982060497858777
700120,1,7,4,0.3700090657260609
700135,1,7,1,15.207534437380748
700137,1,7,8,33.3742371334304
700146,1,7,2,14.962922377704306
700154,1,7,9,28.870447745067427
700159,1,7,4,0.3700090657260609
700165,1,7,10,24.52714191721695
700184,1,7,10,10.411968511347398
700187,1,7,8,8.725226472692912
700201,1,7,1,18.615875012034078
700206,1,7,6,28.870160925696
700212,1,7,9,32.79664809122653
700214,1,7,4,0.3700090657260609
700216,1,7,4,0.3700090657260609
700260,1,7,10,16.931596051267356
700275,1,7,5,0.3700090141005197
700285,1,7,5,0.3700090141005197
700299,1,7,10,5.617704424672352
700306,0,7,0,0.035602914106166596
700327,1,7,5,0.37000902039789374
700333,1,7,8,30.658183032458595
700335,1,7,9,20.48929567959684
700348,1,7,8,20.876820697026503
700349,1,7,1,24.36136617761551
700350,1,7,6,6.652268235148995
700351,1,7,10,21.617221983843795
700365,1,7,1,24.576831204852706
700372,1,7,4,0.3700090657260609
700403,0,7,0,0.039019193540979026
700405,1,7,8,34.0026599748646
700414,1,7,8,13.867160952572862
700424,1,7,6,15.803087536854333
700426,1,7,8,23.70146101676938
700435,1,7,6,19.181542118519857
700446,1,7,1,8.628304232180092
700457,1,7,7,4.260810762579276
700473,1,7,7,2.20033650399335
700486,1,7,1,21.108072874034974
700491,1,7,10,18.51217141668191
700495,1,7,5,0.3700090141005197
700502,1,7,8,11.246375509274554
700503,0,7,0,0.21604759526137934
700505,1,7,6,15.167688056018081
700516,1,7,5,0.3700090141005197
700545,1,7,6,29.42621055361417
700548,1,7,5,0.3700090141005197
700549,1,7,4,0.3700090657260609
700555,1,7,4,0.3700090657260609
700563,1,7,4,0.3700090657260609
700579,1,7,4,0.3700090657260609
700586,1,7,5,0.37000902039789374
700609,1,7,6,5.751669409773519
700616,1,7,5,0.3700090141005197
700636,1,7,4,0.3700090657260609
700640,1,7,5,0.3700090141005197
700647,1,7,6,21.22237037365864
700659,1,7,3,1.9768382552455732
700665,1,7,10,9.907518990981176
700690,1,7,2,12.292346256548607
700694,1,7,9,30.658978312393877
700728,1,7,4,0.3700090657260609
700738,1,7,8,22.815369343109555
700740,1,7,8,21.112738835481903
700743,1,7,1,14.357640293331336
700754,1,7,4,0.3700090657260609
700762,1,7,10,13.289440121239167
700777,1,7,5,0.3700090141005197
700787,1,7,9,21.05747845824692
700798,0,7,0,0.031535138415708326
700802,1,7,5,0.3700090141005197
700806,1,7,8,33.81603663095919
700813,1,7,10,15.37551330271162
700821,1,7,3,3.2331298217469198
700831,1,7,9,19.216898556485944
700835,1,7,8,34.272611469713716
700863,1,7,8,28.183038192387897
700866,1,7,4,0.3700090657260609
700872,1,7,7,3.122821721976647
700891,1,7,8,15.386123179322139
700892,1,7,9,23.848615612925922
700901,1,7,4,0.3700090657260609
700909,1,7,6,16.53719026916875
700914,1,7,6,29.734660203289113
700921,1,7,10,23.6169901118628
700922,1,7,4,0.3700090657260609
700941,1,7,9,14.144420302553252
700949,1,7,8,9.101942076664418
700968,1,7,9,32.76114311252713
700969,1,7,9,32.789342812169195
700985,1,7,7,5.930697369314865
700987,1,7,8,8.751075668984056
700998,0,7,0,0.1791407301683232
700999,1,7,8,24.88210141799542
701004,1,7,8,21.07545506092475
701015,1,7,8,20.753214221791325
701027,1,7,8,20.769235819926376
701029,1,7,9,18.886070564905953
701031,1,7,4,0.3700090657260609
701036,1,7,4,0.3700090657260609
701053,1,7,6,21.584852403420413
701076,1,7,5,0.3700090141005197
701079,1,7,10,11.952282616134694
701092,1,7,9,15.785765749384769
701097,1,7,7,3.326440836074141
701119,0,7,0,0.04117069701972261
701121,1,7,1,5.784921468558576
701130,1,7,9,32.69250436135462
701136,1,7,8,2.6594489179822514
701143,1,7,9,22.826458981092248
701146,1,7,2,9.222648316267493
701156,1,7,6,25.23036667705443
701158,1,7,4,0.3700090657260609
701165,1,7,7,5.458203322192242
701182,1,7,8,20.413557697596186
701185,1,7,6,23.915677963099153
701192,1,7,8,17.465260003617743
701194,1,7,9,19.877554742098873
701203,1,7,4,0.3700090657260609
701207,1,7,6,17.472716084080425
701208,1,7,6,21.069616426401222
701240,1,7,9,11.350504527885432
701261,1,7,8,33.111935302991526
701263,1,7,3,2.8925384040125057
701266,1,7,8,24.289439460376013
701283,1,7,5,0.3700090141005197
701285,0,7,0,0.051264744246018124
701304,1,7,3,3.146925768832911
701307,1,7,10,16.166062374771702
701309,1,7,5,0.3700090141005197
701319,1,7,6,22.88592059631913
701346,1,7,9,20.388150998960793
701365,1,7,8,33.19636786423359
701376,1,7,2,10.126494773660902
701409,1,7,7,5.577465879532035
701449,1,7,6,22.41915246035705
701452,1,7,6,7.177213870711578
701455,1,7,8,30.448337184246114
701473,1,7,4,0.3700090657260609
701490,1,7,6,9.848680253809075
701499,1,7,9,33.01121606284964
701529,1,7,8,21.707019320617118
701543,1,7,4,0.3700090657260609
701550,1,7,9,23.295157088162217
701559,1,7,9,32.89071350297694
701561,1,7,1,15.398812562068008
701569,1,7,4,0.3700090657260609
701573,1,7,5,0.37000902039789374
701584,1,7,6,14.021704212791322
701599,1,7,5,0.3700090141005197
701611,1,7,7,4.1121556009599365
701626,1,7,3,3.252024503730443
701650,1,7,7,3.1001380232930185
701658,1,7,5,0.3700090141005197
701671,1,7,5,0.3700090141005197
701676,0,7,0,0.027624942923901424
701679,1,7,4,0.3700090657260609
701680,1,7,3,2.361324227197122
701690,1,7,10,6.313663141296079
701697,1,7,8,20.49440944798323
701701,1,7,9,9.920432039662813
701712,1,7,6,7.560880807505569
701713,1,7,8,27.21738708070958
701714,1,7,5,0.3700090141005197
701718,1,7,8,24.47753419893505
701735,1,7,2,16.360853051089855
701738,1,7,9,9.09296481063355
701741,1,7,6,17.463089685260982
701744,1,7,10,13.677098706244442
701749,1,7,10,17.84010561961062
701755,1,7,7,5.911329032407971
701780,0,7,0,0.029685012175079437
701786,1,7,8,9.283548847212064
701787,1,7,4,0.3700090657260609
701803,1,7,9,14.149841839523697
701805,1,7,8,17.4735280384987
701807,1,7,1,11.369161901782979
701808,1,7,8,27.429422553711312
701809,1,7,10,10.385722984313123
701814,1,7,5,0.37000902039789374
701815,1,7,9,22.981481524584034
701843,1,7,5,0.3700090141005197
701844,1,7,9,31.56866605501452
701878,1,7,8,27.704094236494758
701894,1,7,8,20.303204243639023
701895,1,7,6,30.365685003743426
701900,1,7,5,0.3700090141005197
701916,1,7,10,11.232789525680001
701926,1,7,8,25.603651520015685
701936,1,7,2,15.538548716275457
701943,1,7,9,30.839317841283265
701945,1,7,4,0.3700090657260609
701951,1,7,1,22.147086278491944
701955,1,7,4,0.3700090657260609
701959,1,7,6,30.004186567781993
701965,1,7,10,14.098078728429503
701970,1,7,2,16.387662198415168
701972,1,7,9,24.729024846247892
701975,1,7,9,24.1319248207545
701984,1,7,1,10.428777226048304
702008,1,7,2,8.27349028657646
702025,1,7,9,19.51174761032688
702027,1,7,6,29.370366191625454
702045,1,7,10,9.027717060140139
702058,1,7,6,19.548993640214935
702059,1,7,10,18.049236929453965
702061,1,7,9,31.257078089880775
702081,1,7,9,31.08379442839983
702086,1,7,5,0.3700090141005197
702092,1,7,2,13.847848811964974
702095,1,7,3,0.6226784318793109
702096,1,7,2,0.22651030597954344
702098,1,7,10,7.4551616918279455
702108,0,7,0,0.11483940969233265
702123,1,7,4,0.3700090657260609
702127,1,7,3,2.448386998075195
702129,1,7,9,23.965812946514188
702132,1,7,2,0.9756692667828902
702142,0,7,0,0.047028125000532946
702144,1,7,8,26.616551308675298
702204,1,7,9,27.338839947925116
702211,1,7,8,13.184847316672338
702218,1,7,1,17.163621874235517
702237,0,7,0,0.022230691930077498
702246,1,7,8,15.775623988901323
702252,1,7,8,19.828966533567392
702266,1,7,5,0.3700090141005197
702268,1,7,5,0.3700090141005197
702290,1,7,10,17.581365191523865
702296,0,7,0,0.03346938011848133
702297,1,7,6,22.554264404423016
702304,1,7,5,0.3700090141005197
702313,1,7,9,25.07761826477933
702316,1,7,8,31.534133071474727
702322,1,7,7,1.7943562267075952
702329,1,7,10,18.446573295001823
702345,1,7,6,26.27411356248373
702360,1,7,4,0.3700090657260609
702361,1,7,6,29.704077537390404
702370,1,7,9,21.8428399503103
702386,0,7,0,0.04451414957412147
702403,1,7,5,0.3700090141005197
702410,1,7,10,21.87357697438981
702413,1,7,6,21.857077082314525
702440,1,7,9,28.108527096196717
702452,1,7,8,16.261792212584815
702471,1,7,6,29.56845884999991
702472,1,7,9,2.7140050128644098
702485,1,7,9,23.26518452988815
702486,1,7,9,13.158846386376265
702489,1,7,1,21.30254820567972
702490,1,7,9,23.82884386986615
702502,0,7,0,0.04670092844686556
702504,1,7,6,25.192771881046855
702507,1,7,1,9.118352846938462
702513,1,7,1,20.621414843311488
702540,1,7,4,0.3700090657260609
702552,1,7,9,33.60571582556787
702554,1,7,9,24.29914584798113
702564,1,7,8,31.594491970547608
702565,1,7,9,26.390856190819726
702567,1,7,8,23.636304880472917
702589,1,7,7,1.4493933158037418
702593,1,7,8,23.60715055106297
702602,1,7,9,24.692314005803407
702610,1,7,1,8.12661318357832
702629,1,7,4,0.3700090657260609
702640,1,7,8,24.28072858846568
702647,1,7,5,0.3700090141005197
702659,1,7,6,16.948331237936774
702660,1,7,1,16.396593449062802
702665,1,7,5,0.3700090141005197
702669,1,7,8,27.457617921983196
702679,1,7,7,2.1897022866575773
702692,1,7,1,10.72549201027211
702714,1,7,5,0.37000902039789374
702731,1,7,8,4.477992879581226
702745,1,7,4,0.3700090657260609
702755,1,7,8,8.24344879055549
702770,1,7,5,0.3700090141005197
702776,1,7,6,30.258331373388813
702780,1,7,10,26.00894821824486
702796,0,7,0,0.04338745986458032
702800,1,7,10,13.127572914217755
702817,1,7,9,5.388539535616296
702829,1,7,6,27.966769699302443
702831,1,7,4,0.3700090657260609
702844,0,7,0,0.03573787772283287
702845,1,7,5,0.3700090141005197
702855,1,7,6,15.699349169236866
702871,1,7,8,32.30275021042682
702873,1,7,7,6.181924323169154
702877,1,7,7,1.2967945254108455
702880,1,7,6,14.394469467737066
702884,1,7,4,0.3700090657260609
702890,1,7,8,24.66979828437769
702894,1,7,4,0.3700090657260609
702895,1,7,9,3.8672294236537663
702902,1,7,10,15.249680311438157
702916,1,7,4,0.3700090657260609
702933,0,7,0,0.04052567726113789
702948,1,7,10,5.571224620338722
702949,1,7,4,0.3700090657260609
702959,1,7,5,0.3700090141005197
702960,1,7,10,16.492874164004277
702973,1,7,10,13.689230336069222
702987,1,7,9,31.912507290207728
702988,1,7,3,1.3120594593279356
702995,1,7,2,16.208732140998617
702999,1,7,5,0.3700090141005197
703013,1,7,8,18.366630752755338
703026,1,7,1,17.82340705811369
703051,1,7,5,0.3700090141005197
703059,1,7,1,21.840758354091186
703085,1,7,5,0.3700090141005197
703096,1,7,7,1.6124745020270004
703102,1,7,5,0.3700090141005197
703142,1,7,5,0.3700090141005197
703143,1,7,4,0.3700090657260609
703150,1,7,4,0.3700090657260609
703153,1,7,6,29.38159531796817
703155,1,7,8,15.209261626327704
703160,1,7,6,26.646529591081837
703162,1,7,9,8.923170405940864
703164,1,7,8,29.33721194792473
703167,0,7,0,0.038175030753574694
703173,1,7,5,0.3700090141005197
703217,1,7,10,13.749817963599074
703218,1,7,4,0.3700090657260609
703227,1,7,3,0.9356943029122481
703237,1,7,6,13.057187422320357
703250,1,7,9,22.8420299272171
703255,1,7,1,12.544023147944564
703266,1,7,9,25.881985259989182
703270,1,7,1,8.808734246923844
703271,1,7,8,32.00167075777503
703278,1,7,6,14.351186632122705
703281,1,7,6,16.42763355313811
703287,1,7,9,19.1027864851688
703288,0,7,0,0.0704364123021025
703337,1,7,5,0.37000902039789374
703341,1,7,8,13.930535178824115
703343,1,7,4,0.3700090657260609
703346,0,7,0,0.019222575831801297
703372,1,7,10,17.048781024622837
703383,1,7,5,0.3700090141005197
703388,1,7,7,4.725922646146452
703396,1,7,8,24.139889574274246
703421,1,7,5,0.3700090141005197
703458,1,7,9,33.68860394061201
703488,1,7,9,25.047421418371965
703491,1,7,10,6.148285752876156
703493,0,7,0,0.03823244807532207
703499,1,7,6,16.787172656177827
703509,1,7,8,15.247122601811943
703514,1,7,5,0.3700090141005197
703523,1,7,6,17.3295487672434
703538,1,7,5,0.3700090141005197
703552,1,7,9,25.34631015441311
703559,1,7,9,33.429903479036845
703573,1,7,6,19.11824269748585
703588,1,7,8,22.533684635732506
703598,1,7,5,0.3700090141005197
703653,1,7,9,18.037636299853386
703659,1,7,8,31.454754745815602
703661,1,7,4,0.3700090657260609
703667,1,7,8,11.019702869528249
703674,1,7,7,2.2046109045706483
703675,1,7,6,30.20460339507632
703677,1,7,9,15.106085909566806
703701,1,7,8,12.63096404549722
703709,1,7,9,31.88084470583384
703715,1,7,6,13.739815060471875
703729,1,7,8,24.624671454245668
703748,1,7,3,2.2572479959429956
703755,1,7,9,29.176198809654043
703764,1,7,9,23.095123761206104
703778,1,7,6,27.155344003284693
703797,1,7,6,19.666184353840244
703801,1,7,8,11.057294807050148
703806,1,7,6,23.452271081695887
703822,1,7,8,26.13944270989397
703832,1,7,1,8.443629577103065
703836,1,7,4,0.3700090657260609
703850,1,7,2,16.503650270627674
703855,1,7,5,0.3700090141005197
703860,1,7,8,20.7049113022711
703864,1,7,8,2.604565584035391
703871,1,7,2,7.6170873380976944
703876,1,7,5,0.3700090141005197
703882,1,7,9,25.16161220046139
703892,1,7,6,29.33777522069877
703894,1,7,10,6.701400558546182
703899,0,7,0,0.03702473771990229
703903,1,7,3,3.1349675231544203
703906,1,7,9,26.710165583007342
703911,1,7,7,2.793591646793757
703929,1,7,9,25.199454639564955
703930,1,7,1,5.296686752589113
703936,1,7,6,11.575688344822948
703938,1,7,9,20.50589349177568
703940,1,7,9,25.375714530866315
703943,1,7,9,18.416011309293292
703950,1,7,1,21.803494764498137
703958,1,7,6,16.057319717869106
703961,1,7,9,18.86002913189182
703964,1,7,9,19.163667955578294
703979,1,7,8,25.683890508719966
703990,1,7,9,33.058380316175636
703999,1,7,9,27.550414663563195
704011,0,7,0,0.03845214503051268
704013,1,7,9,23.64691762790267
704028,1,7,4,0.3700090657260609
704054,1,7,5,0.3700090141005197
704061,1,7,9,11.606569946833089
704062,1,7,8,19.85587952812557
704065,1,7,4,0.3700090657260609
704077,1,7,10,9.707645522461657
704113,1,7,6,26.6654659160212
704118,1,7,9,8.731090640350091
704144,1,7,5,0.3700090141005197
704145,1,7,8,25.641147785938735
704151,1,7,5,0.3700090141005197
704152,1,7,8,10.798229949108835
704163,1,7,1,23.521965879583234
704165,1,7,9,18.553732216211586
704181,1,7,9,30.88904968376093
704190,1,7,10,23.64623712211429
704191,1,7,1,17.61867008967318
704219,1,7,6,18.226709666719668
704220,1,7,5,0.3700090141005197
704255,1,7,3,0.6405604867566055
704259,1,7,5,0.3700090141005197
704261,1,7,3,2.8189485342377085
704262,1,7,4,0.3700090657260609
704274,1,7,5,0.37000902039789374
704279,1,7,5,0.37000902039789374
704303,1,7,5,0.3700090141005197
704354,1,7,10,19.38252971378927
704356,1,7,10,20.53852132367226
704363,1,7,1,26.092322199085217
704364,1,7,4,0.3700090657260609
704379,1,7,5,0.3700090141005197
704380,1,7,1,15.093381950351985
704384,1,7,8,32.68827099213914
704391,1,7,1,15.247743997319725
704392,1,7,10,11.407876503972982
704400,1,7,2,15.585431046231884
704403,1,7,4,0.3700090657260609
704435,1,7,2,12.54358939987716
704439,1,7,8,32.336728451738324
704442,1,7,10,22.32755145141652
704449,1,7,9,23.276631966399034
704450,1,7,6,29.76419553176708
704469,1,7,5,0.3700090141005197
704502,1,7,4,0.3700090657260609
704518,1,7,1,27.040667262537454
704520,1,7,10,26.022243273576876
704527,1,7,6,18.7010123044355
704541,1,7,7,4.650148724584364
704544,1,7,5,0.3700090141005197
704553,1,7,9,31.035308470859697
704563,1,7,4,0.3700090657260609
704568,1,7,6,21.4937895383805
704573,1,7,6,25.391086908169736
704579,1,7,8,26.51863312813543
704588,1,7,4,0.3700090657260609
704596,1,7,9,33.032858523230345
704626,1,7,4,0.3700090656202526
704668,1,7,5,0.3700090141005197
704672,1,7,2,6.5928804682323205
704694,1,7,8,35.391465412764376
704716,1,7,4,0.3700090657260609
704723,1,7,3,3.0961656291584
704727,1,7,10,13.947910307659305
704729,1,7,8,30.968084897353297
704739,1,7,6,28.41313816017663
704754,0,7,0,0.02436798968893638
704763,1,7,1,11.162352529488718
704769,1,7,6,29.03709970359687
704781,1,7,10,11.333706423242313
704788,1,7,3,0.9464822596820421
704795,1,7,7,4.681285309392456
704800,1,7,4,0.3700090657260609
704808,1,7,4,0.3700090657260609
704810,1,7,4,0.3700090657260609
704812,1,7,1,11.371652439179956
704816,1,7,5,0.3700090141005197
704832,1,7,9,25.01400866512079
704838,1,7,1,11.416074203492775
704855,1,7,5,0.3700090141005197
704890,1,7,4,0.3700090657260609
704899,1,7,5,0.3700090141005197
704903,1,7,8,2.8245538437726454
704913,1,7,8,19.435862962343403
704916,1,7,7,3.206006920912652
704944,1,7,9,11.285474193093338
704949,1,7,4,0.3700090657260609
704956,1,7,5,0.3700090141005197
704961,1,7,1,6.863956530713825
704982,1,7,6,20.3777596047808
704986,1,7,6,29.351869573420384
704991,1,7,10,11.201558950885403
705005,1,7,7,1.4459233112358296
705040,1,7,6,19.323852863618516
705101,1,7,8,18.560431997371943
705111,1,7,4,0.3700090657260609
705115,1,7,4,0.3700090657260609
705117,1,7,1,17.686629305772627
705123,1,7,3,0.6083140728280467
705146,1,7,1,14.6316488382769
705148,1,7,6,15.23045971900642
705180,1,7,6,22.198203594333574
705188,1,7,5,0.3700090141005197
705190,0,7,0,0.03513111883295836
705226,1,7,10,18.877373431629252
705231,1,7,9,25.880748405609282
705241,1,7,5,0.3700090141005197
705244,1,7,3,2.49483945124911
705274,1,7,8,11.38600536417537
705285,1,7,9,28.111072949203802
705301,1,7,5,0.3700090141005197
705314,1,7,9,13.898168769671189
705324,1,7,8,15.773175906545497
705331,1,7,5,0.3700090141005197
705332,1,7,4,0.3700090657260609
705370,1,7,9,31.100456360609833
705375,1,7,7,4.383422876132823
705387,1,7,3,2.999355756735549
705400,1,7,4,0.3700090657260609
705409,1,7,6,7.531701960355583
705414,1,7,8,26.926607023738768
705420,1,7,7,3.268376134287151
705430,1,7,5,0.3700090141005197
705443,1,7,4,0.3700090657260609
705444,1,7,8,24.15186523749081
705457,1,7,9,3.518641991411102
705461,1,7,4,0.3700090657260609
705492,1,7,6,13.935710440260591
705493,1,7,9,32.37454753345383
705514,1,7,6,21.365400223136664
705516,1,7,7,5.810080546433289
705530,1,7,10,11.999076597089134
705542,1,7,2,10.902103187664478
705547,1,7,8,25.879567470275525
705551,0,7,0,0.03596958575754443
705572,1,7,5,0.3700090141005197
705581,1,7,9,21.49983914370294
705589,1,7,8,25.458327981718153
705590,1,7,10,21.88912806079908
705597,1,7,4,0.3700090657260609
705601,1,7,8,27.409639561952805
705603,1,7,2,10.321150270638116
705611,1,7,10,25.731647622818155
705623,1,7,6,10.036515421306309
705624,1,7,8,20.25019062878338
705639,1,7,6,25.684141081965873
705646,1,7,8,18.448640276188442
705647,1,7,9,32.07946276211321
705651,1,7,8,28.331989648637247
705659,1,7,8,23.331891116624636
705662,1,7,10,15.778165619529428
705665,1,7,7,1.2328654198852838
705718,1,7,9,33.18833254972162
705748,1,7,9,32.81209180802234
705755,1,7,8,25.493033695459445
705766,1,7,10,12.595856391688644
705790,1,7,1,27.502447632606817
705808,1,7,9,12.933625597366932
705810,1,7,10,11.94305670585889
705832,1,7,9,7.370832278521488
705833,1,7,5,0.3700090141005197
705840,1,7,6,20.671315927293303
705855,1,7,10,24.386080516978048
705878,1,7,1,25.61464594200488
705896,1,7,2,15.917288758188509
705908,1,7,5,0.3700090141005197
705910,1,7,6,21.062889867882127
705924,0,7,0,0.04360278209634657
705925,1,7,1,19.07775888139309
705926,1,7,10,23.371208155324595
705930,1,7,8,31.434872131851765
705939,1,7,9,17.71270103923609
705956,1,7,8,28.84682984681856
705971,1,7,5,0.3700090141005197
705978,1,7,6,11.91272962112984
705983,1,7,7,5.9723547825549534
705988,1,7,10,18.51121897219274
705990,1,7,8,18.209305597060716
705995,1,7,6,19.196818987952888
705996,1,7,6,29.59714519332122
706017,0,7,0,0.04393647924137183
706018,1,7,9,21.518019735289016
706031,1,7,5,0.3700090141005197
706035,1,7,10,18.51759242318819
706039,1,7,8,11.497818134468108
706047,1,7,10,3.51959218856779
706056,1,7,4,0.3700090657260609
706057,1,7,9,11.962547938743363
706064,1,7,9,19.327149971131178
706106,1,7,1,11.03618262319658
706117,1,7,10,9.824137349668444
706122,1,7,10,13.040229209778829
706133,1,7,2,12.59411138270235
706134,1,7,10,11.262768953447665
706136,1,7,10,15.201462277455924
706141,1,7,5,0.3700090141005197
706144,1,7,9,22.225663250169944
706148,1,7,5,0.3700090141005197
706149,1,7,7,3.739148548822963
706165,1,7,8,22.45933811993017
706171,1,7,5,0.3700090141005197
706179,1,7,5,0.3700090141005197
706190,0,7,0,0.03403062095652217
706200,1,7,10,14.549468191703252
706213,1,7,10,9.33863016894732
706218,1,7,3,1.4367953745931465
706233,1,7,1,27.960705491378818
706235,1,7,6,17.161889262866378
706250,1,7,9,33.4613061345671
706251,1,7,7,5.203425879361234
706263,1,7,8,4.109087815925314
706270,1,7,10,19.358945159770244
706273,0,7,0,0.09155024354292697
706280,1,7,5,0.3700090141005197
706304,1,7,4,0.3700090657260609
706315,1,7,8,35.49409867815748
706331,1,7,9,22.958549792056477
706336,1,7,6,17.807970950571097
706346,1,7,10,23.536391884755364
706361,1,7,6,12.387391221367912
706381,1,7,6,29.35472403812199
706392,1,7,10,15.92882771941911
706412,1,7,10,4.688402016590512
706416,1,7,3,2.7407819039396144
706424,1,7,6,26.73073428859103
706427,1,7,6,29.395952762743256
706434,1,7,6,19.495812472653007
706435,1,7,1,12.974378430397502
706439,1,7,9,19.974914492781554
706458,1,7,9,32.691216834001764
706475,0,7,0,0.0390135181076608
706482,1,7,2,13.070546143601197
706515,1,7,5,0.3700090141005197
706533,1,7,10,17.901057413110447
706543,1,7,8,22.494162250470886
706548,1,7,3,3.1885462921731382
706568,1,7,9,8.846569513196389
706570,1,7,9,28.55503804164644
706586,1,7,9,31.525065667972186
706587,1,7,5,0.3700090141005197
706590,1,7,6,22.090558405373425
706635,1,7,6,22.71273117113743
706639,1,7,1,13.735047023093376
706646,1,7,7,3.638316218143038
706662,1,7,9,12.57344330836176
706664,1,7,1,25.39575283048079
706670,1,7,6,24.4283484700097
706679,1,7,5,0.3700090141005197
706703,1,7,6,22.420211854438268
706720,1,7,10,17.665974491715712
706721,1,7,6,27.48129314558752
706722,1,7,9,20.66965351038952
706736,1,7,8,20.656656810072523
706742,0,7,0,0.03182587206037305
706750,1,7,4,0.3700090657260609
706767,0,7,0,0.032916268266215
706769,1,7,5,0.3700090141005197
706776,1,7,6,24.17450486161603
706804,1,7,9,4.0929601876020465
706811,1,7,8,15.792791557253377
706813,1,7,7,5.3653145253257675
706814,1,7,6,11.099796233004744
706841,1,7,2,5.99658417776718
706849,1,7,6,15.521657348694983
706868,1,7,6,28.140634987867763
706870,1,7,6,23.917660708548773
706872,1,7,5,0.3700090141005197
706873,1,7,8,29.92670133217455
706887,1,7,9,4.456609402280278
706890,1,7,1,24.698406172952993
706891,1,7,8,5.823826566149243
706896,1,7,2,10.977285762563586
706918,1,7,8,32.09203776040761
706920,1,7,5,0.3700090141005197
706923,1,7,9,30.88852317889027
706940,1,7,9,33.109870269626114
706947,1,7,6,16.033759276854354
706951,1,7,1,8.221884177216351
706969,1,7,5,0.3700090141005197
706983,1,7,8,33.5180379336798
707022,1,7,8,17.292180187098356
707032,1,7,2,14.538565475119812
707039,1,7,1,14.985391055940697
707048,1,7,8,12.697431877150164
707065,1,7,3,2.50246044251872
707067,1,7,4,0.3700090657260609
707070,1,7,8,25.06968229019636
707086,1,7,10,18.060247260226255
707088,1,7,9,33.61116183067042
707096,1,7,1,10.493077594885865
707108,1,7,4,0.3700090657260609
707111,1,7,5,0.3700090141005197
707133,1,7,9,14.689248282127492
707158,1,7,5,0.3700090141005197
707164,1,7,8,29.082755839830003
707170,1,7,8,23.517336858188365
707186,1,7,8,14.721572754502388
707215,1,7,6,21.894856636269335
707225,1,7,1,26.56656131549888
707229,1,7,9,14.109184705283901
707238,1,7,9,12.35590306047321
707240,1,7,5,0.3700090141005197
707248,1,7,9,15.55891956080565
707254,1,7,8,28.916392466414717
707255,1,7,4,0.3700090657260609
707262,1,7,1,5.367898530363753
707265,1,7,8,35.85806491727739
707318,1,7,6,20.676283502045592
707329,1,7,9,13.98843683843365
707344,0,7,0,0.034449732015104
707353,1,7,9,14.805253243007245
707356,1,7,6,27.88417573605409
707364,1,7,10,9.048325120735631
707374,1,7,7,1.7469526226881218
707383,1,7,4,0.3700090657260609
707394,1,7,3,3.1016784313827213
707399,1,7,9,31.350792667365546
707413,1,7,9,15.322789542422786
707415,1,7,9,31.563760959027324
707429,1,7,5,0.3700090141005197
707455,1,7,9,14.176467873708402
707459,1,7,1,19.281175979060276
707462,0,7,0,0.046789919322471826
707496,1,7,7,5.70213206352246
707497,1,7,5,0.3700090141005197
707502,1,7,1,4.895448128708679
707517,1,7,6,4.892293588866912
707525,1,7,5,0.3700090141005197
707540,1,7,6,29.29535411385693
707541,1,7,9,26.28747327605131
707549,1,7,7,5.555623542675546
707555,1,7,6,23.515744902642403
707588,1,7,5,0.3700090141005197
707590,1,7,6,19.274606640102306
707598,0,7,0,0.047195992281490455
707612,1,7,5,0.3700090141005197
707618,1,7,4,0.3700090657260609
707640,1,7,3,0.922911405839536
707645,1,7,9,31.76423941633425
707649,1,7,5,0.3700090141005197
707651,1,7,9,16.799502068184697
707652,1,7,6,28.766107370404423
707659,0,7,0,0.030586466587628668
707680,1,7,8,3.6673776925190356
707683,1,7,1,11.289803146266356
707686,1,7,9,23.711258772443895
707688,1,7,6,17.471844676588265
707702,1,7,1,21.10227358240749
707708,1,7,1,16.947296168284268
707710,1,7,10,26.032771634665576
707719,1,7,8,29.098124276220382
707722,1,7,9,33.22077412953883
707738,1,7,8,7.893966668427412
707777,1,7,5,0.3700090141005197
707793,1,7,3,1.0493143305990535
707834,1,7,6,25.71522110800692
707849,1,7,8,17.79460455313138
707856,1,7,8,29.73543879775798
707873,1,7,6,11.31282926922783
707879,1,7,6,30.198795434390572
707894,1,7,8,33.47374836855327
707898,1,7,1,20.305029833734842
707909,1,7,8,26.755474668819378
707914,1,7,10,23.53155220829983
707933,1,7,10,16.320913226063208
707951,1,7,10,22.897622438828176
707956,1,7,5,0.3700090141005197
707959,1,7,7,5.985142037053121
707966,1,7,3,3.139565563012418
707976,1,7,1,8.421282077065772
707979,1,7,7,5.853074675830054
707998,1,7,6,17.32138548287827
708001,1,7,9,33.23738956274187
708008,1,7,10,22.476599872427645
708009,1,7,9,29.21011888424503
708030,1,7,8,23.758742532059287
708042,1,7,8,25.43004511560126
708066,1,7,1,11.021591010508297
708070,1,7,4,0.3700090657260609
708073,1,7,5,0.3700090141005197
708076,1,7,5,0.3700090141005197
708079,0,7,0,0.04571261101400275
708086,1,7,8,26.52239429285326
708102,1,7,6,11.324511345012816
708104,1,7,5,0.3700090141005197
708131,0,7,0,0.03898638140311129
708132,1,7,9,33.43407493480703
708137,1,7,5,0.3700090141005197
708152,1,7,4,0.3700090657260609
708157,1,7,5,0.3700090141005197
708160,1,7,8,29.838360581671882
708167,1,7,6,9.527048319334908
708180,1,7,8,20.10155291655238
708194,1,7,8,23.905990933305457
708197,1,7,7,5.744022677465729
708207,1,7,8,30.434607918546426
708224,1,7,10,26.041305646052763
708228,1,7,5,0.3700090141005197
708234,1,7,9,30.1706914893746
708235,1,7,10,5.366654900736318
708239,1,7,5,0.3700090141005197
708262,1,7,7,3.7710453463714066
708268,1,7,9,28.790163822687486
708275,1,7,10,6.326910251272379
708324,1,7,9,20.98842526742931
708341,1,7,8,16.857424693258938
708342,1,7,9,10.556725818250403
708359,1,7,4,0.3700090657260609
708387,1,7,8,7.449467976517928
708395,1,7,6,4.8537631084813135
708411,1,7,9,31.9839986537814
708433,1,7,1,17.930463599641563
708440,1,7,7,6.438477981240172
708455,1,7,8,2.619654694990152
708468,1,7,2,16.261856050395952
708502,0,7,0,0.03305369028754517
708510,1,7,6,28.222894181353404
708512,1,7,9,33.41607390494071
708514,1,7,9,19.87414962276561
708531,1,7,4,0.3700090657260609
708535,0,7,0,0.11592353155597353
708536,1,7,10,25.41810429887005
708557,1,7,3,3.1444432840427474
708561,1,7,1,4.169880407790715
708568,0,7,0,0.0389047554071545
708569,1,7,9,3.58054815318076
708571,1,7,6,19.254570208606378
708575,1,7,8,8.13975005276181
708587,1,7,5,0.3700090141005197
708593,1,7,6,5.545479270344611
708596,1,7,7,1.448710520909268
708623,1,7,5,0.3700090141005197
708626,1,7,4,0.3700090657260609
708627,1,7,10,18.442140035391176
708652,1,7,7,5.207927356502258
708674,1,7,6,21.58636301019083
708713,1,7,8,7.305412964846107
708719,1,7,8,21.866260587741966
708761,1,7,8,20.188997291949928
708762,0,7,0,0.03703611690524265
708769,1,7,9,18.40295820053247
708771,1,7,4,0.3700090656202526
708773,1,7,10,8.713286791415621
708783,1,7,8,25.67278052780025
708786,1,7,4,0.3700090657260609
708790,1,7,6,29.693072612419723
708802,0,7,0,0.03929182282853054
708808,1,7,6,13.720368591495246
708824,1,7,5,0.3700090141005197
708831,1,7,6,26.65876785903159
708834,1,7,10,25.04004315836532
708854,0,7,0,0.03970942492904527
708858,0,7,0,0.06326847484840399
708862,1,7,9,33.19326306297091
708871,0,7,0,0.0373062496568357
708878,1,7,1,13.564192712268506
708882,1,7,7,2.193797962154247
708884,1,7,4,0.3700090657260609
708888,1,7,9,25.42240624055186
708890,1,7,4,0.3700090657260609
708893,1,7,4,0.3700090657260609
708896,1,7,9,6.012763859542164
708925,1,7,5,0.3700090141005197
708927,1,7,5,0.3700090141005197
708952,1,7,4,0.3700090657260609
708956,1,7,10,18.51751319972186
708958,1,7,8,23.058399829912
708968,1,7,5,0.3700090141005197
708978,1,7,5,0.3700090141005197
708990,1,7,2,6.480421275591992
709023,1,7,9,25.396402641347184
709043,1,7,10,11.049684241518174
709063,1,7,6,29.6432103007575
709078,1,7,6,30.502598846563846
709080,1,7,6,27.389590286259143
709085,1,7,4,0.3700090657260609
709101,1,7,10,17.01510765300537
709113,1,7,9,11.950185673157717
709114,1,7,9,9.683211436875105
709118,1,7,4,0.3700090657260609
709120,1,7,1,22.12543927471971
709128,1,7,1,19.240757407010097
709133,1,7,5,0.3700090141005197
709135,1,7,7,1.5311693332488636
709156,1,7,9,25.25713241727139
709164,1,7,1,8.990046148088892
709167,0,7,0,0.04715783218755875
709172,1,7,9,26.736297570026885
709173,1,7,10,17.58037552245803
709181,1,7,6,16.280098519651883
709184,1,7,5,0.3700090141005197
709242,1,7,1,26.26729718800132
709252,1,7,7,6.338954879455841
709254,1,7,4,0.3700090657260609
709269,0,7,0,0.0336815224743999
709296,1,7,4,0.3700090657260609
709301,1,7,3,3.1262951174216855
709309,1,7,6,29.4259027777626
709315,1,7,8,30.973542299225652
709341,1,7,8,25.571013851970854
709351,1,7,9,32.85520093091383
709384,1,7,8,16.5539052032015
709387,1,7,9,32.25451174967795
709391,1,7,5,0.3700090141005197
709430,1,7,8,31.469479477306756
709435,1,7,8,16.22591377882356
709440,1,7,9,12.221217211378313
709441,1,7,10,18.167388504355635
709466,1,7,6,19.09149175149997
709472,1,7,9,21.194662369303572
709485,1,7,3,3.094296392133674
709492,1,7,8,17.71747490916947
709498,1,7,9,32.25461916306666
709510,1,7,5,0.3700090141005197
709511,1,7,5,0.3700090141005197
709526,1,7,1,4.8994605212671525
709532,1,7,1,22.36790335644748
709533,1,7,8,28.662534861977687
709545,1,7,10,16.842948551500452
709563,1,7,9,5.70788317812528
709569,1,7,5,0.3700090141005197
709570,1,7,8,23.61674735627725
709584,1,7,9,14.724250095965264
709592,1,7,4,0.3700090657260609
709595,1,7,8,31.198935476539983
709608,1,7,8,11.835368867417
709629,1,7,8,16.74262247739807
709630,1,7,8,6.954775389419259
709632,1,7,10,10.06624734478625
709637,1,7,9,30.151665404878432
709639,1,7,4,0.3700090657260609
709643,1,7,9,13.328591384520337
709644,1,7,6,18.87294690198768
709647,1,7,7,5.121888949457322
709649,1,7,9,26.577826291265914
709652,1,7,6,28.964902467382768
709686,1,7,8,23.621110140974857
709696,1,7,10,15.9823490230983
709701,1,7,8,13.41151387549962
709731,1,7,8,30.83674463267111
709733,1,7,5,0.3700090141005197
709740,1,7,9,12.627514209674837
709743,1,7,8,13.353407847612843
709769,0,7,0,0.06352124959076307
709790,1,7,8,18.672403529600473
709805,1,7,6,22.65132846555283
709821,1,7,9,24.686799671281527
709823,1,7,9,24.687574926451703
709826,1,7,3,2.7479796416582496
709847,1,7,6,29.53894476370016
709854,1,7,9,25.466734859593355
709859,1,7,9,17.940194482077857
709867,1,7,10,24.411950983459427
709882,1,7,8,21.879942151465343
709901,1,7,9,23.45113950754028
709908,1,7,10,19.78681822475711
709914,1,7,6,22.556530503795273
709922,1,7,9,23.64907623588668
709926,1,7,5,0.3700090141005197
709940,1,7,8,24.003714123184682
709943,1,7,8,5.250623419094333
709959,1,7,10,22.850024015304637
709962,1,7,6,22.838990056253984
709965,1,7,1,20.17616297472135
709977,1,7,5,0.3700090141005197
709978,1,7,9,13.52786985788243
709979,1,7,4,0.3700090657260609
709988,1,7,8,18.845909829046715
710005,1,7,5,0.37000902039789374
710007,1,7,4,0.3700090656202526
710022,1,7,6,17.270965679633484
710027,1,7,6,22.525225579051032
710028,1,7,9,7.694474681999701
710029,1,7,6,25.197301282484265
710032,1,7,2,0.8369389794481439
710041,1,7,3,2.3899395813627895
710042,1,7,8,21.645270472264013
710044,1,7,10,9.179820853320582
710046,1,7,8,35.071621468735806
710064,1,7,3,3.16044002951214
710069,1,7,9,5.838081759352209
710071,1,7,1,18.593763024168418
710076,1,7,7,6.2381733868091755
710077,1,7,8,14.916771814049246
710079,1,7,9,25.09729478192709
710084,1,7,6,16.901220633670878
710099,1,7,10,19.810826322990817
710103,1,7,9,19.423211631779882
710114,1,7,10,5.2651608571949575
710116,1,7,6,6.895068371138661
710125,1,7,5,0.3700090141005197
710130,1,7,4,0.3700090657260609
710132,1,7,6,24.79740246615519
710136,1,7,6,29.315647922184905
710147,1,7,1,23.926916805927377
710148,1,7,4,0.3700090657260609
710153,1,7,6,16.91916279374819
710164,1,7,6,16.130268967573645
710214,1,7,5,0.3700090141005197
710220,1,7,8,24.018186550438376
710222,1,7,9,11.629654526312583
710237,1,7,6,8.618740686911602
710247,1,7,5,0.3700090141005197
710251,1,7,7,4.433172908033038
710302,1,7,4,0.3700090657260609
710313,1,7,6,29.443738576416244
710325,0,7,0,0.04587855574805038
710327,1,7,9,24.764127216620206
710333,1,7,9,31.03956709051692
710335,1,7,4,0.3700090657260609
710350,1,7,2,8.038156789162862
710351,1,7,8,5.7596335394487115
710378,1,7,4,0.3700090657260609
710391,1,7,6,22.887138843916567
710406,1,7,9,9.313394324160347
710409,1,7,10,5.7567607910829475
710411,1,7,5,0.3700090141005197
710441,1,7,4,0.3700090657260609
710448,1,7,6,17.44291123191949
710459,1,7,9,17.743664349089606
710494,1,7,8,13.258656736283424
710507,1,7,9,28.113577773396422
710515,1,7,9,3.8103387562989517
710539,1,7,1,14.879319299861091
710540,1,7,6,21.52496866452024
710541,1,7,7,6.414478168113423
710563,1,7,5,0.3700090141005197
710572,1,7,10,21.7834021269335
710574,1,7,2,4.989554351187606
710599,1,7,1,18.802441829559626
710606,1,7,6,26.76854454809762
710618,1,7,5,0.3700090141005197
710620,1,7,5,0.37000902039789374
710623,1,7,6,29.295367791208175
710625,1,7,6,15.465398365047228
710636,1,7,5,0.3700090141005197
710638,1,7,6,18.52977211783858
710673,0,7,0,0.03938245940125828
710680,1,7,6,16.601433043402377
710685,1,7,8,25.421749875111594
710691,1,7,5,0.3700090141005197
710695,0,7,0,0.02596376642784262
710697,1,7,5,0.3700090141005197
710710,1,7,8,21.832670923413396
710712,1,7,8,21.64970087711606
710717,1,7,6,5.876830158623233
710724,1,7,6,21.050673360615672
710727,1,7,8,16.67905637698772
710729,1,7,10,12.39598118231921
710736,1,7,5,0.3700090141005197
710738,1,7,4,0.3700090657260609
710739,1,7,4,0.3700090657260609
710749,1,7,4,0.3700090657260609
710754,1,7,1,23.61371514957505
710761,1,7,6,28.881128416180903
710774,1,7,10,20.903616244582864
710778,1,7,1,16.13243729949235
710789,1,7,9,25.286662590013023
710806,1,7,9,25.040857323706952
710814,1,7,5,0.3700090141005197
710837,1,7,5,0.3700090141005197
710840,0,7,0,0.06820120408504324
710841,1,7,5,0.3700090141005197
710842,1,7,9,22.850188395900005
710844,1,7,5,0.37000902039789374
710850,1,7,2,8.862341012601966
710857,1,7,6,23.870995477331967
710862,1,7,8,14.934924698348905
710865,1,7,4,0.3700090657260609
710868,1,7,1,6.7425558956214
710886,1,7,9,15.60628000482813
710898,1,7,9,10.100666298757858
710913,1,7,6,22.488338350610558
710917,1,7,2,10.41143470579573
710943,0,7,0,0.03176284497916266
710961,1,7,8,27.430978164429018
710979,1,7,9,20.084918666848356
710982,1,7,10,11.371684148693406
710984,1,7,10,20.348151876442046
710985,1,7,8,12.996626865955308
710994,1,7,1,13.365280210000746
710995,1,7,10,18.18251993123589
711003,1,7,1,24.812191370761088
711016,1,7,5,0.3700090141005197
711030,1,7,6,27.746896210387316
711032,1,7,6,12.50996650682589
711039,1,7,1,24.858408039437307
711048,1,7,9,22.773403438379734
711049,1,7,5,0.3700090141005197
711060,1,7,6,7.207153061721172
711075,1,7,8,25.095760101900606
711076,1,7,4,0.3700090657260609
711081,1,7,9,30.34244677200596
711085,1,7,8,30.411047889347895
711088,1,7,3,2.727960106038366
711089,1,7,4,0.3700090657260609
711099,0,7,0,0.028896290308914382
711108,1,7,9,18.103136009518035
711115,1,7,4,0.3700090657260609
711124,1,7,4,0.3700090657260609
711125,0,7,0,0.038555102965378896
711129,1,7,5,0.3700090141005197
711135,1,7,8,25.933471613614447
711171,1,7,5,0.3700090141005197
711178,1,7,8,28.165654688912426
711180,1,7,7,2.410492875213865
711194,1,7,9,12.455831586860803
711200,1,7,4,0.3700090657260609
711201,1,7,8,24.8994178717388
711218,1,7,9,24.683976701124415
711225,1,7,6,30.33859539007259
711241,0,7,0,0.026077344421300684
711271,1,7,6,19.02464581524774
711276,1,7,9,18.889737220863005
711304,1,7,4,0.3700090657260609
711311,1,7,7,0.3414017432891913
711318,1,7,10,21.044382100055685
711323,1,7,9,27.601167696928385
711325,1,7,4,0.3700090657260609
711326,1,7,9,29.12997663795088
711330,1,7,8,6.970666338958295
711344,1,7,10,6.518788401521027
711347,1,7,5,0.3700090141005197
711368,1,7,10,15.14496482549293
711374,1,7,2,10.320740829838021
711378,1,7,10,7.685153125905361
711385,1,7,9,18.795927755239873
711401,1,7,6,17.622616151316222
711404,1,7,9,30.96536687436225
711416,1,7,3,2.6177748222066333
711424,1,7,8,9.288021499547469
711436,1,7,7,6.1645630291232
711441,1,7,6,22.131929851619983
711456,1,7,9,23.830137988228234
711477,1,7,4,0.3700090657260609
711485,1,7,7,0.7243888607248923
711509,0,7,0,0.0382378721771077
711513,1,7,3,2.61710839893981
711545,1,7,10,6.844715251243342
711552,1,7,7,2.678849924775901
711554,1,7,4,0.3700090657260609
711558,1,7,9,12.358497389596273
711577,1,7,10,22.87218312022509
711579,1,7,9,15.969695819783517
711584,1,7,9,9.928841886309515
711599,1,7,9,10.666926646889404
711627,0,7,0,0.02272299240913129
711632,1,7,7,6.146657443727948
711641,1,7,8,5.358538683841278
711651,1,7,9,17.52290908467478
711652,1,7,10,8.992869442638163
711669,1,7,10,23.289196550356962
711683,0,7,0,0.03624271018961369
711684,1,7,10,25.97966183360833
711694,1,7,8,19.64345752437954
711711,1,7,9,17.996484939059876
711720,1,7,7,4.128135027016338
711781,1,7,10,10.918838480545425
711811,1,7,1,20.323737164595467
711828,1,7,10,24.48488929279607
711836,1,7,6,14.382252223635163
711850,1,7,1,6.348395447796324
711852,1,7,8,36.078230764108476
711886,1,7,5,0.3700090141005197
711895,1,7,1,19.088891013120172
711901,1,7,8,25.706858344594647
711903,0,7,0,0.03971537217292617
711913,1,7,9,32.07714465992319
711927,1,7,9,8.627756745381255
711930,1,7,9,15.855792427425005
711931,1,7,1,16.426602273455945
711932,1,7,1,6.703840568819583
711954,1,7,9,32.173695159013725
711964,1,7,9,31.24462421963739
711965,1,7,8,25.047004552713446
711966,1,7,5,0.3700090141005197
711985,1,7,2,8.298239118495387
711988,1,7,1,21.08506451181862
712003,1,7,5,0.3700090141005197
712006,1,7,8,35.13518584625478
712019,1,7,4,0.3700090657260609
712036,1,7,1,19.703890259202993
712042,1,7,9,33.65869248399898
712043,1,7,5,0.3700090141005197
712045,1,7,6,16.775981311561537
712048,1,7,8,10.90795325089041
712052,1,7,8,13.291540901643655
712066,1,7,10,9.836321168442646
712068,1,7,6,26.008336582698696
712080,1,7,3,2.9271428271153375
712082,1,7,8,20.19289755484491
712091,1,7,5,0.3700090141005197
712093,1,7,8,22.567641180292597
712102,1,7,6,15.513687796199207
712108,1,7,9,23.93873280400864
712113,1,7,6,14.349316008401644
712116,1,7,8,18.5546345740588
712122,1,7,1,21.641596851441022
712126,1,7,4,0.3700090657260609
712138,1,7,9,25.13220539314726
712139,1,7,3,0.7348478480713736
712152,1,7,9,30.276939539890993
712156,1,7,8,28.229655834305724
712164,1,7,4,0.3700090657260609
712173,1,7,5,0.3700090141005197
712180,1,7,6,28.973205249513526
712182,1,7,8,25.210594526407515
712187,1,7,1,14.341395983307768
712207,1,7,10,23.73428092717907
712228,1,7,3,1.4608701752876507
712233,1,7,4,0.3700090657260609
712257,1,7,5,0.3700090141005197
712258,1,7,8,12.988560837388427
712270,1,7,8,36.096569527861256
712280,1,7,6,12.241037854132578
712294,1,7,8,10.440191190019462
712306,1,7,5,0.3700090141005197
712308,1,7,9,33.644961343517174
712325,1,7,9,28.44696501087879
712332,1,7,8,30.412498168455205
712334,1,7,9,28.44889300479941
712335,1,7,9,15.451916000807113
712370,1,7,5,0.3700090141005197
712371,1,7,10,16.368852416825973
712372,1,7,7,1.1763618983653692
712388,1,7,9,8.276426981107559
712389,0,7,0,0.03589382775761717
712393,1,7,8,28.42197764184236
712400,0,7,0,0.13779016826910798
712416,1,7,7,4.446576062966544
712422,1,7,8,19.500080008621236
712423,0,7,0,0.11631319873364074
712434,1,7,8,13.571568246407525
712455,1,7,9,33.66973750945689
712466,1,7,3,1.0542532380308691
712526,1,7,9,26.481726097302136
712534,1,7,4,0.3700090657260609
712549,1,7,4,0.3700090657260609
712556,1,7,10,24.006441957143497
712575,1,7,9,22.143302116843845
712608,1,7,7,2.998173155899905
712622,1,7,8,27.305807139135187
712623,1,7,6,22.71939717759612
712631,0,7,0,0.09065685470154648
712634,1,7,9,30.682184711316523
712645,1,7,8,14.741196187480154
712666,1,7,4,0.6712444984205816
712674,1,7,1,15.162637569321959
712732,1,7,8,22.131596830991555
712744,1,7,6,24.20983020448279
712754,1,7,5,0.3700090141005197
712762,1,7,9,24.345018882609516
712795,1,7,5,0.3700090141005197
712801,1,7,5,0.3700090141005197
712804,1,7,9,15.314443211271145
712805,1,7,5,0.3700090141005197
712837,1,7,3,3.214209874687062
712839,1,7,6,30.022869056132603
712840,1,7,9,31.029969519352267
712841,1,7,9,12.276048941638336
712848,1,7,9,32.92565744715924
712854,1,7,8,35.216583004552206
712878,1,7,6,6.961811277499092
712879,1,7,1,13.023728336844878
712887,1,7,4,0.3700090657260609
712899,1,7,5,0.3700090141005197
712902,1,7,6,30.197288300140205
712915,1,7,8,18.77149619778967
712948,1,7,8,25.755656944511692
712964,1,7,4,0.3700090657260609
712974,1,7,9,24.576591981164224
713003,1,7,9,31.098833231998693
713010,0,7,0,0.038989120469482594
713026,1,7,5,0.3700090141005197
713043,1,7,8,23.405736975191143
713047,1,7,6,5.908870531935181
713048,1,7,9,19.592928529445214
713059,1,7,9,21.946842914730794
713082,1,7,6,13.833433397107934
713084,1,7,6,28.896454439813564
713094,1,7,9,19.88540780989896
713106,1,7,9,11.929991684527563
713116,1,7,8,26.511746131412494
713122,1,7,8,31.405912974206373
713124,1,7,2,4.6376454865461945
713127,1,7,6,21.828784705729237
713149,1,7,9,14.650668844671394
713156,1,7,2,7.439941465519337
713162,1,7,9,25.386978908751555
713177,1,7,9,21.315036393404355
713191,1,7,10,25.62284359185292
713223,1,7,10,26.024781157197395
713248,0,7,0,0.04644158181951371
713251,1,7,5,0.3700090141005197
713255,1,7,4,0.3700090657260609
713258,1,7,9,18.397230862431105
713260,1,7,4,0.3700090657260609
713267,1,7,10,9.301819253326725
713272,1,7,8,10.567992468483384
713297,1,7,10,13.537357398176969
713304,1,7,8,22.526960378521785
713323,1,7,7,2.700955781257472
713324,1,7,1,14.38970443236258
713341,1,7,4,0.3700090657260609
713347,1,7,2,12.655765116819811
713362,1,7,6,20.260644161166095
713366,1,7,5,0.3700090141005197
713368,1,7,8,23.603204556698206
713381,1,7,10,6.112400971728608
713392,1,7,6,22.48860405936803
713396,1,7,9,33.702856299821285
713398,1,7,6,8.349371123247359
713399,1,7,8,34.8370567695472
713411,0,7,0,0.032482084262974026
713413,1,7,10,15.858124655653032
713421,1,7,10,16.967514016469774
713436,1,7,9,21.72070142036847
713446,1,7,8,12.747900308214302
713454,1,7,4,0.3700090657260609
713458,1,7,2,9.488873578823332
713465,1,7,10,4.84327945859524
713470,1,7,10,16.558676530889656
713478,1,7,10,20.301897028154407
713480,1,7,4,0.3700090657260609
713492,1,7,1,24.84468301532167
713499,1,7,5,0.3700090141005197
713508,1,7,8,32.36771157888683
713513,1,7,6,22.026207282511603
713516,1,7,10,22.70396583720626
713561,1,7,1,13.897103443433593
713575,1,7,9,3.6144894889699772
713583,1,7,10,23.875244722511418
713594,1,7,6,26.19597256387891
713611,1,7,3,3.2517284929589674
713628,1,7,4,0.3700090657260609
713672,1,7,9,17.758865225406115
713678,1,7,9,9.848944326853985
713683,1,7,3,2.6057282926096828
713685,1,7,10,21.203816312419747
713699,1,7,3,2.363618054610228
713712,1,7,4,0.3700090657260609
713716,1,7,6,11.758518280852806
713724,1,7,2,10.542218366686742
713729,1,7,6,22.331711937472267
713749,1,7,7,0.3483609616024122
713753,1,7,6,19.22152005489498
713754,1,7,9,9.303686152925003
713755,1,7,1,18.834664875004403
713762,1,7,9,2.234330306039862
713764,1,7,9,20.486000208543977
713767,1,7,9,29.56285171225527
713779,1,7,8,16.262856369270224
713784,1,7,9,20.825223721790543
713786,1,7,8,13.863576826769826
713829,1,7,4,0.3700090657260609
713848,1,7,6,29.792034437344398
713857,1,7,9,14.290644025490904
713861,1,7,1,23.96242826982822
713870,1,7,4,0.3700090657260609
713872,1,7,6,26.084927400479877
713900,0,7,0,0.03514141803128884
713906,1,7,9,33.695820296590476
713913,1,7,10,19.429161328601435
713927,1,7,10,26.03245775533071
713933,1,7,2,15.272133324100707
713941,1,7,9,26.91526298555252
713948,1,7,4,0.3700090657260609
713950,1,7,9,24.305352881186597
713953,1,7,4,0.3700090657260609
713954,1,7,9,18.380803328355785
713955,1,7,4,0.3700090657260609
713977,1,7,10,24.93657168962916
713983,0,7,0,0.05619033881695173
714011,1,7,3,3.2168623086287114
714017,1,7,5,0.3700090141005197
714048,1,7,7,3.887728608079622
714056,1,7,6,27.081137946124084
714071,1,7,6,22.388370367875243
714087,1,7,8,26.219597966123683
714093,1,7,8,22.69528501957272
714097,1,7,8,21.34559974674103
714105,1,7,6,15.744168180598605
714106,1,7,5,0.3700090141005197
714121,1,7,9,33.09798060034753
714151,1,7,9,29.057111752257054
714155,1,7,8,21.660249447568205
714159,1,7,8,16.23940348799813
714165,1,7,8,28.823305435846773
714171,1,7,4,0.3700090657260609
714195,0,7,0,0.05681065264626135
714218,1,7,9,29.109178990317982
714221,0,7,0,0.046966768272604494
714231,1,7,9,23.14166524157759
714236,1,7,7,1.5044579680518444
714249,1,7,5,0.3700090141005197
714252,1,7,4,0.3700090657260609
714256,1,7,5,0.3700090141005197
714266,1,7,1,18.784442401697582
714270,1,7,1,13.210974645771651
714290,1,7,8,24.5623458917431
714299,0,7,0,0.04620849313121113
714305,1,7,2,8.697191669922205
714320,1,7,9,11.174087878328507
714323,1,7,10,24.27805695883141
714329,1,7,6,24.061403551213658
714345,1,7,6,20.962365021128445
714348,1,7,6,17.87503695037323
714350,1,7,7,5.570945233558951
714380,1,7,1,17.29518933152791
714405,1,7,10,20.22589665296579
714408,1,7,6,21.377107278818745
714409,1,7,8,29.1242381230917
714414,1,7,1,8.826312812007698
714431,1,7,8,10.80062898102951
714437,1,7,7,5.9045580427270385
714445,1,7,10,14.433595027194865
714453,1,7,8,23.879781051433778
714495,1,7,10,11.091572484851321
714497,1,7,9,28.577435988162556
714510,1,7,8,19.078049960409494
714516,1,7,5,0.3700090141005197
714526,1,7,8,33.019455312183005
714527,1,7,10,13.464876583795087
714532,1,7,10,19.13987439552647
714538,1,7,6,13.301221784559987
714546,1,7,1,16.47512421591956
714569,1,7,4,0.3700090657260609
714573,1,7,8,6.169415707375699
714582,1,7,3,2.966796594623036
714607,1,7,1,9.512297585848136
714625,1,7,4,0.3700090657260609
714631,0,7,0,0.04693814933517559
714641,1,7,4,0.3700090657260609
714650,1,7,10,18.172039649752318
714652,1,7,8,18.435848411036428
714656,1,7,9,28.61750214494739
714667,1,7,5,0.3700090141005197
714708,1,7,9,16.350314949493097
714726,1,7,9,23.449393962173463
714739,1,7,3,2.6964051366911175
714748,1,7,7,6.3912872664165485
714770,1,7,8,32.51570178553729
714779,0,7,0,0.03377820096123026
714794,1,7,10,22.34299655236628
714796,1,7,8,9.45492819939535
714798,1,7,2,2.0755520473205626
714799,1,7,1,13.128016381682196
714808,1,7,10,17.18862597862034
714847,1,7,8,35.58412765968904
714856,1,7,1,6.921969970234643
714865,1,7,9,27.01333627362615
714878,1,7,5,0.3700090141005197
714879,0,7,0,0.03189722448432903
714880,1,7,5,0.3700090141005197
714883,0,7,0,0.031949560467682235
714890,1,7,5,0.3700090141005197
714911,1,7,10,13.515973517234245
714920,1,7,1,13.820654735580293
714924,1,7,10,17.094917706225466
714926,1,7,8,6.359749095408023
714961,1,7,8,28.697382772180635
714966,1,7,10,26.02733302345712
714980,1,7,4,0.3700090657260609
714987,1,7,5,0.3700090141005197
714989,0,7,0,0.037165546424110435
715002,1,7,8,23.846595620153103
715025,1,7,1,13.894925569269803
715050,1,7,10,16.804735261576685
715082,1,7,6,28.545597394648727
715094,1,7,10,24.0104918846264
715095,1,7,9,23.62645739321634
715096,1,7,2,4.129253259507986
715103,0,7,0,0.058522583652207666
715108,1,7,7,4.667460280162464
715114,1,7,9,25.34549049769905
715131,1,7,5,0.3700090141005197
715132,1,7,5,0.3700090141005197
715151,1,7,3,2.2916414591083836
715155,1,7,9,10.55309463820761
715157,1,7,8,21.540508521945583
715179,1,7,9,17.22891340636837
715180,1,7,9,26.564575054990687
715183,1,7,9,6.073034764005098
715191,1,7,8,13.387462633576636
715196,1,7,5,0.3700090141005197
715197,0,7,0,0.041359285736778224
715199,1,7,9,30.48962231239995
715213,0,7,0,0.03264161978236618
715225,1,7,2,15.276002343393875
715236,1,7,4,0.3700090657260609
715259,1,7,9,14.068152641067162
715277,1,7,6,28.944675950687923
715279,1,7,9,25.049056740732972
715294,1,7,4,0.3700090657260609
715302,1,7,8,29.743648354547265
715320,1,7,5,0.3700090141005197
715323,1,7,4,0.3700090657260609
715327,1,7,2,11.617257966839418
715347,1,7,8,28.052200889705254
715351,0,7,0,0.04054938670139937
715360,1,7,10,20.701832724112492
715372,1,7,8,33.73966103214235
715381,1,7,6,13.654487252296919
715389,1,7,9,25.20531163307379
715411,1,7,9,21.459760516889318
715433,1,7,10,18.355471433259158
715451,1,7,1,12.308825217554448
715457,1,7,5,0.3700090141005197
715460,1,7,6,29.302717574370824
715463,0,7,0,0.039298903920768576
715470,1,7,8,11.059756510783394
715480,1,7,10,8.434991433000214
715487,1,7,4,0.3700090656202526
715488,1,7,8,20.98216580133792
715490,1,7,6,29.481484910270694
715496,0,7,0,0.032970718581058676
715498,1,7,6,22.050933332674116
715544,0,7,0,0.03897396201129993
715559,1,7,9,32.255137111584446
715567,1,7,5,0.3700090141005197
715572,1,7,9,6.299139552008957
715586,1,7,10,18.526056383849863
715609,1,7,9,18.87584091069569
715610,1,7,8,2.436551693512909
715616,1,7,4,0.3700090657260609
715617,1,7,6,26.66920903599448
715620,1,7,6,15.04366463237237
715633,1,7,9,33.496535742410465
715648,1,7,6,13.800567156721634
715650,1,7,8,19.884083711750236
715652,1,7,10,18.30415549091821
715654,1,7,6,29.64030685691191
715657,1,7,10,15.45825176453678
715660,1,7,4,0.3700090657260609
715675,1,7,5,0.3700090141005197
715694,1,7,2,1.0587451263975225
715702,1,7,6,21.294812287094942
715703,1,7,1,4.902918760446574
715722,1,7,6,10.319416132661113
715723,1,7,9,33.063234868516176
715726,1,7,8,23.83628709347268
715727,1,7,10,26.076153762226692
715740,1,7,7,1.7403453211573923
715751,1,7,8,24.354199370594955
715759,1,7,5,0.37000902039789374
715765,1,7,2,14.23786671200326
715795,1,7,5,0.3700090141005197
715801,1,7,1,21.538770877236527
715808,1,7,1,7.152100063953147
715817,1,7,5,0.3700090141005197
715827,1,7,10,5.484165490078444
715842,1,7,1,27.423675670541897
715857,1,7,2,7.710971832063004
715881,0,7,0,0.03717210416226838
715884,1,7,5,0.3700090141005197
715893,1,7,4,0.3700090657260609
715897,1,7,8,18.508666521894607
715908,1,7,7,6.461415940434156
715912,1,7,2,11.438059010275408
715913,1,7,1,23.316484941518137
715918,1,7,4,0.3700090657260609
715919,1,7,8,7.864275447093286
715921,1,7,6,18.235693871021954
715924,1,7,5,0.3700090141005197
715926,1,7,9,31.116005109468826
715943,1,7,4,0.3700090657260609
715951,1,7,6,14.176944169867026
715953,1,7,1,22.76244519435272
715954,1,7,4,0.3700090657260609
715985,1,7,9,29.810763279141643
715987,1,7,6,29.642554889539017
715988,1,7,7,5.028479616495835
715994,1,7,10,19.123756348077848
716000,1,7,8,20.935856976692765
716004,1,7,9,12.603041246366411
716007,1,7,6,29.30272645092705
716022,1,7,8,12.537095624541953
716028,1,7,6,22.40938182440994
716069,1,7,6,29.205399856875037
716087,1,7,1,26.762139272290238
716094,1,7,7,5.32305063341789
716100,1,7,6,17.647638448600556
716101,1,7,9,33.061467324949945
716104,1,7,7,5.821601128778744
716111,1,7,1,17.199279944736993
716115,1,7,1,19.959021237736202
716144,1,7,1,20.057792672517856
716146,1,7,4,0.3700090657260609
716148,1,7,8,25.22685882189088
716162,1,7,4,0.3700090657260609
716168,1,7,10,19.807859247781085
716205,1,7,1,6.067821280149591
716234,1,7,8,22.61690610075042
716240,1,7,10,23.66281891606241
716254,1,7,9,15.445288249413286
716257,1,7,4,0.3700090657260609
716258,1,7,8,35.000594922197266
716263,1,7,5,0.3700090141005197
716268,1,7,6,23.726204429086817
716290,1,7,7,2.325866298546646
716299,1,7,9,18.380335135443573
716300,1,7,9,3.9205585441366844
716308,1,7,6,13.50018433111401
716315,1,7,6,30.39249837087072
716320,1,7,6,24.519389616178277
716326,1,7,6,20.441303269529914
716328,0,7,0,0.04645813825782694
716334,1,7,6,14.40008352111741
716349,1,7,9,22.72933558852543
716372,1,7,10,5.946221282730433
716378,0,7,0,0.03573782700681268
716396,1,7,5,0.3700090141005197
716403,1,7,5,0.3700090141005197
716409,1,7,5,0.3700090141005197
716432,1,7,6,29.340723989172222
716477,1,7,1,11.584699686704987
716503,1,7,6,21.72365063301695
716508,1,7,6,20.983528985825163
716509,0,7,0,0.10441707958248818
716513,1,7,5,0.3700090141005197
716524,1,7,6,26.646403233830103
716540,1,7,5,0.3700090141005197
716558,1,7,8,23.167334173671296
716559,1,7,4,0.3700090657260609
716577,1,7,9,25.43509474891376
716580,1,7,10,13.447205764586272
716595,0,7,0,0.03450097806047663
716601,1,7,4,0.3700090657260609
716609,1,7,8,15.590594108226965
716615,1,7,2,16.15609598053752
716620,1,7,4,0.3700090657260609
716623,1,7,10,18.522652573531435
716643,1,7,10,8.615499439151597
716657,0,7,0,0.03121492892763979
716664,1,7,9,11.974863945713842
716665,1,7,3,1.672854707487331
716691,1,7,8,17.556630180476297
716694,1,7,7,6.396380805755248
716704,1,7,9,17.743118893283
716757,1,7,6,29.72606782385681
716767,1,7,5,0.37000902039789374
716780,1,7,8,35.53245941752594
716781,1,7,10,9.537382763866423
716787,1,7,6,13.676046786473453
716794,1,7,10,8.611180383647854
716797,1,7,9,23.21723554195587
716816,1,7,8,24.270939075578976
716831,1,7,9,20.22562659981637
716834,1,7,4,0.3700090657260609
716843,1,7,6,16.248143288595866
716845,1,7,6,13.533506343601843
716856,1,7,5,0.3700090141005197
716868,1,7,4,0.3700090657260609
716871,1,7,6,7.104851552697537
716876,1,7,8,32.86525822691255
716885,1,7,9,8.492923418032127
716897,1,7,4,0.3700090657260609
716898,1,7,10,25.416356789692053
716906,1,7,8,29.406863998454554
716917,1,7,5,0.3700090141005197
716937,1,7,10,9.825684119222215
716939,1,7,6,20.26445466504064
716958,1,7,9,22.36679231880511
716968,1,7,8,25.902630147981466
716976,0,7,0,0.033979588931623866
716986,1,7,10,23.49623607985931
716998,1,7,9,6.035374341110284
717003,1,7,1,5.001224151674565
717013,1,7,7,2.8147072073912596
717018,1,7,6,28.05916869463875
717029,1,7,5,0.3700090141005197
717035,1,7,9,26.93178796329058
717047,1,7,6,20.89990185808977
717050,0,7,0,0.1059756128736112
717055,1,7,9,15.031639692363091
717059,1,7,10,23.11130169328889
717072,1,7,5,0.3700090141005197
717074,1,7,5,0.3700090141005197
717084,0,7,0,0.04447909870404316
717090,1,7,1,10.379757837358428
717094,1,7,3,3.1135087444951264
717097,1,7,9,32.867668752300354
717106,1,7,1,27.113494885670782
717128,1,7,4,0.3700090657260609
717149,1,7,6,22.373716616860907
717157,1,7,8,11.25766537446712
717167,0,7,0,0.03572175310818907
717192,1,7,4,0.3700090657260609
717194,1,7,4,0.3700090657260609
717197,1,7,9,12.41830641621697
717209,1,7,5,0.3700090141005197
717213,1,7,4,0.3700090657260609
717217,1,7,3,3.2037560882137845
717244,1,7,5,0.3700090141005197
717257,1,7,9,29.239407937217663
717266,1,7,4,0.3700090657260609
717268,1,7,1,3.7706567346009052
717292,1,7,6,27.803030711290905
717314,1,7,5,0.3700090141005197
717320,1,7,4,0.3700090657260609
717338,1,7,6,8.43673479181734
717342,1,7,8,17.38815120087043
717362,1,7,4,0.3700090657260609
717365,0,7,0,0.04671064583077712
717368,1,7,8,26.992190585948737
717369,1,7,10,16.637726228719693
717371,1,7,8,23.946724305955733
717377,1,7,6,29.53313619760203
717384,1,7,10,15.906366985691632
717389,1,7,10,25.547252164926444
717411,1,7,9,7.287907568828218
717420,1,7,8,26.93420839687461
717448,1,7,9,22.853402730766785
717449,1,7,5,0.3700090141005197
717457,1,7,8,26.334341711345292
717459,1,7,4,0.3700090657260609
717464,1,7,4,0.3700090657260609
717468,1,7,8,9.40623753327651
717482,1,7,7,6.2275082155622465
717491,1,7,5,0.3700090141005197
717505,1,7,5,0.3700090141005197
717507,1,7,6,17.854676131235834
717508,1,7,5,0.3700090141005197
717520,1,7,9,26.935785515050714
717543,1,7,5,0.3700090141005197
717548,1,7,8,31.548606169502907
717554,1,7,6,7.419641221549657
717562,1,7,3,2.3132233415910184
717572,1,7,5,0.3700090141005197
717587,1,7,3,3.1822251406801754
717591,1,7,9,20.683010445063395
717598,1,7,10,17.719897975728372
717604,1,7,9,9.760095648266253
717611,1,7,5,0.3700090141005197
717616,1,7,8,26.601289240411838
717619,1,7,7,1.239676694425471
717631,1,7,10,19.339041484989885
717638,0,7,0,0.02857606428802672
717647,1,7,1,19.127517962850288
717649,1,7,10,18.48856668260907
717663,1,7,9,22.174191445503716
717666,1,7,9,30.723414107118654
717680,1,7,9,2.998765897319739
717682,1,7,10,14.780355157652176
717691,1,7,10,18.466977142032263
717703,1,7,8,23.396685551460664
717709,1,7,5,0.3700090141005197
717711,1,7,1,14.164973320038376
717713,1,7,6,29.422616344267556
717734,1,7,7,5.245905445016857
717755,1,7,7,3.7863606047177814
717757,1,7,10,14.988768786914022
717758,1,7,9,4.761303957250168
717773,1,7,1,21.250451288636217
717793,1,7,10,16.188755037528566
717801,1,7,7,3.561665395257483
717804,1,7,8,15.902994164974874
717820,1,7,6,15.06555049013612
717821,1,7,9,30.894056358664876
717822,1,7,5,0.3700090141005197
717827,1,7,3,1.8964162755591971
717838,1,7,2,1.8580804364901229
717844,1,7,8,31.32847614395254
717845,1,7,5,0.3700090141005197
717875,1,7,4,0.3700090657260609
717878,1,7,1,6.204954044005012
717883,1,7,7,6.542249117118134
717892,1,7,9,25.439870202953973
717905,1,7,9,21.413141669071383
717919,1,7,4,0.3700090656202526
717929,1,7,4,0.3700090657260609
717939,1,7,8,23.628047162181723
717941,1,7,9,32.52274101915366
717953,1,7,5,0.3700090141005197
717958,1,7,10,8.861949779528036
717963,1,7,6,14.240330722533502
717968,1,7,8,32.48171958876682
717969,1,7,6,24.52167592439273
717971,0,7,0,0.03981157973237723
717972,1,7,9,16.43096198217245
717975,1,7,7,6.1522920715755
717980,1,7,10,15.842882530613688
717990,1,7,4,0.3700090657260609
717997,1,7,9,24.013911265838885
718004,1,7,8,35.16245453914845
718008,1,7,7,5.260509562854693
718028,1,7,8,18.40593778137756
718033,1,7,5,0.3700090141005197
718034,1,7,8,14.7883983388475
718038,1,7,9,23.124498129827238
718040,1,7,7,2.647489985129886
718054,1,7,10,18.165034788526555
718056,1,7,7,0.6940470053524491
718061,0,7,0,0.034488011812040587
718064,1,7,5,0.3700090141005197
718080,1,7,6,17.80346178648266
718083,1,7,9,9.424035037665599
718111,1,7,8,27.34786348974309
718139,1,7,8,28.978780865900237
718151,1,7,7,5.298504934756333
718154,1,7,9,27.873971109489226
718160,1,7,9,11.661030552999076
718176,1,7,9,5.061753533897426
718177,1,7,5,0.3700090141005197
718181,1,7,7,1.2490519071798525
718191,1,7,7,5.945394761957544
718195,1,7,9,28.02087299920033
718207,1,7,10,23.02394745067064
718210,1,7,8,14.617992981684374
718214,1,7,8,12.491630903147845
718251,1,7,6,11.954936771126455
718254,1,7,8,20.11150072166304
718269,1,7,7,0.6141548056803289
718272,1,7,6,21.41898448094733
718285,1,7,6,15.54135809543947
718290,0,7,0,0.028118090270945927
718294,1,7,6,21.979395606795258
718297,1,7,9,22.864088183248427
718323,1,7,2,15.059841475645413
718343,1,7,8,17.7952682069691
718348,1,7,9,27.760945750235884
718387,1,7,1,26.99697025471852
718402,1,7,8,23.40560982008924
718410,0,7,0,0.10040647664999863
718439,1,7,9,26.406228239375864
718463,1,7,10,18.26100167573331
718468,1,7,2,2.196998313665452
718474,1,7,4,0.3700090657260609
718483,1,7,7,4.248091957384742
718494,1,7,5,0.3700090141005197
718499,1,7,6,8.880941728009475
718509,1,7,6,8.636677388762841
718513,1,7,10,17.0009388083964
718515,1,7,5,0.37000902039789374
718534,1,7,10,24.057705844303243
718535,1,7,6,29.452003242473882
718548,1,7,1,18.79392722054993
718550,1,7,10,23.6740889206024
718551,1,7,3,3.2078972733530557
718565,1,7,9,30.63001358379073
718567,1,7,8,19.9722751660075
718597,1,7,5,0.3700090141005197
718600,1,7,10,22.265023388465735
718607,1,7,6,18.187564776803608
718616,1,7,6,15.50375373844822
718638,1,7,2,13.71680832974613
718647,1,7,8,35.84628293819286
718648,1,7,5,0.3700090141005197
718650,1,7,8,17.611706984150565
718659,1,7,9,25.391865699505832
718702,1,7,7,5.027643955715415
718705,1,7,9,16.647991878604994
718715,1,7,6,29.31650285211428
718720,1,7,10,4.694234430403974
718723,1,7,10,12.565955435143174
718725,1,7,5,0.3700090141005197
718738,0,7,0,0.035009379624897315
718743,1,7,2,11.046325146470137
718747,1,7,8,7.277807790286801
718749,1,7,6,18.219595806284993
718751,1,7,1,3.775011995808077
718761,1,7,10,9.321779398089857
718781,1,7,6,30.0562969547459
718785,1,7,9,12.39185904396594
718789,1,7,4,0.3700090656202526
718832,1,7,9,24.77824461949476
718835,1,7,6,22.707353506747317
718840,1,7,4,0.3700090657260609
718843,1,7,7,1.4749494014101467
718848,0,7,0,0.028989060677019333
718861,1,7,2,13.357560927282647
718873,1,7,1,19.112190456776677
718878,1,7,9,24.778286167343364
718879,1,7,4,0.3700090657260609
718882,1,7,6,21.658237564630852
718915,1,7,8,6.197842708969683
718922,1,7,2,13.62391290627164
718931,1,7,9,11.171042305305612
718944,1,7,4,0.3700090657260609
718953,1,7,6,21.21136384046089
718954,1,7,2,8.341335041635233
718955,1,7,5,0.3700090141005197
718968,1,7,9,28.623451430377774
718969,1,7,10,19.964872485994178
719008,1,7,3,3.092811150105069
719038,1,7,7,3.901144287351586
719039,1,7,7,2.672577958451452
719058,1,7,6,25.968507890768333
719060,1,7,9,28.563760863181923
719071,1,7,4,0.3700090657260609
719073,1,7,5,0.3700090141005197
719075,1,7,9,26.245917201292695
719076,1,7,1,19.85578291499725
719081,1,7,6,29.69596316936035
719086,1,7,6,19.043656868910183
719101,1,7,7,4.136778588729625
719124,1,7,6,29.553064011540663
719160,1,7,4,0.3700090656202526
719163,1,7,1,21.64659212755228
719173,1,7,6,21.978742765854108
719179,1,7,10,11.469081968439149
719180,1,7,8,14.521978337260421
719185,1,7,9,30.342783292067192
719189,1,7,4,0.3700090657260609
719209,1,7,8,23.14514905736557
719212,1,7,8,28.851530427694247
719214,1,7,7,6.051098543822766
719243,1,7,10,20.26453898479388
719257,1,7,9,30.68731464708596
719259,1,7,6,11.610152292130444
719264,1,7,5,0.3700090141005197
719265,1,7,6,14.922999370672434
719273,1,7,8,3.052885561687932
719275,1,7,7,6.027356844872089
719286,1,7,9,7.351306889032678
719289,1,7,10,14.911345628648672
719291,1,7,9,31.52816803137076
719292,0,7,0,0.037298777591411064
719294,0,7,0,0.03574929190254818
719295,1,7,4,0.3700090657260609
719316,1,7,9,13.206444630425691
719318,1,7,9,4.964742831023016
719345,1,7,6,9.274673629706445
719357,1,7,10,14.453732949116693
719362,1,7,2,8.61293514174547
719363,1,7,4,0.3700090657260609
719380,1,7,5,0.3700090141005197
719401,1,7,7,4.511708064611898
719428,1,7,8,16.920477457997503
719441,1,7,6,22.920491512420487
719462,1,7,7,6.461385916513466
719473,1,7,9,26.027871162639705
719477,1,7,10,17.6055594294656
719498,1,7,10,8.266776335280678
719509,1,7,8,12.411451044375614
719531,1,7,9,26.156974070918533
719540,1,7,6,20.195915462491463
719564,1,7,8,16.149916579085392
719570,1,7,9,15.213266500726588
719573,1,7,5,0.3700090141005197
719579,1,7,9,33.61117035929669
719596,1,7,4,0.3700090657260609
719619,1,7,9,8.945340320763117
719620,0,7,0,0.04145270313441177
719623,1,7,10,14.132465415431898
719629,1,7,6,21.79176969858786
719636,1,7,5,0.3700090141005197
719637,1,7,4,0.3700090657260609
719659,1,7,9,29.939226883981615
719660,1,7,4,0.3700090657260609
719695,1,7,9,24.950613993371988
719741,1,7,6,30.174553455563505
719749,1,7,5,0.3700090141005197
719759,1,7,4,0.3700090657260609
719760,1,7,5,0.3700090141005197
719769,1,7,9,33.62901837056804
719770,1,7,10,13.442149526475246
719775,1,7,7,5.895468430471788
719777,1,7,4,0.3700090657260609
719781,1,7,10,8.912724394327944
719786,1,7,4,0.3700090656202526
719798,1,7,8,34.68063249205907
719809,1,7,9,33.016696948335785
719830,1,7,5,0.3700090141005197
719867,1,7,8,10.442506001245967
719874,1,7,8,23.762966607191927
719884,0,7,0,0.033446178545029535
719891,1,7,8,13.00529810505988
719901,1,7,4,0.3700090657260609
719903,1,7,6,30.202897537297233
719910,1,7,4,0.3700090657260609
719915,1,7,10,13.520905850622572
719927,1,7,5,0.3700090141005197
719940,1,7,8,17.278867065823217
719952,1,7,9,11.362179369285645
719960,1,7,3,3.134053813150868
720007,1,7,8,12.91106378681918
720018,0,7,0,0.047039113445569
720022,1,7,10,19.03381515797314
720030,1,7,4,0.3700090657260609
720032,1,7,6,8.227134690759506
720040,1,7,6,30.102076561671463
720042,1,7,5,0.3700090141005197
720044,1,7,9,22.811868770956586
720048,1,7,10,11.688056047295568
720073,1,7,9,15.962923766616102
720079,1,7,8,23.857455757538425
720105,1,7,4,0.3700090657260609
720109,1,7,10,23.433188509316356
720115,1,7,9,30.686523412866045
720116,1,7,9,22.175621671939197
720137,1,7,1,24.758395745064323
720151,1,7,9,23.862829059760404
720156,1,7,2,15.300325058717437
720168,1,7,5,0.3700090141005197
720170,1,7,5,0.3700090141005197
720184,1,7,2,3.3294863405719552
720193,1,7,8,18.970593228694856
720197,1,7,10,15.57264861660848
720207,1,7,9,28.931157358509953
720218,1,7,2,14.881797232343484
720219,1,7,8,23.54577096033138
720222,1,7,6,26.213894494372777
720230,1,7,3,3.136076161826092
720253,1,7,4,0.3700090657260609
720260,1,7,4,0.3700090657260609
720262,1,7,4,0.3700090657260609
720282,1,7,9,22.362645217327564
720285,1,7,6,30.038205865898664
720287,1,7,10,11.021196034214855
720290,1,7,10,26.070993425308796
720301,1,7,8,18.677058973315813
720318,1,7,3,3.233451445075021
720329,1,7,4,0.3700090657260609
720337,1,7,10,23.065530210116354
720338,1,7,7,3.1182663568108753
720352,1,7,9,31.349928073715756
720364,1,7,10,5.786067629156546
720369,1,7,7,0.4237795220641557
720377,1,7,5,0.3700090141005197
720386,1,7,8,13.889131327118506
720388,1,7,4,0.3700090657260609
720397,1,7,8,26.92134518861613
720398,1,7,2,16.376522681409032
720429,1,7,5,0.37000902039789374
720438,1,7,6,12.645521480845277
720452,1,7,9,17.961490779921878
720454,1,7,2,12.635155908210695
720455,1,7,9,28.54360935115969
720459,1,7,9,29.492184640888976
720477,1,7,9,12.056738177225279
720483,1,7,10,23.671732208015793
720498,1,7,9,15.446446233215141
720506,1,7,6,25.478439625052896
720507,1,7,3,2.8425903809772533
720509,1,7,6,28.456979994393755
720519,0,7,0,0.03336739976887481
720577,1,7,7,5.942848869249525
720585,1,7,8,16.15099726802915
720595,1,7,5,0.3700090141005197
720615,1,7,6,19.93443160863596
720616,1,7,6,23.87325802462681
720619,1,7,9,23.51631709921019
720641,1,7,3,3.210745536271767
720642,1,7,4,0.3700090657260609
720660,1,7,4,0.3700090657260609
720662,1,7,10,21.511420820519763
720665,1,7,2,15.442368655838239
720667,0,7,0,0.08743958592882978
720668,1,7,8,22.12837096843063
720677,1,7,9,16.733769635107116
720697,1,7,10,17.66958735609578
720701,1,7,4,0.3700090657260609
720707,1,7,3,1.586645754141139
720712,1,7,9,31.891074581468935
720718,1,7,5,0.3700090141005197
720729,0,7,0,0.04593023776635656
720743,1,7,6,19.23492234182905
720751,1,7,3,3.0895824231183178
720757,1,7,7,4.132098954287267
720761,1,7,2,2.3349582493583467
720765,1,7,4,0.3700090657260609
720766,1,7,8,2.3753771321677584
720768,1,7,9,18.66071530169928
720780,1,7,6,27.703394571543015
720810,1,7,9,33.489442744969026
720832,1,7,8,32.21624069332529
720841,1,7,6,28.730791239771154
720846,1,7,5,0.3700090141005197
720858,1,7,8,4.453929883524756
720904,1,7,10,25.390114131108767
720906,1,7,5,0.3700090141005197
720907,1,7,9,31.885152636244126
720919,1,7,6,26.980772622496957
720920,1,7,8,34.1723856388001
720941,1,7,6,22.648117289541137
720942,1,7,10,18.067682650254863
720943,1,7,8,26.479752051939673
720953,1,7,10,22.965054601910538
720967,1,7,9,29.91630924651547
720974,1,7,5,0.3700090141005197
720978,0,7,0,0.0466234700606073
720981,1,7,9,12.595855647683198
720983,1,7,4,0.3700090657260609
720988,1,7,7,3.015107866814545
720997,1,7,9,13.56387207811655
721014,1,7,4,0.3700090657260609
721027,1,7,6,25.03619858848837
721030,1,7,8,24.75476253812478
721063,1,7,7,2.8708643559228344
721073,1,7,10,24.43628467921371
721082,1,7,1,18.63210626365942
721086,1,7,5,0.3700090141005197
721088,1,7,7,5.741642339580524
721089,1,7,5,0.3700090141005197
721127,1,7,3,0.7583585088834999
721130,1,7,8,3.5120733637428363
721157,1,7,4,0.3700090657260609
721169,0,7,0,0.03549632476297236
721193,1,7,8,27.450418813665877
721207,1,7,8,24.02706242047146
721212,1,7,9,22.826927192925837
721223,1,7,8,10.837590798502093
721236,1,7,4,0.3700090657260609
721237,1,7,6,21.956126750146627
721241,1,7,1,5.867731387393751
721247,1,7,6,22.25720002664229
721250,1,7,9,8.498022819090908
721253,1,7,8,33.523337956649286
721254,1,7,8,26.0070253798997
721261,1,7,4,0.3700090657260609
721273,1,7,5,0.3700090141005197
721277,0,7,0,0.0458662420790832
721300,1,7,9,30.056559434318782
721305,1,7,5,0.3700090141005197
721311,1,7,5,0.3700090141005197
721323,1,7,4,0.3700090657260609
721338,1,7,9,21.299680997535454
721342,1,7,8,25.768724356533063
721343,1,7,2,9.66463069244016
721351,0,7,0,0.02587221491545707
721377,1,7,8,32.56940582313109
721382,1,7,7,5.156794452928548
721391,1,7,4,0.3700090657260609
721393,1,7,9,19.298827127179425
721400,1,7,5,0.3700090141005197
721401,1,7,8,21.57344748359556
721439,1,7,9,22.020268273462925
721441,1,7,9,3.1275010165695596
721458,1,7,4,0.3700090657260609
721462,1,7,3,1.253583583864918
721463,1,7,10,12.443485237353407
721467,1,7,5,0.3700090141005197
721468,1,7,1,22.22788863446047
721477,1,7,8,13.646478989789701
721490,1,7,6,21.423024546212446
721495,1,7,4,0.3700090657260609
721505,1,7,6,20.82901963831132
721511,1,7,10,25.78372176945875
721518,1,7,6,9.374464713438494
721520,1,7,4,0.3700090657260609
721528,1,7,1,15.55311239326213
721541,1,7,10,22.402893793354966
721549,1,7,1,12.66153570193327
721555,1,7,9,12.597783593343834
721568,1,7,9,32.53373444963852
721572,1,7,6,22.91205728585001
721575,1,7,10,7.062894878942289
721581,1,7,8,4.455293493137944
721586,1,7,1,15.879059531724547
721592,1,7,6,30.055337578688402
721594,1,7,7,3.0690341451647014
721599,1,7,10,5.368074091946492
721611,1,7,5,0.37000902039789374
721636,1,7,6,14.414106958593308
721637,1,7,4,0.3700090657260609
721638,1,7,4,0.3700090657260609
721642,1,7,5,0.3700090141005197
721663,1,7,1,18.172026868777394
721670,1,7,1,19.212735605830197
721683,1,7,6,18.791036752125866
721684,0,7,0,0.03030131059931742
721698,1,7,5,0.3700090141005197
721699,1,7,6,25.197533255080895
721710,1,7,10,26.018153220325097
721744,1,7,10,25.356444966725793
721753,1,7,4,0.3700090657260609
721757,1,7,1,20.613033924419618
721760,1,7,4,0.3700090657260609
721766,1,7,9,28.932004248907347
721782,1,7,1,12.87293453487334
721785,1,7,10,26.004142867237167
721811,1,7,9,20.014519237241124
721861,1,7,7,5.2567957666346095
721871,1,7,8,17.906031748033985
721878,1,7,9,32.23443319110369
721879,1,7,6,24.58734809942691
721886,1,7,9,30.479012071609144
721900,1,7,1,11.43747971969244
721923,0,7,0,0.046576854050307946
721930,1,7,5,0.3700090141005197
721931,1,7,6,24.104191487411875
721932,1,7,4,0.3700090657260609
721933,1,7,4,0.3700090657260609
721945,1,7,5,0.37000902039789374
721949,1,7,4,0.3700090656202526
721954,1,7,9,4.199156821094589
721963,1,7,5,0.3700090141005197
721970,1,7,6,29.49510481005775
721971,1,7,6,9.381061372197165
721973,1,7,1,7.3683607990638
721983,1,7,9,19.569983104700942
722042,1,7,6,27.814011348896578
722049,1,7,2,11.677914815276818
722060,1,7,8,28.11561265017408
722070,1,7,10,25.767144503963348
722075,1,7,6,30.275008958834274
722089,1,7,9,25.155845239178856
722123,1,7,8,17.047603548780298
722127,1,7,6,20.626705299023996
722131,1,7,6,23.74332191029211
722133,1,7,9,33.001048827696714
722135,1,7,5,0.3700090141005197
722145,1,7,9,29.22726872386138
722156,1,7,1,27.171193913138573
722158,1,7,3,3.20126118619084
722172,1,7,1,25.39731952108746
722173,0,7,0,0.031871502971025444
722182,1,7,4,0.3700090657260609
722240,1,7,9,21.84140671430402
722252,1,7,8,16.031047886005897
722256,1,7,8,6.664673293654388
722267,1,7,1,3.7081417280354967
722272,1,7,7,0.664763777393937
722279,1,7,5,0.3700090141005197
722292,1,7,4,0.3700090657260609
722303,1,7,5,0.37000902039789374
722305,1,7,5,0.37000902039789374
722328,1,7,8,10.759132196707474
722334,1,7,4,0.3700090657260609
722339,1,7,10,23.81979844342083
722351,1,7,5,0.3700090141005197
722358,1,7,8,29.059767498501092
722385,1,7,1,19.97141815858939
722386,1,7,3,3.2334191815873434
722398,1,7,9,26.48792444679607
722408,0,7,0,0.027964512326876512
722413,1,7,8,6.862075633799268
722449,1,7,10,4.2545161576810955
722460,1,7,9,29.99967101343092
722469,0,7,0,0.031089825363180883
722480,1,7,6,22.185485792705357
722481,1,7,6,9.674969356128031
722485,1,7,9,32.04782620425287
722487,1,7,8,34.26696335895329
722489,1,7,8,26.78433490433095
722496,1,7,8,31.334951117927528
722502,1,7,9,30.959124226026283
722505,1,7,4,0.3700090657260609
722516,1,7,5,0.3700090141005197
722536,1,7,9,23.496662373246355
722550,1,7,5,0.3700090141005197
722559,1,7,8,25.84897014501514
722564,1,7,6,8.051735849830571
722586,1,7,9,24.779322448791973
722600,1,7,4,0.3700090657260609
722615,1,7,8,29.22762159054576
722618,1,7,8,15.03234258948725
722622,1,7,9,30.855477608882328
722631,1,7,8,2.3124694468320954
722657,1,7,8,24.124731456473025
722673,1,7,1,27.124544153857215
722674,1,7,1,18.086200251259818
722675,1,7,9,12.928622584643573
722685,1,7,5,0.3700090141005197
722691,1,7,2,6.623486051756302
722715,1,7,5,0.3700090141005197
722723,1,7,7,4.211916779332814
722738,1,7,4,0.3700090657260609
722740,1,7,6,26.3511168201769
722748,1,7,10,14.064957654855178
722770,1,7,4,0.3700090657260609
722839,1,7,8,23.996403524570272
722858,1,7,9,33.183432665960076
722861,1,7,2,3.1131435976642976
722864,1,7,6,19.829703645044233
722866,1,7,9,28.23072756106322
722868,1,7,6,10.208001721220453
722892,1,7,10,26.023924213016045
722896,1,7,5,0.3700090141005197
722904,1,7,1,17.30812820579101
722916,1,7,9,32.057275984191264
722924,1,7,9,17.86071281900471
722929,1,7,4,0.3700090657260609
722937,1,7,2,10.34426650268242
722960,1,7,6,11.657363987675808
722964,1,7,8,5.139736039875702
722989,1,7,9,26.584977903654398
722992,1,7,7,6.520091723614091
722997,1,7,4,0.3700090657260609
723013,1,7,7,2.8697156018001886
723067,1,7,9,19.549583553416095
723082,1,7,10,17.79830181409172
723090,1,7,9,26.06041403427222
723092,1,7,1,6.125481442360084
723112,1,7,9,17.646210824658844
723114,1,7,9,6.47492443129414
723115,1,7,1,4.896481475510495
723117,1,7,4,0.3700090657260609
723135,1,7,8,11.852780641228259
723139,1,7,5,0.3700090141005197
723145,1,7,6,28.217725542169983
723153,1,7,6,29.919971058009818
723156,1,7,9,10.392244447386656
723163,1,7,8,13.94160515790935
723165,1,7,7,5.04916788005485
723188,1,7,1,18.222453880919204
723194,1,7,6,11.937472706417596
723195,1,7,5,0.3700090141005197
723206,1,7,4,0.3700090657260609
723216,1,7,1,21.940598619311746
723221,1,7,6,18.302158695233917
723227,1,7,4,0.3700090657260609
723230,1,7,8,24.17743225504131
723231,1,7,4,0.3700090657260609
723233,1,7,9,29.342191058820006
723235,1,7,8,24.579937549740947
723241,1,7,5,0.3700090141005197
723243,1,7,10,25.41218770448871
723252,1,7,3,2.95262058006838
723255,1,7,9,21.813113004267375
723281,1,7,8,19.78834821823428
723285,1,7,9,30.64072413931363
723305,1,7,4,0.3700090656202526
723306,1,7,3,3.2574242696543236
723307,1,7,6,25.6958465871898
723323,1,7,9,25.037145809401004
723324,1,7,1,6.608003325445161
723333,1,7,8,28.31383408759996
723334,1,7,6,14.549600202175403
723343,1,7,6,22.619922463986665
723384,0,7,0,0.027352584483351667
723394,1,7,6,5.726576396693392
723409,1,7,6,14.491025557451787
723414,1,7,4,0.3700090657260609
723419,1,7,9,22.448905063477582
723442,1,7,6,21.515984165868723
723457,1,7,8,31.92918159729026
723459,1,7,8,19.99891090008361
723470,1,7,5,0.3700090141005197
723472,1,7,1,24.807816340046998
723479,1,7,10,5.391451382484451
723498,1,7,8,33.55463238784543
723499,1,7,5,0.3700090141005197
723528,1,7,5,0.3700090141005197
723535,1,7,1,21.534275863628665
723537,1,7,6,24.61131399339076
723558,1,7,2,4.920913029495645
723560,1,7,6,26.134875466540986
723565,1,7,5,0.3700090141005197
723575,1,7,8,28.98014652873914
723579,1,7,9,17.737986982864392
723580,1,7,10,13.462028535539202
723584,1,7,4,0.3700090657260609
723587,1,7,10,4.485509777035104
723593,1,7,10,24.37907840063536
723617,1,7,8,33.5044531008897
723622,1,7,6,9.306849983829313
723627,0,7,0,0.04062076429266105
723628,1,7,1,14.068585651228116
723631,1,7,9,31.171356035023873
723632,1,7,8,35.167767243791964
723634,1,7,5,0.3700090141005197
723635,1,7,5,0.3700090141005197
723642,1,7,8,34.81550666559917
723652,1,7,9,25.060569806217043
723656,1,7,1,26.823471407611503
723665,1,7,4,0.3700090657260609
723667,1,7,9,7.694001661772756
723672,1,7,8,25.11714475587294
723675,1,7,8,5.8895493170102045
723679,1,7,6,8.577587805117911
723687,1,7,5,0.3700090141005197
723693,1,7,7,6.475047969203194
723698,1,7,4,0.3700090657260609
723710,1,7,5,0.3700090141005197
723748,1,7,4,0.3700090657260609
723767,1,7,5,0.3700090141005197
723779,1,7,9,31.074953556377114
723781,1,7,8,10.120617011720366
723788,1,7,5,0.3700090141005197
723797,1,7,6,26.369424697084458
723798,1,7,9,24.240856466592053
723800,1,7,6,8.807625910216675
723810,1,7,4,0.3700090657260609
723820,1,7,10,6.30232376768076
723832,1,7,3,2.5228954344336882
723846,1,7,4,0.3700090656202526
723853,1,7,1,7.992384053560235
723859,1,7,8,5.626830294901188
723877,0,7,0,0.09880202168455218
723893,1,7,9,32.84933106316216
723899,1,7,10,8.95079313175297
723913,1,7,9,28.910381975381906
723923,1,7,6,27.884349657898337
723926,1,7,2,15.32378896651946
723928,1,7,7,3.3057163546916053
723940,1,7,1,6.590200235728737
723947,1,7,6,21.54141564330704
723960,1,7,8,24.530092204275583
723965,1,7,5,0.3700090141005197
723966,1,7,9,31.128988458372717
724005,1,7,6,8.66559921192243
724012,1,7,9,14.064709127055746
724017,1,7,9,21.497209960782335
724026,1,7,5,0.3700090141005197
724037,1,7,4,0.3700090657260609
724048,1,7,10,9.235646381792087
724054,1,7,10,18.01225098545919
724057,1,7,9,29.736066757133166
724060,1,7,10,7.5331709661387505
724061,1,7,4,0.3700090657260609
724077,1,7,6,15.415603441675831
724082,1,7,8,28.330931610393687
724121,1,7,4,0.3700090657260609
724122,1,7,4,0.3700090657260609
724128,1,7,4,0.3700090657260609
724135,0,7,0,0.04029603029076629
724142,0,7,0,0.0454862354562226
724173,1,7,8,13.856804569940754
724174,1,7,3,3.200534228581788
724183,1,7,1,18.995697724737685
724192,1,7,9,9.555210883720557
724202,1,7,4,0.3700090657260609
724207,1,7,1,8.06759265832509
724211,1,7,4,0.3700090657260609
724219,1,7,9,13.563845957187498
724235,1,7,6,18.15948047918919
724249,0,7,0,0.10746233445405103
724273,1,7,6,5.694257332855425
724276,1,7,7,1.5534941942279201
724294,1,7,6,29.93675717777058
724296,1,7,1,12.887250813913134
724309,1,7,9,22.672732369399927
724313,1,7,5,0.3700090141005197
724326,1,7,4,0.3700090657260609
724332,1,7,10,18.460490439393357
724346,1,7,8,24.170766536143702
724362,1,7,8,25.53087784361443
724365,1,7,6,30.39590563577131
724366,1,7,10,16.646880325580593
724373,0,7,0,0.03440328422976681
724386,1,7,9,18.64264902616498
724394,1,7,2,16.3104465525932
724397,1,7,4,0.3700090657260609
724424,1,7,6,11.825311903996033
724425,1,7,10,5.263805779557854
724439,1,7,9,19.75606509429474
724442,1,7,7,4.564380060295253
724452,1,7,8,17.36622413033546
724454,1,7,5,0.37000902039789374
724480,1,7,10,15.8456889695739
724483,1,7,4,0.3700090657260609
724494,1,7,8,13.800189599446174
724501,1,7,9,33.4312389177671
724505,1,7,7,5.5409541374131415
724511,1,7,7,4.159957286119501
724514,0,7,0,0.039076456404269176
724519,1,7,1,5.110708634463642
724555,1,7,6,29.31540965986751
724562,1,7,5,0.3700090141005197
724572,1,7,9,21.74667176175204
724593,1,7,6,20.195896696758204
724616,1,7,6,16.691231761219214
724657,1,7,4,0.3700090657260609
724667,1,7,9,21.05185519130933
724668,1,7,9,27.12135731778173
724669,1,7,9,16.35720820181323
724684,1,7,10,13.072455718752062
724688,1,7,6,10.332311407281386
724690,1,7,5,0.3700090141005197
724724,1,7,9,16.767843368322087
724734,1,7,1,9.548352438711792
724744,1,7,9,17.258253552474017
724747,1,7,10,7.632552375674271
724761,1,7,10,4.834876300766771
724769,1,7,9,25.379447500099722
724770,1,7,10,17.656634846825664
724800,1,7,6,12.028284341855384
724814,1,7,10,5.9852715565976204
724817,1,7,5,0.3700090141005197
724823,1,7,6,17.130757760187628
724828,1,7,4,0.3700090656202526
724833,0,7,0,0.030583548259774933
724834,1,7,8,11.538586448695801
724837,1,7,4,0.3700090657260609
724840,1,7,9,27.44991815728638
724847,1,7,5,0.3700090141005197
724849,1,7,10,11.989155980855191
724852,1,7,6,22.38912923893543
724864,1,7,9,26.027386942145142
724867,1,7,6,19.956069195518925
724880,1,7,5,0.3700090141005197
724893,1,7,3,2.8836580405046703
724894,1,7,4,0.3700090657260609
724911,0,7,0,0.12775654892440919
724916,1,7,9,19.489380434414013
724938,0,7,0,0.03860174209612314
724947,1,7,10,6.321069811207294
724964,1,7,6,11.221996804241428
725003,1,7,4,0.3700090657260609
725009,1,7,7,6.127322393195213
725015,1,7,5,0.3700090141005197
725029,1,7,1,25.79643495504227
725045,1,7,10,19.815863673932064
725072,1,7,9,20.66599006066225
725089,1,7,6,29.64422542081143
725092,1,7,9,31.530139056239122
725098,1,7,5,0.3700090141005197
725101,1,7,9,23.464026584016636
725107,1,7,6,16.689489788153022
725110,1,7,8,15.985782319381068
725128,1,7,9,21.81151480606293
725131,1,7,8,27.006662085829515
725137,1,7,2,12.801745810009317
725146,1,7,6,24.99981913642091
725155,1,7,1,22.905626144783117
725178,1,7,9,18.54400003688714
725182,1,7,5,0.3700090141005197
725186,0,7,0,0.037852255563243196
725195,1,7,9,18.461176765221794
725198,1,7,1,26.879043723692323
725202,1,7,5,0.3700090141005197
725215,1,7,1,21.710036502340113
725222,1,7,5,0.3700090141005197
725227,1,7,2,12.136977674204987
725232,1,7,6,30.27392348976211
725233,1,7,8,29.395856291845377
725248,1,7,6,21.253828570171745
725249,1,7,8,25.282259528040353
725262,1,7,5,0.3700090141005197
725263,1,7,9,23.90644907795927
725275,1,7,9,33.55478450141129
725279,1,7,1,22.114142453246814
725283,1,7,5,0.3700090141005197
725312,1,7,8,25.50401402171382
725326,1,7,9,31.567822850172508
725359,1,7,5,0.3700090141005197
725371,1,7,4,0.3700090657260609
725378,1,7,5,0.3700090141005197
725397,1,7,8,2.6962372863678246
725409,1,7,8,30.393570575267255
725422,1,7,8,33.88763918616633
725436,1,7,9,33.825805913910166
725437,1,7,9,33.71915757327392
725442,1,7,9,8.511895802780508
725446,1,7,3,1.0499227781358906
725484,0,7,0,0.03654915886788427
725488,1,7,5,0.3700090141005197
725510,1,7,9,25.937467108461536
725533,1,7,9,32.9965431822284
725538,1,7,9,26.140300274113216
725561,1,7,1,17.861052748074567
725573,1,7,5,0.3700090141005197
725574,1,7,9,30.897400195679253
725581,1,7,9,20.82271395784684
725586,0,7,0,0.03909405712016525
725590,1,7,4,0.3700090657260609
725593,1,7,4,0.3700090657260609
725598,1,7,8,34.35085234619223
725599,1,7,6,15.627481037698084
725605,1,7,8,11.454916578129456
725607,1,7,2,6.737665166599039
725611,1,7,1,5.913492481576777
725635,1,7,4,0.3700090657260609
725637,1,7,10,10.337241236909641
725673,1,7,6,29.818191799676395
725679,1,7,9,33.082929177395094
725717,1,7,6,15.60321756078725
725737,1,7,8,23.07928493242424
725753,0,7,0,0.031667100552663356
725755,1,7,2,6.3551392928779
725759,1,7,8,20.142543826582614
725775,1,7,7,6.53319007884292
725779,0,7,0,0.10718614694828286
725781,1,7,8,20.19294075129081
725786,1,7,8,13.756125282145456
725788,1,7,1,9.545346571705297
725827,1,7,2,9.569862858685886
725829,1,7,1,24.101444482431504
725831,1,7,10,15.515349639716147
725843,1,7,10,8.890416229327188
725851,1,7,5,0.3700090141005197
725876,0,7,0,0.02493812698072416
725883,1,7,9,33.38037330775571
725905,1,7,8,13.066964128137082
725930,1,7,8,27.449718028802497
725948,1,7,4,0.3700090657260609
725952,1,7,5,0.3700090141005197
725956,1,7,6,22.91031038589765
725961,1,7,5,0.3700090141005197
725969,1,7,5,0.3700090141005197
725974,1,7,9,22.612926946739297
725987,1,7,6,25.636163203882877
725994,1,7,2,10.961057001878704
725997,1,7,8,31.33057568499026
726020,1,7,9,29.920986070216188
726032,1,7,6,29.78874465653824
726038,1,7,9,24.244733727126754
726049,1,7,9,33.7190363527133
726054,1,7,7,6.088319078883364
726085,1,7,8,10.398800157659549
726090,1,7,8,35.936305445631625
726101,1,7,9,5.469933844270937
726113,1,7,10,16.233683326369192
726130,1,7,8,22.552317567916205
726143,1,7,8,35.348986620673315
726146,1,7,9,32.04356988842005
726148,1,7,8,32.97542908860978
726153,1,7,9,6.663826075292426
726161,1,7,5,0.37000902039789374
726169,1,7,10,17.303707615108568
726181,1,7,9,25.43117062373807
726199,1,7,8,8.521461733936535
726215,1,7,4,0.3700090657260609
726216,1,7,7,5.026442874706974
726219,1,7,6,22.63349692444718
726221,1,7,6,20.193050967960364
726240,1,7,5,0.3700090141005197
726251,1,7,7,4.579250306471519
726257,1,7,2,12.516723106985971
726283,1,7,5,0.3700090141005197
726293,1,7,8,27.224413719976774
726303,1,7,5,0.3700090141005197
726308,1,7,6,10.664777255720981
726313,1,7,8,19.561485022671963
726342,1,7,6,20.919926398694482
726347,1,7,9,25.264006371655665
726355,1,7,6,23.49775184632859
726368,1,7,9,18.91067564445175
726378,1,7,5,0.3700090141005197
726381,1,7,8,21.139628820334305
726395,1,7,1,14.310000073188599
726408,1,7,6,27.131227719082663
726413,1,7,6,26.778545211445405
726415,1,7,9,19.66424303530334
726418,1,7,8,25.399134642041012
726422,1,7,10,11.267683563450216
726443,1,7,1,27.438179095830773
726452,1,7,10,23.67781470263529
726460,1,7,5,0.3700090141005197
726467,1,7,7,2.6381457458868236
726470,1,7,1,22.32860422848604
726494,1,7,9,21.01048599156469
726500,1,7,1,11.673511031122763
726508,1,7,8,35.55842933517477
726514,1,7,9,11.6923238325191
726534,1,7,6,24.914911682005798
726544,1,7,1,4.120859634912556
726547,0,7,0,0.041026367320625944
726551,1,7,6,22.190903060423363
726554,1,7,5,0.3700090141005197
726555,1,7,9,21.30971431199979
726581,1,7,4,0.3700090657260609
726591,1,7,9,24.320233268886373
726599,1,7,6,19.196162309608194
726635,1,7,10,14.970225648234475
726641,1,7,8,13.259646467669834
726657,1,7,5,0.3700090141005197
726664,1,7,2,14.158920397914178
726676,1,7,5,0.3700090141005197
726688,1,7,9,30.39081039762134
726704,1,7,6,15.721814814483302
726719,1,7,6,17.11846858655019
726725,1,7,10,16.88419206080879
726733,1,7,2,16.177404841129405
726750,1,7,5,0.3700090141005197
726757,1,7,9,32.444231868691546
726773,1,7,9,15.217045694488972
726779,1,7,10,26.01116131540467
726789,0,7,0,0.047083679219131425
726801,1,7,10,22.34079775718287
726827,1,7,5,0.3700090141005197
726837,1,7,2,6.257122666556641
726845,1,7,2,15.95082188181037
726850,1,7,10,16.619315361189877
726851,1,7,10,23.751343652958074
726867,1,7,7,3.2395765830762793
726874,1,7,4,0.3700090657260609
726897,1,7,4,0.3700090657260609
726909,1,7,10,24.933219049461744
726910,1,7,5,0.3700090141005197
726950,1,7,2,4.546014901826891
726955,1,7,9,24.411603269823072
726958,1,7,4,0.3700090657260609
726968,1,7,6,29.927197181436547
726972,1,7,5,0.3700090141005197
726974,1,7,6,5.210162453073986
726982,1,7,1,17.386117880913893
727002,1,7,9,21.854526650244043
727012,1,7,8,35.42803694553682
727017,1,7,9,28.05457616416888
727020,1,7,8,19.48369798034774
727024,1,7,8,18.081501518643037
727029,1,7,3,3.1794242368284324
727030,1,7,4,0.3700090657260609
727042,1,7,5,0.3700090141005197
727048,1,7,8,33.12564292713632
727058,1,7,1,10.803093246588102
727061,1,7,6,7.880097438628326
727071,1,7,4,0.3700090657260609
727072,1,7,5,0.3700090141005197
727075,1,7,3,2.7828522537245806
727079,1,7,4,0.3700090657260609
727082,1,7,9,24.348907715832045
727087,1,7,7,2.0613552796075205
727090,1,7,4,0.3700090656202526
727098,1,7,8,20.666066652643643
727122,1,7,9,33.66891166104531
727124,1,7,4,0.3700090657260609
727139,1,7,3,0.7017986051794742
727141,1,7,5,0.3700090141005197
727151,1,7,8,9.270115665084813
727152,1,7,4,0.3700090657260609
727157,1,7,6,14.041662081670438
727183,1,7,7,4.385805932630678
727202,1,7,8,4.874068718922142
727219,1,7,3,2.926226965351415
727220,1,7,1,24.03786596213117
727226,1,7,8,29.761517879813912
727233,1,7,4,0.3700090657260609
727237,1,7,7,5.2407307952508155
727252,1,7,6,20.165807154994923
727254,1,7,6,7.538163880718423
727259,1,7,5,0.3700090141005197
727263,1,7,4,0.3700090657260609
727274,1,7,5,0.3700090141005197
727280,1,7,5,0.3700090141005197
727284,0,7,0,0.04653719088873427
727286,1,7,1,21.810549112062688
727300,1,7,9,8.194699386801261
727308,1,7,5,0.3700090141005197
727312,1,7,6,23.999960985595735
727313,1,7,6,24.523714342974525
727316,1,7,7,2.767824796481839
727320,0,7,0,0.16325003850897302
727323,1,7,5,0.3700090141005197
727341,1,7,8,15.701418434970984
727342,1,7,6,18.602335692178464
727347,1,7,6,18.13283704910913
727349,1,7,8,16.85363085812679
727350,1,7,7,5.407412302872645
727366,1,7,9,22.458673791782164
727386,1,7,2,4.486474174769112
727396,1,7,2,7.999816956096874
727408,1,7,10,14.674488188863032
727410,1,7,6,22.971902852735553
727426,1,7,5,0.3700090141005197
727444,1,7,7,4.357509202172398
727445,0,7,0,0.033812760932397774
727447,1,7,6,27.915812899486788
727463,1,7,1,12.555859886617675
727484,1,7,3,3.0321829150306807
727494,1,7,8,33.3370006416213
727506,1,7,9,21.511106968232472
727513,1,7,4,0.3700090657260609
727520,1,7,6,27.740854750317837
727539,1,7,6,25.075141615155882
727541,1,7,6,16.392258089139172
727546,1,7,6,9.369595949520185
727561,1,7,4,0.3700090657260609
727566,1,7,5,0.3700090141005197
727571,1,7,8,28.405550801409266
727572,1,7,1,26.851597020451496
727576,1,7,7,3.5731904523272977
727586,1,7,2,16.122357679532165
727598,1,7,9,3.722092140282484
727603,1,7,4,0.3700090657260609
727606,1,7,6,16.418304769154453
727615,1,7,4,0.3700090657260609
727618,1,7,8,30.13490348893281
727630,1,7,4,0.3700090656202526
727635,1,7,7,6.179744281957363
727648,1,7,2,1.3739464492837832
727658,1,7,10,22.532695215391392
727674,1,7,9,5.446287970284886
727676,1,7,9,3.0901979175627416
727681,1,7,5,0.3700090141005197
727686,1,7,6,24.114732215774623
727688,1,7,6,13.03030814311308
727691,1,7,5,0.3700090141005197
727704,1,7,5,0.3700090141005197
727712,1,7,7,1.4310691022348079
727715,1,7,6,24.85947636990948
727717,1,7,8,18.541263399313067
727721,1,7,8,5.556878120262689
727753,1,7,7,4.653089790907974
727793,1,7,9,33.61239376081898
727797,1,7,6,28.700303726892212
727803,1,7,10,23.658279122512294
727815,1,7,5,0.3700090141005197
727820,1,7,4,0.3700090657260609
727847,1,7,9,31.262623324718966
727849,1,7,8,23.616977469624548
727850,1,7,9,19.588611865287678
727852,1,7,5,0.3700090141005197
727873,1,7,1,18.533162676583327
727893,1,7,5,0.3700090141005197
727901,1,7,5,0.3700090141005197
727913,1,7,8,9.358417230917787
727925,1,7,8,24.445453266019527
727972,1,7,4,0.3700090657260609
727981,1,7,9,33.26174468321424
727982,1,7,8,26.22668237794652
727993,1,7,8,26.218090476469097
727997,1,7,5,0.3700090141005197
728001,1,7,10,7.530192111070387
728014,1,7,5,0.3700090141005197
728017,1,7,8,26.09503720999719
728091,1,7,8,21.29852768719272
728092,1,7,10,16.221393449787858
728105,1,7,9,23.290914364222488
728106,1,7,9,32.523994035253956
728110,1,7,1,26.661432302510757
728114,1,7,9,31.767329837261524
728119,1,7,10,14.04682334885263
728127,1,7,5,0.3700090141005197
728130,1,7,8,17.369074287116778
728141,1,7,4,0.3700090657260609
728144,1,7,10,14.04245485426494
728164,1,7,4,0.3700090657260609
728181,1,7,10,8.182135881857718
728213,1,7,6,9.4982793403066
728219,1,7,2,3.4225730600801385
728234,1,7,7,6.22966742665239
728238,1,7,9,30.064910780792683
728244,1,7,9,21.78382441951352
728246,1,7,8,21.749791499550795
728247,1,7,6,5.99307426130034
728263,1,7,5,0.3700090141005197
728269,1,7,4,0.3700090657260609
728279,1,7,1,5.780763863880413
728283,1,7,9,6.889863623821641
728300,1,7,10,8.15554587082268
728313,1,7,2,1.6783808781512324
728317,1,7,4,0.3700090656202526
728323,1,7,8,34.237994795665806
728335,1,7,9,6.767354478269716
728336,1,7,6,24.425839416369826
728346,1,7,10,8.11582852662861
728349,0,7,0,0.04035629790881589
728359,1,7,10,26.012084304010216
728362,1,7,6,15.42411087805213
728384,1,7,8,14.48249984400372
728388,1,7,4,0.3700090657260609
728393,1,7,4,0.3700090657260609
728394,1,7,8,15.349320740591727
728395,1,7,8,25.22570968000809
728398,1,7,9,29.984477574489308
728401,1,7,6,26.623804159076983
728419,1,7,5,0.3700090141005197
728431,1,7,4,0.3700090657260609
728440,1,7,8,19.957583123995303
728444,1,7,9,27.509347492837254
728453,1,7,10,13.832158738849042
728466,1,7,3,2.651554895872677
728474,1,7,9,7.731956988470885
728475,1,7,1,17.555464221066156
728490,1,7,10,19.463429643026743
728494,1,7,2,12.798928801118322
728500,1,7,10,5.379128129760719
728508,1,7,7,2.4514769176022697
728518,1,7,8,25.16696009366179
728527,1,7,10,22.785667844665454
728548,1,7,8,26.94585409526172
728552,1,7,10,18.46868424156421
728560,1,7,9,19.220781187425597
728565,0,7,0,0.03648697105249248
728569,1,7,10,18.43365191203363
728576,1,7,9,30.15780939258332
728585,1,7,9,23.83380177158212
728603,1,7,6,15.627393260348123
728605,1,7,6,16.362266925808772
728608,1,7,4,0.3700090657260609
728622,1,7,9,7.947551325953547
728630,1,7,6,29.341846016193596
728635,1,7,4,0.3700090657260609
728655,1,7,4,0.3700090657260609
728676,1,7,10,23.661997955267957
728684,1,7,8,16.54026851326164
728693,1,7,8,25.93721430932487
728695,1,7,8,16.146490678912723
728702,1,7,8,2.6949974879444705
728720,0,7,0,0.1314340663931272
728744,1,7,5,0.3700090141005197
728748,1,7,5,0.3700090141005197
728766,1,7,9,24.62565111973578
728767,1,7,9,32.66265418636918
728775,1,7,5,0.3700090141005197
728796,1,7,6,11.21913525690119
728800,1,7,5,0.3700090141005197
728809,1,7,6,16.71994549738951
728831,1,7,6,28.388785183147515
728846,0,7,0,0.02793012732331327
728853,1,7,3,2.816728001381987
728866,1,7,9,25.130222036783756
728894,1,7,9,14.684763309924808
728904,1,7,8,23.197617979999535
728918,1,7,2,10.330291589462433
728935,1,7,9,18.166385979344835
728947,1,7,6,24.567200614669336
728950,1,7,7,4.989186868897242
728956,1,7,4,0.3700090657260609
728961,1,7,8,5.227479223176561
728967,1,7,9,25.03211867952219
728971,1,7,10,7.9298895217600345
728978,1,7,3,3.048483664933074
728979,1,7,6,14.495647409407985
728985,1,7,4,0.3700090657260609
729022,1,7,8,24.331256545096476
729028,1,7,2,4.317991278277978
729032,1,7,6,30.04804753890368
729035,1,7,4,0.3700090657260609
729063,1,7,8,26.425405044298866
729097,1,7,5,0.3700090141005197
729098,1,7,1,26.172800508579996
729099,1,7,4,0.3700090657260609
729114,1,7,8,26.826587000972083
729122,1,7,5,0.3700090141005197
729125,1,7,9,8.855501556136307
729127,1,7,1,14.3870741868892
729135,1,7,9,33.66938860394573
729138,1,7,4,0.3700090657260609
729149,1,7,5,0.3700090141005197
729155,0,7,0,0.04347715983360949
729156,1,7,7,2.977076929028409
729163,1,7,6,29.44217177634985
729173,1,7,8,23.878466476711314
729177,1,7,9,18.82378465364537
729183,1,7,8,11.030985798701538
729184,1,7,10,17.726871716877096
729192,1,7,6,28.735344818164332
729193,1,7,8,9.044824009263852
729200,1,7,9,13.084735095028678
729201,1,7,2,4.843607401633359
729214,1,7,9,14.277146115217464
729220,1,7,6,19.221992236587234
729228,1,7,8,18.04910652269896
729231,1,7,5,0.3700090141005197
729232,1,7,6,29.075616696742145
729242,1,7,9,18.518735608520416
729261,1,7,7,1.5597294986146006
729265,1,7,6,26.877413489875714
729284,1,7,10,26.069042561379085
729296,1,7,8,26.499098961115017
729300,1,7,8,22.77159117998801
729303,1,7,6,25.419560316755582
729305,1,7,9,12.363019551090426
729316,1,7,8,36.05976286185038
729328,1,7,1,26.971248179269647
729335,1,7,8,22.687788720666628
729340,1,7,9,19.63606408666404
729341,1,7,5,0.3700090141005197
729345,1,7,4,0.3700090657260609
729347,1,7,9,27.143026062063967
729351,1,7,8,35.48379473769217
729352,1,7,4,0.3700090657260609
729358,1,7,5,0.3700090141005197
729359,1,7,1,6.9098587480677285
729375,1,7,6,12.877934495942329
729384,1,7,8,20.10784914870691
729385,1,7,9,14.6946344935089
729411,1,7,8,12.568982032546488
729418,1,7,4,0.3700090656202526
729448,1,7,9,27.57383396023664
729460,1,7,8,30.650424355864747
729470,1,7,9,15.031852654992363
729472,1,7,5,0.3700090141005197
729477,1,7,10,6.615519090665479
729480,0,7,0,0.045125944986171077
729489,1,7,8,11.778374836665579
729491,1,7,1,25.547063011841736
729509,1,7,5,0.3700090141005197
729526,1,7,1,15.080813099944223
729544,1,7,6,29.785253791084436
729558,1,7,6,10.475172018294716
729563,1,7,10,25.10992984027323
729565,0,7,0,0.04267777907404355
729583,0,7,0,0.04712345327102292
729589,1,7,10,12.456200390831528
729621,1,7,4,0.3700090657260609
729647,1,7,2,15.08456103311744
729686,1,7,5,0.3700090141005197
729697,1,7,4,0.3700090657260609
729738,1,7,8,29.721807354592137
729742,1,7,9,13.366152424408108
729752,1,7,6,5.313580537461975
729775,1,7,10,25.109080835368157
729802,1,7,3,3.218050153081913
729804,1,7,9,27.509233119532663
729815,1,7,8,28.990936470782746
729818,1,7,9,16.21521784403847
729829,1,7,8,26.5433723072653
729830,1,7,1,23.73736993094843
729837,1,7,1,18.448312629301284
729839,1,7,6,28.22315392978205
729840,1,7,2,1.6645501354857208
729861,1,7,4,0.3700090657260609
729862,1,7,5,0.3700090141005197
729871,1,7,10,14.982677399590841
729877,1,7,6,26.684937596716498
729880,1,7,9,9.327306109744525
729881,1,7,10,22.52815119197738
729884,1,7,10,15.668094075301958
729892,1,7,4,0.3700090657260609
729894,1,7,6,15.959191651892086
729901,1,7,4,0.3700090657260609
729902,1,7,9,18.088498955135172
729907,1,7,8,18.055654133106678
729908,1,7,6,12.809369518904855
729915,1,7,5,0.3700090141005197
729926,1,7,9,33.6818425148215
729928,1,7,7,4.010683347415155
729937,1,7,8,23.209922412086264
729942,1,7,9,29.83637651475853
729954,1,7,5,0.3700090141005197
729973,1,7,8,25.04159371772913
729981,1,7,5,0.3700090141005197
729993,1,7,8,10.704594405001517
729999,1,7,7,6.375634004715639
730000,1,7,6,30.311496205218628
730004,1,7,8,30.404784732293873
730055,1,7,5,0.3700090141005197
730072,1,7,6,29.084150287604555
730076,1,7,7,5.277652598567846
730085,1,7,6,29.46776770824145
730100,1,7,6,19.777706017354944
730111,1,7,9,28.810106069044416
730125,1,7,5,0.3700090141005197
730130,1,7,6,9.363076852253041
730147,1,7,3,3.059681076995934
730149,1,7,8,19.136402201105092
730154,1,7,3,2.826665801060552
730163,1,7,8,6.35243455058856
730169,1,7,8,32.22741576848536
730170,1,7,10,22.79578082555233
730171,1,7,4,0.3700090657260609
730175,1,7,8,21.784954206945834
730180,1,7,9,21.940359483668086
730185,1,7,10,16.251866976268566
730187,1,7,6,26.345979784664912
730194,1,7,6,30.02682349925
730204,1,7,9,23.619765209735807
730223,1,7,4,0.3700090657260609
730232,1,7,7,5.631178847998059
730240,1,7,8,7.213341151911242
730242,1,7,8,6.704072239835527
730243,1,7,5,0.3700090141005197
730260,1,7,6,23.895728941974372
730335,1,7,9,6.272260833173466
730337,1,7,9,22.749264896440636
730357,1,7,8,35.11517257425225
730358,1,7,10,17.512613292661786
730364,1,7,9,29.30015979286574
730382,1,7,8,26.323584836033312
730394,1,7,4,0.3700090657260609
730406,0,7,0,0.04563165498463944
730407,1,7,9,31.046029370569105
730419,1,7,9,10.85824288426308
730437,1,7,5,0.37000902039789374
730439,1,7,8,16.884980088558773
730441,1,7,9,16.815089068091506
730446,1,7,4,0.3700090657260609
730448,1,7,1,21.57900269372425
730483,1,7,5,0.3700090141005197
730488,1,7,5,0.3700090141005197
730490,1,7,6,26.98760099343136
730492,1,7,7,4.635380613700631
730494,1,7,4,0.3700090657260609
730502,0,7,0,0.0907371775624894
730505,1,7,4,0.3700090657260609
730517,1,7,9,25.212988430542776
730558,1,7,8,33.05587197437267
730588,1,7,6,23.340098455393164
730600,0,7,0,0.03767038771563494
730619,1,7,10,6.633344720476999
730623,1,7,4,0.3700090657260609
730624,1,7,1,7.779328079630942
730630,1,7,7,3.3523700458572754
730632,1,7,9,7.822158148929419
730635,1,7,4,0.3700090657260609
730642,1,7,8,28.471619476454496
730651,1,7,3,3.1629518469979416
730655,1,7,5,0.3700090141005197
730656,1,7,4,0.3700090657260609
730661,1,7,5,0.3700090141005197
730683,1,7,1,14.41059046611752
730736,1,7,5,0.3700090141005197
730743,1,7,8,17.032671132324147
730747,1,7,9,24.111552812382293
730748,1,7,5,0.37000902039789374
730753,1,7,8,13.723901516258424
730764,1,7,5,0.3700090141005197
730769,1,7,3,2.625499158988575
730783,1,7,10,16.327076561794673
730788,0,7,0,0.030004662351931912
730798,1,7,6,10.474593780648771
730809,1,7,6,30.019865214859273
730815,0,7,0,0.015971303395335396
730827,1,7,4,0.3700090657260609
730829,1,7,4,0.3700090657260609
730833,1,7,10,17.5813647183493
730858,1,7,4,0.3700090657260609
730869,1,7,8,9.063657562875536
730875,1,7,5,0.3700090141005197
730876,1,7,10,26.01530503006583
730879,1,7,8,32.64946834423145
730903,1,7,10,10.40584381116884
730916,1,7,6,23.94872353116241
730924,1,7,9,32.06850594288364
730968,1,7,8,10.018775042494307
730974,1,7,9,33.333191404027374
730995,1,7,4,0.3700090657260609
730997,1,7,6,30.64695687937041
730998,1,7,1,27.39300353089123
731031,1,7,4,0.3700090657260609
731041,1,7,2,3.0092966875759286
731047,1,7,3,2.669408191603846
731102,1,7,7,1.3338891315698718
731118,1,7,5,0.3700090141005197
731129,1,7,9,8.510563266330639
731136,1,7,9,7.437953763543618
731180,0,7,0,0.04627143336525851
731187,1,7,6,30.529415438568655
731190,1,7,6,30.195175232248253
731193,1,7,2,5.801807194340095
731204,1,7,3,2.93678586178818
731249,1,7,6,24.515688881098946
731252,1,7,9,25.37921626846151
731257,1,7,3,1.9002042842613944
731264,1,7,8,31.280180540736325
731281,1,7,5,0.3700090141005197
731284,1,7,5,0.3700090141005197
731289,1,7,6,16.860749852185233
731292,0,7,0,0.03266126053407992
731298,1,7,2,7.587586416476058
731321,1,7,7,2.65185184405285
731333,1,7,8,27.592481557355505
731334,1,7,9,33.42252630690743
731362,1,7,5,0.3700090141005197
731366,1,7,2,6.131137971460297
731374,1,7,8,26.42647935491177
731376,1,7,3,0.6794078789398388
731384,1,7,9,28.85729128054167
731413,1,7,5,0.3700090141005197
731419,1,7,6,29.21052748708975
731430,1,7,8,28.64373864309621
731438,1,7,6,16.044457287224876
731453,1,7,6,8.633340396331462
731468,1,7,8,19.25161336585392
731498,1,7,6,19.24097784543248
731500,1,7,6,29.65386283891651
731501,1,7,10,12.737961957780495
731506,1,7,1,20.415249835200214
731512,1,7,8,29.795520905643738
731520,1,7,4,0.3700090656202526
731530,1,7,5,0.3700090141005197
731543,1,7,6,18.917735942442405
731549,1,7,8,28.58992080718495
731550,1,7,7,6.246117694025416
731551,1,7,6,29.29714223790402
731553,1,7,8,31.054201690128473
731557,1,7,8,19.068655278293875
731569,1,7,8,9.698544917276807
731570,1,7,8,16.733419608224306
731581,1,7,10,24.91591304527542
731609,0,7,0,0.03326512658110527
731615,1,7,10,6.982497613314072
731622,1,7,8,21.401025976366366
731640,1,7,5,0.3700090141005197
731649,1,7,3,1.5748257440313593
731651,1,7,9,30.682714739033973
731663,1,7,4,0.3700090657260609
731676,1,7,6,29.41440461533635
731679,1,7,9,28.85026558935487
731685,1,7,10,7.352330919646144
731702,1,7,9,15.606103471203935
731703,1,7,9,28.676930761943368
731707,1,7,9,28.801653623816048
731711,1,7,5,0.3700090141005197
731716,1,7,9,23.138586563154288
731718,1,7,9,22.269723623090943
731723,1,7,8,10.907362559512414
731724,1,7,9,33.80116220363931
731743,1,7,9,28.261325228033687
731746,0,7,0,0.06713826860822304
731754,1,7,5,0.37000902039789374
731755,1,7,6,5.068966472846941
731763,1,7,9,30.59631339708619
731764,1,7,9,32.8378275126862
731766,1,7,6,25.4157181581561
731778,1,7,8,6.219634718259818
731799,1,7,10,10.062212434532206
731808,1,7,5,0.3700090141005197
731829,1,7,6,22.091001910826048
731843,1,7,2,12.745919850466631
731851,1,7,4,0.3700090657260609
731879,1,7,7,4.9390326381287295
731895,1,7,6,7.166595419008959
731898,1,7,10,9.910060808006257
731905,1,7,6,22.48609110711056
731918,1,7,7,4.463112825787356
731921,1,7,2,13.981265441579913
731929,1,7,9,12.5786292133832
731946,1,7,5,0.3700090141005197
731947,1,7,3,1.0242606125821505
731973,1,7,5,0.3700090141005197
731975,1,7,9,17.533852100491366
731982,1,7,1,16.19017257505136
731990,1,7,6,16.70589116357425
732008,1,7,6,17.060127058095652
732009,1,7,8,28.06226561087838
732057,1,7,8,23.54161345495759
732068,1,7,10,8.842876790920482
732078,1,7,8,19.98930349254603
732101,0,7,0,0.03474883716723302
732109,1,7,8,31.505576402385575
732115,1,7,6,20.5750015002804
732117,1,7,10,15.057286594114085
732119,1,7,10,15.443153804178648
732122,1,7,8,12.13864843976636
732129,1,7,5,0.3700090141005197
732136,1,7,5,0.3700090141005197
732153,1,7,6,19.238646186613604
732154,1,7,6,25.486935926173306
732170,0,7,0,0.03284054283885155
732172,0,7,0,0.03236290268131887
732178,1,7,10,12.983664591696742
732212,1,7,8,20.750766415378795
732221,1,7,6,24.87598096758112
732228,1,7,5,0.3700090141005197
732240,1,7,9,8.519927936257554
732254,1,7,5,0.3700090141005197
732268,0,7,0,0.037725676580861046
732272,1,7,6,28.754055195737443
732286,1,7,9,29.82888483217832
732294,1,7,5,0.3700090141005197
732318,1,7,6,26.09453529352224
732319,1,7,5,0.3700090141005197
732336,1,7,10,17.10448756939574
732339,1,7,5,0.7064154591923997
732340,1,7,10,13.17888409046413
732352,1,7,8,36.06182204777848
732354,1,7,5,0.3700090141005197
732361,1,7,5,0.3700090141005197
732375,1,7,9,24.795911015657573
732382,1,7,5,0.3700090141005197
732383,1,7,4,0.3700090657260609
732385,1,7,9,20.668791569844775
732394,1,7,8,25.34036386984858
732395,1,7,9,19.934680487054706
732415,1,7,9,33.281019415561566
732416,0,7,0,0.02527726244634927
732437,1,7,10,15.283946082255397
732446,1,7,9,25.19016443370077
732452,1,7,4,0.3700090657260609
732461,1,7,4,0.3700090657260609
732467,1,7,9,23.856917382462516
732481,1,7,8,19.269944299462253
732504,1,7,2,3.441732555853143
732508,1,7,9,27.284908528420146
732509,1,7,6,20.737993136852115
732512,1,7,9,33.119858015094806
732519,1,7,4,0.3700090657260609
732525,1,7,6,20.36811768153641
732541,1,7,5,0.3700090141005197
732542,1,7,5,0.3700090141005197
732545,1,7,8,19.868349383726702
732549,1,7,6,27.917893669521014
732551,1,7,6,24.184689615199577
732579,1,7,1,7.717757549502617
732584,1,7,8,23.613578190882762
732586,1,7,7,6.262500896065145
732620,0,7,0,0.035611183956163014
732629,1,7,5,0.3700090141005197
732630,1,7,1,17.22348350177407
732632,1,7,5,0.3700090141005197
732642,1,7,2,16.5901743367351
732643,1,7,8,10.733393595236
732648,1,7,7,5.414042534180766
732650,1,7,6,16.30739057754815
732658,1,7,4,0.3700090657260609
732665,1,7,9,24.96931210570847
732694,1,7,10,15.978034403837594
732714,1,7,4,0.3700090657260609
732738,1,7,5,0.3700090141005197
732741,1,7,8,36.10115836860243
732753,1,7,3,0.6873602840818102
732766,1,7,9,33.787679225859534
732771,1,7,7,0.981939468668383
732795,1,7,9,25.12064489177293
732806,1,7,2,6.873112690439505
732807,1,7,4,0.3700090657260609
732811,1,7,4,0.3700090657260609
732814,1,7,6,13.01746824628249
732815,1,7,5,0.3700090141005197
732823,1,7,8,30.42955580132247
732826,0,7,0,0.02671204264646591
732828,1,7,9,29.595724006720435
732833,1,7,5,0.3700090141005197
732838,1,7,10,7.201679160352885
732861,1,7,7,3.967703127897309
732864,1,7,1,20.87246939170562
732865,1,7,4,0.3700090657260609
732868,1,7,6,30.640361060165777
732872,1,7,9,31.462221466612093
732901,0,7,0,0.04301101507967304
732924,1,7,9,20.773135260514348
732939,1,7,10,17.764368169740408
732940,1,7,4,0.3700090657260609
732948,1,7,4,0.3700090657260609
732968,1,7,6,9.359232031825552
732970,1,7,10,20.71876126528637
732974,1,7,4,0.3700090657260609
732975,1,7,1,5.4720551958351775
732977,1,7,9,4.077515400777087
732987,1,7,6,8.696500927670389
733016,0,7,0,0.032625651486354705
733017,1,7,4,0.3700090657260609
733045,1,7,1,20.381944507827917
733057,1,7,9,16.733151460753746
733092,1,7,10,16.92732191634682
733095,1,7,9,32.31684565432958
733101,1,7,4,0.3700090657260609
733181,1,7,6,28.481000324133813
733183,1,7,1,24.590079126534157
733185,1,7,9,20.532080351768723
733191,1,7,5,0.3700090141005197
733194,1,7,1,16.80229009507513
733228,1,7,10,19.92140293692451
733231,1,7,9,31.572836929388387
733263,1,7,9,21.483838763106323
733270,1,7,10,17.66383612156636
733272,1,7,10,20.472793126388222
733275,1,7,8,19.03662624793358
733283,1,7,4,0.3700090657260609
733297,1,7,9,30.702409011242406
733306,1,7,8,8.66237309835005
733338,1,7,5,0.3700090141005197
733344,1,7,6,26.667033802541635
733345,1,7,7,0.5580364952491018
733355,1,7,2,10.372521285064938
733363,1,7,5,0.3700090141005197
733366,1,7,6,10.427150853060484
733368,1,7,6,29.477184516664725
733374,1,7,8,4.1491799090310195
733382,1,7,10,26.020649738732686
733392,1,7,9,20.148746834421917
733395,1,7,9,23.941467099663875
733415,1,7,9,9.341339491992969
733425,1,7,6,17.896967921054227
733430,1,7,10,9.33651776671117
733432,1,7,8,15.570020656344845
733444,1,7,10,6.680836134700119
733449,1,7,9,25.756737597219633
733450,1,7,4,0.3700090657260609
733453,1,7,9,23.005652098726024
733465,1,7,6,24.561770452232885
733497,1,7,10,5.838777801577126
733498,1,7,4,0.3700090657260609
733512,1,7,9,33.26742701736699
733533,1,7,4,0.3700090657260609
733534,1,7,7,1.9735331510831517
733536,1,7,1,8.449588338692944
733549,1,7,5,0.3700090141005197
733555,1,7,6,16.065309304198315
733562,1,7,1,6.857326813016709
733567,1,7,9,30.154675460328015
733576,1,7,5,0.3700090141005197
733583,1,7,9,31.477677942676674
733601,1,7,7,2.6732815797291525
733604,1,7,7,3.7351948680900247
733612,1,7,2,3.091302641108317
733616,1,7,3,1.051739322014091
733620,1,7,10,24.21450813910555
733621,1,7,5,0.3700090141005197
733623,1,7,9,16.776873373687398
733638,1,7,7,1.4874456592236456
733647,1,7,5,0.37000902039789374
733657,1,7,2,8.045347124641694
733678,1,7,6,30.64293711650615
733699,1,7,9,23.29765427460779
733702,1,7,6,24.636981393731904
733710,1,7,5,0.3700090141005197
733746,1,7,9,33.04268536764207
733748,1,7,5,0.3700090141005197
733749,1,7,9,18.04886690378493
733759,1,7,4,0.3700090657260609
733762,1,7,9,18.04240508983225
733767,1,7,9,10.14217885603687
733778,1,7,9,25.543306744443825
733790,1,7,5,0.3700090141005197
733796,1,7,10,16.4032436234081
733799,1,7,1,4.751031883843001
733800,1,7,6,13.076946268126752
733807,1,7,10,13.704223222083263
733809,0,7,0,0.039016661423782406
733824,1,7,9,23.395842526244216
733829,1,7,8,36.06365544598323
733830,0,7,0,0.039193963872182346
733839,1,7,9,33.579158553140054
733843,1,7,6,30.183032131736343
733847,1,7,2,16.56190490747555
733885,1,7,9,5.702984368463821
733897,1,7,3,2.8826642815990415
733922,1,7,7,6.5171458245293765
733931,1,7,10,11.654522876216953
733935,1,7,1,20.374461551678966
733956,1,7,8,12.909615245765574
733957,1,7,1,27.241698851252405
733958,1,7,6,27.597787464977227
733960,1,7,10,16.746319051976126
733963,1,7,4,0.3700090657260609
733967,1,7,9,19.25713626492701
733980,1,7,6,22.479412370396354
733982,1,7,2,9.102122905946162
733997,1,7,9,29.051348352082442
734034,1,7,10,24.214333555467167
734042,1,7,7,5.084245568527427
734049,1,7,10,18.00946748097254
734052,1,7,6,11.357386481937297
734055,1,7,4,0.3700090657260609
734056,1,7,10,4.43644266609569
734058,1,7,4,0.3700090657260609
734061,1,7,6,28.782934761288512
734079,1,7,10,4.763775098172564
734082,1,7,8,26.264595834448645
734084,1,7,8,3.5162529892665106
734086,1,7,2,5.176294684097482
734092,1,7,9,32.27261462593556
734094,1,7,8,15.452364890611106
734103,1,7,9,31.88474228176256
734105,1,7,9,19.945099145350277
734111,1,7,8,34.9489719191663
734114,1,7,8,33.29358628182486
734116,1,7,10,26.021683833612077
734117,1,7,10,8.242359534342931
734118,1,7,10,21.346996002687337
734119,1,7,9,31.666885703628964
734123,1,7,1,7.171823747383624
734132,1,7,4,0.3700090657260609
734138,1,7,8,32.67725349465353
734141,1,7,4,0.3700090656202526
734142,1,7,8,22.719865807441277
734159,0,7,0,0.08556925562260223
734170,1,7,4,0.3700090657260609
734179,1,7,5,0.3700090141005197
734180,1,7,5,0.3700090141005197
734186,1,7,8,28.21950462490095
734191,1,7,1,9.501455614617193
734194,1,7,9,21.330488565743334
734195,1,7,5,0.3700090141005197
734208,1,7,7,3.7513295710512957
734213,1,7,8,22.789056913088285
734220,1,7,9,29.646047006619643
734227,1,7,5,0.3700090141005197
734228,1,7,8,36.08143302098345
734234,1,7,5,0.3700090141005197
734249,1,7,6,15.3965911549057
734285,1,7,5,0.3700090141005197
734289,1,7,6,25.97852126060349
734307,1,7,9,12.804137489034783
734309,1,7,4,0.3700090657260609
734318,1,7,4,0.3700090657260609
734330,1,7,9,30.48121666077291
734335,1,7,1,21.414305274534208
734340,1,7,8,29.633522640852327
734372,1,7,6,17.0631951330819
734377,1,7,5,0.3700090141005197
734385,1,7,5,0.3700090141005197
734389,1,7,8,30.36437666128515
734391,1,7,1,21.650080513370877
734394,1,7,8,16.49053619328641
734397,1,7,5,0.3700090141005197
734417,1,7,9,23.301968229344723
734423,1,7,6,21.53202683682799
734428,1,7,5,0.3700090141005197
734432,1,7,9,33.64861860314502
734433,1,7,8,33.28423213155274
734441,1,7,1,18.174710954450575
734453,1,7,9,24.36555264297071
734467,1,7,1,8.253640961204944
734486,1,7,6,18.257850998722628
734490,1,7,6,28.73573059634582
734491,1,7,1,22.63056451892831
734503,1,7,8,30.959584873156924
734507,1,7,5,0.3700090141005197
734513,0,7,0,0.10100871818041521
734521,1,7,5,0.3700090141005197
734522,1,7,9,9.299360038901092
734524,1,7,8,29.551918957621485
734537,1,7,8,27.311076884190502
734543,1,7,5,0.3700090141005197
734553,1,7,6,29.353729500299185
734554,1,7,9,18.80882856125895
734567,1,7,4,0.3700090657260609
734591,1,7,2,8.407278529795935
734597,1,7,6,15.75446848044502
734613,1,7,5,0.3700090141005197
734616,1,7,9,28.95474687098708
734617,1,7,1,8.673660689396575
734621,1,7,7,0.34665885279115827
734623,1,7,2,13.526571602231751
734630,1,7,6,29.788277368189057
734670,1,7,6,19.91487976989534
734685,1,7,4,0.3700090657260609
734694,1,7,9,12.231892414740159
734702,1,7,4,0.3700090656202526
734732,1,7,6,20.15729475808717
734749,1,7,8,29.23188209270265
734758,1,7,7,3.1044447413790723
734769,1,7,9,29.235828821810262
734772,1,7,6,25.505121349033086
734775,1,7,8,24.60902061254536
734777,1,7,2,4.657848557352913
734789,1,7,7,6.196089643596529
734791,1,7,10,8.954976491109838
734802,1,7,9,7.680599050496749
734803,1,7,10,14.345609758982363
734806,1,7,4,0.3700090657260609
734808,1,7,1,16.67775213097937
734810,1,7,10,11.697397326947135
734818,1,7,3,3.10760472100982
734832,1,7,6,26.63664845787697
734845,1,7,9,28.917654464725324
734851,0,7,0,0.04589913846131896
734859,1,7,8,29.26814834943241
734865,1,7,4,0.3700090657260609
734868,1,7,9,7.98552562223134
734880,1,7,7,6.333537047355703
734888,1,7,3,2.8182604059598213
734897,1,7,10,12.558151828675504
734916,1,7,6,6.8169404468264885
734917,1,7,5,0.3700090141005197
734918,1,7,1,18.39218406059205
734928,0,7,0,0.03399910379406969
734948,1,7,8,32.496512089070706
734950,1,7,6,10.378478687348982
734967,1,7,4,0.3700090656202526
734973,1,7,10,5.11840768759762
734979,1,7,9,33.38275258924994
734991,1,7,3,3.1573112858967325
734997,1,7,4,0.3700090657260609
735005,1,7,10,13.692294705898467
735020,1,7,9,33.40872442826703
735049,1,7,10,14.4966429588525
735070,1,7,8,11.28369814011071
735073,1,7,9,22.292782258424577
735081,1,7,3,1.76680867655079
735087,1,7,8,33.51500422453622
735090,1,7,2,1.9210817183336242
735099,1,7,1,21.69136518941642
735111,1,7,6,10.730533184893297
735112,1,7,7,2.098928122881618
735113,1,7,10,11.4494753722676
735117,1,7,9,32.24545697879714
735119,1,7,8,2.8403065294060634
735122,1,7,4,0.3700090657260609
735130,1,7,10,15.05575274482297
735135,1,7,8,16.656716849640056
735147,1,7,4,0.3700090657260609
735158,1,7,9,14.537896804557143
735159,1,7,9,18.393572040305767
735167,0,7,0,0.045159202694302424
735176,1,7,9,15.024262803072272
735178,1,7,8,24.55425009467024
735186,1,7,2,7.415289070978097
735190,0,7,0,0.030866669313376335
735205,1,7,6,12.399015914013635
735209,1,7,8,20.22794997829095
735264,1,7,10,6.74066523726862
735270,1,7,5,0.37000902039789374
735271,1,7,6,29.41866310358558
735274,1,7,6,9.012049523287109
735280,1,7,9,18.235391769717452
735281,1,7,10,4.054694715206729
735284,0,7,0,0.03223105317067675
735295,1,7,9,15.794451323391767
735297,1,7,8,14.268574349290947
735301,1,7,3,3.2111615960633757
735325,1,7,6,29.572604435020466
735329,1,7,9,30.450007876996928
735332,1,7,8,9.206189619801078
735346,1,7,7,5.974635935679392
735349,1,7,6,20.86770022473732
735356,1,7,2,10.560213638313229
735359,0,7,0,0.055938492669093044
735388,1,7,2,16.163842155743716
735395,1,7,7,3.6754399750584223
735399,1,7,6,7.966074471031665
735404,1,7,4,0.3700090657260609
735412,1,7,4,0.3700090657260609
735451,1,7,10,24.073876906363722
735454,1,7,9,8.813166467256275
735465,1,7,5,0.3700090141005197
735479,1,7,6,16.95531166959724
735504,1,7,9,28.618428687523934
735514,1,7,3,2.8951936590192497
735544,1,7,8,19.455879873643454
735546,1,7,5,0.3700090141005197
735553,0,7,0,0.11631319873364074
735560,1,7,9,8.295156551522725
735562,1,7,6,10.856040053215546
735566,1,7,5,0.37000902039789374
735568,1,7,7,2.549246941663952
735571,1,7,7,5.668575686113984
735574,1,7,6,17.39987973298607
735584,1,7,7,6.217102518646548
735590,1,7,6,29.420143394120302
735623,1,7,10,25.531793494454256
735626,0,7,0,0.031910180757070986
735628,1,7,10,14.398230992458094
735631,1,7,10,17.854139721179866
735639,1,7,4,0.3700090657260609
735640,0,7,0,0.029836256461448826
735664,1,7,6,23.713832697202626
735665,1,7,8,35.62498813142648
735670,1,7,4,0.3700090657260609
735675,1,7,6,23.33976406448567
735679,1,7,4,0.3700090657260609
735684,1,7,9,19.28756710172227
735711,1,7,6,6.43963480234313
735715,1,7,5,0.3700090141005197
735718,1,7,6,21.844123956274103
735731,1,7,10,14.26941675252558
735779,1,7,1,26.43385721558429
735780,1,7,8,26.870762364777466
735806,1,7,3,1.151625110365259
735815,1,7,5,0.3700090141005197
735835,1,7,1,22.948508850593022
735856,1,7,9,23.213403840979005
735859,1,7,10,9.946953023935906
735860,1,7,9,23.11694250819095
735885,1,7,9,24.2330219159427
735890,1,7,10,13.573437925855599
735896,1,7,5,0.37000902039789374
735909,1,7,4,0.3700090657260609
735924,1,7,6,12.497462079835252
735929,1,7,3,3.153034524669565
735936,1,7,5,0.3700090141005197
735960,1,7,7,1.228457895531067
735961,1,7,6,15.294678521086825
735964,1,7,6,30.525001801119277
735968,1,7,2,15.101979756768918
735996,1,7,1,25.286862957966516
735999,1,7,3,2.8256827501832777
736006,1,7,10,15.536763665855256
736013,1,7,9,12.35689809752749
736021,1,7,1,10.413538359878949
736039,1,7,6,27.494437805990724
736071,1,7,7,4.9881310169281905
736085,1,7,4,0.3700090657260609
736089,1,7,6,16.047024184866242
736100,1,7,5,0.3700090141005197
736108,1,7,6,21.65157401171225
736112,1,7,6,29.964812508113663
736134,1,7,4,0.3700090657260609
736141,1,7,6,29.525275866609228
736153,1,7,4,0.3700090657260609
736156,1,7,9,31.405645702559784
736161,1,7,5,0.3700090141005197
736170,1,7,2,8.937031129840442
736201,0,7,0,0.032840768125505064
736206,1,7,8,17.40370329295051
736207,1,7,9,26.954525926987728
736214,1,7,9,24.27124242899817
736224,1,7,10,24.30210366747846
736225,1,7,5,0.37000902039789374
736229,1,7,10,4.691957197272004
736232,1,7,5,0.3700090141005197
736238,1,7,7,3.6292148128868735
736246,1,7,10,11.869794054156971
736247,1,7,4,0.3700090657260609
736249,1,7,6,7.538722661306719
736256,1,7,6,30.49036672094609
736275,1,7,10,8.244435632481986
736292,1,7,1,15.444106520261961
736294,1,7,5,0.3700090141005197
736296,1,7,8,23.608050624538418
736313,1,7,8,14.630905055752258
736320,1,7,4,0.3700090657260609
736354,1,7,9,31.879695539221238
736376,1,7,4,0.3700090657260609
736439,1,7,9,33.76991725157381
736444,1,7,5,0.3700090141005197
736449,1,7,5,0.3700090141005197
736465,1,7,9,23.518790663994743
736469,1,7,9,23.4664287011518
736501,1,7,9,31.033512913936406
736503,1,7,9,23.61304976123996
736504,1,7,6,20.18350949752788
736521,1,7,8,2.696853750785565
736526,1,7,1,16.145052203351508
736532,1,7,9,26.57971750221513
736536,1,7,2,5.298743264793074
736542,1,7,9,18.27059504101595
736546,1,7,3,2.9261451536222514
736547,1,7,3,3.0183658992595386
736548,1,7,9,14.895048943342472
736551,1,7,1,20.41189535626504
736561,1,7,8,22.21159148510803
736568,1,7,9,24.844941538416016
736577,1,7,8,24.84548798366444
736587,1,7,10,18.505734368562084
736588,1,7,5,0.3700090141005197
736600,1,7,10,26.00648773333658
736601,0,7,0,0.047081895901834904
736627,1,7,8,30.758571640917758
736630,1,7,6,12.836794446001875
736655,1,7,6,13.696340684411965
736661,1,7,3,3.219129634817462
736666,1,7,6,17.010364498154726
736672,1,7,9,24.869459787815423
736685,1,7,8,22.218681219480455
736694,1,7,6,17.91626472950416
736699,1,7,4,0.3700090657260609
736701,1,7,4,0.3700090657260609
736704,1,7,7,0.3433351997173731
736727,1,7,10,14.96422353778238
736771,1,7,8,18.966508911946104
736783,1,7,5,0.3700090141005197
736808,1,7,8,14.226848574325121
736814,1,7,9,7.917882340286697
736831,1,7,10,10.168611112870469
736838,1,7,3,3.2646409122965485
736854,1,7,9,24.565077672846392
736872,1,7,9,7.4838503592234416
736896,1,7,6,20.955797700088414
736899,1,7,8,30.255194294376796
736902,1,7,1,11.533637594996716
736922,1,7,8,34.94836405036179
736943,1,7,5,0.37000902039789374
736944,1,7,4,0.3700090657260609
736949,1,7,9,31.487132214156155
736966,1,7,1,11.3456210496849
736971,1,7,6,25.184517009700336
736972,1,7,1,21.83275885114696
736978,1,7,8,33.886835667328
736982,1,7,9,13.55747518793499
736993,1,7,1,13.683712797893918
736997,1,7,9,22.612081055610904
737000,1,7,9,13.899115991694618
737005,1,7,5,0.3700090141005197
737009,1,7,2,12.785616630706098
737018,1,7,8,29.215157403534754
737045,1,7,9,20.94469867376121
737053,1,7,9,17.851020349733258
737057,1,7,5,0.3700090141005197
737059,1,7,9,29.85471456523898
737085,1,7,4,0.3700090657260609
737089,1,7,4,0.3700090657260609
737090,1,7,1,25.517906061978987
737093,1,7,8,34.90307406983718
737097,1,7,4,0.3700090657260609
737098,1,7,4,0.3700090657260609
737119,1,7,6,17.208215373479785
737175,1,7,8,3.5298331560829492
737177,1,7,6,21.706416858609142
737182,1,7,9,20.735764325725686
737184,1,7,8,21.814094943646634
737195,1,7,6,27.877844583389848
737203,1,7,2,11.333564101382544
737209,1,7,4,0.3700090656202526
737222,1,7,8,19.88531758201475
737228,1,7,7,6.127289072892063
737230,1,7,4,0.3700090657260609
737236,1,7,8,22.303594520428756
737250,1,7,6,24.884885011517063
737261,1,7,4,0.3700090657260609
737267,1,7,9,23.50642047451214
737268,1,7,6,11.10234515262384
737270,1,7,8,24.343580744524875
737293,1,7,7,2.474053310682472
737332,1,7,10,6.308918551192348
737352,1,7,8,10.829359961675387
737361,1,7,7,2.5058443297983803
737364,1,7,5,0.3700090141005197
737369,1,7,7,5.234023451484352
737373,1,7,5,0.3700090141005197
737378,1,7,8,14.126006760346591
737390,1,7,4,0.3700090657260609
737391,1,7,1,8.547772061956751
737401,1,7,6,7.830995802680703
737413,1,7,8,26.66657293049711
737417,1,7,8,25.784026305930293
737419,1,7,10,14.26244156192154
737424,1,7,5,0.3700090141005197
737434,1,7,9,22.90265667596872
737450,1,7,6,29.742152983647763
737452,1,7,8,23.481593446700888
737464,1,7,4,0.3700090657260609
737467,1,7,9,7.752800716392375
737469,1,7,10,24.776104503023557
737477,1,7,3,3.1149440980052154
737479,1,7,8,32.19299734241562
737484,1,7,6,27.84241117569921
737488,1,7,4,0.3700090657260609
737536,1,7,9,7.595851357120376
737561,1,7,6,18.875250974037627
737572,1,7,9,33.65060041526401
737579,1,7,8,4.9975196611445885
737589,1,7,7,3.104611862244773
737628,1,7,4,0.3700090657260609
737630,1,7,8,33.159803756853556
737631,1,7,3,3.2312324093946243
737637,1,7,1,13.820016711778997
737640,1,7,8,20.336704459421092
737643,1,7,7,1.0262226206907628
737648,1,7,6,8.621399497980683
737704,1,7,9,8.140459718477686
737755,1,7,9,22.839884620466716
737762,1,7,6,26.992260773458213
737785,1,7,9,33.73758946796943
737788,0,7,0,0.0389055690980896
737818,1,7,5,0.3700090141005197
737819,1,7,3,3.1861633958001656
737820,1,7,9,18.274197463819277
737838,1,7,1,15.783185590367042
737855,1,7,8,30.46966108178245
737871,1,7,8,16.312484877887755
737878,1,7,4,0.3700090657260609
737885,1,7,8,24.231317386919773
737910,1,7,9,16.474934879480962
737915,1,7,10,17.426341741209274
737918,1,7,10,4.603323472010679
737932,1,7,2,16.51857170283678
737947,1,7,6,18.757682179129787
737954,1,7,9,11.206112744417872
737958,1,7,3,1.4038602675318863
737972,1,7,8,32.08641529576046
737979,1,7,6,20.362967431722307
737985,1,7,6,20.640474546983967
737986,1,7,6,13.681800161600027
737993,1,7,6,12.519140982077888
738006,1,7,1,7.172593155747676
738007,1,7,10,8.771230664158248
738025,1,7,6,25.84653107688627
738035,1,7,7,6.36042249986364
738046,1,7,10,21.24901521882499
738069,1,7,6,30.36651694331568
738081,1,7,5,0.3700090141005197
738086,1,7,5,0.3700090141005197
738098,1,7,9,5.360264735568665
738107,1,7,9,5.19914527316133
738146,1,7,2,3.533214686359004
738156,1,7,3,2.6967230879689073
738171,1,7,9,33.46980030145208
738183,1,7,6,27.762602058571023
738191,1,7,3,2.3164581570410268
738196,1,7,5,0.3700090141005197
738200,1,7,1,10.135561464173751
738206,1,7,8,23.826740857761543
738207,1,7,5,0.3700090141005197
738208,1,7,9,15.144301595074204
738226,1,7,10,18.02861614481118
738255,1,7,8,22.917041875004813
738266,1,7,9,22.072157076115992
738271,1,7,9,22.095715919344542
738279,1,7,6,18.435649099363268
738316,1,7,5,0.37000902039789374
738322,1,7,4,0.3700090657260609
738324,1,7,3,3.059990553352953
738332,1,7,6,11.127849765745468
738334,1,7,9,12.077482353789284
738354,1,7,9,14.840093358897205
738355,1,7,9,22.319959448960372
738363,1,7,7,6.1040414494489275
738365,1,7,9,31.707898853879524
738377,1,7,8,13.221011030519461
738384,1,7,9,16.652353412088043
738394,1,7,5,0.3700090141005197
738426,1,7,9,31.804489057461243
738429,1,7,6,26.57659471620644
738432,1,7,9,25.30332059119402
738435,1,7,1,25.91933532059679
738440,1,7,9,22.987344755149664
738455,1,7,5,0.3700090141005197
738459,1,7,8,36.06824368099083
738462,1,7,5,0.3700090141005197
738474,1,7,6,21.923398400524054
738475,1,7,4,0.3700090657260609
738493,1,7,6,18.431447428981834
738495,1,7,9,23.171949687046496
738507,1,7,7,6.11449244090109
738514,1,7,10,10.826938373953194
738528,1,7,4,0.3700090657260609
738561,1,7,2,13.931036808761588
738585,1,7,2,5.058998630446977
738591,1,7,9,25.00727308671002
738598,1,7,10,24.067030158074626
738621,1,7,9,28.367001625653145
738623,1,7,9,19.692428267193648
738625,1,7,5,0.3700090141005197
738636,1,7,9,19.575508107905346
738638,1,7,9,21.909348860229542
738648,1,7,2,13.190714408448121
738650,1,7,10,26.038465414413764
738659,1,7,10,5.84128169524199
738667,1,7,7,5.982939129466421
738673,1,7,10,9.552539021302238
738687,1,7,7,2.5222173623307387
738690,1,7,4,0.3700090657260609
738712,1,7,8,18.42919100797251
738724,1,7,6,30.527745419156375
738727,1,7,4,0.3700090657260609
738731,1,7,6,20.306987179531863
738750,1,7,6,27.508123770084463
738752,1,7,8,12.98025668299263
738774,1,7,8,12.534662499484622
738783,1,7,6,22.204685425289426
738786,1,7,9,26.11281651201712
738799,1,7,9,29.907535072763366
738803,1,7,8,24.618125332019996
738821,1,7,1,27.15705876098967
738865,1,7,10,12.321334246987158
738868,1,7,6,7.1353920308622465
738900,1,7,2,2.1114283982440134
738925,1,7,4,0.3700090657260609
738927,1,7,1,18.008247451037604
738931,1,7,6,21.88631211519778
738932,1,7,7,1.4859166630112515
738939,1,7,5,0.3700090141005197
738942,1,7,5,0.37000902039789374
738946,1,7,8,15.377440508824979
738974,1,7,1,24.08554262667274
738986,1,7,8,10.901110229778718
739009,1,7,9,5.000942293135874
739010,1,7,1,18.57932012350836
739011,1,7,3,2.6425163163099574
739043,0,7,0,0.03834744504096269
739047,1,7,5,0.3700090141005197
739061,1,7,4,0.3700090657260609
739078,1,7,9,25.38143825910931
739099,1,7,5,0.3700090141005197
739108,1,7,4,0.3700090657260609
739112,1,7,9,30.905163078228995
739124,1,7,6,12.34691064909981
739157,1,7,9,11.872795857460051
739168,0,7,0,0.046854341215735326
739176,1,7,8,35.995319081308374
739193,1,7,9,30.3548548577269
739203,1,7,6,26.9599593745119
739227,1,7,9,23.01314260978146
739229,1,7,4,0.3700090657260609
739238,1,7,9,4.4045505097211715
739250,1,7,7,0.8531160806684978
739268,1,7,8,32.70967330038072
739271,1,7,1,21.57060507997276
739284,1,7,7,5.296074592846716
739287,1,7,1,6.6986077224986404
739292,1,7,8,31.969298005513366
739298,1,7,2,10.1303738371815
739305,1,7,10,6.069725417345265
739316,1,7,9,22.96305770570302
739331,1,7,9,22.172521260480014
739341,1,7,5,0.37000902039789374
739346,1,7,10,4.369226741326893
739347,1,7,6,30.309617613874998
739365,1,7,4,0.3700090657260609
739383,1,7,4,0.3700090657260609
739414,1,7,4,0.3700090657260609
739417,1,7,8,13.396868924204503
739437,0,7,0,0.20682200316606691
739454,1,7,5,0.3700090141005197
739460,0,7,0,0.13488347684749868
739464,1,7,6,10.704945988766575
739480,1,7,2,4.881755251024679
739486,1,7,3,2.753473894661699
739487,1,7,5,0.3700090141005197
739505,1,7,10,18.51061428102805
739528,1,7,10,23.677551260611846
739530,1,7,5,0.3700090141005197
739548,1,7,7,3.4321541481532702
739558,1,7,9,33.74705872778154
739559,1,7,1,17.548384795065456
739599,1,7,9,7.19445502551584
739607,1,7,7,3.2598827788093407
739610,1,7,7,5.513035550172572
739616,1,7,2,9.5535818029311
739626,0,7,0,0.04000743387294178
739637,1,7,5,0.3700090141005197
739640,1,7,9,32.996574475810455
739644,1,7,6,28.978826122315898
739658,1,7,7,6.376183712960738
739672,1,7,9,21.215543442655548
739720,1,7,9,24.21271063520641
739725,1,7,9,26.107254781154925
739729,1,7,8,32.60607924791097
739746,1,7,4,0.3700090657260609
739750,1,7,5,0.3700090141005197
739755,1,7,1,9.01832636434056
739761,1,7,10,11.511333978355562
739783,1,7,5,0.3700090141005197
739787,1,7,8,13.736293672108827
739789,1,7,5,0.3700090141005197
739794,1,7,5,0.3700090141005197
739801,1,7,4,0.3700090657260609
739806,1,7,9,26.110376799169767
739808,1,7,6,30.05975055538966
739815,1,7,1,3.920066350434455
739816,1,7,8,28.444965761211105
739819,1,7,5,0.3700090141005197
739832,1,7,4,0.3700090657260609
739837,1,7,2,9.383108664238554
739838,1,7,7,5.765407502461611
739856,1,7,8,3.223835728310127
739880,1,7,8,14.353561923432839
739887,1,7,9,32.94996314481313
739910,1,7,6,8.616761496931641
739921,1,7,3,3.248024674057873
739938,1,7,6,20.01478330466291
739948,1,7,6,24.777465654444864
739955,1,7,6,20.86487480416856
739958,0,7,0,0.03930125564381423
739975,1,7,6,11.514935932963798
739986,1,7,4,0.3700090657260609
739990,1,7,1,21.68764708041436
740000,1,7,3,3.201148639885665
740025,1,7,6,22.825562317376036
740027,1,7,6,29.387079774554167
740028,1,7,9,8.131725352453387
740033,1,7,5,0.3700090141005197
740042,1,7,9,32.85608632866203
740049,1,7,9,30.91240375211017
740061,1,7,9,25.202267422706306
740063,1,7,5,0.3700090141005197
740071,1,7,10,21.111163156242267
740078,1,7,9,28.11230898978076
740080,1,7,8,33.79464153864846
740086,1,7,2,4.468397187712187
740088,1,7,9,26.27002565743827
740091,1,7,6,26.715989120656676
740093,1,7,8,30.354808017258232
740094,1,7,8,4.926955415043737
740116,1,7,2,14.024030162755592
740119,1,7,7,0.5662572448692713
740123,1,7,2,16.104266797846904
740139,1,7,9,12.42834301923096
740148,1,7,8,30.731916162686602
740149,1,7,7,3.0376632017899095
740154,1,7,9,14.156596527851908
740158,1,7,10,25.587298166883308
740163,1,7,8,9.937313400793702
740168,1,7,8,20.044773056450648
740207,1,7,10,21.086503007330176
740216,1,7,9,5.26074093889609
740254,1,7,4,0.3700090657260609
740267,1,7,4,0.3700090657260609
740272,1,7,1,22.609280324371973
740278,1,7,8,14.78162334636171
740289,1,7,8,30.560714223073543
740297,1,7,5,0.37000902039789374
740318,1,7,8,29.706013576407454
740322,1,7,9,20.904383953936293
740327,1,7,2,7.004591148267629
740329,1,7,6,14.95514736056596
740332,1,7,6,22.200840859230755
740350,1,7,4,0.3700090657260609
740355,1,7,7,5.959484686992975
740359,1,7,6,17.567181422775942
740385,1,7,9,33.15402910496884
740396,1,7,4,0.3700090657260609
740418,1,7,7,3.1555918407280386
740426,1,7,5,0.3700090141005197
740427,1,7,6,14.783802753649073
740438,1,7,10,17.506115157580446
740441,1,7,5,0.3700090141005197
740457,1,7,9,31.865945008229303
740488,1,7,1,4.291853432746469
740511,1,7,9,27.67060342728872
740516,1,7,4,0.3700090657260609
740519,1,7,6,12.826122781794378
740520,1,7,6,8.09744661003621
740553,1,7,5,0.3700090141005197
740566,1,7,7,6.467253064896037
740570,1,7,5,0.3700090141005197
740580,1,7,9,33.66563567637112
740584,1,7,9,31.57011743207965
740599,1,7,8,33.709861298400156
740606,1,7,8,26.989681777376273
740611,1,7,9,5.4729450441436835
740612,1,7,1,26.03565977370416
740617,1,7,10,12.289116042998476
740626,1,7,4,0.3700090656202526
740643,1,7,6,24.877256232948266
740645,1,7,8,29.71151022865914
740653,1,7,10,19.40481781664671
740655,1,7,7,6.374819108391725
740662,1,7,8,11.414572723013457
740679,1,7,7,4.842813041173142
740683,1,7,4,0.3700090657260609
740694,1,7,8,28.2193957736221
740699,1,7,5,0.3700090141005197
740708,1,7,10,24.23957056226928
740715,1,7,6,15.393064942215725
740736,1,7,6,17.125972981974638
740741,1,7,10,10.395075773141524
740762,1,7,8,21.87650608308999
740770,1,7,2,11.83998226857163
740780,1,7,5,0.3700090141005197
740784,1,7,6,10.054210202261183
740785,1,7,9,7.0969639030319644
740787,1,7,8,24.940010486050454
740843,1,7,9,3.5906556562195884
740855,1,7,8,7.570107065835922
740857,1,7,4,0.3700090657260609
740858,1,7,8,29.852534352893073
740867,1,7,1,10.57648762541465
740879,0,7,0,0.03329182854567936
740880,1,7,7,3.987313098455416
740892,1,7,4,0.3700090657260609
740908,1,7,9,19.677970370131167
740912,1,7,5,0.3700090141005197
740927,1,7,9,3.6630604645466076
740951,1,7,1,19.14043214236084
740969,1,7,1,17.234774253436704
740973,1,7,9,21.644938755129957
740978,1,7,9,32.18320330888474
740988,1,7,9,25.38311816489044
740995,1,7,4,0.3700090657260609
741018,1,7,9,25.670136366381335
741028,1,7,6,7.948511389876266
741033,1,7,8,10.481797957000806
741045,1,7,6,24.878763513196652
741070,1,7,9,25.660018049972845
741083,1,7,6,7.1280065636517085
741086,0,7,0,0.03371258353848571
741102,1,7,3,3.2140735282133233
741107,1,7,8,28.22543051398587
741111,1,7,2,15.6233754028815
741113,1,7,8,7.0484708164954455
741114,1,7,8,23.478731937402234
741115,1,7,4,0.3700090657260609
741121,1,7,1,10.059793898841674
741123,1,7,9,23.28809379858153
741127,1,7,4,0.3700090657260609
741135,1,7,9,33.02600982777453
741152,1,7,10,23.610120542061576
741165,1,7,9,24.967674434970885
741173,1,7,1,25.925141518353538
741185,1,7,9,24.637500184346745
741186,1,7,10,4.710629941774819
741190,1,7,7,3.2781207743296528
741200,1,7,5,0.3700090141005197
741201,1,7,5,0.3700090141005197
741205,1,7,6,19.660750987168473
741208,1,7,10,8.27240717982028
741213,1,7,8,26.313990676769233
741218,1,7,5,0.3700090141005197
741232,1,7,9,7.9579150785273045
741259,1,7,8,33.7608241536564
741260,1,7,8,21.468695897951996
741289,1,7,6,21.80782753451817
741294,1,7,5,0.3700090141005197
741311,1,7,8,18.25229724862587
741319,1,7,10,22.87985602944717
741328,1,7,5,0.3700090141005197
741336,1,7,9,16.05235932639881
741345,1,7,2,7.731823961263753
741358,1,7,9,33.69566210000993
741361,1,7,3,2.9079309726285447
741363,1,7,5,0.3700090141005197
741365,1,7,8,24.19245873869813
741373,1,7,5,0.3700090141005197
741378,1,7,9,25.35036163950749
741380,1,7,2,8.043625844946636
741382,1,7,6,7.2365046425232595
741384,1,7,4,0.3700090657260609
741390,1,7,9,31.34990709727552
741394,1,7,6,30.128503572408107
741400,1,7,9,30.205453481978324
741411,1,7,7,2.6812516807056226
741414,1,7,9,23.046138512057365
741423,1,7,10,6.009804497837219
741432,1,7,6,29.74592667364752
741437,1,7,7,3.078166166253091
741442,1,7,8,19.95898892054546
741450,1,7,9,28.030402154072124
741453,1,7,9,33.39360044782604
741456,1,7,1,6.300075697416715
741460,1,7,4,0.3700090657260609
741483,1,7,4,0.3700090657260609
741495,1,7,3,3.21314615384555
741498,1,7,4,0.3700090657260609
741506,1,7,5,0.3700090141005197
741519,1,7,9,27.46907037657877
741527,1,7,5,0.3700090141005197
741530,1,7,9,27.137367879797644
741534,1,7,6,8.396168940579773
741543,1,7,5,0.3700090141005197
741546,1,7,4,0.3700090657260609
741568,1,7,9,15.375419144222235
741580,1,7,4,0.3700090657260609
741590,1,7,4,0.3700090657260609
741607,1,7,7,6.070868596891181
741613,1,7,6,18.145303994187127
741632,1,7,5,0.3700090141005197
741643,1,7,9,28.584121554939735
741650,1,7,5,0.3700090141005197
741663,1,7,6,14.576755430953364
741674,0,7,0,0.044428531058240496
741686,1,7,6,27.38606815659604
741690,1,7,7,4.421857492577875
741699,1,7,1,17.669120080092735
741707,1,7,8,17.19609011229174
741727,1,7,9,25.186344348771467
741742,1,7,1,8.66714083451638
741744,1,7,1,13.952694269726772
741751,0,7,0,0.04092245290900424
741762,1,7,4,0.3700090657260609
741765,1,7,8,32.047382418681785
741778,1,7,7,6.059107820683227
741816,1,7,4,0.3700090657260609
741818,1,7,6,9.187630685689482
741822,1,7,8,26.542831862284306
741826,1,7,7,2.0384839218625115
741828,1,7,9,3.9596757705592016
741838,1,7,4,0.3700090657260609
741844,1,7,9,24.793806940717527
741852,1,7,8,16.608834210815726
741868,1,7,10,17.627005692019917
741875,1,7,10,10.217873433796935
741890,1,7,5,0.3700090141005197
741891,1,7,8,31.189252380612253
741895,1,7,8,22.197886807767848
741904,1,7,4,0.3700090657260609
741912,0,7,0,0.0355966219485511
741914,1,7,9,12.492775197333778
741927,0,7,0,0.03197405169703463
741938,1,7,5,0.3700090141005197
741943,1,7,9,2.675457268117906
741955,1,7,6,17.19276495186929
741967,1,7,8,3.160152839052205
741989,1,7,10,23.363721353808952
741991,1,7,9,22.83331303834252
742018,1,7,8,21.103971548174457
742027,1,7,9,33.41580465500635
742043,1,7,6,25.958955625598943
742047,1,7,9,33.71299598485734
742059,1,7,9,23.110457081220364
742061,1,7,6,26.587746561363875
742063,1,7,6,25.750703691417026
742075,1,7,1,14.414492776991986
742082,1,7,10,16.492952834384766
742098,0,7,0,0.03360101572899576
742102,1,7,6,30.306560901726048
742108,1,7,6,6.186648237812023
742134,1,7,5,0.3700090141005197
742137,1,7,9,6.337425498849049
742148,1,7,4,0.3700090657260609
742151,1,7,10,24.630033038188074
742156,1,7,4,0.3700090657260609
742161,1,7,3,3.2075226978126534
742165,1,7,10,25.63615299507685
742182,1,7,5,0.3700090141005197
742200,1,7,7,2.0491143274260204
742230,1,7,9,29.61074934371149
742232,1,7,5,0.3700090141005197
742275,1,7,1,13.031225742183151
742276,1,7,4,0.3700090657260609
742284,1,7,6,21.987717023930838
742296,1,7,3,2.874065319961447
742308,1,7,5,0.3700090141005197
742318,1,7,4,0.3700090657260609
742331,1,7,10,5.2132571429577395
742337,1,7,6,25.17004353203033
742357,1,7,6,18.430105382634256
742372,1,7,6,23.442463635007616
742378,1,7,5,0.3700090141005197
742381,1,7,6,19.392437155641506
742395,1,7,7,1.9065399564324355
742400,1,7,4,0.3700090657260609
742402,1,7,8,23.206662905428306
742408,1,7,10,21.69938410504412
742409,1,7,9,10.58813846520214
742413,1,7,8,26.560802002697233
742424,1,7,1,24.867864099936067
742457,1,7,8,29.41753929101137
742462,1,7,3,2.5524910475558547
742464,1,7,9,22.62602557052966
742481,1,7,8,22.295819585578137
742482,1,7,9,20.08420818060163
742485,1,7,6,17.89744302335065
742514,1,7,7,0.5168985151100237
742539,1,7,10,16.200837485497146
742546,1,7,8,3.176856893021042
742579,0,7,0,0.04312038626738091
742588,1,7,5,0.3700090141005197
742601,0,7,0,0.03795695146534034
742602,1,7,9,14.736603920409966
742603,0,7,0,0.047210498129983534
742606,1,7,1,19.154918534260165
742609,1,7,7,3.9310850972098383
742615,1,7,9,33.68494889207813
742623,1,7,9,24.242980463362134
742630,1,7,5,0.3700090141005197
742641,1,7,7,2.5350490505395005
742657,1,7,10,13.781376885447498
742662,1,7,4,0.3700090657260609
742676,1,7,9,31.088186166154117
742682,1,7,2,8.929412256481639
742683,1,7,8,21.262040627853015
742685,1,7,5,0.3700090141005197
742688,1,7,7,1.5580857708136846
742695,1,7,8,21.920070044240685
742705,1,7,9,25.311830135436544
742707,1,7,9,6.312469212872908
742710,1,7,10,13.73953175249253
742713,1,7,2,9.331817333425393
742714,1,7,9,24.963786225682075
742723,1,7,4,0.3700090657260609
742724,1,7,2,3.7498851172721417
742728,1,7,9,7.259735479237693
742735,1,7,8,17.5303725082568
742741,1,7,9,13.682589666487289
742759,0,7,0,0.04573571655438601
742771,1,7,8,7.201250363501616
742773,1,7,9,20.10626868435312
742777,1,7,5,0.3700090141005197
742787,1,7,2,1.2385789643995455
742790,1,7,10,26.025892335949948
742796,1,7,2,15.551347970148386
742825,1,7,10,25.400137328925023
742853,1,7,10,24.78309100076561
742882,1,7,8,19.788470531485984
742894,1,7,5,0.3700090141005197
742899,1,7,5,0.3700090141005197
742916,1,7,8,35.314860719407065
742923,1,7,5,0.3700090141005197
742957,1,7,1,13.314957981064804
742961,1,7,4,0.3700090657260609
742966,1,7,9,3.352378452031649
742980,1,7,2,2.9771169043574983
742981,1,7,6,12.702236110503184
742999,1,7,9,10.004613185583997
743002,1,7,9,28.09272370099161
743029,1,7,5,0.3700090141005197
743033,1,7,8,22.27356460384811
743038,1,7,9,30.156138138746407
743039,1,7,9,17.20599585878753
743047,1,7,10,21.37544562652189
743050,1,7,9,17.927468682174236
743054,1,7,10,5.8494806519863625
743064,1,7,3,2.9803780950913046
743067,1,7,5,0.3700090141005197
743073,1,7,9,31.045632865573477
743078,1,7,7,4.465957494437922
743094,1,7,8,31.095971390153903
743103,1,7,8,31.33268769751319
743111,1,7,4,0.3700090657260609
743116,1,7,9,27.442445801414827
743121,1,7,9,30.18234826989404
743124,1,7,5,0.3700090141005197
743133,1,7,4,0.3700090657260609
743146,1,7,8,6.2384165835895855
743153,1,7,1,12.999163477895092
743160,1,7,1,18.64065691573039
743167,1,7,5,0.3700090141005197
743175,1,7,3,3.122129261139045
743178,1,7,5,0.3700090141005197
743204,1,7,5,0.3700090141005197
743213,1,7,9,17.87631729693749
743218,1,7,1,5.372894969364494
743227,1,7,9,17.03934623951485
743229,1,7,10,23.505984613176636
743230,1,7,4,0.3700090657260609
743235,1,7,9,23.59436724990367
743243,1,7,8,16.18216578513665
743249,1,7,4,0.3700090657260609
743269,1,7,9,33.534568953804126
743272,1,7,8,30.42966078378493
743273,0,7,0,0.030667757450481368
743275,1,7,4,0.3700090657260609
743304,0,7,0,0.04733983952217647
743309,1,7,3,3.185033540737317
743317,1,7,4,0.3700090657260609
743321,1,7,6,27.3942238615098
743337,1,7,6,16.88688971211581
743347,1,7,8,24.448071889942625
743387,1,7,3,2.873373860999991
743396,1,7,5,0.3700090141005197
743398,1,7,6,30.3207624662906
743399,1,7,6,23.742180928863327
743449,1,7,6,20.15942853554707
743452,1,7,2,5.793693022040005
743454,1,7,7,2.828605321879181
743460,1,7,6,21.68420819057525
743472,1,7,9,21.541416068079013
743480,1,7,9,30.965927368683186
743482,1,7,8,4.585230518340948
743486,1,7,8,11.0750808643479
743488,1,7,6,22.448307739799123
743490,0,7,0,0.031838997133165826
743491,1,7,9,33.464782543929786
743496,1,7,5,0.3700090141005197
743512,1,7,10,13.437309940769786
743514,1,7,6,29.340379329770187
743517,1,7,6,5.790133822387556
743535,1,7,9,10.791509115428877
743538,1,7,4,0.3700090657260609
743549,1,7,7,1.9160749502750356
743553,1,7,4,0.3700090657260609
743555,1,7,8,10.63582549316053
743560,1,7,10,24.021511996278267
743572,1,7,9,11.004550956596287
743575,1,7,1,12.974146528255899
743584,1,7,9,22.84444673311452
743587,1,7,1,10.758278274554806
743594,1,7,6,30.296049517873993
743600,1,7,9,12.939336390441914
743608,1,7,1,22.852728054906233
743612,1,7,8,36.04709575749541
743644,1,7,8,17.614853906657213
743659,1,7,10,24.488199488002053
743662,1,7,9,26.114477766937807
743681,1,7,4,0.3700090657260609
743687,1,7,5,0.3700090141005197
743698,1,7,10,15.168709170370304
743713,1,7,6,30.365704100306917
743737,1,7,6,15.50913130487071
743740,1,7,8,23.216575686313284
743742,1,7,9,4.376283709198838
743743,1,7,1,12.205092109233082
743747,1,7,10,24.256202632688776
743768,1,7,9,28.458237910976862
743775,1,7,8,7.769455621017277
743778,1,7,8,28.402936135591332
743788,1,7,6,13.090516776108199
743793,1,7,9,16.57107524364575
743795,1,7,8,30.91037394843478
743805,1,7,4,0.3700090657260609
743823,1,7,7,5.730225860106842
743829,1,7,9,20.84915498561725
743833,1,7,5,0.3700090141005197
743837,1,7,8,32.95443049378941
743847,1,7,8,21.99410737917109
743851,1,7,6,29.32006449950167
743870,1,7,9,32.964923601722504
743875,1,7,4,0.3700090657260609
743882,1,7,7,2.27407456165915
743888,1,7,6,21.94086494228259
743896,1,7,1,22.550090209469207
743910,1,7,6,20.57397249919374
743911,1,7,9,33.42907905749172
743929,1,7,2,15.797845284877223
743934,1,7,5,0.3700090141005197
743948,1,7,5,0.3700090141005197
743954,1,7,7,4.159039043168227
743974,1,7,5,0.3700090141005197
744004,1,7,9,32.75670416966139
744005,1,7,9,21.848967343138487
744010,1,7,8,20.248854694513483
744012,1,7,6,6.142260982787743
744019,1,7,5,0.3700090141005197
744031,1,7,10,23.661567332191318
744046,1,7,5,0.3700090141005197
744053,1,7,9,22.147243015435674
744057,1,7,5,0.3700090141005197
744062,1,7,3,2.9360559132657658
744067,1,7,1,18.095380179226233
744074,1,7,9,29.98484395629032
744075,1,7,8,24.858192613412854
744083,1,7,1,15.958571391512253
744098,1,7,9,31.35805080316617
744104,1,7,9,28.928259847579586
744107,1,7,8,27.226567479878415
744113,1,7,8,21.45665980815429
744115,1,7,9,23.251032809393763
744144,1,7,8,31.911428757197733
744147,1,7,4,0.3700090657260609
744152,1,7,8,34.50270762538219
744164,1,7,6,12.653274768401696
744174,1,7,5,0.3700090141005197
744185,1,7,4,0.3700090657260609
744186,1,7,10,13.083139827876856
744223,1,7,8,31.33949409000128
744233,1,7,5,0.3700090141005197
744235,1,7,10,8.774372745075635
744237,1,7,6,15.892538921727892
744239,1,7,1,15.605030297534054
744257,1,7,2,11.186953528366349
744259,1,7,5,0.3700090141005197
744282,1,7,7,6.259352389245063
744284,1,7,9,17.123111335289842
744304,1,7,4,0.3700090657260609
744305,1,7,8,19.803954780594804
744317,1,7,6,12.491626100218022
744330,1,7,5,0.3700090141005197
744346,1,7,5,0.3700090141005197
744351,1,7,7,6.032530374033069
744370,1,7,4,0.3700090657260609
744389,1,7,2,8.87974316850108
744392,1,7,8,23.52100324389955
744400,1,7,8,31.33470387722227
744401,1,7,8,35.522963637965724
744416,1,7,6,21.921370621456965
744418,1,7,8,31.260530959817686
744441,1,7,8,27.74700765077287
744452,1,7,2,14.792011856949191
744457,1,7,1,26.751851540195343
744465,1,7,4,0.3700090657260609
744473,1,7,9,8.186610503241514
744475,1,7,3,1.6045121730214564
744478,1,7,4,0.3700090657260609
744492,1,7,5,0.3700090141005197
744494,1,7,1,6.170125730928569
744539,1,7,4,0.3700090657260609
744547,1,7,9,30.70497596796171
744558,1,7,5,0.3700090141005197
744561,1,7,8,25.406033856338908
744566,1,7,9,23.135369456733983
744570,1,7,1,4.417107440965791
744571,1,7,9,29.86571395555315
744575,1,7,5,0.3700090141005197
744577,1,7,6,21.794958047696557
744579,1,7,7,2.2739707842778127
744589,1,7,9,24.826839655880278
744593,1,7,9,23.285134564813532
744594,1,7,9,8.622337501245967
744603,1,7,6,17.387713417677823
744606,1,7,8,13.267950896311977
744609,1,7,5,0.3700090141005197
744622,1,7,6,29.611044341357935
744625,1,7,6,29.119684794567952
744628,1,7,10,4.837301616707282
744635,1,7,2,13.169163895957713
744649,1,7,6,15.270928624895017
744660,1,7,9,8.801115055610277
744670,0,7,0,0.02492523985129234
744681,1,7,6,18.826575079616614
744690,1,7,5,0.37000902039789374
744693,1,7,5,0.37000902039789374
744697,1,7,10,19.44260697229748
744702,1,7,6,27.189579716549414
744716,0,7,0,0.04036365303081684
744737,1,7,8,11.7487074064545
744741,1,7,7,1.4346271796381567
744750,1,7,4,0.3700090657260609
744764,1,7,6,27.313434040032725
744766,1,7,4,0.3700090657260609
744771,1,7,6,21.990996220348762
744776,1,7,4,0.3700090657260609
744789,1,7,4,0.3700090657260609
744793,1,7,5,0.3700090141005197
744797,1,7,8,6.361632264555951
744807,1,7,10,16.551830357544777
744808,1,7,7,2.1867332029466118
744828,1,7,1,21.61462230638882
744878,1,7,3,2.945777779639577
744892,1,7,9,25.384583781946642
744914,1,7,9,19.044257990981993
744929,1,7,9,12.9302163019415
744949,1,7,5,0.3700090141005197
744975,1,7,6,13.439971060424497
744976,1,7,6,29.294544497597492
744991,1,7,5,0.3700090141005197
744995,1,7,6,21.67568136047837
744996,1,7,2,16.339454587377123
745001,0,7,0,0.02834837211728086
745007,1,7,7,2.514398436371127
745009,0,7,0,0.18852889910731144
745038,1,7,10,25.69257641936534
745050,1,7,4,0.3700090656202526
745058,1,7,9,15.303133430372432
745070,1,7,9,17.11346229799793
745076,1,7,7,4.028352701675337
745094,1,7,6,20.341534663345914
745105,1,7,9,33.350624373368824
745114,1,7,5,0.3700090141005197
745128,0,7,0,0.038943808541428454
745135,1,7,9,4.971647371229725
745138,0,7,0,0.046680034741025465
745150,0,7,0,0.06564528901312157
745154,1,7,5,0.3700090141005197
745160,1,7,6,19.91106788433055
745166,0,7,0,0.040325433248578416
745202,1,7,8,36.0885940348463
745205,1,7,9,23.52714104905012
745207,1,7,5,0.3700090141005197
745224,1,7,8,26.307096686355095
745240,1,7,9,19.57195462066483
745241,1,7,9,23.708982885218557
745243,1,7,5,0.3700090141005197
745251,1,7,9,5.712435380945347
745254,1,7,4,0.3700090657260609
745261,1,7,6,26.6603243463664
745281,1,7,4,0.3700090657260609
745285,1,7,7,6.452574748941029
745295,1,7,6,13.818529222886088
745298,1,7,9,30.692791571933444
745304,1,7,6,22.212682930580822
745311,1,7,9,9.227035140861068
745319,1,7,4,0.3700090657260609
745325,1,7,9,3.892335084359404
745344,0,7,0,0.04651749653947458
745355,1,7,9,24.12130010805936
745373,1,7,1,20.096690973028682
745376,1,7,5,0.3700090141005197
745410,1,7,5,0.3700090141005197
745423,1,7,6,30.528495148489686
745430,1,7,9,5.194301881820907
745432,1,7,8,6.802230299954887
745450,1,7,9,33.006940802578214
745465,1,7,9,23.27725416860428
745469,0,7,0,0.04032098852947023
745510,1,7,10,6.58293147828961
745513,1,7,1,13.136631204714858
745531,1,7,8,20.26797492321295
745536,1,7,6,29.602253834520532
745546,1,7,10,17.575072951863152
745552,1,7,8,9.932395626318879
745562,1,7,8,14.599018244852104
745563,1,7,5,0.3700090141005197
745629,1,7,8,16.69223104232554
745631,1,7,9,11.121560698926366
745641,1,7,9,26.48534159891839
745643,1,7,9,16.95220674979527
745645,1,7,9,33.532722782970616
745661,1,7,2,8.948099292587672
745663,1,7,4,0.3700090657260609
745669,1,7,6,30.427184360391657
745683,1,7,1,7.140052453852655
745685,1,7,7,0.8062954541706769
745690,1,7,1,19.844991465580144
745696,1,7,3,3.1453569163996296
745699,1,7,5,0.3700090141005197
745726,1,7,6,29.120467993992907
745743,1,7,6,29.909798687527623
745754,1,7,8,8.158034014801066
745767,1,7,4,0.3700090657260609
745775,1,7,4,0.3700090657260609
745780,1,7,8,14.002271147244024
745825,1,7,8,13.202841744815162
745838,1,7,4,0.3700090657260609
745842,1,7,1,7.410161643665638
745857,1,7,9,23.66803131172385
745859,1,7,6,29.469837790571578
745863,1,7,9,20.861389081007594
745866,1,7,5,0.3700090141005197
745884,1,7,8,33.89829670250682
745906,1,7,6,30.097083412288598
745911,1,7,3,1.8809337723788033
745931,1,7,5,0.3700090141005197
745939,1,7,9,16.44984994684337
745946,1,7,9,30.62854958366578
745967,1,7,8,24.032704737681055
745992,1,7,10,25.13118871242133
745999,1,7,5,0.3700090141005197
746016,1,7,10,25.109130043224717
746019,1,7,4,0.3700090657260609
746035,1,7,9,26.406516063828757
746037,1,7,4,0.3700090657260609
746043,1,7,9,9.966470775710926
746046,1,7,5,0.3700090141005197
746057,0,7,0,0.032912969168301144
746066,1,7,9,33.5606940089596
746071,1,7,9,18.381973037559014
746074,1,7,8,19.972979037694557
746085,1,7,7,5.653991369648656
746086,1,7,6,13.27148861287516
746093,1,7,6,28.06451342180725
746101,0,7,0,0.036143767573744386
746103,1,7,4,0.3700090657260609
746107,1,7,8,27.311538039509294
746119,0,7,0,0.0366109258686623
746139,1,7,8,10.41804878233002
746147,0,7,0,0.04724409111864226
746157,1,7,6,29.90720453611933
746158,1,7,8,14.758979847570256
746168,1,7,6,21.198193694376354
746172,1,7,5,0.3700090141005197
746184,1,7,4,0.3700090657260609
746189,1,7,9,30.050447204805447
746199,1,7,1,20.258998107229036
746201,1,7,6,8.875199989439887
746206,1,7,8,12.778325800938525
746207,1,7,6,29.537885356394202
746213,1,7,10,6.12784688999173
746219,1,7,4,0.3700090657260609
746224,1,7,9,33.20256791911973
746227,1,7,7,4.073788332701025
746234,1,7,9,22.415859934735366
746235,1,7,5,0.3700090141005197
746256,1,7,2,16.558012496727464
746259,1,7,8,15.303269675338571
746260,1,7,4,0.3700090657260609
746263,1,7,8,27.106467787888693
746268,1,7,10,6.804365006674572
746290,1,7,9,23.235746471347067
746294,1,7,9,27.5957709832673
746304,1,7,9,30.124532650008902
746305,1,7,2,16.378946164485274
746306,1,7,8,2.5228105980651914
746317,1,7,6,26.85865131656854
746330,0,7,0,0.21047662722094915
746340,1,7,6,5.809609684786753
746345,1,7,8,27.06664745502048
746356,1,7,5,0.3700090141005197
746362,1,7,9,32.26256685159437
746373,1,7,9,27.165183274670238
746377,1,7,2,10.960263029630935
746378,1,7,9,32.52739582512712
746390,1,7,5,0.3700090141005197
746410,1,7,9,30.46157757320239
746432,1,7,4,0.3700090657260609
746435,1,7,4,0.3700090657260609
746442,1,7,4,0.3700090657260609
746447,1,7,3,2.7887705212649325
746450,1,7,4,0.3700090657260609
746451,1,7,8,21.337275239267527
746469,1,7,10,3.4831114058043715
746520,1,7,5,0.3700090141005197
746522,0,7,0,0.035512896267674184
746525,1,7,1,14.036603325790885
746532,1,7,10,18.59645740193955
746549,1,7,9,27.80781195239516
746559,1,7,5,0.3700090141005197
746560,1,7,9,23.069812208795675
746575,1,7,4,0.3700090657260609
746576,1,7,6,8.938791975588252
746591,1,7,7,5.358344959450825
746600,1,7,6,30.182198081278315
746624,1,7,5,0.37000902039789374
746631,1,7,6,14.105863794761916
746685,1,7,7,3.125913533415703
746689,1,7,10,23.11884794479916
746715,1,7,5,0.3700090141005197
746717,1,7,4,0.3700090657260609
746746,1,7,6,7.768034051096834
746752,1,7,9,30.664166016643634
746778,1,7,5,0.3700090141005197
746780,1,7,6,8.64311484825147
746793,1,7,9,24.27233884083243
746809,1,7,5,0.3700090141005197
746820,1,7,9,33.21958627071153
746829,1,7,9,10.691767175507811
746844,1,7,3,3.212116074109201
746870,0,7,0,0.03877624160755305
746909,1,7,2,13.429648835165596
746926,1,7,10,22.030622466398462
746930,1,7,9,24.664810952007812
746933,1,7,10,13.746780772516406
746960,1,7,8,25.546045036367637
746992,1,7,7,5.637366559487128
746998,1,7,6,26.9901420605375
747002,1,7,5,0.3700090141005197
747016,1,7,9,22.00435858163839
747027,1,7,2,16.58448361666928
747040,1,7,8,23.31800594434495
747049,1,7,7,0.7503169902172967
747051,1,7,8,18.268574866412074
747054,1,7,4,0.3700090657260609
747073,1,7,4,0.3700090657260609
747078,0,7,0,0.03869866525846293
747091,1,7,10,17.899058117719047
747094,1,7,9,20.189222703876545
747113,1,7,7,5.277661247276014
747133,1,7,4,0.3700090657260609
747150,1,7,10,23.071550054839342
747153,1,7,9,31.109503312245206
747178,1,7,4,0.3700090657260609
747210,1,7,4,0.3700090657260609
747226,1,7,4,0.3700090657260609
747234,1,7,9,30.849739291765772
747241,1,7,7,5.230566638960327
747256,1,7,5,0.3700090141005197
747259,1,7,8,17.281969948114977
747270,1,7,5,0.3700090141005197
747274,1,7,8,33.33110362524395
747294,1,7,6,25.715991614754707
747318,1,7,9,9.322780638835301
747319,1,7,10,8.652293980960902
747370,1,7,9,23.416115973661725
747374,1,7,3,3.2668853066692685
747386,1,7,6,11.138721423622552
747387,1,7,8,24.877275685920974
747400,1,7,5,0.3700090141005197
747413,1,7,1,12.82230952438421
747414,1,7,10,8.275934896304841
747417,0,7,0,0.03610752939260294
747428,1,7,4,0.3700090657260609
747466,0,7,0,0.04066745666397433
747468,1,7,9,23.84916921267724
747470,0,7,0,0.03874421570988214
747483,1,7,10,24.466135558593596
747493,1,7,8,6.356639822664659
747498,1,7,9,33.542095890910076
747503,1,7,5,0.37000902039789374
747522,1,7,6,22.235917505500904
747533,1,7,7,3.040785545674349
747544,1,7,5,0.3700090141005197
747556,1,7,6,14.248323996118213
747565,1,7,8,25.688075710911043
747567,1,7,9,15.57426182227424
747577,1,7,7,0.34101220387883285
747601,1,7,8,25.09487431375762
747602,1,7,9,19.96057559832106
747639,1,7,5,0.3700090141005197
747640,1,7,4,0.3700090657260609
747648,1,7,8,6.358786619550119
747657,1,7,10,13.772442949819721
747698,1,7,5,0.3700090141005197
747709,1,7,5,0.3700090141005197
747714,1,7,6,29.737385246932114
747729,1,7,5,0.3700090141005197
747731,1,7,6,22.688198660791908
747733,1,7,6,24.235693375854133
747762,1,7,5,0.3700090141005197
747768,1,7,7,2.064864296193714
747769,1,7,10,12.570230650328348
747821,1,7,4,0.3700090657260609
747823,1,7,10,21.378780122630104
747824,1,7,10,23.269926811243053
747825,1,7,6,28.846010761482283
747838,1,7,8,22.798549521180313
747854,1,7,7,3.688804635940204
747867,1,7,1,16.681926123582603
747871,1,7,7,2.303489250658792
747886,1,7,7,2.2513664959245188
747889,1,7,5,0.37000902039789374
747917,1,7,6,29.688507732793173
747920,1,7,4,0.3700090657260609
747927,1,7,7,6.1567245657536835
747942,1,7,1,19.63020183228345
747945,1,7,9,21.951865843898826
747953,1,7,10,17.37938670158265
747962,1,7,5,0.3700090141005197
747971,1,7,8,12.568049156703141
747981,1,7,8,15.019586873229839
748012,1,7,9,31.90708142207461
748020,1,7,9,23.864733193138942
748040,1,7,10,22.074639366793537
748056,1,7,8,29.601758313439394
748081,1,7,9,24.387015760141406
748089,1,7,9,17.878499543765507
748091,1,7,10,25.742062213357453
748099,1,7,6,29.72379276284392
748115,1,7,10,22.797790205824278
748123,1,7,5,0.3700090141005197
748141,1,7,1,4.626807255346387
748172,1,7,8,4.95449299454092
748175,1,7,10,11.102475182964165
748179,1,7,8,28.20131337896354
748206,1,7,6,28.38891788784201
748213,1,7,10,19.952441557153914
748237,1,7,8,25.296329675620708
748250,1,7,8,25.447458270755774
748256,1,7,5,0.3700090141005197
748257,1,7,9,20.402359394019953
748268,1,7,9,31.287731266862316
748275,1,7,4,0.3700090656202526
748282,1,7,6,17.54242844302608
748295,1,7,2,14.54866237352107
748318,1,7,1,14.696169319472009
748319,1,7,5,0.3700090141005197
748326,1,7,9,33.68255423443103
748358,1,7,9,13.342476182544162
748372,1,7,6,10.371456480885769
748374,1,7,6,13.555740518322626
748384,1,7,4,0.3700090657260609
748395,1,7,5,0.3700090141005197
748406,1,7,5,0.3700090141005197
748433,1,7,5,0.3700090141005197
748461,1,7,3,2.815083207976915
748484,1,7,5,0.3700090141005197
748506,1,7,1,10.460592995268565
748507,1,7,8,26.566814256590558
748529,1,7,7,2.4144559042316796
748539,1,7,3,3.2193910123369593
748556,1,7,5,0.3700090141005197
748557,1,7,6,19.55301847429382
748566,1,7,9,12.019410861548948
748569,1,7,5,0.3700090141005197
748573,1,7,5,0.3700090141005197
748581,1,7,7,6.190807712821671
748585,1,7,7,4.461627959325842
748588,1,7,10,13.943463271373219
748618,1,7,7,1.5235829483643246
748628,0,7,0,0.1032233078345058
748632,1,7,9,18.508625720388743
748660,1,7,5,0.3700090141005197
748686,1,7,10,15.24219533343416
748687,1,7,9,33.30918085452459
748703,1,7,6,27.90196519725245
748706,1,7,8,11.654527084551058
748710,1,7,8,2.8938525312535734
748724,1,7,7,2.901176043978799
748741,0,7,0,0.028767140476610307
748768,1,7,6,20.875457579919157
748770,1,7,1,27.839943870860402
748777,1,7,1,14.077102249226611
748780,1,7,5,0.3700090141005197
748790,1,7,1,15.941454552797717
748812,1,7,8,31.448339543588215
748830,0,7,0,0.039991010529840464
748833,1,7,10,20.566908015542097
748837,1,7,9,8.841701181539795
748838,1,7,9,33.33700113715791
748851,1,7,4,0.3700090657260609
748854,1,7,6,15.389735769411862
748866,1,7,9,33.72253635790581
748867,1,7,3,3.2330414017455538
748870,1,7,9,26.885830401592486
748872,1,7,9,17.76829552133119
748874,1,7,9,19.197372881960906
748876,1,7,10,24.29495532731489
748882,1,7,6,18.590442452357173
748892,1,7,9,21.782158599181265
748896,1,7,8,9.990386626798617
748899,1,7,9,27.022291278958352
748901,1,7,9,16.401030621940592
748914,1,7,9,15.009797433277415
748917,1,7,6,8.065579156658075
748918,1,7,10,21.37712721953512
748928,1,7,1,26.697069917534375
748961,1,7,7,3.125505852605419
748962,1,7,6,11.430775359517796
748963,1,7,9,27.579324506645307
748974,1,7,1,14.777681148726861
748975,1,7,8,15.151984918701528
748976,1,7,8,33.76329031372655
749007,1,7,10,18.51732268781601
749010,1,7,8,28.161051355062405
749045,1,7,5,0.3700090141005197
749046,1,7,9,31.11011057384758
749062,1,7,8,16.361282359490648
749069,1,7,9,19.936952309274947
749088,1,7,9,22.430763861882095
749090,1,7,6,13.144376155330649
749108,0,7,0,0.03907355235035397
749124,1,7,3,3.0066173829731695
749134,1,7,9,30.373196351818155
749140,1,7,6,16.064742459988864
749147,1,7,3,3.1341356787605186
749151,1,7,6,10.664691568050106
749157,1,7,6,29.908556791868026
749163,1,7,10,19.77545683185064
749173,1,7,7,1.7839607463207052
749176,1,7,6,29.201318703932984
749177,1,7,9,21.525878742884085
749178,1,7,5,0.3700090141005197
749181,1,7,6,8.146399192540748
749182,1,7,9,17.07014374995624
749201,1,7,9,17.26104155673257
749207,1,7,6,27.126705572505806
749215,1,7,4,0.3700090657260609
749227,1,7,8,5.952602138832836
749231,1,7,6,21.367841121985176
749234,1,7,6,8.499146775265947
749276,1,7,8,29.935591528295905
749281,1,7,6,24.65554452246861
749285,1,7,9,22.299981167494767
749286,1,7,6,29.67506526395925
749292,1,7,10,20.991568208315673
749321,1,7,4,0.3700090657260609
749355,1,7,4,0.3700090657260609
749380,1,7,4,0.3700090657260609
749386,1,7,1,19.622757353215313
749387,1,7,9,29.187500964701655
749391,1,7,6,21.25818345630223
749400,1,7,5,0.3700090141005197
749401,1,7,6,22.055497177995985
749405,1,7,9,19.372463950374108
749412,1,7,6,15.331267363839006
749440,1,7,9,22.98447416854514
749447,1,7,8,19.22291617361727
749474,1,7,1,27.000353678150965
749482,1,7,5,0.3700090141005197
749488,1,7,6,21.82253453901542
749491,1,7,5,0.3700090141005197
749501,1,7,2,6.660451154816532
749504,1,7,8,32.85188741040181
749519,1,7,6,22.07681329630338
749539,1,7,9,17.670117159093188
749560,1,7,4,0.3700090657260609
749572,1,7,10,17.106555752535453
749579,1,7,3,2.4578049569264158
749606,1,7,10,18.398370340065263
749608,1,7,5,0.37000902039789374
749613,1,7,5,0.37000902039789374
749621,1,7,10,8.907549645256273
749624,1,7,6,21.81075173627358
749630,1,7,8,13.004382319846616
749643,1,7,7,5.438411204399023
749647,1,7,1,12.289375883870816
749648,0,7,0,0.03811268762576407
749664,1,7,6,7.938104041559628
749668,1,7,7,3.0374590567988387
749669,1,7,8,24.631798755234414
749696,1,7,5,0.3700090141005197
749716,1,7,8,2.6647835722160256
749726,0,7,0,0.03063578484399115
749728,1,7,5,0.3700090141005197
749745,1,7,5,0.3700090141005197
749764,1,7,9,9.897872088356543
749765,1,7,4,0.3700090657260609
749786,1,7,5,0.3700090141005197
749822,1,7,5,0.3700090141005197
749839,1,7,4,0.3700090657260609
749843,1,7,5,0.3700090141005197
749849,1,7,9,25.914717450133054
749850,1,7,9,33.409586927059124
749861,1,7,4,0.3700090657260609
749894,1,7,1,20.44929560398289
749900,1,7,5,0.3700090141005197
749905,1,7,6,21.976341716491422
749923,1,7,9,30.500136329578282
749942,1,7,9,21.306316060697725
749944,1,7,4,0.3700090657260609
750004,1,7,6,23.494968941364142
750006,1,7,9,24.776779098151408
750011,1,7,9,33.38962143399434
750025,1,7,7,1.3919970564806603
750031,1,7,6,21.827803970388196
750040,1,7,4,0.3700090657260609
750056,1,7,10,20.472872974822824
750060,0,7,0,0.03742300990670803
750068,1,7,9,29.937006787979705
750075,1,7,6,18.875072489152306
750087,1,7,9,13.544092698032188
750089,1,7,6,14.44336994018319
750138,1,7,9,13.624266503376795
750157,1,7,8,15.720938631603932
750184,0,7,0,0.03914818372390839
750186,1,7,9,4.045603930946314
750190,1,7,4,0.3700090657260609
750192,1,7,9,33.32366798983392
750224,1,7,6,14.584646543454499
750231,1,7,5,0.3700090141005197
750236,1,7,6,20.10196248995252
750241,1,7,7,1.8272465950556929
750246,1,7,7,4.029088011599266
750263,1,7,9,33.01129020748066
750273,1,7,8,28.7847750246672
750277,1,7,4,0.3700090657260609
750288,1,7,6,20.508827143054663
750291,1,7,5,0.3700090141005197
750294,1,7,8,28.8693707667752
750299,1,7,1,20.337227872942098
750334,1,7,4,0.3700090657260609
750335,1,7,5,0.3700090141005197
750340,1,7,10,18.313380652151444
750371,1,7,9,26.127905964381974
750383,1,7,6,18.810213803758966
750387,1,7,10,23.53408964345076
750396,1,7,8,22.311740361017872
750398,1,7,4,0.3700090657260609
750401,1,7,6,7.70942423082658
750414,0,7,0,0.13725710139018743
750418,0,7,0,0.03531385179601863
750427,1,7,8,28.054796501122254
750431,0,7,0,0.02558408946811011
750442,1,7,8,13.074695264187834
750445,1,7,9,31.101431519352936
750463,1,7,4,0.3700090657260609
750473,1,7,6,8.264071040047046
750475,1,7,9,33.69420440680508
750477,1,7,6,17.179383598470213
750501,1,7,9,32.76331532861864
750529,1,7,2,8.536652511262147
750539,1,7,9,4.008382325029973
750546,1,7,1,10.845974745273699
750558,1,7,1,27.499917714336863
750559,1,7,6,30.53961447071913
750570,0,7,0,0.16560412234767816
750576,1,7,6,22.772186833966433
750596,1,7,7,6.14645561764886
750605,1,7,10,22.97375404409479
750613,1,7,6,29.53736298975091
750650,1,7,7,5.809256669883763
750676,1,7,4,0.3700090657260609
750700,1,7,9,28.567936948370658
750701,1,7,5,0.3700090141005197
750710,1,7,9,32.424083119873494
750724,1,7,8,17.18444764885792
750727,1,7,5,0.37000902039789374
750729,1,7,5,0.3700090141005197
750743,1,7,1,19.72833872451703
750747,1,7,9,31.56958270130774
750757,1,7,10,19.92227820680011
750766,1,7,4,0.3700090657260609
750769,1,7,7,6.1318769943078735
750773,1,7,10,11.026640253321634
750788,1,7,6,29.29643309119675
750811,1,7,10,18.427207943553565
750826,1,7,6,27.409184765242504
750831,1,7,4,0.3700090657260609
750843,1,7,4,0.3700090657260609
750851,1,7,8,32.89314920686991
750856,1,7,1,28.026459731263696
750880,1,7,8,20.853075093554256
750885,1,7,9,26.556195719627144
750894,1,7,10,17.71395698708347
750898,1,7,5,0.3700090141005197
750902,1,7,5,0.3700090141005197
750920,1,7,4,0.3700090657260609
750922,0,7,0,0.03439080862898481
750933,1,7,4,0.3700090657260609
750965,1,7,4,0.3700090657260609
750973,1,7,6,20.7692185805376
750983,1,7,9,29.709465996103344
751002,1,7,2,3.73469314391313
751009,1,7,8,20.008662093712193
751021,1,7,4,0.3700090657260609
751028,1,7,8,31.33205908696087
751043,1,7,4,0.3700090657260609
751060,1,7,4,0.3700090656202526
751079,1,7,8,7.003694175682436
751084,1,7,6,22.457426426828757
751085,1,7,8,7.386594098762728
751126,1,7,4,0.3700090657260609
751136,1,7,1,11.811963697433558
751142,1,7,8,36.019961368926595
751155,1,7,9,6.857133017470939
751166,0,7,0,0.03843098846918878
751181,1,7,8,18.4464037241143
751185,1,7,9,26.101140583675267
751203,1,7,9,2.6182095752314214
751207,1,7,4,0.3700090657260609
751209,1,7,9,31.594739281041647
751220,1,7,10,16.05809718033873
751224,1,7,10,24.555661680529095
751231,1,7,8,13.731457472189868
751242,1,7,2,2.381358481150163
751244,1,7,9,33.513765154170144
751253,1,7,3,2.835579639257479
751255,1,7,8,16.901108473100283
751291,1,7,8,26.22264494319038
751296,1,7,5,0.3700090141005197
751297,1,7,9,15.509572693111293
751298,1,7,5,0.3700090141005197
751318,1,7,7,4.540723164928823
751319,1,7,9,33.695848499290896
751323,1,7,9,9.277583219741471
751331,1,7,6,28.47754718360136
751337,1,7,1,18.385694968568455
751338,0,7,0,0.034022399848061144
751345,1,7,9,33.42803360221721
751351,1,7,8,30.621812012501966
751368,1,7,1,16.83093746608213
751379,1,7,2,11.82779313959297
751384,0,7,0,0.03634780692748
751388,1,7,8,20.05487918707659
751394,1,7,5,0.3700090141005197
751410,1,7,5,0.3700090141005197
751441,1,7,6,23.931329526283793
751476,1,7,6,6.580719852730431
751480,1,7,2,15.169832900488236
751504,0,7,0,0.03897373604410871
751522,1,7,8,36.11324548529337
751530,1,7,4,0.3700090657260609
751534,1,7,8,5.411211961178148
751566,1,7,6,20.88939064030246
751585,1,7,10,23.480879406865398
751593,1,7,5,0.3700090141005197
751595,1,7,8,3.1994834027885677
751597,1,7,6,22.34663092474638
751598,1,7,4,0.3700090657260609
751599,1,7,9,24.29354020062745
751616,1,7,4,0.3700090657260609
751617,1,7,4,0.3700090657260609
751620,1,7,9,33.021596532004374
751622,1,7,6,22.347440838645763
751640,1,7,6,27.42669106241363
751642,1,7,4,0.3700090657260609
751645,1,7,1,12.9040290953439
751665,1,7,10,10.220744027505223
751679,1,7,7,2.796324212179341
751684,1,7,9,24.543957478946677
751709,1,7,8,31.247925654323222
751710,1,7,10,8.431152579692425
751712,1,7,6,9.074979093232617
751719,1,7,8,5.339306769543088
751726,1,7,6,25.678412726576003
751740,1,7,7,2.9049087330527312
751742,1,7,6,24.56115014593949
751744,1,7,9,24.562520340172185
751754,1,7,2,10.841587371093459
751756,1,7,9,16.284026229270427
751762,1,7,1,26.584180317070135
751772,1,7,10,15.456111339925753
751781,1,7,8,22.68600274722461
751785,1,7,6,25.061668719219615
751797,1,7,10,11.430376905136345
751800,1,7,2,3.113760270696341
751822,1,7,10,26.03743424240602
751828,1,7,5,0.3700090141005197
751834,1,7,9,21.631859990612043
751837,1,7,5,0.3700090141005197
751842,1,7,4,0.3700090657260609
751844,1,7,6,30.208967059500708
751854,0,7,0,0.04027731213184539
751872,1,7,9,19.884211596407006
751882,1,7,10,25.553512988515205
751883,1,7,7,1.904863522418769
751893,1,7,9,9.839164022071444
751914,1,7,4,0.3700090657260609
751922,0,7,0,0.047160076194082766
751930,1,7,9,31.02978137038747
751945,1,7,3,2.61066060557416
751956,1,7,8,24.013191076028335
751957,1,7,8,12.374195245837155
751962,1,7,7,2.936953764524723
751965,0,7,0,0.056445426591858715
751983,1,7,7,0.7630839707314374
751985,1,7,10,18.259454403613883
751999,0,7,0,0.04538126055499135
752000,1,7,8,5.698082131692928
752003,0,7,0,0.041647240206283145
752006,1,7,9,14.966222619263933
752017,1,7,4,0.3700090657260609
752020,1,7,1,23.790087845617894
752035,1,7,1,22.322111029826804
752040,1,7,5,0.3700090141005197
752051,1,7,6,23.919331192152725
752052,1,7,9,21.784019514790124
752060,1,7,10,4.2791465862975535
752062,1,7,10,19.289309733016786
752074,1,7,5,0.3700090141005197
752076,1,7,8,23.430475452621554
752083,1,7,6,11.8803917466645
752085,0,7,0,0.07027417527729432
752092,1,7,5,0.3700090141005197
752093,1,7,1,19.933442438436852
752109,1,7,6,21.70869334487881
752111,1,7,1,19.092115663220802
752112,1,7,2,11.550953506580333
752119,1,7,9,22.862226910655853
752122,1,7,4,0.3700090657260609
752156,1,7,2,13.738011261672272
752161,1,7,9,33.0517096675191
752201,1,7,6,22.74409632805522
752202,1,7,9,31.625507702118426
752207,1,7,6,28.17068671121795
752225,1,7,6,22.029775567117532
752233,1,7,6,14.934693134780588
752244,1,7,7,5.708704539818977
752245,1,7,6,27.43825346720436
752260,1,7,7,1.3277707205581395
752261,1,7,5,0.3700090141005197
752270,1,7,4,0.3700090657260609
752276,1,7,4,0.3700090657260609
752284,1,7,8,8.146340557331499
752285,1,7,10,26.01147665954358
752286,1,7,4,0.3700090657260609
752291,1,7,6,28.30149122425544
752309,1,7,4,0.3700090657260609
752313,1,7,9,25.22272066919212
752315,1,7,4,0.3700090657260609
752322,1,7,3,2.916653571112167
752323,1,7,5,0.3700090141005197
752325,1,7,8,27.340858184673312
752329,0,7,0,0.11639312885753225
752343,1,7,5,0.3700090141005197
752345,1,7,2,16.52611145861934
752354,1,7,5,0.3700090141005197
752363,1,7,8,36.12198531231949
752371,1,7,2,15.194397884903614
752377,1,7,4,0.3700090657260609
752382,1,7,5,0.3700090141005197
752388,1,7,4,0.3700090657260609
752393,1,7,9,31.119355556334614
752402,1,7,10,16.993412214251503
752406,1,7,9,29.580551490418067
752418,1,7,1,25.33166090833019
752423,1,7,7,1.594226673091632
752427,1,7,3,2.7812563825685923
752436,0,7,0,0.034963804178543244
752477,1,7,8,15.507696881139783
752484,1,7,10,5.710994011879982
752491,1,7,4,0.3700090657260609
752500,1,7,7,4.270650948263445
752502,1,7,9,22.158696524413493
752506,0,7,0,0.044640077384150954
752529,1,7,6,18.546523273174838
752530,1,7,6,23.73902830645102
752544,1,7,8,16.137446226614635
752546,1,7,6,21.939232963356606
752555,1,7,9,29.844061351162615
752560,1,7,5,0.3700090141005197
752576,1,7,3,3.2181908033883575
752579,1,7,10,13.18574356399066
752600,1,7,6,29.351886387900635
752618,1,7,10,17.65668056375575
752650,1,7,8,18.791627300397387
752668,1,7,6,19.262041291904726
752671,1,7,3,3.2097277007718805
752680,0,7,0,0.03316268559186277
752688,1,7,5,0.3700090141005197
752699,1,7,7,3.525293397567785
752702,1,7,3,1.5269528850883136
752713,1,7,9,33.70102140106429
752717,1,7,9,8.488025364887433
752752,1,7,9,24.87546060072605
752764,1,7,4,0.3700090657260609
752765,1,7,10,5.60442905713909
752767,1,7,9,31.31705714362131
752776,1,7,7,6.296456777998084
752784,1,7,8,33.35316253614544
752791,1,7,1,12.4457011758172
752803,1,7,8,33.033725846135205
752804,1,7,2,11.924598785855336
752814,1,7,5,0.3700090141005197
752833,1,7,9,24.397616623585275
752861,1,7,2,9.346006514591068
752868,1,7,6,10.160244180597198
752870,1,7,9,24.134880110815505
752889,1,7,6,30.612824390202533
752897,1,7,9,7.295347851757658
752899,0,7,0,0.04042346208375034
752900,1,7,8,4.4875574042119935
752902,1,7,6,13.856217929205927
752917,1,7,4,0.3700090657260609
752919,1,7,3,2.7445177672529644
752930,1,7,6,29.29692252163854
752944,1,7,8,13.541484500347545
752950,1,7,3,2.7648580987096296
752954,1,7,9,12.808811034314584
752959,1,7,9,19.659435544791414
752965,1,7,4,0.3700090657260609
752986,1,7,10,9.337875322174161
752994,1,7,5,0.3700090141005197
752996,1,7,5,0.3700090141005197
752997,1,7,4,0.3700090657260609
753010,1,7,8,26.141888937208844
753031,1,7,8,6.477289660238011
753039,1,7,5,0.3700090141005197
753041,1,7,3,3.1245202635921623
753072,1,7,4,0.3700090657260609
753085,1,7,4,0.3700090657260609
753089,1,7,10,9.393497792151692
753091,1,7,1,25.32698081767884
753109,1,7,3,2.956493531996153
753116,1,7,6,23.188303513849178
753125,1,7,1,8.104904497796637
753138,1,7,6,27.555078689177847
753171,1,7,4,0.3700090657260609
753177,1,7,7,2.934971531915238
753180,1,7,9,30.70497787406677
753197,0,7,0,0.022154113407708315
753233,1,7,7,1.4981241387742685
753250,1,7,8,34.83015044100054
753253,1,7,10,19.122943583475696
753289,1,7,8,34.956687877560604
753296,0,7,0,0.14184450877628932
753353,1,7,9,29.334795167507558
753356,0,7,0,0.04702572057633026
753376,1,7,8,27.013100734491193
753396,1,7,6,17.876061760063433
753398,0,7,0,0.031043837346945203
753430,0,7,0,0.02100490751638685
753436,1,7,10,14.842855645718187
753443,1,7,8,19.003176819999737
753444,1,7,9,25.157912699503626
753461,0,7,0,0.04715661397131754
753481,1,7,8,13.6429805371846
753494,1,7,6,17.334361323221103
753498,0,7,0,0.03303502852506563
753516,1,7,8,11.911633164639632
753524,1,7,5,0.3700090141005197
753529,1,7,8,21.54297564462837
753534,1,7,6,15.045141989846455
753542,1,7,1,23.072696015112
753543,1,7,5,0.37000902039789374
753547,1,7,4,0.3700090657260609
753560,1,7,9,33.504299266030834
753563,1,7,10,21.254733030482438
753567,1,7,9,19.88809809278441
753573,1,7,10,24.350190279978055
753576,1,7,4,0.3700090657260609
753580,1,7,8,29.075447968733442
753585,1,7,6,19.312004463478956
753586,1,7,7,3.9715224600471
753633,1,7,6,14.104081522409473
753635,1,7,9,26.706146604422603
753637,1,7,6,28.656157226168688
753642,1,7,1,23.86066602189926
753644,1,7,9,26.58558115728346
753650,1,7,10,25.189184755694903
753654,1,7,9,15.376204646130162
753661,1,7,8,27.751329535911267
753664,1,7,7,1.6743502050691663
753665,1,7,4,0.3700090657260609
753671,1,7,5,0.3700090141005197
753674,1,7,1,10.653871924808746
753677,1,7,5,0.3700090141005197
753681,1,7,5,0.3700090141005197
753730,1,7,2,5.371121535894253
753737,1,7,8,31.103772485674053
753743,1,7,9,12.260368482729818
753755,1,7,5,0.3700090141005197
753760,1,7,9,33.41422949679548
753763,1,7,8,21.023833592703905
753773,1,7,9,9.094051420497877
753778,1,7,3,0.9684320931842577
753799,1,7,6,9.941600312572763
753806,1,7,7,3.084895041203703
753822,1,7,9,15.921180499177037
753870,1,7,5,0.3700090141005197
753890,1,7,9,28.11021465475909
753920,1,7,9,33.05674919147578
753923,1,7,9,8.634744814274715
753930,1,7,5,0.3700090141005197
753936,1,7,2,16.08692033880027
753953,1,7,9,16.660544847481766
753962,1,7,9,31.25164993407013
753967,1,7,8,32.01059907108245
753992,1,7,5,0.3700090141005197
753993,1,7,10,18.03887156997851
753994,1,7,9,31.856484616989434
754008,1,7,8,31.23281151435761
754011,1,7,8,11.859689265359485
754015,1,7,9,32.335490049781455
754020,1,7,9,3.2436807583561422
754021,1,7,9,33.17095201891104
754022,1,7,1,20.3962730288474
754034,1,7,10,3.4633865396794903
754039,1,7,9,28.886175834338147
754055,1,7,10,23.25839382501321
754062,1,7,7,6.001419636802802
754066,0,7,0,0.03401855312458728
754093,1,7,7,0.46573204109904165
754096,1,7,4,0.3700090657260609
754121,1,7,1,26.996964349626914
754123,1,7,6,11.903463943364304
754153,1,7,6,29.298354693085525
754160,1,7,8,6.259614414577301
754162,1,7,7,3.2987422138032296
754176,1,7,10,16.03237721763296
754179,1,7,1,20.8073484143654
754187,1,7,6,19.433882746172422
754196,1,7,5,0.3700090141005197
754221,1,7,1,7.731429852455753
754230,0,7,0,0.03883960160081602
754231,1,7,9,12.603784899606476
754237,1,7,4,0.3700090657260609
754247,1,7,5,0.3700090141005197
754254,1,7,9,13.538532707551997
754268,1,7,8,28.945325884598205
754271,1,7,5,0.3700090141005197
754277,1,7,9,13.540165887696954
754304,1,7,9,8.321903981104306
754305,1,7,1,22.037027646561334
754335,1,7,6,11.226688816554576
754344,1,7,1,22.914535277594222
754359,1,7,4,0.3700090657260609
754366,1,7,7,6.4221047029172995
754382,1,7,4,0.3700090657260609
754387,1,7,5,0.3700090141005197
754395,1,7,10,24.31609450293876
754412,1,7,5,0.3700090141005197
754426,1,7,4,0.3700090657260609
754435,1,7,8,23.714521281508517
754441,1,7,3,2.219157402086194
754456,1,7,10,10.134643642291302
754468,1,7,5,0.3700090141005197
754476,1,7,10,23.41199467339566
754481,1,7,4,0.3700090657260609
754493,1,7,7,1.0998502542438198
754507,1,7,5,0.37000902039789374
754512,1,7,1,25.904116091807268
754524,1,7,8,18.14712996302781
754527,1,7,10,7.920089747865386
754537,1,7,9,31.74956116120427
754545,1,7,10,17.49392180582867
754546,1,7,9,33.7443589581735
754574,1,7,9,32.24175658383956
754575,1,7,6,30.24156522061301
754609,1,7,6,11.362533722911047
754611,1,7,7,3.469519006441682
754612,1,7,6,18.76373190971288
754619,1,7,9,32.646214380553744
754625,1,7,6,26.224986825265535
754642,1,7,10,15.782478341694466
754645,1,7,10,24.116392494900932
754669,1,7,5,0.3700090141005197
754686,1,7,2,6.781122945116094
754690,1,7,6,30.508319141828622
754711,1,7,9,23.6385209885025
754713,1,7,4,0.3700090657260609
754720,1,7,5,0.3700090141005197
754725,1,7,9,23.308277318657883
754729,1,7,9,33.78399033566473
754731,1,7,9,18.731147826219605
754732,1,7,4,0.3700090657260609
754738,1,7,6,29.44582185573107
754744,1,7,6,6.0168366608057635
754767,1,7,7,1.9099992323078758
754780,1,7,6,20.17167454687913
754784,1,7,5,0.3700090141005197
754785,1,7,9,33.12392013562543
754789,1,7,7,5.05047193274858
754791,1,7,1,20.9765803496247
754810,1,7,8,35.685529133059575
754828,1,7,6,22.162880791164397
754837,1,7,10,24.049052585546978
754855,1,7,4,0.3700090657260609
754888,1,7,9,10.651515147042637
754913,1,7,8,22.775709152273425
754942,1,7,6,20.17517210080908
754956,1,7,10,13.179405197082422
754961,1,7,10,25.37278925432395
754974,1,7,9,13.325247718192584
754975,1,7,8,4.912483900989876
754981,1,7,8,33.85803618945435
754988,1,7,5,0.3700090141005197
754997,1,7,5,0.3700090141005197
755002,1,7,8,20.498012391445894
755017,1,7,8,35.63683525841085
755021,1,7,3,0.7715624983222913
755023,1,7,9,29.63365877031504
755028,1,7,4,0.3700090657260609
755036,1,7,6,22.466188899461933
755041,1,7,6,7.520265741596778
755046,1,7,6,18.795231503297362
755065,1,7,5,0.3700090141005197
755068,1,7,8,9.078249191376838
755070,1,7,8,15.78471523048595
755073,1,7,9,31.09604032648549
755082,1,7,10,24.025655116747735
755084,1,7,9,23.653435007606205
755102,1,7,4,0.3700090657260609
755121,1,7,9,25.245656945187804
755125,1,7,6,8.670406333526772
755134,1,7,8,31.040657361886222
755150,0,7,0,0.038486058010279586
755166,1,7,6,21.823584921474062
755167,1,7,6,22.23735371714802
755193,1,7,8,8.208517648700848
755201,1,7,8,21.29771743472854
755206,1,7,6,11.509384091322433
755213,1,7,8,24.108137801913117
755218,1,7,8,18.89163875202202
755225,1,7,6,27.900175287003368
755237,1,7,10,9.786197891556533
755242,1,7,4,0.3700090657260609
755247,1,7,9,26.88849095903151
755261,1,7,8,9.226716637984147
755266,1,7,2,3.5222080246150496
755272,1,7,5,0.3700090141005197
755293,1,7,9,25.319674912593076
755294,1,7,9,29.751486938372413
755303,1,7,3,3.220870706658972
755307,1,7,9,23.93936992737123
755359,1,7,5,0.3700090141005197
755366,1,7,1,17.384211093985012
755377,1,7,10,5.689165892756318
755402,1,7,8,24.641229166532423
755410,1,7,6,28.991482535674933
755414,1,7,9,31.851242280298298
755416,1,7,10,24.00937691612598
755438,1,7,9,11.908109052681134
755444,1,7,8,29.59586012330909
755449,1,7,1,21.46244898071608
755457,1,7,6,6.38785486810132
755495,1,7,4,0.3700090656202526
755521,1,7,5,0.3700090141005197
755528,1,7,4,0.3700090657260609
755547,1,7,7,0.9886150964157177
755551,1,7,5,0.3700090141005197
755568,1,7,4,0.3700090657260609
755571,1,7,9,23.507490025000397
755597,1,7,4,0.3700090657260609
755639,1,7,1,17.26123306158484
755646,1,7,3,1.5856959214520485
755657,1,7,4,0.3700090657260609
755659,1,7,9,25.839583412973013
755669,1,7,1,16.72307273229492
755672,1,7,5,0.3700090141005197
755675,1,7,2,16.53963085374344
755678,1,7,10,16.788082894107593
755698,1,7,8,22.48561884130085
755725,1,7,2,13.266785159897937
755738,1,7,5,0.3700090141005197
755739,1,7,6,14.958196295293485
755765,1,7,5,0.3700090141005197
755775,1,7,4,0.3700090657260609
755778,1,7,8,17.222127935415322
755791,1,7,3,3.205136992517946
755794,1,7,2,15.910344570886842
755798,1,7,9,29.377101000743338
755803,1,7,9,21.482655008714552
755813,1,7,6,18.738445626418386
755818,1,7,4,0.3700090657260609
755830,1,7,3,3.080566158299409
755831,1,7,1,20.30706553113645
755833,1,7,9,18.170641270133018
755838,1,7,7,5.104858143070462
755843,1,7,5,0.3700090141005197
755849,1,7,10,8.691562964207186
755856,0,7,0,0.0465529123825584
755871,0,7,0,0.03300799109541256
755873,1,7,6,30.12499156446269
755874,1,7,6,8.86921197751584
755881,1,7,4,0.3700090657260609
755893,1,7,9,28.948859767626786
755896,1,7,10,26.05475927727435
755901,1,7,8,13.956199854728847
755908,1,7,10,9.41249418421878
755913,1,7,5,0.3700090141005197
755917,1,7,5,0.3700090141005197
755919,1,7,4,0.3700090657260609
755941,1,7,9,13.588580963421077
755946,1,7,5,0.3700090141005197
755948,1,7,7,5.742224585624393
755950,1,7,4,0.3700090657260609
755955,1,7,7,6.244943397440879
755997,1,7,4,0.3700090657260609
756001,1,7,4,0.3700090657260609
756006,1,7,4,0.3700090657260609
756007,1,7,5,0.3700090141005197
756013,1,7,6,30.63626658137831
756030,1,7,6,19.415498715939425
756037,1,7,9,8.64114047783657
756039,1,7,7,3.207139646280447
756041,1,7,8,27.458614928457038
756052,1,7,4,0.3700090657260609
756064,1,7,1,24.535462214753263
756067,0,7,0,0.03170778531242644
756072,0,7,0,0.03270717461276452
756080,1,7,10,7.072180665459148
756084,1,7,10,10.134695547794452
756086,1,7,9,32.98102018404614
756088,1,7,8,26.320905454985372
756089,1,7,10,9.05917926885376
756091,1,7,6,27.55322304650943
756097,1,7,6,30.01568101848824
756102,1,7,6,26.09810649389915
756105,1,7,4,0.3700090657260609
756137,1,7,7,1.5211981470245037
756139,0,7,0,0.03724159721574596
756141,1,7,4,0.3700090657260609
756143,1,7,2,12.767630212253945
756148,0,7,0,0.04704694634213152
756151,1,7,9,33.07167085058961
756162,1,7,1,22.56962059068299
756171,1,7,1,24.19334819033766
756190,1,7,9,16.898308206001992
756194,1,7,8,20.806972408636057
756206,1,7,1,13.205546971774774
756214,1,7,6,28.640983699456577
756220,1,7,9,24.75845828451961
756236,1,7,1,27.569279990914165
756246,1,7,9,7.7577732092281
756250,1,7,2,13.63569166408606
756276,1,7,10,17.632522675367564
756283,1,7,10,24.358999318158535
756291,1,7,5,0.3700090141005197
756302,1,7,10,12.558535730387593
756308,1,7,6,20.208040794513387
756317,1,7,10,23.674868697389776
756341,1,7,9,27.117271327578
756356,1,7,10,9.314768627903455
756370,1,7,6,12.602085867788825
756379,1,7,8,21.7260548587601
756391,1,7,6,25.93734580291133
756409,1,7,9,30.16998892792525
756423,1,7,9,27.297832548255737
756436,1,7,10,3.296652560503098
756463,1,7,9,7.45783181566235
756464,1,7,6,20.948670388901967
756471,1,7,6,21.753110267218194
756475,1,7,3,0.6169426648731813
756506,1,7,6,23.1441110205041
756509,1,7,7,4.002064624726365
756513,1,7,1,13.019941866184501
756533,1,7,10,12.451852370919816
756549,1,7,6,21.9920694113686
756566,1,7,6,21.833077589109237
756570,1,7,8,10.273775272295746
756611,1,7,5,0.3700090141005197
756612,1,7,1,22.57581152784121
756620,0,7,0,0.040538134661098055
756642,1,7,10,9.485590993255189
756644,1,7,5,0.3700090141005197
756654,1,7,7,6.186632982937137
756659,0,7,0,0.033313283563524074
756669,1,7,8,16.219426595662448
756672,1,7,8,35.393054963576596
756703,0,7,0,0.03960404151133562
756716,1,7,4,0.3700090657260609
756725,1,7,6,23.874122438781953
756726,1,7,8,17.392363900392805
756736,1,7,10,18.46515299733769
756737,1,7,5,0.3700090141005197
756761,1,7,1,11.242445622651069
756764,1,7,5,0.3700090141005197
756804,1,7,6,16.378753108452894
756813,1,7,8,36.09835698714041
756830,1,7,5,0.3700090141005197
756838,1,7,9,19.190728225716537
756842,1,7,9,22.973772163300875
756849,1,7,4,0.3700090657260609
756853,1,7,10,23.651419138361014
756854,1,7,8,10.442093967104082
756865,1,7,5,0.3700090141005197
756872,1,7,3,2.3628286227974966
756874,1,7,7,1.8634119564336544
756879,1,7,4,0.3700090657260609
756883,1,7,6,15.896015173734545
756891,1,7,8,19.788983235390823
756892,1,7,9,21.65287598515331
756893,1,7,4,0.3700090657260609
756913,1,7,8,26.479508793353276
756918,1,7,1,12.703309070555154
756934,1,7,8,35.47867442459515
756947,1,7,9,15.752119087189564
756958,1,7,2,15.770980485097398
756960,1,7,4,0.3700090657260609
756978,1,7,5,0.3700090141005197
756990,1,7,4,0.3700090657260609
756999,1,7,4,0.3700090657260609
757006,1,7,5,0.3700090141005197
757012,1,7,6,22.667745589836773
757013,1,7,9,24.696045699877864
757021,1,7,8,29.481856336694058
757031,1,7,4,0.3700090657260609
757039,1,7,2,8.404658848245612
757040,1,7,1,15.259593524056347
757043,1,7,3,1.4420865042714817
757060,1,7,8,10.800923812090357
757088,1,7,1,13.227587569601004
757090,1,7,8,9.626181578801827
757097,1,7,10,11.231941381590488
757099,1,7,1,21.006533185632886
757119,1,7,10,6.965678707382463
757125,1,7,6,30.25284888032316
757140,1,7,8,32.332561921247894
757147,1,7,5,0.3700090141005197
757173,1,7,1,4.421958542878461
757180,1,7,4,0.3700090657260609
757191,1,7,8,34.64630280725906
757199,1,7,6,20.59808272397782
757251,1,7,2,9.35135944636241
757257,1,7,9,32.52042384182115
757267,1,7,1,21.75408544503072
757272,1,7,5,0.3700090141005197
757288,1,7,9,23.83184735506641
757304,0,7,0,0.03167523434073466
757306,1,7,5,0.3700090141005197
757316,1,7,8,7.757667321898229
757322,1,7,1,19.80394063193279
757323,1,7,9,4.006138192525752
757329,1,7,10,25.38425598689332
757335,1,7,9,22.21765563973142
757336,1,7,5,0.3700090141005197
757343,1,7,8,19.446473347952118
757357,1,7,4,0.3700090656202526
757366,1,7,4,0.3700090657260609
757379,1,7,10,25.56110898217744
757418,1,7,6,22.39094922433368
757424,1,7,5,0.3700090141005197
757433,1,7,9,32.96042524817048
757438,1,7,8,34.26693418314304
757443,1,7,1,4.637058337043812
757454,1,7,10,6.508220137949096
757471,1,7,6,21.72271667352042
757483,1,7,9,25.977058538719533
757491,1,7,9,14.017687662644045
757510,1,7,8,24.313404073009437
757514,1,7,1,21.32927122650823
757517,1,7,5,0.3700090141005197
757525,1,7,6,11.446286277474243
757535,1,7,1,23.656596702853516
757569,1,7,8,31.809509409946816
757572,1,7,9,11.157696221538602
757575,1,7,8,24.198939275514164
757579,0,7,0,0.04650280346299313
757587,1,7,3,3.16300746062483
757606,1,7,9,29.490857870386858
757617,1,7,7,4.798987573524997
757621,1,7,9,32.67045512662075
757630,1,7,9,11.882275966558002
757636,1,7,8,33.138053906389615
757647,1,7,5,0.3700090141005197
757651,1,7,9,25.341741550106207
757677,1,7,1,12.614301801737852
757688,1,7,8,27.799931422491927
757690,1,7,8,21.680527500851927
757694,1,7,9,25.053002240724236
757707,1,7,4,0.3700090657260609
757715,1,7,1,16.995367464593443
757740,1,7,10,11.994518964111085
757745,1,7,8,17.006037271630678
757771,1,7,6,20.26782780876634
757780,1,7,8,33.46971347003707
757790,1,7,5,0.3700090141005197
757800,1,7,3,3.2295071170715963
757812,1,7,5,0.3700090141005197
757829,1,7,3,2.201995504971997
757832,1,7,6,29.774986512191774
757834,1,7,2,1.1267918218333943
757835,1,7,6,9.074452599160361
757839,1,7,7,1.0824436383773863
757849,1,7,9,3.242331015644183
757852,1,7,5,0.3700090141005197
757856,1,7,7,0.9027325628367303
757867,1,7,10,10.619310555305725
757874,1,7,10,5.992274774032031
757916,1,7,9,7.970395448514605
757918,0,7,0,0.03658143294683239
757946,1,7,2,7.386739555544146
757961,1,7,9,5.010996164705243
757970,1,7,8,34.71915533738759
757974,1,7,8,32.299566039385745
757983,1,7,4,0.3700090657260609
757990,0,7,0,0.041697193832194536
757994,1,7,6,22.17919765534877
757995,1,7,9,30.837420828446128
758000,1,7,3,3.1374019374202566
758007,1,7,6,28.075250927242333
758011,1,7,6,16.11756520369615
758014,1,7,1,21.943281037387592
758037,1,7,8,31.076029935135406
758040,1,7,9,25.483538799309947
758047,1,7,8,29.84859355842314
758082,1,7,4,0.3700090657260609
758083,1,7,1,23.6088297036454
758089,1,7,3,1.9704576955597575
758094,1,7,5,0.3700090141005197
758098,1,7,10,18.257731860079733
758102,0,7,0,0.024295869878257503
758154,1,7,10,19.34181657627466
758156,1,7,10,17.904273048817167
758171,1,7,4,0.3700090657260609
758177,1,7,8,6.173211086631002
758190,0,7,0,0.03357079617326081
758209,1,7,9,23.67720360364409
758220,1,7,9,33.612113095652646
758226,1,7,5,0.3700090141005197
758274,0,7,0,0.036386156966581235
758281,0,7,0,0.04241717609321169
758287,1,7,10,13.555880249292473
758298,1,7,4,0.3700090657260609
758299,1,7,8,35.39430954106003
758309,1,7,10,22.53693954630382
758314,1,7,9,31.144731082471857
758315,1,7,4,0.3700090657260609
758328,1,7,1,24.222627189096315
758333,1,7,6,9.524220595355745
758372,1,7,8,24.33866618443238
758374,1,7,10,4.77888674641976
758377,1,7,3,1.3932274374937803
758404,1,7,2,9.138471891632788
758427,1,7,6,17.36209372179607
758442,1,7,5,0.3700090141005197
758446,1,7,10,24.051527210590198
758453,1,7,10,18.766804656692347
758454,1,7,6,21.944367884272452
758459,1,7,10,5.080369888621055
758467,1,7,6,15.350051298287445
758473,1,7,6,27.17768701329498
758476,1,7,6,15.370468304683179
758481,1,7,9,10.374577704918542
758486,1,7,10,7.480770326558491
758515,1,7,4,0.3700090657260609
758527,1,7,8,14.288677688459792
758532,1,7,9,30.894536847847537
758561,1,7,10,5.027130000053808
758562,1,7,4,0.3700090657260609
758566,1,7,9,12.661369674652686
758567,1,7,5,0.3700090141005197
758581,1,7,6,24.170433124762617
758584,1,7,9,21.87379867671942
758599,1,7,10,8.14436663800054
758603,1,7,8,20.677738991929967
758606,1,7,7,6.32926161126714
758607,1,7,9,18.817790667759628
758617,1,7,9,30.660170014110918
758618,1,7,5,0.3700090141005197
758641,1,7,9,33.71840821181775
758656,1,7,9,29.28860158273642
758661,1,7,9,19.514363554209755
758667,1,7,9,30.528069660144705
758675,1,7,9,20.468228127097603
758677,1,7,8,28.08292537565604
758679,1,7,4,0.3700090657260609
758687,1,7,8,32.817065992592745
758696,1,7,10,11.516887117231223
758704,1,7,9,23.789253939203732
758705,1,7,10,5.430145413589213
758717,1,7,9,22.054563525242635
758764,1,7,4,0.3700090657260609
758781,1,7,3,3.230566822902912
758786,1,7,10,16.836110510041
758791,1,7,5,0.3700090141005197
758819,1,7,9,21.486022588341147
758838,1,7,4,0.3700090657260609
758840,1,7,8,24.60448465342461
758857,1,7,5,0.3700090141005197
758868,0,7,0,0.04035832599708904
758885,1,7,5,0.3700090141005197
758889,1,7,5,0.3700090141005197
758891,1,7,6,19.832709441654803
758893,1,7,9,32.03531654554372
758908,1,7,4,0.3700090657260609
758912,0,7,0,0.04053351487355928
758916,1,7,9,29.234370877915016
758917,1,7,6,24.727610616629544
758918,1,7,7,5.986838906274495
758947,1,7,5,0.3700090141005197
758948,1,7,2,12.09098421194437
758961,1,7,4,0.3700090657260609
758976,1,7,9,8.04280710572755
758980,1,7,9,17.733460768501665
758985,1,7,5,0.3700090141005197
758994,1,7,7,2.2961621620484998
759021,1,7,5,0.37000902039789374
759022,1,7,9,31.526183165622935
759028,1,7,10,22.78938497031582
759033,1,7,10,18.474225924082035
759067,1,7,2,11.864490622307859
759084,1,7,5,0.3700090141005197
759102,1,7,4,0.3700090657260609
759121,1,7,4,0.3700090657260609
759151,0,7,0,0.024058525149492947
759158,1,7,8,29.076866298261077
759162,1,7,7,1.3865360861997433
759169,1,7,8,30.464324036616148
759179,1,7,6,13.055915882135102
759184,1,7,6,7.823863510369922
759189,1,7,6,29.358467204232042
759197,1,7,2,12.73569118196484
759218,1,7,4,0.3700090657260609
759221,1,7,8,19.608076771650406
759223,1,7,2,3.7514345514184115
759233,1,7,6,10.430413655710103
759237,1,7,3,0.7426157049120651
759249,1,7,9,31.54896986149542
759260,1,7,4,0.3700090657260609
759270,1,7,9,11.26670365914828
759271,1,7,3,1.257163209576187
759275,1,7,4,0.3700090657260609
759282,1,7,8,23.22015182080843
759286,1,7,9,33.702597936388464
759288,1,7,3,3.1064009137898942
759293,1,7,9,32.25502064264563
759295,1,7,4,0.3700090657260609
759301,1,7,9,31.870809085957287
759314,1,7,7,1.7399775589978461
759315,1,7,9,7.013583054317928
759337,1,7,7,1.0399454447073093
759349,1,7,9,27.494998493091856
759356,1,7,9,12.458021035976019
759394,1,7,5,0.3700090141005197
759410,1,7,6,30.50655084137302
759423,0,7,0,0.04700038997588377
759425,1,7,8,9.772074925549033
759432,1,7,6,22.488147036801124
759452,1,7,9,4.827531474773497
759462,1,7,1,25.090704717820298
759491,1,7,8,33.476115170182524
759506,1,7,10,22.015202747279474
759508,1,7,9,31.195921939273898
759514,1,7,5,0.3700090141005197
759522,1,7,9,19.932286675274344
759533,1,7,10,18.33078488684008
759543,1,7,4,0.3700090657260609
759559,1,7,9,32.894467741389285
759600,1,7,4,0.3700090657260609
759601,1,7,9,14.928057137860698
759605,1,7,2,2.045666019823854
759606,1,7,1,12.593173914741648
759620,1,7,9,26.94014598665418
759631,1,7,5,0.3700090141005197
759646,1,7,10,18.03284050148087
759660,1,7,8,27.714746012236482
759669,1,7,5,0.3700090141005197
759674,1,7,6,29.50054332749424
759678,1,7,9,11.20047287528153
759683,1,7,5,0.37000902039789374
759695,1,7,2,7.114712277672144
759700,1,7,6,5.365128643224177
759713,1,7,10,12.837697744938973
759715,1,7,6,11.885945038982912
759720,1,7,9,17.597665439747658
759722,1,7,9,31.046503400687698
759727,1,7,8,17.076323101675584
759746,1,7,8,16.553685114848346
759750,1,7,5,0.3700090141005197
759757,1,7,8,26.5830307309578
759765,1,7,2,7.001151381552129
759772,1,7,10,19.98044900645254
759777,1,7,9,22.786454589235852
759781,1,7,6,22.892724384042157
759783,1,7,8,19.556849671296966
759792,1,7,4,0.3700090657260609
759795,1,7,8,8.887953837258062
759806,1,7,2,12.340972170765196
759809,1,7,6,20.500671250254175
759818,1,7,9,20.208725429054052
759825,1,7,5,0.3700090141005197
759830,1,7,8,31.61547892912039
759835,1,7,5,0.3700090141005197
759839,1,7,3,3.2087005076391337
759849,1,7,6,26.665636726284472
759858,1,7,5,0.3700090141005197
759867,1,7,10,10.421736063861786
759868,1,7,9,32.823581456847805
759877,1,7,6,29.69517584504415
759900,1,7,7,1.057959767106091
759914,1,7,10,14.974796936143116
759930,0,7,0,0.047168712869038794
759934,1,7,10,22.46807290148256
759959,1,7,9,8.626754394258802
759960,1,7,4,0.3700090657260609
759980,1,7,4,0.3700090657260609
759988,1,7,10,13.075048222095816
759997,1,7,7,5.430190482895323
760001,1,7,9,10.394269808572728
760007,1,7,1,27.973142267558
760030,1,7,8,7.529686327403246
760077,0,7,0,0.09968156209216276
760080,1,7,6,20.084956142836454
760087,1,7,8,34.04589783135553
760118,1,7,9,15.434855847242892
760158,0,7,0,0.07874121510378648
760172,1,7,9,22.15763144000673
760177,0,7,0,0.03217063029393939
760182,1,7,5,0.3700090141005197
760188,1,7,9,19.513614266727767
760197,1,7,9,25.045829979089493
760201,1,7,10,26.002873162012293
760203,1,7,4,0.3700090657260609
760221,1,7,4,0.3700090657260609
760228,1,7,1,10.174612426430508
760235,1,7,8,15.789377627861182
760244,1,7,10,24.4161760921679
760267,1,7,4,0.3700090657260609
760277,1,7,1,26.914876189346693
760283,0,7,0,0.04192252799533615
760299,1,7,6,23.249036997782063
760324,1,7,8,33.55311394476138
760326,1,7,5,0.3700090141005197
760327,1,7,7,3.386094978935731
760330,1,7,9,18.72027835693385
760339,1,7,1,21.70317558234694
760342,1,7,8,4.261916502686458
760353,1,7,7,5.980247359035546
760366,1,7,4,0.3700090657260609
760378,1,7,1,9.266550359610973
760390,1,7,9,15.017327118419226
760414,1,7,4,0.3700090657260609
760419,1,7,8,15.773431337029795
760428,1,7,1,20.806571714858837
760438,1,7,8,27.010015233687596
760452,0,7,0,0.12661574615724483
760462,1,7,9,33.327596352057725
760465,1,7,5,0.3700090141005197
760477,1,7,6,21.260059543213156
760488,1,7,5,0.3700090141005197
760489,1,7,6,24.169900192150653
760492,1,7,7,5.927881329637913
760495,1,7,9,29.140265266602537
760496,1,7,9,31.577043011562605
760497,1,7,8,32.78894038901916
760498,1,7,6,6.827676290161767
760511,1,7,6,11.992627045624483
760514,1,7,6,26.77650745461717
760527,1,7,9,22.477460064792762
760530,1,7,9,24.85429927683169
760538,1,7,5,0.3700090141005197
760543,1,7,6,10.701505411914166
760544,1,7,9,18.176407370172754
760545,1,7,9,27.01286276423924
760561,1,7,6,30.38496225430527
760594,1,7,7,0.3572210656645278
760596,1,7,7,3.308576977783254
760613,1,7,7,5.520911125679552
760615,1,7,8,28.656384600398187
760617,1,7,9,19.095874695848714
760646,0,7,0,0.10997178034918476
760647,1,7,7,1.125924207013856
760656,1,7,10,15.832596518650822
760660,1,7,5,0.3700090141005197
760662,1,7,9,4.069284806553889
760667,1,7,8,16.64362443516741
760701,1,7,5,0.3700090141005197
760710,1,7,7,2.524564761565783
760711,1,7,3,1.867008846028779
760720,1,7,4,0.3700090657260609
760724,1,7,2,11.790198619166972
760726,1,7,5,0.3700090141005197
760741,1,7,6,29.330295673345674
760749,1,7,9,21.761605541380604
760760,1,7,5,0.3700090141005197
760768,1,7,1,21.910229193074848
760787,1,7,8,11.13360232906879
760799,1,7,8,12.726654723975738
760823,1,7,9,32.998133690038294
760834,1,7,5,0.3700090141005197
760856,1,7,9,2.8648040620978508
760859,1,7,6,29.03952379194055
760866,1,7,5,0.3700090141005197
760868,0,7,0,0.02630371192076352
760875,1,7,9,16.64208246546172
760876,1,7,7,5.698474001105085
760877,1,7,5,0.3700090141005197
760878,1,7,9,30.851507403902236
760884,1,7,5,0.37000902039789374
760887,1,7,5,0.3700090141005197
760894,1,7,10,14.649560574406943
760902,1,7,9,24.14509038962822
760909,1,7,5,0.3700090141005197
760911,1,7,8,17.812316068708252
760920,1,7,8,25.63542004696255
760925,1,7,8,14.41278497274453
760938,1,7,1,20.795760521798968
760952,1,7,8,21.777095117987216
760953,1,7,8,16.095156477780673
760959,1,7,10,6.251026217038165
760972,1,7,6,26.601078351163196
760976,1,7,6,16.061927430666824
760984,1,7,9,29.2051386342533
760987,1,7,8,18.62031322185394
760994,1,7,10,19.00822679658544
761004,1,7,9,22.926663230403236
761023,1,7,10,18.435326608932264
761024,1,7,8,31.76367384581761
761030,1,7,10,15.394754197903575
761056,1,7,5,0.3700090141005197
761062,0,7,0,0.03606626799543486
761075,1,7,8,19.011460488093714
761080,1,7,8,14.038479496526499
761093,1,7,6,22.02215024431492
761096,0,7,0,0.09956806631183648
761124,1,7,5,0.3700090141005197
761136,1,7,10,5.482412005793391
761154,1,7,10,11.105493152024131
761158,1,7,9,25.38947984013134
761166,1,7,6,29.212500485128228
761180,1,7,6,26.05312704588087
761185,1,7,9,2.6877545607157716
761195,1,7,10,26.044048798281597
761198,1,7,8,22.921431303359242
761213,1,7,8,31.3393031180918
761215,1,7,7,4.718768981444831
761226,1,7,5,0.3700090141005197
761227,1,7,2,15.995776066414443
761233,1,7,8,31.508786412101053
761245,1,7,3,3.159210111245338
761250,1,7,9,19.752136207969773
761291,1,7,9,15.835013518235373
761323,1,7,5,0.3700090141005197
761332,1,7,8,22.78799514602583
761339,1,7,10,7.176930609364926
761344,1,7,6,13.683492580191595
761348,1,7,8,27.350440077054493
761355,1,7,9,21.491009582196465
761361,1,7,5,0.3700090141005197
761371,1,7,6,7.895419595755856
761400,1,7,6,7.986859857208119
761401,1,7,4,0.3700090657260609
761407,1,7,9,32.05521649557318
761409,1,7,4,0.3700090657260609
761423,1,7,9,16.69718156487808
761434,1,7,9,15.976967289130869
761469,1,7,9,29.225755080729297
761483,1,7,9,27.035417763948967
761499,1,7,4,0.3700090657260609
761505,0,7,0,0.1287482171913538
761520,1,7,5,0.3700090141005197
761529,1,7,7,5.678366521179246
761553,1,7,1,21.68281620635208
761557,1,7,6,20.502898303000773
761561,1,7,9,27.2989863869488
761568,1,7,6,28.717233052147545
761579,1,7,10,24.05563514805375
761599,1,7,9,20.788604214721616
761611,1,7,2,11.558167243519609
761630,1,7,9,27.034071736685156
761631,1,7,3,2.7974835485828407
761643,1,7,6,15.502545735342022
761653,1,7,6,30.38770341835639
761669,1,7,7,2.7278101255725575
761690,1,7,3,3.142326008003566
761695,1,7,4,0.3700090657260609
761699,1,7,6,21.403410628135855
761729,1,7,9,2.7451881235361117
761752,1,7,6,9.541267917438283
761756,1,7,6,21.954068983924152
761757,1,7,8,32.58264609841025
761765,1,7,2,13.262377436425657
761771,1,7,5,0.3700090141005197
761779,1,7,8,17.897747692284522
761782,1,7,6,19.549941189879416
761786,1,7,3,3.195388806078584
761797,1,7,9,21.278335081513948
761804,1,7,8,14.986057998605737
761815,1,7,9,19.0550773663759
761839,1,7,9,28.100907014563862
761861,1,7,4,0.3700090657260609
761863,1,7,3,3.167171411370169
761866,1,7,8,33.6565256457628
761870,1,7,10,25.060706481879922
761874,1,7,8,32.623929749643324
761882,1,7,5,0.3700090141005197
761883,0,7,0,0.03763902126467868
761887,1,7,9,33.622766949445115
761898,1,7,6,12.910683166212703
761915,1,7,6,24.336768849167314
761930,1,7,8,7.579162365203192
761931,1,7,4,0.3700090657260609
761934,1,7,4,0.3700090657260609
761939,1,7,8,19.95014615452106
761953,1,7,5,0.3700090141005197
761999,1,7,9,24.53168673903558
762010,1,7,6,20.42346740260612
762011,1,7,8,6.833614752955508
762018,1,7,8,25.605872090407136
762029,1,7,10,25.409419422700793
762032,1,7,5,0.3700090141005197
762033,1,7,4,0.3700090657260609
762051,1,7,10,6.108908892211964
762066,1,7,9,18.580537652217867
762098,1,7,10,13.584452994358031
762125,1,7,2,1.3514021434128003
762128,1,7,2,15.31859006732155
762141,1,7,5,0.3700090141005197
762144,1,7,6,18.475860982464408
762149,1,7,6,6.616200292592811
762157,1,7,4,0.3700090657260609
762178,1,7,10,24.459752225270137
762179,1,7,10,8.183149392317123
762190,1,7,8,2.849095584796405
762193,1,7,8,11.915855178223214
762207,1,7,6,30.501974678470404
762211,1,7,4,0.3700090656202526
762221,1,7,10,9.535471407600676
762224,0,7,0,0.03631643300010921
762235,1,7,8,12.766696671639236
762248,1,7,4,0.3700090657260609
762250,1,7,10,13.63041256664116
762281,1,7,3,3.227923620386929
762290,1,7,7,5.973651519756876
762303,1,7,3,3.1554946994864643
762308,1,7,6,21.59623353914845
762312,1,7,5,0.3700090141005197
762347,1,7,8,24.466634949313843
762350,1,7,6,4.666067066095704
762354,1,7,1,11.148278954237576
762366,1,7,4,0.3700090657260609
762395,1,7,3,2.6153482986904115
762396,1,7,6,13.484909417896938
762412,1,7,5,0.3700090141005197
762430,1,7,8,16.01659350009158
762433,1,7,9,24.124289134824867
762434,0,7,0,0.03997889431707899
762440,1,7,9,31.236427595134625
762446,1,7,9,24.245564787337482
762460,1,7,7,2.114423646241595
762467,1,7,9,33.66390405049008
762483,1,7,4,0.3700090657260609
762497,1,7,9,13.22324789955096
762521,1,7,9,24.684790289382356
762530,1,7,9,19.25397515526594
762532,1,7,9,25.382070005792457
762549,1,7,5,0.3700090141005197
762555,0,7,0,0.13042592115036686
762560,1,7,9,8.232980181870648
762564,1,7,10,8.554479050288716
762577,1,7,1,11.74034830523125
762586,1,7,8,19.955204611354155
762593,1,7,9,22.268561499742916
762607,1,7,4,0.3700090657260609
762617,1,7,4,0.3700090657260609
762621,1,7,9,15.010205097826818
762630,1,7,9,14.159929699664934
762633,1,7,8,27.774731754743815
762655,1,7,5,0.3700090141005197
762656,1,7,10,19.851289950030978
762660,1,7,5,0.3700090141005197
762661,1,7,9,30.066212311470466
762662,1,7,9,22.006244936157195
762669,1,7,9,21.712140414021302
762675,1,7,6,23.81548090137288
762676,1,7,6,25.345103453027342
762690,1,7,9,31.774103711093648
762703,1,7,9,26.387182273339047
762704,1,7,9,23.479900329533315
762759,1,7,6,23.27997861434239
762781,1,7,9,21.222431812116394
762783,1,7,8,14.602891964917603
762789,1,7,9,22.34188786881968
762791,1,7,2,8.343170709080303
762806,1,7,5,0.3700090141005197
762823,1,7,9,17.31195854414911
762859,1,7,5,0.3700090141005197
762867,1,7,9,20.15258936220666
762869,1,7,8,25.260971515775978
762877,1,7,3,1.2968722490245934
762879,1,7,1,16.285369220634294
762881,0,7,0,0.03883701500670574
762909,1,7,9,11.935267689208754
762923,1,7,10,22.87470261146894
762931,1,7,1,20.32242921687913
762937,1,7,2,15.825466074329485
762943,1,7,6,18.08616525515721
762948,1,7,8,25.590206716696276
762953,1,7,5,0.3700090141005197
762982,1,7,6,22.779290993560817
762992,1,7,1,20.940302394825228
763034,1,7,10,6.733580397428693
763036,1,7,8,18.23551997034208
763040,1,7,5,0.3700090141005197
763051,1,7,9,10.59845300771494
763057,1,7,9,6.301290772092525
763060,1,7,2,5.0714780616579045
763061,1,7,9,24.65762882261237
763064,0,7,0,0.04490851322651901
763073,1,7,3,3.1059901805568617
763087,1,7,10,9.04963944768779
763088,1,7,9,12.304522985071047
763090,1,7,8,11.736975652109072
763103,1,7,4,0.3700090657260609
763108,1,7,4,0.3700090657260609
763109,1,7,10,7.291318550420792
763152,1,7,10,15.885267682127203
763163,1,7,4,0.3700090657260609
763193,1,7,1,18.453194333468538
763200,1,7,6,25.117160774023905
763219,1,7,3,2.815493807604144
763223,1,7,4,0.3700090656202526
763236,1,7,8,10.667371246144196
763250,1,7,3,0.8411307424399207
763251,1,7,5,0.3700090141005197
763280,1,7,6,8.374692411045812
763292,1,7,9,33.01511762256503
763320,1,7,8,18.830704086431133
763322,1,7,8,29.739408714351264
763323,1,7,3,3.234313161046167
763344,1,7,9,20.285714328655132
763348,1,7,8,16.226444861110195
763409,1,7,4,0.3700090657260609
763422,1,7,10,18.142738286797517
763429,1,7,7,2.2445343756541596
763433,1,7,5,0.3700090141005197
763437,1,7,9,25.50243313016875
763451,1,7,5,0.3700090141005197
763453,1,7,9,25.34538097407607
763458,1,7,2,10.48362184866412
763459,1,7,5,0.3700090141005197
763462,1,7,10,19.853502084380526
763464,1,7,2,9.095958389951559
763466,1,7,6,13.499729517802384
763477,1,7,9,25.178882853183733
763478,1,7,8,3.4725701253467367
763490,1,7,9,16.28714948750924
763510,1,7,5,0.3700090141005197
763523,1,7,10,23.564114170382858
763532,1,7,10,13.427692286938205
763552,1,7,9,10.801591973405236
763575,0,7,0,0.04665255248536987
763586,1,7,9,14.747453730868187
763591,1,7,4,0.3700090656202526
763592,1,7,1,22.325215047180002
763595,1,7,1,19.627480343761487
763606,1,7,6,12.074886990646634
763609,1,7,5,0.3700090141005197
763612,1,7,8,33.890585159476046
763631,1,7,5,0.3700090141005197
763634,1,7,8,14.567331408806684
763641,1,7,4,0.3700090657260609
763655,1,7,9,23.02123538868403
763657,1,7,5,0.3700090141005197
763659,1,7,8,16.68666357177427
763661,1,7,4,0.3700090657260609
763690,1,7,6,19.882338925164696
763701,1,7,10,22.58766564648648
763708,1,7,1,11.146119530501279
763709,1,7,8,29.851512924866714
763718,0,7,0,0.17370736002408987
763723,1,7,9,25.083704600503644
763741,1,7,9,18.853614147789987
763758,1,7,9,18.444943936250144
763766,1,7,5,0.3700090141005197
763769,1,7,9,16.124988161641298
763770,1,7,4,0.3700090657260609
763776,1,7,4,0.3700090657260609
763789,1,7,5,0.3700090141005197
763809,1,7,8,12.546964021342324
763813,0,7,0,0.029462199619066855
763829,1,7,5,0.3700090141005197
763841,1,7,1,5.129118962121988
763849,1,7,9,30.604562371132676
763875,1,7,10,22.43829843871293
763901,1,7,8,32.3644665924289
763912,1,7,9,31.340869541006697
763915,1,7,8,26.51704109144068
763919,1,7,7,6.51385160409769
763921,1,7,2,13.143727316909233
763922,1,7,7,6.345265673089723
763925,1,7,5,0.3700090141005197
763937,1,7,8,16.821101000703408
763938,1,7,8,18.969310524901296
763950,1,7,4,0.3700090657260609
763955,1,7,6,22.221824106781764
763957,1,7,1,9.891532799449953
763972,1,7,9,30.794427741109853
763986,1,7,2,14.176431957252698
764002,1,7,4,0.3700090657260609
764013,1,7,4,0.3700090657260609
764025,0,7,0,0.03877345732922329
764029,1,7,1,22.642294251354024
764031,1,7,9,12.494637914180649
764037,1,7,8,6.864413058113589
764048,1,7,4,0.3700090657260609
764051,1,7,6,23.673866966109397
764067,1,7,9,23.17315694620286
764071,1,7,9,17.589878337148566
764086,1,7,9,21.51462603068901
764091,1,7,9,23.059745025743435
764101,1,7,10,26.04950879763376
764120,0,7,0,0.03824685085399769
764135,1,7,8,28.646852295072577
764140,1,7,3,3.245866749909098
764152,1,7,5,0.3700090141005197
764156,1,7,6,8.147166713858077
764167,1,7,3,3.293020005417607
764176,1,7,9,29.106386906705033
764178,1,7,1,6.131432284425323
764186,1,7,10,13.62495424219273
764192,1,7,1,26.63355528560304
764208,1,7,3,2.926652942663365
764264,1,7,2,2.7587044091743302
764266,1,7,3,1.2560311610448756
764277,1,7,4,0.3700090657260609
764278,1,7,9,2.6193014957338008
764280,1,7,6,26.66750215367803
764297,1,7,4,0.3700090657260609
764318,1,7,4,0.3700090657260609
764333,1,7,4,0.3700090657260609
764334,1,7,10,22.11204770431692
764344,1,7,5,0.3700090141005197
764369,1,7,4,0.3700090657260609
764382,1,7,5,0.3700090141005197
764401,1,7,10,22.824091110279607
764404,1,7,10,22.876247273211774
764406,1,7,6,23.578304029452408
764419,1,7,5,0.3700090141005197
764425,1,7,1,17.018778268063745
764460,1,7,9,23.952023530198154
764470,1,7,10,17.731645948120104
764471,1,7,9,21.68032884455261
764480,1,7,4,0.3700090657260609
764507,1,7,8,19.477529974792002
764517,1,7,2,13.281833402939299
764522,1,7,1,22.408336817514524
764524,1,7,7,2.7982299603762546
764532,1,7,7,6.426489712753651
764541,1,7,4,0.3700090656202526
764547,1,7,6,10.530444696112252
764556,1,7,1,23.533607464496693
764557,1,7,6,22.695307769747533
764573,1,7,5,0.3700090141005197
764579,1,7,10,13.559067128484118
764582,1,7,4,0.3700090657260609
764595,1,7,3,2.5795519810552623
764608,1,7,1,24.95611968775435
764621,1,7,4,0.3700090657260609
764630,1,7,8,35.19053196218406
764631,1,7,6,21.095823712755223
764636,1,7,6,17.622816768128285
764637,0,7,0,0.03891315601019523
764640,1,7,5,0.3700090141005197
764649,1,7,8,28.265653071105145
764658,1,7,10,23.2996620231191
764661,1,7,4,0.3700090657260609
764667,1,7,10,23.08957031379793
764674,1,7,6,28.65369533129391
764700,1,7,6,16.274406975880197
764702,1,7,9,6.717754715884117
764708,0,7,0,0.03347677050922001
764710,1,7,8,33.226516931515576
764757,1,7,5,0.3700090141005197
764759,1,7,9,3.535155196789413
764777,1,7,8,33.8414042465102
764839,1,7,8,32.28534725876715
764846,1,7,10,21.00032537648317
764858,1,7,8,28.32652728306208
764873,1,7,10,17.45771181034992
764879,1,7,2,10.326427917105338
764883,1,7,9,25.22513930294401
764914,1,7,3,2.319043054294166
764918,1,7,7,2.2287559606629608
764923,1,7,8,18.80903643429977
764933,1,7,5,0.3700090141005197
764950,1,7,8,28.331186833494083
764954,1,7,10,13.161481390543532
764957,0,7,0,0.02664993554122451
764958,1,7,4,0.3700090657260609
764969,1,7,6,21.373225714059444
764987,1,7,6,18.090175006038674
764992,1,7,8,23.955606858769503
764993,0,7,0,0.04562429552898097
765010,1,7,4,0.3700090657260609
765012,1,7,5,0.3700090141005197
765014,1,7,5,0.3700090141005197
765018,1,7,3,3.2143943486416453
765019,1,7,6,22.726620111834134
765025,1,7,5,0.3700090141005197
765046,1,7,4,0.3700090657260609
765060,1,7,4,0.3700090657260609
765070,1,7,9,32.173106809890754
765077,1,7,9,28.970192177855683
765081,1,7,6,10.777549221104456
765090,1,7,10,17.13898384179347
765096,1,7,6,30.123219520173965
765102,1,7,9,23.952951829219202
765109,1,7,4,0.3700090657260609
765113,1,7,9,20.55795188677155
765115,1,7,1,5.985094254903164
765122,1,7,8,17.735685039112933
765123,1,7,9,18.88623266874675
765124,1,7,6,16.138168360840062
765142,1,7,4,0.3700090656202526
765157,1,7,5,0.3700090141005197
765158,1,7,10,9.497582427757544
765162,1,7,9,20.80392707910543
765164,0,7,0,0.039785849995403626
765184,1,7,9,20.326473523215903
765189,1,7,4,0.3700090657260609
765193,1,7,10,16.524964267181353
765200,1,7,5,0.3700090141005197
765208,1,7,3,2.7838273279343
765234,1,7,4,0.3700090657260609
765241,1,7,5,0.3700090141005197
765242,1,7,8,19.590805626082677
765245,1,7,5,0.3700090141005197
765257,1,7,5,0.3700090141005197
765273,1,7,4,0.3700090657260609
765281,1,7,8,18.272871940145244
765286,0,7,0,0.032822563014560296
765315,1,7,6,20.76888502050806
765318,1,7,8,16.8779326987166
765327,1,7,8,6.417786178659775
765332,1,7,4,0.3700090657260609
765346,1,7,5,0.3700090141005197
765353,1,7,5,0.3700090141005197
765360,1,7,8,21.11102546939497
765372,1,7,4,0.3700090657260609
765391,1,7,9,18.798396244057535
765395,1,7,9,25.30865723049067
765415,1,7,9,28.35774003407623
765419,1,7,9,33.52229969233907
765438,1,7,4,0.3700090657260609
765454,1,7,4,0.3700090656202526
765468,1,7,7,5.136082425230079
765493,1,7,10,13.744145567435606
765495,1,7,8,20.97438057391018
765515,1,7,9,33.01109265069318
765518,1,7,4,0.3700090657260609
765519,1,7,9,20.312336671957834
765523,1,7,4,0.3700090657260609
765527,0,7,0,0.04022281071473207
765537,1,7,4,0.3700090657260609
765538,1,7,4,0.3700090657260609
765568,1,7,2,10.699291004125222
765579,1,7,6,12.536935828527657
765585,1,7,5,0.3700090141005197
765586,1,7,10,17.903135061719993
765604,1,7,8,15.651485718462887
765614,1,7,5,0.3700090141005197
765626,1,7,4,0.3700090657260609
765666,1,7,9,23.49825012067256
765692,0,7,0,0.03993746367456217
765707,1,7,4,0.3700090657260609
765711,1,7,7,2.1468179757329375
765718,1,7,4,0.3700090657260609
765731,1,7,9,24.291690836775945
765735,1,7,9,33.659450528167746
765755,1,7,4,0.3700090657260609
765760,1,7,9,33.310755317378934
765777,1,7,9,7.505983702387569
765779,1,7,2,12.653207749014623
765789,1,7,7,5.260443956414522
765797,1,7,6,15.319043747714174
765815,1,7,8,3.7558157050101824
765817,1,7,9,29.654973282937764
765820,1,7,4,0.3700090656202526
765821,0,7,0,0.13928235465499444
765857,1,7,7,2.883671994539968
765861,1,7,1,19.853051623110172
765916,1,7,5,0.3700090141005197
765922,1,7,9,31.094283526880528
765928,1,7,6,8.819738456723424
765936,1,7,9,33.727376982067625
765940,1,7,3,2.3273183316389683
765953,1,7,9,16.254988331520412
765954,1,7,8,13.903898834528553
765977,1,7,7,4.115439022723137
765981,1,7,8,6.5675509968173476
765983,1,7,5,0.3700090141005197
765994,1,7,6,14.753662962914504
765999,1,7,9,29.991286568739238
766000,1,7,9,24.616017438272763
766001,1,7,8,15.815186734402227
766008,1,7,9,33.069608889337694
766019,1,7,1,17.794455304531432
766030,1,7,4,0.3700090657260609
766033,1,7,6,21.067353257466127
766038,1,7,6,29.905009773261853
766070,1,7,8,10.077200807347685
766074,1,7,8,9.439686453520052
766100,1,7,7,6.2912600612198935
766143,1,7,4,0.3700090657260609
766144,1,7,6,19.83746285730474
766145,1,7,7,2.6272703800921926
766149,1,7,8,13.812065107185449
766151,1,7,6,9.682405138013928
766154,1,7,2,5.69467952293141
766158,1,7,9,22.06935784174073
766163,1,7,9,22.691423892611425
766165,1,7,10,18.852870418022903
766170,1,7,6,5.757199370328506
766174,1,7,8,23.380370331103016
766185,1,7,8,5.87903555040873
766199,1,7,9,16.31648909489048
766205,1,7,6,25.868174187959557
766217,1,7,4,0.3700090657260609
766221,1,7,8,17.29401462756755
766226,1,7,9,13.420658956765658
766246,1,7,6,22.91529395294348
766267,1,7,3,3.0364089144148556
766277,1,7,9,17.581847121554894
766280,1,7,4,0.3700090657260609
766291,0,7,0,0.03693389710648796
766328,1,7,9,20.24899817396738
766330,1,7,9,26.67707915771027
766332,1,7,8,5.362719376080652
766343,1,7,2,10.13716222139617
766347,1,7,9,5.62727857136678
766349,1,7,3,2.842931881100926
766353,1,7,1,10.986811281166219
766354,1,7,3,1.5093054483806547
766355,1,7,4,0.3700090657260609
766364,1,7,5,0.3700090141005197
766366,1,7,8,23.22691640516467
766389,1,7,9,5.376237593604006
766398,1,7,9,17.44265979915002
766440,1,7,9,33.44009872156789
766441,1,7,6,27.910189047846437
766451,1,7,1,6.823156494600666
766465,1,7,10,21.25442409454624
766467,1,7,4,0.3700090657260609
766478,1,7,4,0.3700090657260609
766491,1,7,9,15.36642630632533
766492,1,7,9,21.651123208120506
766519,1,7,8,15.846610364156273
766523,1,7,6,27.563857314563677
766524,1,7,8,27.471416961363435
766527,1,7,9,26.701749557630563
766529,1,7,6,22.23809844339613
766534,1,7,10,23.89392429966057
766547,1,7,9,9.198388263676016
766549,1,7,9,15.204779816745798
766562,1,7,3,2.8360259304981983
766566,1,7,5,0.3700090141005197
766573,0,7,0,0.04707584420306929
766581,1,7,7,6.217423968434941
766586,1,7,10,11.29150969848645
766602,1,7,9,23.278509670992886
766603,1,7,5,0.3700090141005197
766620,1,7,8,2.5825252986188305
766626,1,7,5,0.3700090141005197
766632,1,7,10,23.752438606515437
766636,1,7,5,0.3700090141005197
766650,1,7,6,25.41422118085821
766656,1,7,4,0.3700090657260609
766667,1,7,5,0.3700090141005197
766669,1,7,9,28.0920922996183
766674,1,7,1,28.108215079935004
766683,1,7,9,30.88408078574739
766700,1,7,2,4.815877958350396
766707,1,7,4,0.3700090656202526
766714,1,7,10,20.384633190685342
766725,1,7,9,16.854156332079654
766737,1,7,6,28.963166660756492
766739,1,7,8,8.190845864024787
766754,1,7,7,4.07302739531241
766757,1,7,9,22.15006362436606
766784,1,7,8,25.511041895295012
766786,1,7,9,31.61639345708437
766813,1,7,9,33.0220806412316
766824,1,7,7,0.66421232342162
766856,1,7,7,4.479320250267127
766860,1,7,8,28.538455258797306
766863,1,7,5,0.3700090141005197
766865,1,7,7,0.34667402051237306
766901,1,7,9,6.343088373220455
766910,1,7,8,23.22060223939923
766917,1,7,8,26.754347136312667
766920,1,7,5,0.3700090141005197
766943,1,7,1,6.8403961588775335
766948,1,7,5,0.3700090141005197
766968,1,7,7,3.563268547462016
766994,1,7,10,11.064452825041304
766999,1,7,5,0.3700090141005197
767031,1,7,2,3.734643714227942
767032,0,7,0,0.039092909160045784
767038,1,7,2,14.018775519225178
767056,1,7,7,5.728978141360766
767063,1,7,8,10.117861416152829
767077,1,7,6,22.781478077243985
767078,1,7,9,14.715902235282128
767079,1,7,7,2.5169627798319594
767080,1,7,10,9.712383369882833
767082,1,7,4,0.3700090656202526
767085,1,7,2,16.342793917751166
767088,0,7,0,0.038968237438494785
767090,1,7,9,10.593454333450902
767096,0,7,0,0.03190973545475794
767097,1,7,8,11.468589904567764
767098,1,7,5,0.3700090141005197
767101,1,7,9,15.300735163561026
767108,1,7,8,25.694332116994527
767130,1,7,4,0.3700090657260609
767162,1,7,4,0.3700090657260609
767163,1,7,9,6.966132397534621
767190,1,7,1,27.797389584397965
767196,1,7,3,2.323415638612947
767220,1,7,1,23.12235182084299
767221,1,7,4,0.3700090657260609
767235,1,7,6,27.36279100067432
767243,1,7,6,26.77078931049707
767266,1,7,9,27.141675822650075
767270,1,7,5,0.3700090141005197
767271,1,7,8,17.636855559510067
767284,1,7,9,26.139704308661287
767285,1,7,3,3.2067765572848788
767290,1,7,4,0.3700090657260609
767298,1,7,5,0.3700090141005197
767351,1,7,10,15.89849881935713
767353,1,7,6,26.09822042817438
767354,1,7,4,0.3700090657260609
767370,1,7,5,0.3700090141005197
767392,1,7,8,8.194737770344005
767398,1,7,4,0.3700090657260609
767406,1,7,6,27.259603951536988
767408,1,7,7,0.35167471981240683
767430,1,7,9,33.26321101852184
767442,1,7,10,23.654269561581522
767450,1,7,9,24.529364266534255
767453,1,7,10,9.597306676248852
767458,1,7,8,28.29919293144641
767471,1,7,9,11.417158254263754
767487,1,7,9,29.106314108624602
767497,0,7,0,0.03505201557376088
767502,1,7,7,5.7240065026960245
767523,1,7,9,33.47863900293509
767534,1,7,6,20.04876731293161
767547,1,7,6,30.247329353127384
767556,1,7,9,12.613667742445013
767557,1,7,9,29.201228192570376
767559,1,7,9,29.490895978497612
767592,1,7,9,26.291679462897907
767622,1,7,6,17.213435934400277
767627,1,7,6,8.657950864645452
767653,1,7,10,16.91939715510502
767654,1,7,7,0.8129463847468934
767656,1,7,7,4.542842706193941
767663,1,7,4,0.3700090657260609
767677,1,7,4,0.3700090657260609
767680,1,7,8,27.801456137689293
767687,1,7,9,23.18581246160885
767693,1,7,9,24.045252641095665
767697,1,7,2,2.5130577534392256
767704,0,7,0,0.027523529544143055
767713,1,7,4,0.3700090657260609
767718,1,7,8,14.269409317969966
767721,1,7,9,32.50549905410434
767727,1,7,4,0.3700090656202526
767759,1,7,5,0.3700090141005197
767781,1,7,1,7.10818665699035
767795,1,7,4,0.3700090657260609
767798,1,7,5,0.3700090141005197
767800,1,7,8,23.62595571359345
767810,1,7,9,23.25528282382112
767813,1,7,4,0.3700090657260609
767816,1,7,10,14.647364134106619
767834,1,7,10,20.420356186660175
767838,1,7,9,23.0150411590441
767846,1,7,6,23.997861603833023
767854,1,7,8,25.975604808100876
767858,0,7,0,0.033465969225496175
767866,1,7,9,31.782000242113916
767869,1,7,10,6.041336625248648
767901,1,7,10,18.518818269266905
767906,1,7,5,0.3700090141005197
767916,1,7,9,9.68593759666744
767926,1,7,5,0.3700090141005197
767930,1,7,9,33.48457956550286
767937,1,7,10,10.419522034689024
767953,1,7,7,6.3769292771611354
767954,1,7,6,23.12140968381352
767964,1,7,8,8.02629738137839
767971,1,7,10,16.47239754651042
767995,1,7,4,0.3700090657260609
768001,1,7,6,16.880424724902877
768016,1,7,9,12.036254161837787
768074,1,7,4,0.3700090657260609
768081,1,7,10,9.824282021470196
768084,1,7,8,13.623805919582956
768152,1,7,8,29.91682991513896
768154,1,7,9,31.560029789874886
768159,1,7,9,23.80229840311193
768164,1,7,9,22.020282651631348
768169,1,7,8,26.311144948308065
768175,1,7,9,28.947710088815604
768177,1,7,8,31.22409296017876
768187,1,7,1,16.50310275514086
768200,1,7,9,12.62509352991446
768201,1,7,6,29.64287978409317
768217,1,7,10,20.53609261190587
768227,1,7,7,2.5851005533212983
768230,1,7,9,17.502719371282144
768232,1,7,4,0.3700090657260609
768255,1,7,4,0.3700090657260609
768266,1,7,1,5.400412061030761
768267,1,7,10,7.466539646184513
768284,1,7,9,5.368250388919753
768287,1,7,9,13.546047427172562
768292,1,7,5,0.3700090141005197
768353,1,7,5,0.3700090141005197
768357,1,7,9,15.468663094220043
768358,1,7,3,1.5598921156960623
768384,1,7,6,27.447325552010557
768385,1,7,8,25.35418568931251
768391,1,7,6,29.221809567265847
768394,1,7,10,17.682186300706874
768400,1,7,8,25.809319216267717
768413,1,7,9,18.83822115042891
768414,1,7,4,0.3700090657260609
768420,1,7,1,27.111170918328575
768424,1,7,6,24.002088089815548
768426,1,7,4,0.3700090656202526
768429,1,7,8,18.04529394686761
768450,1,7,8,6.068999597557019
768454,1,7,9,24.162944284477604
768474,1,7,6,30.412032172752493
768497,1,7,6,10.846643016693518
768517,1,7,8,29.222624873968925
768528,1,7,2,1.289346860166878
768542,1,7,7,1.9368491400461287
768545,1,7,7,2.9371576481359356
768563,1,7,10,6.077949548266627
768564,1,7,6,20.14850759427976
768584,1,7,6,16.895055392166075
768591,1,7,6,26.682801086947343
768596,1,7,2,12.842564972285043
768611,1,7,5,0.3700090141005197
768614,0,7,0,0.047197682229388534
768620,1,7,9,8.657483341359999
768622,1,7,4,0.3700090657260609
768625,1,7,4,0.3700090657260609
768634,1,7,10,23.430841007028853
768643,1,7,9,28.972570099952108
768646,1,7,10,8.003483407193405
768652,1,7,6,26.977358078129058
768660,1,7,4,0.3700090657260609
768672,1,7,3,3.1581138343074078
768679,1,7,7,2.0642164716296567
768688,1,7,5,0.3700090141005197
768690,1,7,8,28.837248639944523
768692,1,7,9,29.81294450039531
768706,1,7,4,0.3700090657260609
768713,1,7,2,9.004581816671692
768723,1,7,1,26.367191596451388
768729,1,7,5,0.3700090141005197
768732,1,7,9,31.659253422933844
768740,1,7,9,14.499490310323297
768745,1,7,9,20.987870396046016
768761,1,7,3,3.11757821313144
768762,1,7,5,0.3700090141005197
768782,1,7,8,30.448458298878116
768790,1,7,4,0.3700090657260609
768802,1,7,4,0.3700090657260609
768804,1,7,10,6.82611002998723
768808,1,7,7,5.407418110110002
768811,1,7,10,17.243650155996026
768818,0,7,0,0.039841651369467296
768855,1,7,3,2.077447865454326
768865,1,7,7,6.234447758392789
768882,1,7,7,2.4614700449697517
768888,1,7,10,14.027643975767555
768891,0,7,0,0.023690876066347157
768893,1,7,8,23.549478922752698
768906,1,7,8,16.10824958718043
768914,1,7,8,26.283313600433512
768924,1,7,6,21.6844091782839
768930,1,7,1,12.484526366671636
768933,1,7,7,2.5079308003186176
768952,1,7,9,22.94654087198974
768960,1,7,4,0.3700090657260609
768966,1,7,4,0.3700090657260609
768975,1,7,5,0.3700090141005197
768980,1,7,4,0.3700090657260609
768986,1,7,8,14.968286729894558
768992,1,7,6,29.527546501844434
769008,1,7,9,33.30274416569284
769030,1,7,10,19.47277028327894
769036,1,7,9,33.01253129664275
769055,1,7,9,32.91142440595797
769079,1,7,5,0.3700090141005197
769091,1,7,10,10.362822273217619
769105,1,7,8,26.982653285213335
769117,0,7,0,0.038143761173716415
769139,1,7,8,31.842126813981224
769147,1,7,6,25.41645486868915
769149,1,7,4,0.3700090657260609
769151,1,7,9,21.766034051952513
769154,1,7,8,27.817371751875267
769164,0,7,0,0.0320438079225203
769167,1,7,9,11.30106718487198
769173,1,7,5,0.3700090141005197
769203,1,7,5,0.3700090141005197
769210,1,7,4,0.3700090657260609
769219,0,7,0,0.07834039816409626
769238,1,7,9,26.593103029800215
769242,1,7,8,19.352292405151235
769266,1,7,10,23.602228560227523
769271,1,7,4,0.3700090657260609
769274,1,7,10,12.248388013562394
769292,1,7,5,0.3700090141005197
769294,1,7,10,17.291590222602363
769295,1,7,10,11.698408434355072
769306,1,7,8,17.794358866777714
769311,1,7,4,0.3700090657260609
769344,1,7,8,16.3439803473796
769347,1,7,1,19.819330976331173
769360,1,7,1,17.78986599816302
769361,1,7,9,27.50088814668472
769372,1,7,8,33.73148885394765
769373,1,7,7,2.8026264786892856
769393,1,7,10,18.233541690213166
769420,1,7,6,16.060163451511144
769421,1,7,1,18.99649202877948
769489,1,7,1,10.054828517500804
769490,1,7,9,20.02197709884734
769503,1,7,9,28.76974812113849
769505,1,7,6,23.511391668291104
769531,1,7,6,21.139673342126397
769539,1,7,4,0.3700090657260609
769557,1,7,4,0.3700090657260609
769562,1,7,9,23.768295378081124
769563,1,7,8,16.625607737354848
769564,1,7,6,14.859559527183464
769570,1,7,2,16.5288298649055
769587,1,7,10,24.778108122813443
769590,1,7,8,13.211965415225375
769593,1,7,6,17.816796985619593
769596,1,7,4,0.3700090657260609
769605,1,7,9,14.949543263578278
769616,1,7,8,2.9340018819650644
769646,1,7,9,11.910162692061522
769661,1,7,8,20.47647877874413
769662,1,7,9,27.820931356285275
769663,1,7,2,10.642549845410066
769676,1,7,5,0.3700090141005197
769689,1,7,3,2.271297557696158
769690,1,7,5,0.3700090141005197
769708,1,7,7,4.306779553246204
769713,1,7,6,26.781272852464237
769720,1,7,5,0.37000902039789374
769735,1,7,6,26.680716581646188
769749,1,7,6,19.25391826737866
769757,1,7,9,26.244367954262426
769770,1,7,4,0.3700090657260609
769787,1,7,1,20.549610970545054
769796,1,7,5,0.3700090141005197
769809,1,7,5,0.3700090141005197
769815,1,7,9,19.132228565640684
769829,1,7,4,0.3700090657260609
769831,1,7,8,13.151452139042085
769839,1,7,5,0.3700090141005197
769853,1,7,4,0.3700090657260609
769861,1,7,6,27.97613760858443
769869,1,7,10,13.572674180939792
769882,1,7,2,2.097654291400901
769886,1,7,6,17.06895823318457
769895,1,7,9,28.842210997638876
769898,1,7,5,0.3700090141005197
769900,1,7,10,19.045034835302026
769908,1,7,8,30.93959115955517
769923,1,7,1,19.73517228846067
769926,1,7,7,4.256794309474707
769931,0,7,0,0.14273231736966524
769940,1,7,6,20.96554467869731
769957,1,7,2,6.346326379499204
769965,1,7,8,17.038816361270932
769968,1,7,3,3.155840579962897
769975,1,7,8,19.17046940809402
769986,1,7,4,0.3700090657260609
770000,1,7,4,0.3700090657260609
770001,1,7,6,19.53563814197806
770007,1,7,1,6.091448609500639
770009,1,7,10,15.54267764217766
770011,1,7,1,17.00218663418061
770023,0,7,0,0.03959959970172547
770026,1,7,8,19.790683563831642
770051,1,7,1,9.178424429713983
770070,1,7,9,24.310756512115496
770079,1,7,7,1.29650274879204
770084,1,7,10,21.823687010612186
770116,1,7,6,21.21586556410842
770132,1,7,7,3.820591848058501
770147,1,7,8,29.413878557399055
770148,1,7,6,27.89543330434326
770151,1,7,8,23.127364975330607
770165,1,7,9,14.532194386433874
770166,1,7,8,15.301597115620263
770173,1,7,8,18.470718781667305
770178,1,7,1,17.519477870238493
770219,1,7,5,0.3700090141005197
770220,1,7,2,6.807358878919528
770229,1,7,5,0.3700090141005197
770230,1,7,10,15.461979347249834
770236,1,7,2,10.763673899406585
770247,1,7,4,0.3700090657260609
770275,1,7,8,33.28063484395267
770289,1,7,5,0.3700090141005197
770292,1,7,5,0.3700090141005197
770297,1,7,3,0.7380379928192284
770309,1,7,10,15.095752238015002
770310,1,7,6,14.751976172141944
770311,1,7,1,3.9292402576082215
770315,1,7,5,0.37000902039789374
770322,1,7,5,0.37000902039789374
770326,1,7,10,22.94036140878789
770331,1,7,4,0.3700090657260609
770340,1,7,4,0.3700090657260609
770345,1,7,9,19.73055227126649
770355,1,7,1,11.468619439934285
770403,1,7,5,0.3700090141005197
770418,1,7,7,4.86254185561613
770449,1,7,5,0.3700090141005197
770467,0,7,0,0.04583436773106105
770474,0,7,0,0.13146394177090506
770486,1,7,9,6.352665329377564
770491,1,7,4,0.3700090657260609
770501,1,7,6,26.00920561301792
770503,1,7,5,0.3700090141005197
770505,1,7,1,25.64328503079112
770509,1,7,5,0.3700090141005197
770512,1,7,4,0.3700090657260609
770514,1,7,10,19.87822042358831
770534,1,7,5,0.3700090141005197
770537,1,7,2,1.77984780010092
770547,1,7,5,0.3700090141005197
770566,1,7,6,22.028090243743847
770581,1,7,6,17.178737988351244
770587,1,7,10,25.99155099292924
770601,1,7,9,33.43729512135346
770609,1,7,5,0.3700090141005197
770616,1,7,3,1.5589598111528462
770633,1,7,6,19.541662035835206
770645,1,7,9,20.08721058040287
770651,1,7,8,17.370813888394803
770660,1,7,3,1.384113993488791
770665,1,7,8,26.42225225034323
770676,1,7,4,0.3700090657260609
770677,1,7,6,29.498384354994826
770678,1,7,4,0.3700090657260609
770697,1,7,10,10.922637143843264
770702,1,7,9,17.160468338859886
770717,1,7,7,6.2388162015270305
770729,1,7,1,26.109519861777734
770736,1,7,6,21.68672099716606
770739,1,7,1,6.830342360647412
770753,1,7,10,19.038521321869773
770761,1,7,10,3.6113734877583554
770767,1,7,5,0.3700090141005197
770783,1,7,8,11.958033356850548
770787,1,7,2,8.592510851272909
770795,1,7,6,6.21764345345322
770798,1,7,8,16.03222408940096
770803,1,7,6,28.64975675231882
770805,1,7,4,0.3700090657260609
770809,1,7,6,21.229734525386732
770819,1,7,6,18.84185784407174
770829,1,7,10,15.17976489854016
770847,1,7,8,36.11363494940744
770867,1,7,1,27.361446408251282
770892,1,7,4,0.3700090657260609
770906,1,7,8,19.830574171277604
770927,1,7,1,14.880682191243483
770943,1,7,8,2.312784117434791
770946,1,7,10,24.534481544310584
770972,1,7,9,23.267751543816658
771025,1,7,6,7.8207980065743685
771045,1,7,9,30.594559356648897
771050,1,7,6,21.392162490468696
771073,1,7,1,20.515973859298498
771076,1,7,2,6.703447991774585
771080,1,7,2,12.18121122730442
771096,0,7,0,0.0381276605071861
771097,1,7,7,2.7495237122954252
771104,1,7,1,7.394902798487387
771137,1,7,10,23.355823445597277
771153,1,7,8,27.755351879148474
771154,1,7,6,19.67889057875357
771155,1,7,8,35.44181550410927
771160,1,7,7,6.0845495083028345
771164,1,7,3,3.2008577792366286
771174,1,7,10,15.704150025278238
771179,1,7,5,0.3700090141005197
771189,1,7,6,24.57595181445723
771195,1,7,9,21.77669863202244
771218,1,7,8,22.246814824970148
771224,1,7,6,9.780926710242783
771238,1,7,8,34.61864394560503
771257,1,7,8,29.283041702741404
771258,1,7,9,26.102850304289976
771274,1,7,5,0.3700090141005197
771279,1,7,4,0.3700090657260609
771286,1,7,2,14.081957077022903
771293,1,7,1,16.792296246388506
771294,1,7,1,22.167131694280336
771341,1,7,5,0.3700090141005197
771343,1,7,10,25.422312139596386
771344,1,7,9,7.758716384438902
771346,1,7,8,31.3505496036149
771351,1,7,3,3.1901698147686455
771365,1,7,5,0.37000902039789374
771372,1,7,5,0.3700090141005197
771386,1,7,8,35.97345518517248
771412,1,7,2,15.207803381346313
771415,1,7,1,22.01005431087257
771421,1,7,6,27.256274221621773
771429,1,7,9,24.751378958163542
771439,1,7,1,20.37975729877996
771450,1,7,2,3.89153251969005
771461,1,7,9,32.761338314357154
771462,1,7,6,11.15192390021569
771475,1,7,10,13.746108380069394
771480,1,7,6,24.571507555390568
771497,1,7,6,21.186635495727334
771503,1,7,10,19.71940475815122
771505,1,7,10,7.688118959496994
771518,1,7,5,0.3700090141005197
771519,1,7,4,0.3700090657260609
771528,1,7,7,1.9282928266205719
771533,1,7,6,29.560157107138316
771546,1,7,8,17.217346824439257
771547,1,7,5,0.3700090141005197
771560,1,7,8,12.030967672184449
771565,1,7,10,9.909726998350203
771578,1,7,7,1.684666022287258
771582,1,7,10,17.543220385120005
771588,1,7,8,34.37688471965941
771604,1,7,8,8.903363111882733
771607,1,7,5,0.3700090141005197
771624,1,7,8,24.288782563476534
771636,1,7,6,17.450307705161027
771638,1,7,10,7.9873330241335125
771639,1,7,7,2.9293013080152903
771642,1,7,10,19.132516244944746
771645,1,7,9,32.14247237742757
771687,1,7,9,19.935008971124226
771719,1,7,3,1.5769150766326396
771727,0,7,0,0.035474244183997465
771733,1,7,4,0.3700090657260609
771742,1,7,8,30.44511882628981
771757,1,7,7,5.095855813081223
771761,1,7,8,26.33391411748914
771785,1,7,10,7.0521082467842655
771786,1,7,10,21.523249992444036
771790,1,7,6,10.385432403172127
771797,1,7,5,0.3700090141005197
771812,1,7,8,13.738243169732087
771824,1,7,10,14.312965049114373
771829,0,7,0,0.03663014248066974
771844,1,7,8,26.824819878666048
771857,1,7,1,11.622268620486132
771858,1,7,2,13.9907207510085
771865,1,7,7,1.9030802349850504
771874,1,7,4,0.3700090657260609
771882,1,7,8,8.873374595921685
771894,1,7,9,17.431289987383032
771902,1,7,9,23.317791806773254
771914,1,7,4,0.3700090657260609
771915,1,7,8,21.191814071313008
771924,1,7,9,31.833952404775605
771925,1,7,4,0.3700090657260609
771926,1,7,6,26.16634374095375
771935,1,7,6,20.15436155542985
771971,1,7,7,1.0763162292530757
771975,1,7,10,24.02870108589713
771982,1,7,9,27.48786836534082
771995,0,7,0,0.032628798254512245
772000,1,7,3,1.9166709608232748
772005,1,7,9,19.797313808942416
772014,1,7,7,4.38453290907684
772015,1,7,4,0.3700090657260609
772024,1,7,9,20.481372766334655
772035,1,7,1,9.460097539192851
772040,1,7,10,15.463155871082732
772048,1,7,3,2.7270778385366032
772050,1,7,4,0.3700090657260609
772067,1,7,3,2.534734507888425
772077,1,7,4,0.3700090657260609
772080,1,7,9,2.6367151743486974
772091,1,7,5,0.3700090141005197
772098,1,7,8,29.83886146246441
772101,1,7,5,0.3700090141005197
772103,1,7,8,21.653489195812305
772106,1,7,8,7.145563606047138
772110,1,7,2,15.4236754941434
772117,1,7,6,21.667602716532393
772151,1,7,9,20.799881848777723
772165,0,7,0,0.12914583879437116
772176,1,7,7,5.763058921634388
772212,1,7,1,24.34705787364417
772215,1,7,8,32.477629147976984
772227,1,7,9,14.608510012675076
772257,1,7,1,23.70857383482897
772259,1,7,4,0.3700090657260609
772266,1,7,6,22.459524185135113
772281,1,7,5,0.37000902039789374
772283,1,7,10,17.166771235131957
772285,1,7,9,6.530499880356101
772298,1,7,4,0.3700090657260609
772308,1,7,8,18.885728964016174
772314,1,7,6,29.24714562804989
772324,1,7,4,0.3700090657260609
772328,1,7,1,14.437641463890618
772329,1,7,10,25.963143852565764
772342,1,7,5,0.3700090141005197
772366,1,7,6,5.848757724914761
772379,1,7,4,0.3700090657260609
772405,1,7,1,24.48381772543704
772410,1,7,6,20.507910307862446
772428,1,7,6,19.541714494934116
772448,1,7,9,9.694218213378154
772450,1,7,6,29.27925936402973
772456,1,7,9,31.77473067490754
772457,1,7,3,2.960229433297725
772505,0,7,0,0.03874837908528038
772510,1,7,1,25.63187583083456
772511,1,7,5,0.3700090141005197
772519,1,7,1,8.723802795591366
772532,1,7,9,4.740542326877523
772541,1,7,9,2.68343188835585
772570,1,7,5,0.3700090141005197
772575,1,7,9,16.03152522591708
772599,1,7,5,0.3700090141005197
772602,1,7,7,0.5499492994396402
772614,1,7,1,4.412536428826914
772620,1,7,6,17.961392040546983
772627,1,7,5,0.3700090141005197
772628,1,7,9,16.077439267094547
772630,1,7,9,33.41651952351288
772633,1,7,1,27.097782454167696
772651,1,7,4,0.3700090657260609
772655,1,7,8,7.717048607104217
772668,1,7,8,24.21671085724809
772678,1,7,6,16.058199142460023
772687,1,7,8,35.5466717335386
772688,1,7,8,4.044031003226015
772689,1,7,9,19.95508742646498
772708,1,7,2,14.212142234003831
772715,1,7,5,0.3700090141005197
772726,1,7,8,33.87346835610613
772733,1,7,9,25.026013222950517
772761,1,7,7,4.815694155551976
772781,1,7,8,23.544244459281998
772792,1,7,9,33.22176536017648
772793,0,7,0,0.03660427170693039
772794,1,7,2,14.11204582574405
772803,1,7,10,10.848142190480125
772806,1,7,6,25.3095639611395
772830,0,7,0,0.03566269856196165
772853,1,7,7,1.7233767608796424
772857,1,7,8,32.65798892251651
772858,1,7,9,33.605192396276685
772863,1,7,5,0.3700090141005197
772865,1,7,5,0.3700090141005197
772872,1,7,9,30.352100207834912
772885,1,7,9,4.722294904471874
772898,1,7,8,20.056756042077872
772906,1,7,1,8.074586269434501
772940,1,7,5,0.3700090141005197
772955,1,7,9,16.52267122609882
772961,1,7,10,9.60903320242923
772971,1,7,6,12.177964790710453
772980,1,7,5,0.3700090141005197
772984,1,7,2,4.43795164028786
773055,1,7,6,19.444014315384234
773057,0,7,0,0.03470797890758725
773063,1,7,4,0.3700090657260609
773078,1,7,1,8.364929158838798
773080,1,7,3,3.1201240085222843
773081,0,7,0,0.031227319823370653
773098,1,7,5,0.3700090141005197
773100,1,7,9,8.61858138877698
773115,1,7,4,0.3700090657260609
773119,1,7,9,17.0288377557708
773125,1,7,2,3.9247926537221645
773131,1,7,8,28.089734786637727
773132,1,7,1,25.15494255720449
773139,1,7,7,6.196593025515478
773150,0,7,0,0.03291363041502252
773153,1,7,3,2.117257400300574
773158,1,7,10,19.920401134432094
773163,1,7,6,13.825926184961865
773172,0,7,0,0.04533303234629732
773179,1,7,9,26.03008572034182
773183,1,7,9,24.786162701294753
773188,1,7,1,23.19195433068378
773227,0,7,0,0.036543757183915414
773232,1,7,6,30.507143484676806
773236,1,7,9,14.462443167985956
773239,1,7,5,0.3700090141005197
773255,1,7,1,24.744218318082314
773257,1,7,8,23.999100120150686
773258,0,7,0,0.0388545840290804
773262,1,7,9,28.9293855101544
773269,1,7,9,5.047494859809581
773274,1,7,9,22.914291971589765
773305,1,7,7,1.5791874829334127
773311,1,7,9,28.344814543670115
773318,0,7,0,0.03841987942788628
773325,1,7,10,7.738408550213916
773339,1,7,5,0.3700090141005197
773340,1,7,7,3.6408869095974508
773341,1,7,1,21.332009133442057
773345,1,7,8,26.764166363213295
773358,1,7,10,18.43894263217439
773367,1,7,6,30.194051319227174
773406,1,7,8,18.29985857345817
773412,1,7,8,33.74852507288702
773418,0,7,0,0.13025407670561387
773456,1,7,9,32.152194583709715
773465,1,7,10,15.572850162488434
773468,1,7,10,9.680502053279344
773494,1,7,8,7.547029540590617
773498,1,7,10,12.204535602273102
773503,1,7,8,3.081845551361692
773509,1,7,8,13.689327267634665
773511,1,7,9,32.689781595191434
773517,1,7,7,0.9867475978160675
773531,1,7,4,0.3700090657260609
773536,0,7,0,0.1650090796149645
773541,1,7,5,0.3700090141005197
773561,1,7,9,32.72557185856775
773576,1,7,9,24.537471307719944
773593,1,7,5,0.37000902039789374
773607,1,7,4,0.3700090656202526
773615,1,7,7,2.0604425520272294
773616,1,7,9,23.855943801153284
773621,1,7,9,29.60855956095171
773622,1,7,8,12.181661383378168
773639,1,7,8,32.47935383423199
773655,1,7,8,25.032476031922666
773667,1,7,4,0.3700090657260609
773675,1,7,9,26.937484305892593
773678,1,7,7,1.3326941210080383
773687,1,7,10,23.15869217097401
773696,1,7,2,2.7357913705084584
773720,1,7,10,17.654660788212713
773722,1,7,1,14.835629803377437
773726,1,7,9,23.769760036774436
773733,1,7,7,1.649807183765754
773759,1,7,5,0.3700090141005197
773823,1,7,8,7.589900644181217
773828,0,7,0,0.03758119497066425
773839,1,7,8,32.69226085569567
773842,1,7,6,21.967719460784462
773848,1,7,8,7.508730407228421
773855,1,7,4,0.3700090657260609
773863,1,7,6,19.690514079242597
773871,1,7,6,28.068775405184056
773873,1,7,2,3.219917626350503
773888,1,7,4,0.3700090657260609
773890,1,7,1,8.023946407703088
773898,1,7,9,33.44212879066338
773915,1,7,6,22.237618183902697
773919,1,7,9,14.56136933574478
773932,1,7,6,16.49114738815273
773942,0,7,0,0.03437774119221468
773972,1,7,5,0.3700090141005197
773976,1,7,6,16.31210542528836
773980,1,7,1,14.52734514264066
773986,1,7,6,25.123415774035358
773991,1,7,9,27.835685478831813
773996,1,7,5,0.3700090141005197
773997,1,7,8,30.367963425553587
773998,1,7,6,28.656468813695465
774016,1,7,10,7.972539856799816
774025,1,7,8,14.804471486647044
774034,1,7,4,0.3700090657260609
774045,1,7,10,23.31312222654299
774077,1,7,4,0.3700090657260609
774088,1,7,10,17.944913140145804
774094,1,7,5,0.3700090141005197
774101,0,7,0,0.03218555763328882
774124,1,7,4,0.3700090657260609
774133,1,7,10,6.987615887420579
774134,1,7,5,0.3700090141005197
774153,1,7,9,13.128649116279684
774154,1,7,8,7.936959208085637
774161,1,7,7,3.971972919541383
774184,1,7,6,26.096948277916113
774186,1,7,9,33.410447452485535
774188,1,7,10,21.327644619412613
774236,1,7,4,0.3700090657260609
774240,1,7,5,0.3700090141005197
774259,1,7,9,26.08175945480162
774264,1,7,8,25.459006752655135
774265,1,7,3,2.9861158180212137
774279,1,7,6,11.926959330777597
774280,1,7,10,24.504922827993415
774297,1,7,9,28.833335955535407
774302,1,7,5,0.3700090141005197
774320,1,7,1,14.066098860830042
774339,1,7,2,14.476249874849005
774352,1,7,7,2.925894841408276
774353,1,7,9,18.85110543028096
774358,1,7,10,17.70496032214821
774378,1,7,7,2.3323440126021397
774391,1,7,1,8.622944053064748
774398,1,7,10,23.366744179649753
774406,0,7,0,0.026322425934614695
774408,1,7,9,28.931865418702937
774410,1,7,9,9.405310014369466
774418,1,7,5,0.3700090141005197
774419,1,7,10,21.386256918110018
774446,1,7,9,21.30992686053104
774460,1,7,8,11.457878801344458
774484,1,7,6,27.257173537020616
774495,1,7,10,14.244949168604963
774499,0,7,0,0.030671876294538408
774524,1,7,5,0.3700090141005197
774529,1,7,2,5.952766450643607
774542,0,7,0,0.032373595450787614
774544,1,7,5,0.3700090141005197
774549,1,7,9,13.683020678629777
774589,1,7,8,33.30659629388523
774608,1,7,8,11.943322064697583
774613,1,7,9,25.251533480935567
774621,1,7,1,5.329971534058456
774622,1,7,5,0.3700090141005197
774658,0,7,0,0.036201870232870026
774661,1,7,6,23.30594225997962
774662,0,7,0,0.02425875935351662
774664,1,7,9,31.48270060618232
774668,1,7,6,15.580669536646283
774685,1,7,2,15.951753322736595
774690,1,7,6,21.980106391565705
774726,1,7,9,13.404873716681122
774743,1,7,1,11.852884754322263
774753,1,7,10,22.072815215906292
774764,1,7,7,4.77305095273693
774769,1,7,8,24.33622933669749
774774,1,7,6,14.96178302812236
774778,1,7,1,16.08967890563028
774781,1,7,8,11.887199805612727
774786,1,7,4,0.3700090657260609
774793,1,7,5,0.3700090141005197
774796,0,7,0,0.034530018805020685
774797,1,7,3,0.9128373187047347
774799,1,7,5,0.3700090141005197
774801,0,7,0,0.03660238411267956
774810,1,7,5,0.3700090141005197
774832,1,7,1,15.0405686334971
774834,1,7,5,0.3700090141005197
774836,1,7,8,24.042709190181487
774842,1,7,6,16.25304142117259
774854,1,7,6,20.460537605571613
774876,1,7,10,12.613638623588
774888,1,7,8,34.31782846072097
774892,1,7,8,31.053884856178662
774909,1,7,5,0.3700090141005197
774910,1,7,8,22.459719972687008
774919,1,7,6,9.550092041440816
774926,1,7,10,23.17222464503241
774933,1,7,8,26.45229659651578
774940,1,7,5,0.3700090141005197
774954,1,7,2,15.109155752522048
774963,1,7,10,9.140288414669204
774971,1,7,10,25.548037398721455
774976,1,7,4,0.3700090657260609
774988,1,7,9,28.098862814513232
774992,1,7,3,2.603414721156246
775004,1,7,6,30.32375529656624
775057,1,7,5,0.3700090141005197
775061,1,7,3,3.1890311244924874
775069,1,7,9,33.43450234594037
775071,1,7,10,13.539445829177158
775077,1,7,6,16.117151229733267
775092,1,7,5,0.3700090141005197
775107,1,7,9,26.961420255767724
775109,1,7,7,2.5500504974894023
775110,1,7,2,1.7291824890648013
775114,1,7,8,13.907471623371991
775127,1,7,1,21.042517552523933
775156,1,7,5,0.3700090141005197
775169,1,7,9,5.565105926040133
775170,0,7,0,0.04029681695470544
775175,1,7,7,3.1807055528886954
775185,1,7,1,26.636987783689126
775194,1,7,10,11.564037918918297
775199,1,7,10,16.369651767604136
775200,1,7,10,12.564461135604908
775201,1,7,8,21.99587283722714
775214,0,7,0,0.24931902394006122
775222,1,7,5,0.37000902039789374
775223,1,7,6,13.024118660408467
775232,1,7,6,26.96464193799457
775266,1,7,9,25.156510765316266
775270,1,7,9,23.624668602088907
775275,1,7,4,0.3700090657260609
775281,1,7,6,29.347586647283762
775285,1,7,4,0.3700090657260609
775303,1,7,3,2.2639267313565195
775306,1,7,9,25.38546606152292
775318,1,7,5,0.3700090141005197
775328,1,7,8,7.317686067276404
775330,1,7,9,33.792574747739145
775331,1,7,4,0.3700090657260609
775332,1,7,4,0.3700090657260609
775345,0,7,0,0.035754063036851906
775349,1,7,9,7.209284624597288
775364,1,7,6,5.550775556490974
775366,1,7,8,21.262274902612344
775376,1,7,9,20.836452501205184
775396,1,7,6,14.743593124371397
775399,1,7,9,19.87291672487654
775470,1,7,7,6.339020070216526
775473,1,7,9,8.98100818219968
775474,1,7,8,30.450305478384465
775501,1,7,8,20.30105976490923
775523,1,7,6,13.029175893696753
775534,1,7,8,33.67499942147834
775537,1,7,9,33.10889866870617
775540,0,7,0,0.038633237080954654
775543,1,7,6,22.41868620823012
775558,1,7,6,22.149154173758667
775581,1,7,9,22.02544180378996
775590,1,7,9,3.1801647347566644
775591,1,7,5,0.3700090141005197
775601,1,7,10,3.801659186023994
775607,1,7,10,17.886090869817597
775610,1,7,4,0.3700090657260609
775623,1,7,9,33.544052966273554
775632,1,7,8,3.2698878049543914
775639,1,7,10,14.221096802453264
775651,1,7,4,0.3700090657260609
775653,0,7,0,0.034425073889231654
775656,1,7,5,0.3700090141005197
775673,1,7,10,22.701934723794267
775674,1,7,6,29.860281279583486
775685,1,7,9,19.05522179270552
775692,1,7,5,0.3700090141005197
775703,1,7,9,23.693455592622378
775708,1,7,9,8.2157454228545
775742,1,7,8,32.697496942134286
775743,1,7,9,23.96178145707914
775752,1,7,6,28.696332612159008
775758,1,7,4,0.3700090657260609
775766,1,7,9,5.632796545089221
775782,1,7,10,6.630428459418238
775790,1,7,1,27.651280697982592
775801,1,7,3,3.20913480258259
775827,1,7,3,2.836547471797261
775829,1,7,10,3.466389334097178
775840,0,7,0,0.041417169708948355
775843,1,7,6,23.818634954937377
775846,1,7,4,0.3700090657260609
775850,1,7,6,4.391621141153521
775859,1,7,2,4.103836925382125
775869,1,7,9,21.33792247267641
775875,1,7,6,20.109513720522454
775877,1,7,10,10.273598246468053
775905,1,7,4,0.3700090657260609
775918,1,7,5,0.3700090141005197
775924,1,7,4,0.3700090657260609
775931,1,7,9,9.167148920596393
775933,1,7,6,29.68646154838218
775948,1,7,1,13.703765907656651
775966,1,7,4,0.3700090657260609
775978,1,7,3,3.201600261225183
775986,1,7,6,19.960147861392368
775987,1,7,7,1.8104241282594984
775993,1,7,6,26.165586334468564
776007,1,7,5,0.3700090141005197
776015,1,7,7,5.874553120273417
776024,1,7,6,19.244157317228748
776036,1,7,10,23.86169408559311
776059,1,7,8,22.845800621557586
776079,1,7,9,27.279794520585263
776085,1,7,6,30.38312811751191
776092,1,7,7,4.402024755838686
776097,1,7,4,0.3700090657260609
776101,1,7,9,23.419971261084374
776122,1,7,3,2.8410753606923307
776128,1,7,4,0.3700090657260609
776129,1,7,9,18.875261107872266
776160,1,7,5,0.3700090141005197
776164,1,7,7,6.444001058004497
776188,1,7,4,0.3700090657260609
776207,1,7,9,23.61382109508818
776211,1,7,1,25.625553122905114
776229,1,7,10,14.830627135358572
776253,1,7,6,20.197132358674807
776259,1,7,3,3.195116559685178
776285,1,7,8,28.98846506891927
776288,1,7,9,25.105377575384065
776292,1,7,8,26.55598934726052
776304,1,7,9,22.173853953708043
776305,1,7,9,30.494401317194523
776346,1,7,10,26.019070624336102
776350,1,7,6,30.364509549171146
776353,1,7,9,28.10327853643447
776360,1,7,9,33.4938840137503
776365,1,7,10,9.52299597354816
776369,1,7,9,32.43488289519063
776371,1,7,8,31.882371341428797
776374,1,7,6,21.123043545029148
776377,1,7,9,27.97780560562212
776381,1,7,10,7.212851660094761
776383,1,7,9,29.188894288937277
776389,1,7,1,19.026779020442003
776393,1,7,10,24.507304669241474
776400,1,7,6,12.50003679174639
776414,1,7,7,4.318910735664976
776418,1,7,10,12.279479614912225
776423,1,7,2,7.723229318752675
776436,1,7,6,5.082323316515833
776446,1,7,1,8.435023680612908
776447,1,7,8,32.62157901688557
776451,1,7,3,2.5177287703386493
776461,1,7,2,6.95800815404971
776464,1,7,2,6.86292529160907
776469,1,7,1,23.89853227833147
776488,1,7,6,28.538062093651817
776504,0,7,0,0.03500693864585025
776506,1,7,8,22.06213538013646
776516,1,7,9,24.833971725785776
776531,1,7,4,0.3700090657260609
776551,1,7,4,0.3700090657260609
776561,1,7,3,2.3123819835954915
776564,1,7,6,26.361003278825972
776599,1,7,1,14.11163886863482
776604,1,7,9,17.86366502546878
776607,1,7,9,27.960681701089356
776624,1,7,8,25.368134025918394
776643,1,7,5,0.3700090141005197
776647,1,7,2,14.148558191629915
776649,1,7,8,6.428787440301416
776654,1,7,5,0.3700090141005197
776677,1,7,8,7.924768622109086
776707,1,7,8,24.741142494234186
776716,1,7,5,0.3700090141005197
776735,1,7,7,6.370189467798478
776750,1,7,8,22.20118106128428
776768,1,7,4,0.3700090657260609
776781,1,7,1,24.0305809032425
776782,1,7,1,12.336920633451467
776816,1,7,5,0.3700090141005197
776826,1,7,8,14.08880031948412
776829,1,7,10,7.32239502089382
776861,1,7,10,26.03421650780941
776866,1,7,7,5.921959321909683
776879,1,7,6,17.62412726968271
776902,1,7,8,35.476018446666494
776909,1,7,10,12.256623163250532
776911,1,7,5,0.37000902039789374
776914,1,7,8,20.458428195528395
776928,1,7,4,0.3700090657260609
776938,1,7,3,1.1512249760107858
776943,1,7,1,11.789301293833834
776945,1,7,5,0.3700090141005197
776947,1,7,10,18.932588612170417
776948,1,7,10,17.367521820104805
776951,1,7,10,5.674653188604019
776961,1,7,9,24.469075619980966
776980,1,7,7,3.1087951244732643
776994,1,7,9,21.51011206762961
777000,1,7,9,22.963142383949194
777022,1,7,1,6.969428713659925
777041,1,7,9,21.683369254415442
777057,0,7,0,0.03886037977728687
777064,1,7,7,1.7990129422601515
777075,1,7,8,27.32792335889373
777076,1,7,8,7.005500997406835
777081,1,7,8,21.47137783563881
777092,1,7,1,20.274248140494258
777095,1,7,8,11.755413310229603
777098,1,7,10,23.32046336872889
777103,1,7,10,12.571815670029224
777115,1,7,2,15.757008520785897
777119,1,7,1,24.831433106104832
777141,1,7,5,0.3700090141005197
777142,1,7,9,24.643361350831412
777155,1,7,9,26.257306013486122
777166,1,7,8,6.089186791157335
777182,1,7,4,0.3700090657260609
777185,1,7,2,16.34666723611399
777203,1,7,10,6.13379146600946
777209,1,7,8,4.766675305289725
777211,1,7,9,21.362257396969408
777242,1,7,5,0.3700090141005197
777248,0,7,0,0.023665405056010152
777254,1,7,1,14.017718549158799
777260,1,7,3,3.2521812137905393
777264,1,7,8,33.90197141592039
777279,1,7,6,23.046850902920347
777281,1,7,8,18.686465302716876
777282,1,7,10,6.80642992668911
777286,1,7,8,26.571859342879915
777291,1,7,8,17.955934115554896
777303,1,7,10,12.596368158817878
777308,1,7,1,13.396971317355721
777316,0,7,0,0.03441560137077033
777324,0,7,0,0.032693821863629575
777348,1,7,10,23.75550891565786
777353,1,7,3,3.1547111116849433
777364,1,7,8,30.2871370189489
777370,1,7,4,0.3700090657260609
777371,0,7,0,0.12841442092428149
777383,1,7,4,0.3700090657260609
777390,1,7,6,14.017538570779774
777397,0,7,0,0.09961796470355137
777401,0,7,0,0.03890698883500514
777403,1,7,1,21.560994012781197
777407,1,7,6,25.057535157886264
777420,1,7,9,24.06358364215052
777436,1,7,9,20.314693599039856
777451,1,7,8,12.152056973747214
777458,1,7,5,0.37000902039789374
777459,1,7,10,16.858987766606003
777502,1,7,6,6.925527287433387
777505,1,7,8,25.09862018028847
777506,1,7,10,12.589998512592583
777513,1,7,8,23.36869204349847
777528,1,7,8,14.988945071947148
777535,1,7,8,20.972292448574155
777538,1,7,3,0.614526210421089
777544,1,7,8,8.429663462420026
777552,1,7,4,0.3700090657260609
777560,1,7,8,26.26730394506098
777568,1,7,6,12.34708198445993
777570,1,7,8,23.96464444281687
777571,1,7,6,28.43299964502254
777578,1,7,5,0.3700090141005197
777597,1,7,6,6.280771356060371
777598,1,7,6,25.132904699310927
777608,1,7,8,36.031024044779016
777615,1,7,7,2.704640355722393
777634,1,7,7,5.79779658413729
777639,1,7,6,24.576704821705604
777641,1,7,10,6.982670857435865
777642,1,7,6,18.516127503093006
777653,1,7,1,11.70298665201127
777658,1,7,9,24.262806060784452
777665,1,7,9,30.095148831607435
777675,1,7,10,25.381673392124213
777680,1,7,5,0.3700090141005197
777688,1,7,6,13.341040872393016
777696,1,7,8,33.36744937876177
777697,1,7,8,26.08232216210613
777708,1,7,4,0.3700090656202526
777715,1,7,7,4.773307610769101
777720,1,7,7,3.597240492798792
777722,1,7,9,33.18956826460645
777725,1,7,10,14.697080627596067
777737,1,7,3,3.285557787438245
777751,1,7,5,0.3700090141005197
777794,1,7,8,21.5293878415131
777804,1,7,8,8.826159044181784
777810,1,7,8,31.150496270159124
777842,1,7,8,18.254862040903006
777848,1,7,9,13.955237028646017
777876,1,7,5,0.3700090141005197
777882,1,7,1,19.346093283793095
777907,1,7,1,27.19624022410871
777916,1,7,9,31.792073746964153
777917,1,7,7,1.7031621316519785
777959,1,7,9,18.714059035128447
777986,1,7,6,28.6569366027519
777989,1,7,10,13.951268429060084
778009,1,7,1,20.702134093267357
778017,1,7,10,23.391410031972924
778019,1,7,1,22.224999246385032
778020,1,7,6,27.672298678521106
778034,1,7,8,30.29140069748439
778041,1,7,9,28.926902551268583
778050,1,7,1,15.05313652441822
778054,1,7,5,0.3700090141005197
778068,1,7,7,4.230042607935759
778073,1,7,9,15.663594182898951
778077,1,7,6,22.258719306902925
778079,1,7,1,17.641735713811542
778105,1,7,8,12.443852872847462
778121,1,7,4,0.3700090656202526
778127,1,7,6,25.51706561599047
778129,1,7,10,12.98821835661078
778132,1,7,1,15.132275566241384
778136,1,7,1,25.003221886966468
778151,1,7,9,13.694988412067099
778160,1,7,3,2.9798102667511115
778174,1,7,4,0.3700090657260609
778194,1,7,5,0.3700090141005197
778197,1,7,5,0.3700090141005197
778206,1,7,9,12.398976204592683
778214,1,7,5,0.3700090141005197
778226,1,7,6,8.234486080279652
778227,1,7,5,0.3700090141005197
778236,1,7,3,3.157562901654184
778238,1,7,4,0.3700090657260609
778258,1,7,8,33.347744996892246
778275,1,7,6,11.32438407623791
778286,1,7,5,0.3700090141005197
778297,1,7,9,28.961892856696316
778308,0,7,0,0.03978914497119323
778370,0,7,0,0.03931322136537227
778385,1,7,6,26.64290676437833
778389,1,7,6,16.39907024763773
778418,1,7,2,4.4763329735808215
778430,1,7,9,11.46668892933369
778449,1,7,8,11.231507869736738
778462,1,7,10,16.727378012845467
778464,1,7,9,8.578704422367347
778469,1,7,10,11.2007637661472
778481,1,7,5,0.3700090141005197
778484,1,7,8,6.04533946331696
778493,1,7,7,3.378338275149761
778497,1,7,8,32.28307027445316
778504,1,7,9,33.722175710799625
778520,1,7,4,0.3700090657260609
778526,1,7,5,0.3700090141005197
778532,1,7,1,22.502928995338937
778536,1,7,7,1.5457880133047757
778538,1,7,1,7.307230316145921
778546,1,7,2,1.4073388874123405
778550,1,7,8,35.462749900880205
778555,1,7,5,0.3700090141005197
778568,1,7,1,27.38911746942199
778586,1,7,5,0.3700090141005197
778591,1,7,9,14.349619592520494
778600,1,7,4,0.3700090657260609
778618,1,7,8,5.337310594791651
778620,1,7,8,36.001164840034455
778638,0,7,0,0.03515450807462256
778664,1,7,8,14.204829067831664
778665,1,7,6,24.691114303522255
778676,1,7,6,18.550914217920447
778705,1,7,9,25.27838184223058
778713,1,7,1,13.237062806557033
778725,1,7,4,0.3700090657260609
778747,1,7,5,0.3700090141005197
778749,1,7,8,26.364170967176808
778759,1,7,2,13.813856010258137
778761,1,7,6,26.805603375908692
778774,1,7,2,15.197484889260371
778792,0,7,0,0.06648863144932582
778805,1,7,10,11.417514237660896
778810,1,7,8,24.754146312724
778821,1,7,7,2.505719658465643
778831,1,7,6,17.301313331536406
778848,1,7,5,0.3700090141005197
778856,0,7,0,0.03173302996566381
778858,1,7,5,0.3700090141005197
778872,1,7,6,14.646870974992696
778884,1,7,1,8.251628821098624
778888,1,7,5,0.3700090141005197
778934,1,7,5,0.3700090141005197
778935,1,7,7,0.3469741658580417
778969,1,7,8,27.154330115998093
778985,1,7,9,16.113727073803943
779014,1,7,5,0.3700090141005197
779019,1,7,6,19.915257286704044
779025,0,7,0,0.03864826857580727
779032,1,7,9,10.14065999663872
779076,1,7,6,27.558965846538207
779082,1,7,4,0.3700090657260609
779103,1,7,9,17.406541028986233
779122,1,7,2,8.49589145015267
779129,1,7,9,33.36509565145732
779130,1,7,5,0.3700090141005197
779136,1,7,9,22.687540909769233
779151,1,7,9,30.635552551660204
779165,1,7,4,0.3700090657260609
779173,1,7,4,0.3700090657260609
779179,1,7,8,24.8873222300709
779180,1,7,10,19.822931976698687
779182,1,7,2,0.9449963272271472
779185,1,7,9,11.95078659406655
779186,1,7,9,10.276893198330853
779195,1,7,6,12.625727626238719
779196,1,7,8,24.599399600220682
779202,1,7,6,16.114255193752186
779207,1,7,9,31.55226531150614
779251,0,7,0,0.04308532753818261
779267,1,7,4,0.3700090657260609
779274,1,7,9,29.88920251286733
779295,1,7,5,0.3700090141005197
779314,1,7,9,16.316781659379014
779333,1,7,8,19.848670772732184
779337,1,7,9,33.72529022876874
779352,1,7,1,24.38346985151419
779355,1,7,4,0.3700090657260609
779373,1,7,9,33.705821128539796
779378,1,7,4,0.3700090657260609
779384,1,7,5,0.3700090141005197
779397,1,7,4,0.3700090657260609
779398,1,7,10,23.295913750764818
779414,1,7,5,0.3700090141005197
779418,1,7,6,17.69645509970239
779427,1,7,9,28.916024956636594
779430,1,7,4,0.3700090657260609
779431,1,7,10,13.192120077443944
779436,1,7,9,23.240393753156177
779440,1,7,5,0.3700090141005197
779461,1,7,10,18.039604843490878
779486,0,7,0,0.03004094250105005
779514,1,7,8,9.273405319029436
779530,1,7,8,33.88674436724939
779539,1,7,6,8.22008273082884
779540,1,7,8,14.362291563365396
779559,1,7,5,0.3700090141005197
779573,1,7,5,0.37000902039789374
779589,1,7,6,19.523766479516667
779602,1,7,1,13.754439013541324
779623,1,7,6,29.690764920247965
779628,1,7,2,10.568129298063683
779655,1,7,3,3.2202272461385837
779656,1,7,9,33.46949622890736
779703,1,7,6,11.846036251715736
779714,1,7,5,0.3700090141005197
779721,1,7,5,0.3700090141005197
779729,1,7,9,19.9276604740307
779752,1,7,9,17.243201571806278
779789,1,7,6,21.568780029569577
779790,1,7,5,0.3700090141005197
779798,1,7,10,23.907144083748534
779800,1,7,6,11.783294552339882
779808,1,7,6,16.96472477937797
779812,1,7,4,0.3700090657260609
779820,1,7,4,0.3700090657260609
779833,1,7,5,0.3700090141005197
779839,1,7,8,33.87119898386107
779841,1,7,4,0.3700090657260609
779859,1,7,9,30.627535483681783
779881,1,7,5,0.3700090141005197
779884,1,7,8,9.24210707962924
779887,1,7,10,24.632347698937092
779898,1,7,6,21.316234712265246
779900,1,7,7,5.753324841768493
779905,1,7,9,33.7109506261416
779939,1,7,4,0.3700090657260609
779942,1,7,4,0.3700090657260609
779944,1,7,9,16.13331158578498
779952,1,7,10,10.59851205730713
779956,1,7,5,0.37000902039789374
779963,1,7,5,0.3700090141005197
779967,1,7,7,1.8444404524494613
779976,1,7,10,14.830752261884594
780001,1,7,10,9.17985159049035
780009,1,7,2,1.734622159151699
780020,1,7,4,0.3700090657260609
780025,1,7,3,2.800078904158716
780063,1,7,9,24.636290783402796
780106,0,7,0,0.03265219875652829
780112,1,7,6,23.145877042862878
780114,1,7,5,0.3700090141005197
780115,1,7,8,18.318081564469637
780127,1,7,8,3.8601539893278445
780134,1,7,6,8.895667438947441
780144,1,7,2,7.670133728414938
780154,0,7,0,0.034171974638353975
780164,1,7,8,10.23919826949514
780183,1,7,7,3.303386735890943
780205,1,7,6,29.183081257468718
780207,1,7,6,12.027678706659746
780211,1,7,5,0.3700090141005197
780215,1,7,9,9.484602688345156
780221,1,7,7,1.3554360981947582
780234,0,7,0,0.03701981517884251
780257,1,7,9,33.43713916041396
780259,1,7,7,5.501381885793868
780266,1,7,8,19.7978552261639
780272,1,7,6,7.9509104854735435
780273,1,7,7,2.9545811264747397
780275,1,7,2,7.116872533252048
780283,1,7,5,0.37000902039789374
780284,0,7,0,0.15699648460912327
780292,1,7,9,31.032288390028107
780304,1,7,9,2.9003624588880204
780310,1,7,8,10.317843323672214
780313,1,7,4,0.3700090657260609
780321,1,7,1,13.130642392217055
780327,1,7,8,33.28569247371173
780336,1,7,9,24.67566001063976
780354,1,7,4,0.3700090657260609
780357,1,7,8,33.5815051744833
780366,1,7,4,0.3700090657260609
780381,1,7,10,13.35997867877299
780421,1,7,8,31.537182502828667
780428,1,7,7,3.6018706674572267
780453,1,7,10,10.445738316557259
780478,1,7,5,0.3700090141005197
780489,1,7,9,12.64590309318099
780506,1,7,9,32.87123792952268
780512,1,7,6,20.662408494055345
780518,1,7,4,0.3700090657260609
780519,1,7,8,26.19430112475786
780532,1,7,10,12.637246365013262
780576,0,7,0,0.10270404063820598
780582,1,7,5,0.3700090141005197
780594,1,7,5,0.3700090141005197
780595,1,7,8,28.512514646306656
780611,1,7,10,16.555029298031013
780612,1,7,6,17.64323932709104
780630,1,7,3,1.845657061858946
780656,1,7,5,0.3700090141005197
780671,1,7,5,0.3700090141005197
780728,1,7,6,18.285760340449634
780753,1,7,6,19.389198456924447
780780,0,7,0,0.03799854009015741
780785,1,7,6,8.612322481584748
780802,1,7,8,23.61184651160661
780804,1,7,5,0.3700090141005197
780812,1,7,9,27.02454742923343
780820,1,7,1,25.509518816824137
780824,1,7,8,31.127518838601777
780846,1,7,4,0.3700090657260609
780852,1,7,10,12.542247138689559
780860,1,7,2,14.749247793722239
780869,1,7,9,16.12369134941318
780872,1,7,5,0.3700090141005197
780885,1,7,8,10.428101931178253
780891,1,7,7,6.156274546207326
780908,1,7,8,26.264585781591848
780926,1,7,8,24.76187357167852
780933,1,7,4,0.3700090657260609
780948,1,7,9,23.992141055429837
780961,1,7,10,13.69466740814377
780963,1,7,10,8.71192924532979
780965,1,7,9,24.25382063121566
780971,1,7,10,11.275257059436075
780987,0,7,0,0.04411378575236286
780989,1,7,2,8.759692738893712
781002,1,7,8,15.787481982299218
781018,1,7,9,27.30419125553306
781033,1,7,9,23.558988620721394
781048,1,7,7,3.5754936828006856
781049,1,7,7,0.6118263247901619
781052,1,7,4,0.3700090657260609
781053,1,7,6,4.597220962550029
781063,1,7,5,0.37000902039789374
781073,1,7,6,17.2710036905837
781079,1,7,8,35.26455199718308
781087,1,7,8,21.025400273006362
781098,1,7,8,15.584976845579703
781120,1,7,9,30.658704908334816
781121,0,7,0,0.039042579508735506
781123,1,7,5,0.3700090141005197
781124,1,7,8,2.7139743266851117
781126,1,7,9,31.52546398473934
781135,1,7,5,0.3700090141005197
781145,1,7,5,0.3700090141005197
781160,1,7,9,2.4815468829247953
781162,0,7,0,0.044300798312923405
781168,1,7,5,0.3700090141005197
781169,1,7,8,10.550584641271234
781171,1,7,4,0.3700090657260609
781182,1,7,9,22.85174897806025
781186,1,7,5,0.3700090141005197
781199,1,7,10,5.263739423540895
781230,1,7,3,3.2348506993870285
781264,1,7,8,18.63413106147141
781267,1,7,6,10.873460095226045
781281,1,7,4,0.3700090657260609
781288,1,7,2,10.920609989598676
781289,1,7,9,30.883666522776295
781297,1,7,1,21.898892916799888
781304,1,7,10,14.631973088039416
781327,1,7,8,22.61658206874115
781345,1,7,9,29.388542937546013
781352,1,7,10,9.326664245562968
781376,1,7,7,2.493046588044303
781380,1,7,6,12.19121966265467
781383,1,7,5,0.3700090141005197
781387,1,7,8,28.161947573723467
781397,1,7,9,33.72181876304017
781398,1,7,3,2.5901390893481215
781425,1,7,6,24.05839206549419
781430,1,7,9,21.733577071786428
781431,1,7,4,0.3700090657260609
781439,1,7,7,3.259233537303134
781444,1,7,1,12.74087752946037
781449,1,7,4,0.3700090657260609
781452,1,7,4,0.3700090657260609
781472,1,7,10,9.748722500998047
781474,0,7,0,0.03267278973640773
781477,1,7,4,0.3700090657260609
781486,1,7,4,0.3700090657260609
781487,1,7,9,31.881299614272724
781488,1,7,1,22.50059053733193
781493,1,7,10,17.078120643859478
781504,1,7,8,17.96404864995068
781510,1,7,7,3.488161383638692
781514,1,7,8,26.99797613859878
781516,1,7,1,27.78336895874922
781523,1,7,8,9.0410686201638
781526,1,7,3,2.2881989613906506
781530,1,7,7,5.1445910531730945
781535,1,7,3,2.914755794427039
781540,1,7,2,12.86345334876469
781554,1,7,8,19.764494106536308
781572,1,7,1,21.489468338328713
781575,1,7,9,19.86414209948816
781602,1,7,8,32.58204436187929
781611,1,7,6,13.31702231486627
781621,1,7,5,0.3700090141005197
781626,1,7,10,13.689049685587667
781627,1,7,9,33.057903785351755
781629,1,7,10,20.66979286165914
781633,1,7,10,13.526508879523053
781663,1,7,6,21.371315026054447
781665,1,7,10,7.251399103713331
781673,1,7,10,8.724055532392775
781687,1,7,1,25.006702088677827
781690,1,7,9,22.854000768211357
781696,1,7,6,26.126508548147022
781699,1,7,4,0.3700090657260609
781748,1,7,6,28.76483536501511
781754,1,7,5,0.3700090141005197
781766,1,7,4,0.3700090657260609
781769,1,7,3,1.7265331120341167
781778,1,7,9,4.360696297955329
781785,1,7,6,19.665165872896363
781786,1,7,9,29.14095569732596
781793,0,7,0,0.038904181944616874
781800,1,7,5,0.3700090141005197
781810,1,7,9,28.10701729636586
781812,1,7,5,0.3700090141005197
781818,1,7,5,0.3700090141005197
781854,1,7,9,32.39776249368433
781856,1,7,5,0.3700090141005197
781861,1,7,8,18.850939178266334
781867,1,7,6,29.551432315321634
781890,1,7,10,17.589241568348957
781898,1,7,5,0.3700090141005197
781899,1,7,2,7.4829284839651145
781929,1,7,7,5.870861658875148
781942,1,7,5,0.3700090141005197
781975,1,7,4,0.3700090657260609
781989,1,7,9,16.371646379969132
782004,1,7,7,6.024169530115262
782017,1,7,9,13.545587944624398
782037,1,7,8,31.36888123411825
782043,1,7,6,27.901472434443196
782083,1,7,9,33.11925731474165
782094,1,7,5,0.3700090141005197
782113,1,7,9,33.63418618810411
782120,1,7,4,0.3700090657260609
782126,1,7,1,19.770617752716753
782136,1,7,6,29.829687076095396
782142,1,7,6,8.364510708081246
782146,0,7,0,0.02974557534212335
782149,0,7,0,0.033330575333328706
782160,1,7,9,11.386367597974246
782171,1,7,1,4.645972786886381
782175,1,7,8,35.77556545533427
782201,1,7,9,9.02982887371641
782205,1,7,4,0.3700090657260609
782224,1,7,2,12.932919957812508
782228,1,7,10,17.970180794769053
782261,1,7,9,33.60333919480653
782266,1,7,5,0.3700090141005197
782269,1,7,7,4.382291765673388
782271,1,7,10,25.00780096984015
782272,1,7,7,0.4652114717187567
782273,1,7,9,4.789937647720061
782278,1,7,6,21.44688297285439
782283,1,7,9,10.00900057963472
782293,1,7,8,25.997845311834283
782294,1,7,1,17.387963219128412
782302,1,7,8,8.454196976705525
782310,1,7,9,15.034093137169558
782313,1,7,8,27.598621669625764
782335,1,7,7,3.4419650259890338
782360,1,7,5,0.3700090141005197
782364,1,7,5,0.3700090141005197
782390,1,7,9,15.616717104028425
782394,1,7,7,3.336804236472449
782403,1,7,6,30.369789658907912
782417,1,7,7,6.253099302382021
782420,1,7,4,0.3700090657260609
782426,1,7,6,29.327482548177084
782463,1,7,5,0.3700090141005197
782466,1,7,8,7.3370343202271
782518,1,7,9,27.824086154565506
782523,1,7,8,16.61130971268913
782528,1,7,6,30.50241519196565
782535,1,7,4,0.3700090657260609
782537,0,7,0,0.03957987223214896
782568,1,7,4,0.3700090657260609
782570,1,7,8,10.756130735544103
782604,1,7,8,21.749204784291972
782607,1,7,5,0.3700090141005197
782616,1,7,6,28.754235965093326
782622,1,7,10,18.495520102359922
782639,1,7,7,6.072265518216115
782640,1,7,2,12.880665325161836
782661,1,7,2,3.892322086094194
782682,1,7,10,5.343228013023558
782690,1,7,2,13.554640037942042
782691,1,7,6,17.94036000968623
782695,1,7,9,11.947537131734
782700,1,7,8,23.898290957758554
782701,1,7,8,7.180867757771303
782707,1,7,4,0.3700090657260609
782709,1,7,9,33.305127733770256
782713,1,7,8,8.189299868103214
782720,1,7,8,28.681343834488096
782724,1,7,8,20.990606363990885
782725,1,7,4,0.3700090657260609
782728,1,7,4,0.3700090657260609
782730,1,7,6,25.197882887810614
782736,1,7,3,0.8795198434930835
782748,1,7,10,26.04811754252647
782755,1,7,4,0.3700090657260609
782785,1,7,8,17.79562746204586
782800,1,7,6,20.670035182543803
782807,1,7,8,9.531348869172092
782823,1,7,1,25.885678445796067
782843,1,7,6,9.661141113808931
782846,1,7,6,21.53228236042248
782850,1,7,8,25.37249134822781
782877,1,7,6,15.675769776591359
782895,1,7,10,13.03409127346422
782896,1,7,1,20.345767478788208
782908,1,7,10,19.737959154782757
782918,1,7,6,14.058123070603681
782920,1,7,9,26.266140697204406
782926,1,7,9,26.951786930745488
782934,1,7,10,8.933936376312976
782941,1,7,9,11.626851290052244
782950,1,7,7,5.848791810000888
782954,1,7,4,0.3700090656202526
782958,1,7,9,28.95691971323991
782970,1,7,7,1.3941852741017275
782973,1,7,8,25.982956531232443
782987,1,7,5,0.3700090141005197
782988,1,7,10,14.068257142068529
782997,1,7,1,22.12820175222084
783005,1,7,9,22.313439955231104
783008,1,7,8,6.8025056749429345
783014,1,7,8,30.95743531207333
783029,1,7,8,30.829550071394404
783037,1,7,6,20.480509407734687
783040,1,7,6,10.146568412864129
783056,1,7,5,0.3700090141005197
783060,1,7,5,0.3700090141005197
783069,1,7,7,4.088231903585048
783097,1,7,9,33.001128356439544
783110,1,7,8,26.45932753998317
783119,1,7,5,0.3700090141005197
783130,1,7,10,24.82435311144069
783131,1,7,3,2.2609912977031077
783134,1,7,6,7.4597079696497435
783136,1,7,1,7.081109738466824
783159,0,7,0,0.03638040828381677
783161,1,7,4,0.3700090657260609
783172,1,7,6,10.95049917820531
783196,1,7,7,1.6092967222019527
783199,1,7,6,20.038273234420718
783205,1,7,7,2.9888569435567667
783214,1,7,7,2.2314787447365996
783217,1,7,5,0.3700090141005197
783218,1,7,10,15.85061472048055
783222,1,7,8,3.5321275227413103
783227,1,7,4,0.3700090657260609
783236,1,7,7,3.9553652454130357
783256,1,7,9,5.679452980312429
783257,1,7,5,0.3700090141005197
783271,1,7,4,0.3700090657260609
783274,1,7,8,18.948281288375213
783282,1,7,9,24.779342951595282
783324,1,7,9,20.028851067283362
783330,1,7,8,5.826676155869211
783345,0,7,0,0.034006986958975936
783349,1,7,7,5.02719988200351
783371,1,7,1,3.8056133879413125
783394,1,7,8,24.03583543445376
783395,1,7,4,0.3700090657260609
783416,1,7,6,19.41173876447295
783442,1,7,8,7.384309322944455
783453,1,7,9,17.48008068879684
783456,1,7,4,0.3700090657260609
783466,1,7,4,0.3700090657260609
783482,1,7,2,4.518465441196613
783485,1,7,3,3.130719900186894
783489,1,7,8,15.011137674511826
783493,1,7,9,12.372501022728121
783503,1,7,6,19.613852089917472
783507,1,7,9,12.906044521799547
783520,1,7,8,35.99301867075171
783531,1,7,8,36.0420334714746
783540,1,7,6,8.036950033157392
783545,1,7,6,12.5200578948285
783586,1,7,4,0.3700090657260609
783592,1,7,7,1.8716146505163243
783594,1,7,10,10.334652648873666
783605,1,7,8,14.571806701239774
783608,1,7,9,27.970877828164575
783615,1,7,9,18.733695770677425
783618,1,7,9,18.245990546963448
783621,1,7,6,29.424533850596276
783623,1,7,6,29.200733658435592
783629,1,7,10,5.077362502830066
783636,1,7,2,10.883000404778414
783637,1,7,4,0.3700090657260609
783655,1,7,9,11.502798713019535
783662,1,7,4,0.3700090657260609
783665,1,7,5,0.3700090141005197
783669,1,7,5,0.3700090141005197
783672,1,7,8,13.587498289983705
783686,1,7,8,18.539477688542036
783689,1,7,4,0.3700090657260609
783699,1,7,1,24.941241870253954
783704,1,7,5,0.3700090141005197
783706,1,7,6,6.985187727251557
783719,0,7,0,0.04648371029606837
783725,1,7,8,26.331943211716343
783730,1,7,9,14.16881173470382
783758,1,7,4,0.3700090657260609
783774,1,7,9,29.85786549707334
783775,1,7,4,0.3700090657260609
783776,1,7,8,22.2155838925601
783781,1,7,6,15.402157114633846
783788,1,7,10,10.40533512992518
783792,1,7,4,0.3700090657260609
783808,1,7,9,17.74554267790052
783809,1,7,5,0.37000902039789374
783821,1,7,8,27.869416241830606
783829,1,7,6,20.123616912743763
783851,1,7,4,0.3700090657260609
783884,1,7,6,28.291189205949713
783890,1,7,6,26.204521984780808
783906,1,7,9,6.543441439288456
783920,1,7,6,9.869205446893881
783921,1,7,6,14.73681303766067
783924,1,7,9,8.609723119679035
783935,1,7,9,19.92717071323475
783961,1,7,6,22.77448507865162
783970,1,7,1,12.752408065479564
783982,1,7,7,6.343269382691907
783993,1,7,1,18.015739928190936
783998,1,7,5,0.3700090141005197
784025,1,7,8,29.243473086753347
784039,1,7,2,14.801014017844876
784042,1,7,4,0.3700090657260609
784053,1,7,10,10.023020225366801
784056,0,7,0,0.029828885422350158
784058,1,7,7,1.4080231357650939
784059,1,7,8,12.905062682878093
784060,1,7,9,29.632946471775025
784063,1,7,10,20.90398374242964
784067,1,7,9,23.693877389970567
784081,0,7,0,0.047259560244015855
784101,1,7,2,16.011520508028788
784114,1,7,5,0.3700090141005197
784117,1,7,8,13.390493657610834
784125,1,7,5,0.3700090141005197
784130,1,7,9,19.06472563476955
784156,1,7,8,34.30122274891979
784187,1,7,8,23.540822593730528
784188,1,7,7,0.7568194666986016
784191,1,7,9,18.089318907553704
784210,1,7,6,20.914640789995133
784216,1,7,10,15.89806406122087
784219,1,7,2,14.07839479395129
784226,1,7,5,0.3700090141005197
784228,1,7,9,22.282847730732676
784285,1,7,9,24.524340071304263
784300,1,7,1,21.439421333314538
784314,1,7,9,22.98548136133895
784332,1,7,2,10.213705988277912
784354,1,7,10,26.065608154817458
784372,1,7,10,22.215320226432077
784381,1,7,9,32.14432052150163
784394,1,7,5,0.3700090141005197
784402,1,7,6,29.999190885275677
784406,1,7,2,9.504896397933246
784432,1,7,8,5.221473049312713
784454,1,7,10,19.022473735949905
784457,1,7,2,3.4397026266232467
784464,1,7,5,0.3700090141005197
784473,1,7,10,25.970481028527246
784491,1,7,1,27.74408762818696
784498,1,7,9,33.61290228321948
784506,1,7,6,13.401294464125794
784517,1,7,5,0.3700090141005197
784521,1,7,9,12.660749513751218
784531,1,7,5,0.3700090141005197
784543,1,7,6,22.940668772456963
784546,1,7,5,0.3700090141005197
784554,0,7,0,0.04609978740335361
784558,1,7,7,6.529135070928866
784569,1,7,5,0.3700090141005197
784576,1,7,3,2.2152542582383368
784582,1,7,8,6.760368381068233
784603,1,7,6,17.12802960708668
784628,1,7,8,29.408019618132194
784641,1,7,9,19.384963911613614
784645,1,7,5,0.3700090141005197
784648,0,7,0,0.09644385058397156
784649,1,7,10,25.11707892538407
784654,1,7,6,15.405497502518221
784657,1,7,6,30.106573897400825
784667,1,7,8,35.53527768162501
784677,1,7,9,16.555578924646873
784686,1,7,8,28.56247051890007
784689,1,7,7,5.093797777299613
784698,1,7,10,24.68524349883748
784704,1,7,9,15.2920898309399
784729,1,7,8,21.921605776700886
784736,1,7,5,0.3700090141005197
784765,1,7,5,0.3700090141005197
784774,1,7,5,0.3700090141005197
784777,1,7,4,0.3700090657260609
784785,1,7,9,29.386767361296176
784786,1,7,8,6.973444299888643
784787,1,7,4,0.3700090657260609
784803,1,7,9,9.478142171250584
784804,1,7,1,4.45493390054748
784837,1,7,8,5.932606546215526
784848,1,7,7,6.048129525725009
784850,1,7,10,15.583553768440003
784853,1,7,1,13.763378467745449
784854,1,7,6,30.200305884527328
784859,1,7,7,2.513633405921971
784861,1,7,5,0.3700090141005197
784876,1,7,4,0.3700090657260609
784882,1,7,2,12.02899887480032
784907,1,7,5,0.3700090141005197
784925,1,7,9,27.460547803699956
784929,1,7,4,0.3700090657260609
784938,1,7,5,0.3700090141005197
784947,1,7,7,3.803502179686975
784976,1,7,7,2.590287372422927
784980,1,7,8,22.021623218830594
784985,1,7,8,24.2385461056442
784992,1,7,9,33.6122046552251
785016,1,7,7,5.441319090023425
785029,1,7,8,31.53710098077393
785051,1,7,5,0.3700090141005197
785056,1,7,5,0.3700090141005197
785058,1,7,1,21.763345413841197
785060,1,7,6,18.59269923062098
785065,1,7,9,11.163033736629192
785066,1,7,4,0.3700090657260609
785068,1,7,1,19.595777891036622
785081,1,7,1,19.01150311170484
785096,1,7,4,0.3700090657260609
785101,1,7,9,11.36355456794229
785113,1,7,10,4.615988314123876
785117,1,7,7,3.215092694744904
785124,1,7,4,0.3700090657260609
785126,1,7,6,13.050381218614083
785178,1,7,7,3.9383774695590468
785179,1,7,6,14.193110766294733
785185,1,7,5,0.37000902039789374
785198,1,7,9,8.046872795204242
785206,1,7,2,3.4482546113534025
785217,1,7,5,0.3700090141005197
785220,1,7,1,6.60205724988055
785229,1,7,10,10.507391138946225
785238,1,7,5,0.3700090141005197
785243,1,7,5,0.3700090141005197
785249,1,7,8,32.760145050080204
785272,1,7,6,30.356387157088747
785274,0,7,0,0.03357375702748826
785275,1,7,10,14.427569020247809
785286,0,7,0,0.040298242935617734
785293,1,7,10,4.060472087994701
785294,1,7,2,10.433762875486673
785307,1,7,4,0.3700090657260609
785317,1,7,8,6.332002049121684
785320,1,7,6,11.414326492061676
785326,1,7,9,24.316110231306038
785334,1,7,10,5.910994950029723
785335,1,7,10,25.18957830311662
785336,1,7,9,11.960282985121646
785347,1,7,10,7.911243367352099
785359,1,7,9,25.75592264288099
785366,1,7,9,33.182453083349884
785379,1,7,4,0.3700090657260609
785382,1,7,9,19.506618072421226
785388,1,7,10,26.020004022872847
785391,1,7,5,0.3700090141005197
785393,1,7,8,30.83415629322982
785426,1,7,8,13.143349709610396
785427,1,7,1,12.848449681139169
785446,1,7,1,23.2522545382566
785468,1,7,8,35.75315845153613
785478,1,7,4,0.3700090657260609
785490,1,7,8,21.10005276175993
785500,1,7,3,3.11181683349719
785503,1,7,5,0.3700090141005197
785510,1,7,1,12.36665587911495
785522,0,7,0,0.036321299200436835
785527,0,7,0,0.03348455179887441
785533,1,7,9,8.836819221405639
785549,1,7,8,25.57457066113967
785558,1,7,6,24.577322079146114
785561,1,7,6,19.683953935882762
785562,1,7,8,27.482626395769305
785563,1,7,5,0.3700090141005197
785576,1,7,9,9.331370260977847
785589,1,7,9,24.200493879156433
785590,1,7,9,27.235423502804306
785596,1,7,6,24.57300191666863
785598,1,7,1,10.127106852416986
785599,1,7,5,0.3700090141005197
785605,1,7,8,23.990097470768294
785623,1,7,4,0.3700090657260609
785630,0,7,0,0.03312537758635781
785641,1,7,9,14.161567429670777
785674,1,7,10,26.006232460923794
785690,1,7,6,7.959335613685162
785691,1,7,8,10.650678575222233
785713,1,7,9,25.01366455505897
785727,1,7,7,5.833048675546901
785729,0,7,0,0.03447511855693804
785735,1,7,3,2.843963314533974
785770,1,7,6,18.431111424763685
785773,1,7,8,17.775911006320428
785789,1,7,8,30.36376016075422
785793,1,7,6,19.835112652052953
785814,1,7,6,13.04889649388445
785821,1,7,1,7.980589776611266
785823,1,7,1,22.707564780973197
785838,1,7,8,15.225509541515727
785846,1,7,9,7.31332390986341
785880,1,7,9,20.488442636516492
785888,1,7,6,4.893024354506165
785895,1,7,6,26.681084036665464
785898,1,7,9,31.774553192340072
785901,1,7,2,8.910545444212474
785902,1,7,8,7.044533245104253
785912,1,7,1,25.140509688563164
785920,1,7,6,26.93463261475948
785940,1,7,9,32.85284669477096
785944,1,7,4,0.3700090657260609
785962,1,7,6,30.12569715603919
785974,1,7,6,30.011013750948205
786002,1,7,5,0.3700090141005197
786005,1,7,9,23.550396882814933
786014,1,7,4,0.3700090657260609
786032,1,7,4,0.3700090657260609
786033,1,7,10,13.136432575891245
786054,1,7,4,0.3700090657260609
786062,1,7,8,20.95893459874329
786068,1,7,6,25.489593007438717
786072,1,7,1,26.600839275802578
786085,0,7,0,0.035871304146641234
786092,0,7,0,0.034496240108506646
786105,1,7,3,3.0553673618308856
786114,1,7,1,26.923555706883036
786126,1,7,9,30.24555408083022
786128,1,7,4,0.3700090657260609
786136,1,7,6,11.48726873040947
786153,1,7,10,16.624415982851627
786168,1,7,1,12.386224888970697
786169,1,7,1,12.050971318990696
786187,1,7,7,1.6998828435886375
786198,1,7,5,0.3700090141005197
786223,1,7,8,25.828134159789332
786231,1,7,9,17.78057097936483
786235,1,7,9,24.24119003361318
786237,1,7,9,29.87259971202295
786247,1,7,8,27.414626260586854
786248,1,7,4,0.3700090657260609
786250,1,7,6,14.619193625744282
786257,1,7,4,0.3700090657260609
786280,1,7,9,28.25877639992125
786292,1,7,9,10.585644764146824
786295,1,7,6,29.55091588860983
786300,1,7,4,0.3700090657260609
786304,1,7,9,32.95563313412194
786314,1,7,2,14.248934464661218
786326,1,7,9,21.04189467876836
786333,1,7,6,25.544183093234803
786335,1,7,9,33.435724730483784
786336,1,7,4,0.3700090657260609
786347,1,7,4,0.3700090657260609
786351,1,7,8,26.04233460027405
786367,1,7,5,0.3700090141005197
786369,1,7,6,29.442285865417613
786370,1,7,6,11.662388200105248
786393,1,7,5,0.3700090141005197
786408,1,7,6,15.181033307900147
786410,1,7,8,22.52924976324061
786428,1,7,2,12.03626849421914
786437,0,7,0,0.11773544499539644
786440,1,7,9,11.966821354093991
786445,1,7,5,0.3700090141005197
786449,1,7,9,4.853116391992146
786466,1,7,4,0.3700090657260609
786483,1,7,6,25.81502606302844
786484,1,7,5,0.3700090141005197
786488,1,7,8,8.660758639130345
786505,1,7,1,14.8251387746728
786511,1,7,5,0.3700090141005197
786517,1,7,1,10.682825806483471
786518,1,7,7,4.810555449440114
786522,1,7,4,0.3700090657260609
786531,1,7,6,23.303469928890443
786535,1,7,8,20.855757951331398
786545,1,7,10,26.004071583429425
786550,1,7,4,0.3700090657260609
786554,1,7,2,16.49663545252146
786582,1,7,9,33.48630931735119
786587,1,7,10,21.65461351681533
786596,1,7,8,28.107557044690026
786616,1,7,5,0.3700090141005197
786619,1,7,5,0.3700090141005197
786628,1,7,9,12.390423021515318
786654,1,7,9,15.280169805988116
786655,1,7,8,15.562816369679506
786663,1,7,10,18.31573821857515
786669,1,7,7,1.8917003134517176
786699,1,7,9,15.45199701926253
786704,1,7,5,0.3700090141005197
786709,1,7,8,34.618002318916474
786713,1,7,5,0.3700090141005197
786718,0,7,0,0.03935379209113221
786728,1,7,8,19.795973839232534
786739,1,7,8,28.613662349405168
786743,1,7,4,0.3700090657260609
786749,1,7,4,0.3700090657260609
786751,1,7,8,22.88628980978473
786776,1,7,7,4.239200079993077
786780,1,7,6,28.14057027048049
786796,1,7,4,0.3700090657260609
786807,1,7,4,0.3700090657260609
786812,1,7,10,15.672947529686876
786833,1,7,9,15.795526368657516
786855,1,7,6,20.442088155133494
786858,1,7,5,0.3700090141005197
786874,1,7,8,14.297343555656964
786877,1,7,10,9.69239409594967
786888,1,7,1,21.343343715989583
786897,1,7,3,3.1029464463673095
786901,1,7,1,10.161586476301196
786910,1,7,6,30.49689650502069
786917,1,7,6,15.484903417050191
786938,1,7,8,26.782324557534913
786942,1,7,1,12.573061361226568
786953,1,7,10,18.4934001438931
786954,1,7,5,0.3700090141005197
786961,1,7,5,0.3700090141005197
786967,1,7,5,0.37000902039789374
786969,0,7,0,0.045771253509856204
786971,1,7,9,29.349518950520604
786981,1,7,8,23.825566920865622
786996,1,7,4,0.3700090657260609
787001,1,7,6,19.17645535750055
787005,1,7,10,5.087615253343382
787012,1,7,8,12.379932003626061
787020,1,7,6,13.236777335196537
787025,1,7,5,0.3700090141005197
787058,0,7,0,0.03538289115879765
787139,1,7,10,13.462351273537761
787149,0,7,0,0.03863732834833184
787152,1,7,9,32.92346085564715
787182,1,7,7,6.05171113592659
787184,1,7,8,19.450789579650923
787217,1,7,1,24.87761084623718
787244,1,7,4,0.3700090657260609
787262,1,7,9,15.695597290370696
787274,1,7,6,22.001373249034195
787275,1,7,8,30.561509645537267
787282,1,7,1,6.088439696106417
787288,1,7,8,6.614455832089932
787297,1,7,1,15.641629518193515
787323,1,7,3,2.204158911529471
787344,1,7,5,0.3700090141005197
787361,1,7,6,18.508289278474585
787381,0,7,0,0.030338460769667532
787387,1,7,1,7.261552805381208
787388,1,7,6,25.633271403267575
787395,1,7,8,26.394208152974517
787399,1,7,5,0.3700090141005197
787400,1,7,6,18.15086706091099
787406,0,7,0,0.031207349044995333
787411,1,7,6,30.12471671121303
787429,1,7,5,0.3700090141005197
787444,1,7,10,23.707570794472744
787449,1,7,10,19.137428003871566
787454,1,7,9,7.722288685505682
787501,1,7,10,21.8644153316354
787514,1,7,4,0.3700090657260609
787515,1,7,9,30.103331140591134
787517,1,7,9,28.929860136735556
787536,1,7,5,0.3700090141005197
787546,1,7,8,36.110064335555165
787549,1,7,5,0.3700090141005197
787572,1,7,4,0.3700090657260609
787582,1,7,8,20.615436374908363
787591,1,7,9,30.598085366847307
787604,1,7,9,11.587619431781171
787606,1,7,5,0.3700090141005197
787609,1,7,6,27.557797966495617
787610,1,7,9,19.93541077935471
787614,1,7,8,17.571310045018972
787626,1,7,8,32.55184671569829
787630,1,7,2,5.001469641491645
787639,1,7,5,0.3700090141005197
787641,1,7,4,0.3700090657260609
787656,1,7,2,1.6140545541377291
787664,1,7,5,0.3700090141005197
787671,1,7,5,0.3700090141005197
787681,1,7,4,0.3700090657260609
787690,1,7,1,26.899127138912434
787691,1,7,9,30.685873448188634
787702,1,7,9,23.50422206695515
787708,1,7,8,21.32576417992174
787717,1,7,7,0.8718127139513004
787725,1,7,4,0.3700090657260609
787727,1,7,9,27.875984373895836
787730,1,7,10,11.693450868704165
787745,1,7,8,19.05849444186065
787755,1,7,9,25.458245152935653
787780,1,7,5,0.3700090141005197
787784,1,7,6,25.449988032605027
787797,1,7,8,29.585507815835193
787799,1,7,6,21.82800395900182
787804,1,7,3,3.1384828047548146
787813,1,7,6,12.730409112634819
787818,1,7,6,14.267127447083407
787829,1,7,8,31.02353451774751
787840,1,7,4,0.3700090657260609
787852,1,7,1,12.466393131301823
787864,1,7,6,29.74056926943758
787869,1,7,5,0.3700090141005197
787875,1,7,8,17.32322266404936
787884,1,7,8,10.381720083167103
787885,1,7,7,2.1364823841168428
787886,1,7,3,3.284882406342815
787894,1,7,1,23.665445621344098
787903,1,7,9,17.204317883006706
787910,1,7,9,32.15086579704349
787924,1,7,8,26.553598862581797
787930,1,7,5,0.3700090141005197
787934,0,7,0,0.03268142110308689
787963,1,7,6,17.33753261810076
787972,1,7,9,2.8502386427652504
788000,1,7,6,29.341992910433603
788002,1,7,10,26.0042324306594
788014,1,7,4,0.3700090657260609
788016,1,7,5,0.3700090141005197
788035,1,7,1,26.33171994213945
788042,1,7,2,12.397974479672865
788047,1,7,5,0.3700090141005197
788048,1,7,9,15.564722667713855
788049,1,7,5,0.3700090141005197
788058,1,7,5,0.3700090141005197
788064,1,7,4,0.3700090657260609
788065,1,7,9,31.144251054537705
788068,1,7,9,33.445214929458444
788070,1,7,9,22.774047788506284
788073,1,7,5,0.3700090141005197
788085,1,7,6,18.72471537551022
788091,1,7,8,12.752916291285054
788097,1,7,9,24.44374424295419
788098,1,7,6,30.185847033154865
788102,1,7,6,9.912151031570337
788108,1,7,9,9.643818244010793
788128,1,7,10,21.38087649446376
788140,1,7,5,0.3700090141005197
788170,1,7,4,0.3700090657260609
788185,1,7,6,25.026006899119917
788192,1,7,4,0.3700090657260609
788199,1,7,8,12.444649065211523
788200,1,7,9,15.321420060338502
788204,1,7,8,32.02078387505439
788217,1,7,8,26.333017626856474
788224,1,7,9,20.31920959150705
788229,1,7,8,17.600981403786143
788259,1,7,9,30.705736475166773
788297,1,7,6,19.693628524626057
788307,1,7,5,0.3700090141005197
788312,1,7,5,0.3700090141005197
788327,1,7,9,33.70057736623591
788334,1,7,8,32.24128872376944
788352,0,7,0,0.021174061476825243
788358,1,7,6,6.860719382741411
788368,1,7,5,0.3700090141005197
788370,1,7,9,29.59131632449072
788373,1,7,5,0.3700090141005197
788381,1,7,5,0.3700090141005197
788394,1,7,5,0.3700090141005197
788415,1,7,6,10.878673956362498
788427,1,7,9,24.634145169620233
788474,1,7,4,0.3700090657260609
788484,1,7,6,16.972629951822167
788492,1,7,10,22.311014553714905
788493,1,7,1,27.61719269749807
788494,1,7,9,15.092677019548356
788502,1,7,9,7.024096047464702
788518,1,7,6,24.729463780187736
788545,1,7,5,0.3700090141005197
788547,1,7,4,0.3700090657260609
788565,1,7,10,26.05207498098454
788567,1,7,9,30.986246388089086
788570,1,7,6,26.097303910605355
788588,1,7,4,0.3700090657260609
788594,1,7,2,14.220044572607067
788605,1,7,6,21.065146166168635
788608,1,7,9,33.75289712704861
788617,1,7,8,36.04850868281863
788619,1,7,5,0.37000902039789374
788633,1,7,4,0.3700090656202526
788635,1,7,4,0.3700090657260609
788639,1,7,9,29.832312624480153
788641,1,7,2,5.957382828874875
788658,1,7,8,2.6117359353903775
788666,1,7,4,0.3700090657260609
788667,1,7,5,0.3700090141005197
788681,1,7,4,0.3700090657260609
788684,1,7,7,1.757414050817544
788695,1,7,9,10.114950638609344
788696,1,7,4,0.3700090657260609
788705,1,7,6,30.123414619555668
788717,0,7,0,0.043239696236509875
788744,1,7,9,33.18840649404234
788763,1,7,1,18.29284186783421
788775,1,7,9,24.97650855604958
788783,1,7,6,6.555292464952669
788798,1,7,8,28.291109911420143
788801,1,7,6,9.580511784673089
788802,1,7,3,3.033193158006409
788811,1,7,5,0.3700090141005197
788829,1,7,6,25.639362425881362
788838,1,7,5,0.3700090141005197
788853,1,7,7,5.3866794769394755
788856,0,7,0,0.04707717761103426
788857,1,7,3,2.7989328275940384
788865,1,7,8,16.639136812125525
788875,1,7,9,12.165415969802217
788878,0,7,0,0.029478999205141423
788885,1,7,2,3.0416096326573685
788893,1,7,10,22.32941296036586
788895,1,7,9,27.286358952617494
788897,1,7,3,1.0520237891809803
788903,1,7,4,0.3700090657260609
788931,1,7,5,0.3700090141005197
788937,1,7,4,0.3700090657260609
788938,0,7,0,0.05198399156534384
788943,1,7,9,18.36596477729067
788946,1,7,1,21.938075267677206
788952,1,7,1,19.097085782913076
788968,1,7,6,29.732946701424044
788976,1,7,8,11.093586748893689
788979,1,7,3,2.3160037056789546
788999,1,7,6,20.675230209736256
789005,1,7,1,12.653720503795698
789007,1,7,9,33.6596051370219
789010,1,7,9,16.438224353881232
789028,1,7,8,10.148842526074203
789029,1,7,5,0.3700090141005197
789033,1,7,8,9.23776658288398
789034,1,7,8,35.759681945770126
789048,1,7,8,28.52301745429134
789057,1,7,5,0.3700090141005197
789061,1,7,5,0.3700090141005197
789095,1,7,6,7.327978660025462
789098,1,7,9,11.258537251138502
789102,1,7,7,6.212485250555445
789119,1,7,8,28.04936754277577
789121,1,7,9,31.30180968635684
789126,1,7,4,0.3700090657260609
789130,1,7,6,30.3841343406487
789133,1,7,9,28.94536243588152
789135,1,7,8,2.3215146414513654
789139,0,7,0,0.2108674006918601
789143,1,7,9,12.258829068189073
789147,1,7,10,26.028523533458877
789150,1,7,3,2.8819240214877353
789165,1,7,6,30.08101079986312
789166,1,7,9,33.35947665510719
789191,1,7,6,13.539436248166686
789196,1,7,8,4.426072248385624
789199,1,7,1,21.542113008608847
789245,1,7,8,14.763268122165092
789247,1,7,7,5.67588016652306
789255,1,7,5,0.3700090141005197
789264,1,7,5,0.3700090141005197
789278,0,7,0,0.04600565541101686
789284,1,7,8,21.875343467578094
789286,1,7,10,23.422438058901424
789298,1,7,10,14.9557298738634
789306,1,7,8,24.41439524150813
789313,1,7,8,33.34379914724097
789320,1,7,10,8.972242135577575
789322,1,7,8,20.585080408494818
789330,1,7,10,25.823642497693303
789361,1,7,9,29.87668489684694
789374,1,7,8,28.33401835296138
789386,1,7,10,19.08415780718853
789393,1,7,1,19.721564560264497
789405,1,7,8,15.533128222859443
789409,1,7,9,26.13394026863987
789433,1,7,3,3.2379431898000774
789457,1,7,8,27.922636025542563
789459,1,7,1,19.953675898462176
789462,1,7,1,17.59394513400011
789463,1,7,4,0.3700090656202526
789466,1,7,7,5.831070364338848
789467,1,7,6,22.898806896582897
789472,1,7,10,9.051144662389312
789498,1,7,6,20.281418940587116
789503,1,7,8,36.015471639705716
789518,1,7,4,0.3700090657260609
789520,1,7,10,19.14096690717271
789522,1,7,6,14.469806343076494
789530,1,7,1,28.106144193257272
789532,1,7,5,0.3700090141005197
789559,1,7,4,0.3700090657260609
789573,1,7,1,22.924932561632314
789594,1,7,8,4.774163281143436
789597,1,7,8,35.33262389328901
789598,1,7,7,0.38986896364474893
789606,1,7,3,3.138170671966518
789622,1,7,6,19.938901296840754
789677,1,7,1,24.64425148042429
789685,1,7,4,0.3700090657260609
789693,1,7,8,14.999169634428315
789706,1,7,5,0.3700090141005197
789756,1,7,5,0.3700090141005197
789764,1,7,8,24.751142813544867
789765,1,7,9,7.5040174481117665
789777,1,7,7,4.696186324346403
789780,1,7,9,33.17362537950927
789783,1,7,4,0.3700090657260609
789800,1,7,8,24.192317365369234
789806,1,7,10,10.409500959897859
789810,1,7,10,17.518693017170403
789815,1,7,3,3.216255355228112
789817,1,7,9,19.880411639307667
789828,1,7,9,25.446977328987497
789829,1,7,2,16.25530609180263
789844,1,7,4,0.3700090657260609
789865,1,7,9,24.84524648662813
789866,1,7,5,0.3700090141005197
789880,1,7,5,0.3700090141005197
789881,0,7,0,0.03064967689927309
789884,1,7,6,19.41784312408885
789886,1,7,9,11.72213951382175
789899,1,7,7,2.6235467890596422
789901,1,7,8,22.456609747816522
789916,1,7,10,7.9580041251562355
789918,1,7,6,22.512758011690696
789957,1,7,1,22.581885085884046
789961,1,7,6,24.886448635868653
789965,1,7,8,29.67195784711136
789968,1,7,7,6.335118264739831
789979,1,7,7,2.9045938611600155
789982,1,7,3,3.0113663962110504
789996,1,7,8,16.507584215038293
789997,1,7,8,27.458485225454098
789999,1,7,8,22.84133514983037
790007,1,7,5,0.3700090141005197
790009,1,7,4,0.3700090657260609
790012,1,7,7,1.4490859033239023
790024,1,7,6,9.053014242361913
790029,1,7,7,2.943838844981905
790037,1,7,4,0.3700090657260609
790038,1,7,9,26.021483015725643
790069,1,7,2,6.807310518867739
790072,1,7,6,16.63959076086907
790076,1,7,6,29.38129220491848
790082,1,7,5,0.37000902039789374
790095,1,7,6,30.29201206264248
790112,1,7,10,16.340768652608197
790147,1,7,6,29.9890421615336
790154,1,7,6,7.9769904277945
790162,1,7,5,0.3700090141005197
790164,1,7,9,19.615869691420155
790168,1,7,3,2.7498480524305697
790169,1,7,5,0.3700090141005197
790184,1,7,8,32.58146693799432
790202,1,7,5,0.3700090141005197
790264,1,7,8,18.630946619672365
790285,1,7,5,0.3700090141005197
790290,1,7,2,16.5347143814535
790296,1,7,2,6.142984431043842
790300,1,7,5,0.3700090141005197
790311,1,7,9,23.019286956445875
790324,1,7,3,3.0485922322748236
790334,1,7,8,32.424975933412156
790353,1,7,10,21.382382534205572
790357,1,7,9,6.2554536588426775
790359,0,7,0,0.03583796856856336
790361,1,7,4,0.3700090657260609
790376,1,7,9,27.601510420423473
790383,1,7,7,2.2203804810525822
790385,1,7,5,0.3700090141005197
790386,1,7,6,10.272267087008137
790388,1,7,9,33.671134534527226
790392,1,7,6,22.85390402749168
790402,1,7,8,31.283264074302156
790414,1,7,9,20.22822652151806
790438,1,7,6,26.274315349960023
790468,1,7,5,0.37000902039789374
790471,1,7,8,10.48535371876941
790477,1,7,5,0.3700090141005197
790478,1,7,5,0.3700090141005197
790484,1,7,1,6.402680940021402
790488,1,7,9,25.155738231636533
790493,1,7,9,32.34339420181808
790499,1,7,5,0.3700090141005197
790504,0,7,0,0.036966218251406134
790507,1,7,6,27.484220797667362
790509,1,7,8,26.918333698918275
790514,1,7,1,18.98258295415504
790526,1,7,4,0.3700090657260609
790529,1,7,5,0.3700090141005197
790555,1,7,6,24.610502339925702
790564,1,7,6,24.91608309889591
790565,1,7,9,16.44074709399869
790577,1,7,9,25.3849287677525
790581,1,7,6,30.428814590652483
790582,1,7,10,14.772859527688684
790586,1,7,4,0.3700090657260609
790587,1,7,6,24.519253534117627
790594,1,7,8,20.266536784433793
790598,1,7,1,25.507844665461327
790603,1,7,8,23.35735857786208
790624,1,7,2,16.317046637463218
790657,1,7,2,15.824725647277615
790669,1,7,8,9.754952856644522
790670,1,7,4,0.3700090657260609
790674,1,7,1,6.09961092038792
790685,1,7,9,33.49319884900857
790687,1,7,3,1.143642506511175
790701,1,7,7,0.8508806102883846
790702,1,7,5,0.3700090141005197
790726,1,7,4,0.3700090657260609
790728,1,7,2,13.394156712912055
790731,1,7,9,27.281481539930105
790736,1,7,8,27.294333503208875
790745,1,7,1,15.069642966895104
790751,1,7,9,30.068604036562984
790755,1,7,10,22.325339404189258
790768,1,7,9,23.49306377981191
790780,1,7,9,22.794576849724923
790793,1,7,10,22.160474321165573
790823,1,7,5,0.3700090141005197
790836,1,7,3,2.8194436682833555
790843,1,7,1,9.033881523280717
790856,1,7,3,3.258279969347446
790873,0,7,0,0.03852815851520439
790876,1,7,10,23.885078806547863
790881,1,7,9,19.548840121218266
790886,1,7,9,13.217563571093063
790888,1,7,5,0.3700090141005197
790910,1,7,9,21.877096137839466
790922,1,7,8,6.76123564226169
790934,0,7,0,0.16272912525330693
790940,1,7,1,9.753488020224712
790941,1,7,5,0.3700090141005197
790943,1,7,9,33.66100323693433
790948,1,7,1,10.978454232285806
790949,1,7,4,0.3700090657260609
790966,1,7,6,29.507872431944797
790983,1,7,6,21.513583290200607
790994,1,7,8,20.343612913435305
790995,1,7,6,6.649301095413821
791003,1,7,9,28.450856115978546
791018,1,7,10,24.510994304974542
791041,1,7,1,3.8502319993179985
791051,1,7,10,4.373380510468807
791052,1,7,9,16.53154098525702
791078,1,7,4,0.3700090657260609
791080,1,7,6,20.50017625260931
791086,1,7,2,9.685333683027995
791100,1,7,10,14.865085318154739
791103,1,7,6,15.394694593367765
791123,1,7,8,34.521518698815015
791135,1,7,7,4.0464133100362565
791139,1,7,1,19.3588200244321
791164,1,7,9,14.926219496045348
791166,1,7,8,19.783315735010678
791198,0,7,0,0.045497465678118604
791216,1,7,2,2.411225195548626
791227,1,7,5,0.3700090141005197
791235,1,7,9,22.415552408131298
791253,1,7,5,0.3700090141005197
791258,1,7,6,23.33215131867073
791265,0,7,0,0.0202385229560655
791268,1,7,2,6.977303744895251
791273,1,7,4,0.3700090657260609
791276,1,7,10,10.25399426398764
791294,1,7,4,0.3700090657260609
791320,1,7,9,16.98100900330706
791321,1,7,4,0.3700090657260609
791338,1,7,8,25.792109964784974
791351,1,7,3,1.7710695448775169
791370,1,7,5,0.37000902039789374
791374,1,7,7,5.257772441809907
791379,1,7,7,4.931341440344232
791382,1,7,6,22.72513867556189
791384,1,7,6,9.54994160213074
791393,1,7,2,14.724927333983363
791403,1,7,9,33.073239404077995
791406,1,7,6,13.137532900324459
791419,1,7,7,2.515850554314759
791421,1,7,8,9.635871365141432
791423,1,7,8,33.41012098536617
791431,1,7,9,13.84965377586042
791456,1,7,4,0.3700090657260609
791474,1,7,8,23.94015387599793
791475,1,7,5,0.3700090141005197
791480,1,7,9,33.76789397570778
791503,0,7,0,0.041842180578349895
791505,1,7,1,21.637846246980672
791510,1,7,2,7.55176504102086
791516,1,7,5,0.3700090141005197
791543,1,7,10,21.695181020039602
791554,1,7,6,29.705029065900504
791557,1,7,6,29.334682323436432
791562,1,7,10,6.594606515463845
791571,1,7,1,18.467270746040057
791574,1,7,7,5.745542534639182
791586,1,7,8,16.810059964469446
791598,1,7,4,0.3700090657260609
791599,1,7,4,0.3700090657260609
791605,1,7,7,0.42405474431928825
791623,1,7,6,21.51644464607532
791628,1,7,9,18.017755273778025
791631,1,7,2,6.363139253185219
791651,1,7,10,6.201210587467649
791674,1,7,9,29.833854241279003
791675,1,7,5,0.3700090141005197
791679,1,7,8,27.5798948238853
791682,1,7,5,0.3700090141005197
791693,1,7,7,5.52963956824881
791712,1,7,9,19.433616677024624
791723,1,7,1,13.005508533441631
791725,1,7,9,33.414227563627875
791727,1,7,7,1.9651418387632114
791737,1,7,2,9.07597132869468
791765,1,7,9,17.967542343910125
791794,1,7,8,7.3044543927513415
791804,1,7,8,13.065460503743177
791823,1,7,1,3.679761282592941
791827,1,7,9,12.350889342482073
791830,1,7,6,19.88393600503079
791834,1,7,9,31.358882119895128
791835,1,7,8,35.023667854923055
791840,1,7,10,21.789235708473818
791862,1,7,9,15.86224528801471
791867,1,7,8,30.70602229728927
791879,1,7,5,0.3700090141005197
791887,0,7,0,0.032553847600739226
791888,1,7,4,0.3700090657260609
791929,1,7,8,5.595655674954907
791931,1,7,8,10.64011665028703
791933,1,7,5,0.3700090141005197
791951,1,7,6,15.876690723679026
791955,1,7,10,6.814603281924437
791974,1,7,6,17.87948248031073
791979,1,7,9,28.916598574902565
791981,1,7,6,20.51939493343264
791996,1,7,1,14.296824513689712
792001,1,7,4,0.3700090657260609
792004,1,7,6,18.40237103080432
792022,1,7,1,24.709983853789097
792031,1,7,4,0.3700090657260609
792033,1,7,9,4.007189504578558
792040,1,7,6,21.910274057053183
792041,1,7,10,20.556913908054785
792042,0,7,0,0.03308478525677411
792046,1,7,8,25.04630601214858
792048,0,7,0,0.038858992051475354
792051,1,7,9,32.03473982438689
792068,1,7,6,23.334671516552703
792076,1,7,9,31.271385369121997
792094,1,7,10,12.763039108550593
792100,1,7,8,35.11456297800134
792103,1,7,5,0.3700090141005197
792123,1,7,9,26.07184054072259
792141,1,7,6,25.301987485363785
792158,1,7,4,0.3700090657260609
792162,1,7,9,30.06691760107796
792197,1,7,10,12.348859650880813
792206,1,7,6,29.222566452310918
792233,1,7,9,21.466798229460927
792241,1,7,4,0.3700090657260609
792242,1,7,6,26.23438993076786
792245,1,7,4,0.3700090657260609
792253,1,7,1,6.868631064672525
792255,1,7,6,27.375229905474885
792256,1,7,9,30.505809283076275
792258,1,7,5,0.37000902039789374
792264,0,7,0,0.03205439444482372
792266,1,7,5,0.3700090141005197
792297,1,7,8,20.041665068547996
792319,1,7,4,0.3700090657260609
792322,1,7,6,27.111528182395386
792323,1,7,2,4.776961675976999
792331,1,7,9,5.095006110487165
792370,1,7,8,34.21324324656271
792386,1,7,6,30.051910717879156
792388,1,7,6,15.879991418061376
792389,1,7,1,28.04362299219408
792406,1,7,9,11.579788914127521
792444,1,7,5,0.3700090141005197
792446,1,7,6,21.672663905884612
792460,1,7,4,0.3700090657260609
792463,0,7,0,0.08568084405372062
792464,1,7,6,29.36518683253047
792468,1,7,8,20.727732144465016
792471,1,7,9,16.77454386601884
792482,1,7,10,11.953120127954378
792492,1,7,4,0.3700090657260609
792496,1,7,9,33.60750094061957
792499,1,7,10,23.28269622689599
792510,1,7,5,0.3700090141005197
792518,1,7,6,18.112855479043496
792538,1,7,4,0.3700090657260609
792540,1,7,6,19.78032845987399
792545,1,7,4,0.3700090657260609
792570,1,7,8,35.638252029762924
792577,1,7,8,2.4224822968707085
792590,1,7,7,2.39704083445024
792595,1,7,5,0.37000902039789374
792607,1,7,4,0.3700090656202526
792609,1,7,10,17.704270370032663
792619,1,7,7,0.8282036814524842
792626,1,7,8,18.80245843523921
792648,1,7,5,0.3700090141005197
792678,1,7,10,11.319420846935703
792689,1,7,3,3.2528340579355475
792690,1,7,8,29.934990797081724
792695,1,7,4,0.3700090657260609
792702,1,7,10,16.921288254449795
792703,1,7,4,0.3700090657260609
792704,1,7,8,22.057569890454392
792706,1,7,5,0.3700090141005197
792708,1,7,10,13.439368779842066
792712,1,7,8,31.506992054479927
792739,1,7,8,20.480640002316544
792751,1,7,4,0.3700090657260609
792758,1,7,4,0.3700090657260609
792759,1,7,6,23.685820523580382
792782,1,7,9,32.23838653923119
792787,1,7,5,0.3700090141005197
792790,1,7,5,0.3700090141005197
792802,1,7,7,5.768850294212348
792803,1,7,9,16.62958580542288
792837,1,7,8,13.593981365042803
792839,1,7,8,16.688807934507555
792897,1,7,9,6.246717482080169
792907,1,7,8,15.532735051996319
792910,1,7,9,20.841455856162117
792911,1,7,8,18.92219179476084
792914,1,7,5,0.3700090141005197
792935,1,7,9,13.327972686319677
792936,1,7,9,32.017577888700885
792957,1,7,8,4.5494515997763
792960,1,7,9,23.68993667820043
792968,1,7,4,0.3700090657260609
792969,1,7,9,22.986272630475558
792981,1,7,9,22.99809815539253
792982,1,7,4,0.3700090657260609
792994,1,7,1,26.741432448084918
793015,1,7,2,13.916756092805183
793034,1,7,9,13.239421881380878
793061,1,7,1,18.985219318086912
793080,1,7,4,0.3700090657260609
793086,1,7,8,11.700663460131043
793090,1,7,10,12.119748902715964
793123,1,7,7,3.045066891740927
793133,1,7,6,25.963809421310316
793146,0,7,0,0.033818987325978565
793150,0,7,0,0.04034074426489352
793151,1,7,9,17.484854998748528
793173,1,7,6,28.56166908612356
793178,1,7,4,0.3700090657260609
793180,1,7,4,0.3700090657260609
793181,1,7,6,19.993768792694716
793190,1,7,6,20.92837100000224
793201,1,7,6,16.953638883813372
793219,1,7,1,20.644485896306843
793226,1,7,8,29.23335567569898
793253,1,7,9,17.875614176069742
793256,1,7,6,27.799624485994592
793270,1,7,1,4.543388344441712
793276,1,7,2,13.61345669942219
793278,1,7,7,1.3175396650137592
793292,1,7,1,7.3534962451937815
793295,1,7,9,16.209676928451195
793299,1,7,9,26.561088231886796
793304,0,7,0,0.16085039678955543
793336,1,7,9,30.752421047141926
793346,1,7,4,0.3700090657260609
793347,1,7,10,26.036954623210622
793349,1,7,9,30.38455274385968
793351,0,7,0,0.16676876315663836
793370,1,7,9,28.952363084399277
793372,1,7,5,0.3700090141005197
793389,1,7,9,8.115252800776934
793391,1,7,8,14.528429796330688
793397,1,7,6,30.063334360669952
793401,1,7,8,36.09305848474386
793404,1,7,7,5.829653558076115
793417,1,7,5,0.3700090141005197
793418,1,7,7,2.303830895919672
793419,1,7,3,1.4078047407722156
793426,1,7,10,12.689148152410059
793442,1,7,6,29.533590334310574
793449,1,7,9,23.826655543109023
793454,1,7,10,7.8150755733789135
793456,1,7,5,0.3700090141005197
793459,1,7,8,32.58582799854669
793492,1,7,5,0.3700090141005197
793504,1,7,8,32.11275054595017
793509,1,7,1,5.024030337061699
793521,1,7,9,13.647238163945502
793522,0,7,0,0.029332080603376734
793554,1,7,1,19.537128660404836
793566,1,7,5,0.37000902039789374
793575,1,7,6,26.61553509560903
793584,1,7,5,0.3700090141005197
793587,0,7,0,0.03294605050341533
793603,1,7,4,0.3700090657260609
793617,1,7,2,15.011084531080359
793623,1,7,6,21.990501172789894
793634,1,7,10,17.802218275545197
793638,1,7,4,0.3700090657260609
793661,1,7,6,16.056730737697578
793662,1,7,6,8.98268559195974
793664,1,7,8,20.525789050057195
793666,1,7,5,0.3700090141005197
793683,1,7,10,16.728629486903735
793684,1,7,4,0.3700090657260609
793685,1,7,6,11.480503441272552
793694,1,7,8,19.85948157939983
793717,1,7,8,19.275965052310294
793745,1,7,7,0.34089430712004576
793760,1,7,9,33.36198749030146
793768,1,7,8,24.580946359225873
793777,1,7,4,0.3700090657260609
793786,1,7,4,0.3700090657260609
793793,1,7,6,30.648569569516148
793802,1,7,5,0.3700090141005197
793804,0,7,0,0.032744036103696535
793818,1,7,9,29.229168418598665
793822,1,7,10,24.47360103809997
793832,1,7,3,3.2688000245318465
793833,1,7,5,0.3700090141005197
793855,1,7,4,0.3700090657260609
793859,1,7,8,20.328703102230246
793864,1,7,9,33.650885340231554
793871,1,7,10,25.8966828297247
793874,1,7,6,9.590737652585897
793878,1,7,9,30.138633300310822
793879,1,7,6,19.271154144087912
793880,1,7,9,32.6709401177725
793882,1,7,4,0.3700090657260609
793886,1,7,9,18.444847136127663
793906,1,7,9,26.523150587440632
793918,1,7,8,27.4565146338132
793922,1,7,7,2.228621081042643
793948,1,7,8,26.445246537709952
793957,1,7,5,0.3700090141005197
793967,1,7,9,13.717978856401961
793976,1,7,4,0.3700090657260609
793979,1,7,7,4.419025274384563
794018,1,7,4,0.3700090657260609
794031,1,7,5,0.3700090141005197
794040,1,7,5,0.3700090141005197
794041,1,7,2,7.944868338415682
794049,1,7,8,5.22612589986128
794062,1,7,9,18.216532761845063
794066,1,7,6,22.413260671464414
794068,1,7,7,5.226676175477064
794076,1,7,2,15.505970866728443
794086,1,7,6,6.343193259347185
794104,1,7,7,4.948095458099459
794124,1,7,9,3.3786428626687304
794126,1,7,10,18.47737984676639
794146,1,7,9,20.136229831621772
794152,1,7,6,14.433668805607974
794153,1,7,8,25.51152196872268
794156,1,7,1,4.180989444643024
794157,1,7,10,20.104963320273484
794160,1,7,6,20.868040341772147
794162,1,7,9,12.692028889538431
794171,1,7,8,27.42192364804946
794179,0,7,0,0.03433542836801239
794201,1,7,9,4.310856611607429
794212,1,7,4,0.3700090657260609
794214,1,7,9,22.864540457231787
794235,1,7,7,1.7797717683428558
794244,1,7,5,0.3700090141005197
794260,0,7,0,0.04282537951735581
794280,1,7,5,0.3700090141005197
794281,1,7,5,0.3700090141005197
794293,1,7,6,24.889854236635788
794297,1,7,7,3.957657119278661
794310,0,7,0,0.1224218374987498
794316,1,7,2,9.59281754067864
794317,1,7,9,33.04270996858036
794331,1,7,7,6.202897733244043
794342,1,7,1,20.63769666412301
794363,1,7,10,22.539674681240076
794366,1,7,7,5.082285144087885
794371,0,7,0,0.04229428259639539
794379,1,7,9,31.784206884006753
794387,1,7,4,0.3700090657260609
794388,1,7,6,21.643436444382736
794391,1,7,8,32.07953850780492
794392,1,7,5,0.3700090141005197
794399,1,7,5,0.3700090141005197
794412,1,7,6,16.33546206172532
794425,1,7,6,25.399482690224715
794430,1,7,6,17.462625998911374
794431,1,7,1,26.830386722114064
794437,1,7,6,22.46161498786597
794441,1,7,2,12.164399494993638
794443,1,7,10,16.234033314192214
794458,1,7,1,27.000714070983104
794459,1,7,9,31.48421657189817
794469,1,7,2,12.868195720890284
794478,1,7,1,6.463105686412497
794480,1,7,9,30.222372258027466
794507,1,7,9,31.95262764405556
794511,1,7,1,14.216970920186695
794512,1,7,9,9.85319618756592
794513,1,7,8,24.369489466005252
794515,1,7,5,0.3700090141005197
794534,1,7,5,0.3700090141005197
794536,1,7,1,5.547051810699676
794547,1,7,1,25.71825695140556
794557,1,7,6,30.030354591711852
794586,1,7,8,31.289340538435525
794594,1,7,1,6.617470051834518
794595,1,7,8,6.856791090128584
794599,1,7,9,12.660092800460566
794610,1,7,4,0.3700090657260609
794614,1,7,4,0.3700090657260609
794624,1,7,2,15.426215281440552
794643,1,7,9,14.92159455905518
794654,1,7,9,16.708461005206576
794658,1,7,5,0.3700090141005197
794659,1,7,8,33.6380633293275
794661,1,7,3,2.1909918257887284
794664,1,7,9,26.28956506063026
794669,1,7,8,15.423663508977445
794688,1,7,9,27.840284262523323
794698,1,7,9,6.041104898438419
794705,1,7,5,0.3700090141005197
794714,1,7,6,28.18047674549632
794722,1,7,3,1.3321435276568
794735,1,7,4,0.3700090657260609
794742,1,7,6,8.913131733525107
794753,1,7,8,3.1763425378880794
794763,1,7,9,32.32990131922622
794771,1,7,3,0.3902806977259513
794776,1,7,6,23.251144483627325
794777,1,7,6,29.76398295679002
794785,1,7,9,25.26785539520581
794790,1,7,6,5.935626185312351
794791,1,7,2,8.32093002282107
794801,1,7,5,0.3700090141005197
794804,1,7,4,0.3700090657260609
794808,1,7,5,0.3700090141005197
794809,1,7,6,6.674051393104753
794813,1,7,9,18.73579918822135
794815,1,7,1,20.716096016379428
794849,1,7,10,11.611113130646805
794852,0,7,0,0.042439817942073355
794858,1,7,9,7.033048341805087
794869,1,7,8,19.813867837925365
794889,1,7,6,24.026610208731846
794900,1,7,1,13.250577643945514
794912,0,7,0,0.046583011199309535
794914,1,7,4,0.3700090657260609
794918,1,7,8,6.078810372739383
794930,1,7,9,18.049485388488378
794944,1,7,6,27.49793591807313
794969,1,7,10,15.46016827186977
794975,1,7,8,21.754116975728017
794987,1,7,10,22.857018082613234
794988,1,7,8,34.93146003896512
795017,1,7,9,22.018231959908363
795033,1,7,4,0.3700090657260609
795039,1,7,4,0.3700090657260609
795041,1,7,9,29.201856469157725
795057,1,7,5,0.3700090141005197
795063,1,7,3,0.9645214601510177
795073,1,7,9,25.430531546039504
795078,1,7,6,27.356561523043766
795103,1,7,8,18.701390478957798
795107,1,7,9,32.661749725236845
795111,1,7,7,2.64115961516057
795135,1,7,2,9.491708931210848
795138,1,7,5,0.3700090141005197
795141,1,7,9,28.57109594546896
795142,1,7,6,20.35092339868973
795143,1,7,9,32.193512788126526
795152,1,7,4,0.3700090657260609
795153,1,7,9,31.111710676934965
795158,1,7,8,23.861866605906645
795164,1,7,9,9.86185510033011
795168,0,7,0,0.047186095388131344
795197,1,7,9,4.493642498454965
795210,1,7,5,0.3700090141005197
795217,1,7,1,25.794989606876126
795218,1,7,6,6.02460224650921
795225,1,7,8,14.08472777969825
795228,1,7,4,0.3700090657260609
795253,1,7,9,12.662554232614477
795255,1,7,5,0.37000902039789374
795260,1,7,7,5.024239796373444
795278,1,7,9,22.840177317992165
795294,1,7,5,0.3700090141005197
795304,1,7,10,18.303533452992045
795310,1,7,5,0.3700090141005197
795311,1,7,6,29.35480121036884
795317,1,7,6,22.785157221565985
795330,0,7,0,0.10561872181473002
795333,1,7,8,23.22082108634314
795342,1,7,5,0.3700090141005197
795343,1,7,10,20.99211509908189
795347,1,7,5,0.3700090141005197
795351,1,7,5,0.3700090141005197
795367,1,7,8,18.880800496617834
795372,1,7,8,17.004933957805882
795417,1,7,6,15.175295289541419
795422,1,7,9,32.53867321741464
795448,0,7,0,0.04362172030486689
795449,1,7,5,0.3700090141005197
795462,1,7,5,0.3700090141005197
795475,1,7,7,1.9321431830371643
795489,1,7,10,9.679686176018713
795526,1,7,10,7.732272264091262
795546,1,7,5,0.3700090141005197
795554,1,7,5,0.3700090141005197
795563,1,7,9,28.840773801134976
795564,1,7,5,0.3700090141005197
795571,1,7,9,16.109721156542165
795574,0,7,0,0.03621043721760088
795575,1,7,5,0.3700090141005197
795593,1,7,1,22.012759859305582
795619,1,7,6,19.67895113237285
795621,1,7,8,23.184961870547344
795636,1,7,10,12.613959671734714
795665,1,7,9,2.608883012823137
795666,1,7,8,23.279020076779645
795678,1,7,3,1.4109208888931593
795689,1,7,10,17.161148561119045
795696,1,7,1,14.887849979092229
795699,1,7,2,12.48073211736217
795712,1,7,6,27.985341141949913
795715,1,7,8,28.708135339917874
795716,1,7,9,25.13150680511289
795738,1,7,9,32.77050779246233
795748,1,7,4,0.3700090657260609
795800,1,7,2,11.748297473913532
795815,1,7,8,13.603523947261017
795821,1,7,5,0.3700090141005197
795823,1,7,10,11.029159301833559
795826,1,7,4,0.3700090657260609
795840,1,7,4,0.3700090657260609
795846,1,7,9,21.673667820466555
795859,1,7,9,7.50496637195709
795863,1,7,9,33.1429024524075
795867,1,7,8,20.935171698968897
795874,0,7,0,0.10349569151330441
795894,1,7,10,23.35756714705366
795898,1,7,9,18.28290385307941
795903,1,7,4,0.3700090657260609
795912,1,7,9,22.175055381238824
795927,1,7,9,8.773870505129702
795940,1,7,10,21.24959555160966
795943,1,7,5,0.37000902039789374
795954,1,7,6,28.966364511277234
795956,1,7,8,19.796944222806637
795967,1,7,4,0.3700090657260609
795968,1,7,1,20.843364770916867
795971,1,7,8,27.05503790990727
795986,1,7,8,36.035170607574784
795988,1,7,6,27.403530623514058
795989,0,7,0,0.035261728960885606
795990,1,7,9,33.47602586235983
796005,1,7,6,11.136973710970667
796012,1,7,8,5.970952229618831
796016,1,7,6,28.90947772994104
796043,1,7,5,0.3700090141005197
796058,1,7,2,15.717190000649033
796062,1,7,9,32.70627392715572
796067,1,7,5,0.3700090141005197
796073,1,7,4,0.3700090657260609
796077,1,7,6,18.73722390972486
796101,1,7,8,27.417131652143905
796109,1,7,2,9.665078984999763
796116,1,7,9,17.873663100443345
796118,1,7,4,0.3700090657260609
796120,1,7,6,24.70522087028815
796143,1,7,8,29.71940299786648
796152,1,7,9,15.25129360285851
796158,1,7,3,3.2177868836122236
796161,1,7,5,0.3700090141005197
796163,1,7,6,29.34500736641302
796191,1,7,5,0.3700090141005197
796198,1,7,8,7.435700655615349
796206,1,7,5,0.3700090141005197
796214,1,7,8,12.743509788683234
796216,1,7,2,15.304757321554208
796217,1,7,5,0.3700090141005197
796222,1,7,9,9.553875212913075
796229,1,7,9,14.932881976914993
796235,1,7,5,0.3700090141005197
796245,1,7,9,23.293211370435714
796268,1,7,8,35.00346661915566
796271,1,7,2,16.44741396624294
796278,1,7,4,0.3700090657260609
796281,1,7,6,22.30128528513273
796292,1,7,4,0.3700090657260609
796304,1,7,6,13.984244148354312
796314,0,7,0,0.10791126013321271
796350,1,7,8,21.949929774419996
796352,1,7,8,30.63013439134941
796371,1,7,8,4.715574320729008
796374,1,7,10,8.241405203775338
796378,1,7,10,23.28563311583736
796384,0,7,0,0.038744724342352585
796391,1,7,8,35.98600088644216
796408,1,7,8,7.729067250884226
796411,1,7,4,0.3700090657260609
796440,1,7,1,21.506202803004783
796443,1,7,8,24.151170707551312
796455,1,7,5,0.3700090141005197
796460,1,7,6,28.2346109682799
796474,1,7,8,26.822258968488843
796479,1,7,9,18.13550746977472
796485,1,7,6,10.022725259847782
796489,0,7,0,0.03981068425638029
796497,1,7,5,0.3700090141005197
796532,1,7,6,29.311992792579147
796535,1,7,6,14.003078753354517
796547,1,7,1,8.02214920588551
796553,1,7,10,13.745425816397841
796565,1,7,4,0.3700090657260609
796567,1,7,10,13.562124445667209
796571,1,7,5,0.3700090141005197
796573,1,7,8,15.386716126521005
796606,1,7,7,2.7076760229683834
796609,1,7,9,21.340908837302404
796613,1,7,6,29.94483672755734
796618,1,7,8,27.16532359242442
796628,1,7,5,0.3700090141005197
796656,1,7,6,14.489848591279232
796658,1,7,4,0.3700090657260609
796660,1,7,3,2.266097279155073
796662,1,7,9,32.09633046672508
796664,1,7,8,31.233117410083338
796668,1,7,9,17.268772285488563
796711,1,7,7,5.124935199797926
796737,1,7,1,22.340953974086858
796764,1,7,6,18.596446995891107
796766,1,7,1,4.93041732045392
796778,1,7,5,0.3700090141005197
796786,1,7,4,0.3700090657260609
796790,1,7,5,0.3700090141005197
796801,1,7,9,24.147199395462067
796808,1,7,7,1.3755974128751107
796849,1,7,6,10.513796568573854
796855,1,7,7,0.42824012250561644
796868,1,7,9,24.82543580405912
796884,1,7,5,0.3700090141005197
796888,1,7,10,16.531451492179123
796894,1,7,7,1.9770230699237108
796896,1,7,8,4.594804531697066
796930,1,7,8,10.067867102462541
796935,1,7,10,25.10750804262745
796942,1,7,5,0.3700090141005197
796949,1,7,10,19.948690965530904
796953,1,7,5,0.3700090141005197
796964,1,7,5,0.3700090141005197
796965,1,7,9,32.31800688070588
796972,0,7,0,0.20057878844366098
796974,1,7,5,0.3700090141005197
796980,1,7,1,20.31055233770067
796982,1,7,8,35.58330921929861
796991,1,7,9,18.64796631715893
796995,1,7,8,16.209919055140787
796997,1,7,5,0.3700090141005197
796998,1,7,9,28.600413351316607
797002,1,7,8,14.627697970617163
797003,1,7,5,0.3700090141005197
797011,1,7,8,15.5398517185657
797029,1,7,10,15.579496617505773
797036,1,7,10,13.565915128019308
797052,1,7,2,8.770422636387275
797060,0,7,0,0.03681442161231622
797071,1,7,6,13.249822135663088
797075,1,7,8,15.302993888523506
797088,1,7,6,17.937725183829638
797100,1,7,1,22.374880725651135
797102,1,7,9,20.612777471935775
797108,1,7,3,1.0748454803391572
797112,1,7,10,17.11021735738205
797128,1,7,4,0.3700090656202526
797138,1,7,6,9.073338859415385
797139,1,7,9,33.38831064390813
797140,1,7,4,0.3700090657260609
797146,1,7,7,4.423072286631115
797147,1,7,6,9.77688526149367
797191,1,7,4,0.3700090657260609
797194,1,7,5,0.3700090141005197
797202,1,7,6,19.09648075006814
797205,1,7,1,25.4703564559691
797209,1,7,7,5.177125435530474
797211,1,7,9,14.496826669877326
797222,1,7,10,20.097965940655165
797239,1,7,7,1.6327580840152156
797251,1,7,8,32.14159457288879
797258,1,7,5,0.3700090141005197
797273,1,7,6,27.496506734362242
797277,1,7,7,6.47385929392261
797282,0,7,0,0.03990772798104246
797291,1,7,1,5.383631011217331
797299,1,7,4,0.3700090657260609
797311,1,7,8,36.07052385726757
797316,1,7,5,0.3700090141005197
797320,1,7,5,0.3700090141005197
797336,1,7,6,13.955947785055935
797338,1,7,1,23.619437355007264
797343,1,7,8,27.4121538300204
797363,1,7,6,10.897175179727915
797366,1,7,5,0.3700090141005197
797372,1,7,8,17.69240604647024
797383,1,7,1,11.05548177458877
797390,1,7,9,32.599229897975924
797402,1,7,1,16.840358202348362
797405,0,7,0,0.030931385882208205
797419,1,7,9,13.064398178611636
797440,1,7,5,0.3700090141005197
797445,0,7,0,0.03912695590546313
797446,1,7,7,2.7837763422397974
797447,1,7,8,9.077662108092566
797461,1,7,10,10.679054315227887
797469,1,7,7,0.5655690954316019
797470,1,7,8,19.01063477996286
797478,1,7,5,0.3700090141005197
797479,1,7,7,5.35624803452399
797482,1,7,9,24.803059222624903
797483,1,7,8,6.473808869917872
797486,1,7,8,31.473322875325625
797489,1,7,5,0.3700090141005197
797509,1,7,6,9.598733819753813
797526,1,7,4,0.3700090657260609
797527,1,7,10,9.56581353996193
797550,1,7,7,1.850274307204402
797552,0,7,0,0.026969865238929937
797554,1,7,9,28.928854733515692
797556,1,7,4,0.3700090657260609
797559,1,7,2,16.57196494794848
797560,1,7,5,0.3700090141005197
797571,1,7,9,24.689226101445126
797573,1,7,5,0.3700090141005197
797611,1,7,5,0.3700090141005197
797613,1,7,9,22.721245362713677
797623,1,7,1,16.769799635794364
797625,1,7,1,6.183971599630967
797639,1,7,9,32.73192418308316
797644,1,7,8,24.007376586624552
797681,1,7,10,18.518011517313568
797691,1,7,9,18.1037645460571
797692,1,7,9,5.934383255589391
797701,1,7,1,13.807673449695491
797711,1,7,6,13.336493936627464
797718,1,7,9,14.907931453516019
797731,0,7,0,0.09185161648423285
797737,0,7,0,0.038892023848384125
797746,1,7,5,0.3700090141005197
797760,1,7,3,2.157724984991915
797773,1,7,3,3.233587927479423
797782,0,7,0,0.03712511605644711
797786,0,7,0,0.015971303395335396
797787,1,7,10,12.194972065640512
797803,1,7,8,27.829035215580085
797810,1,7,10,23.662247713622996
797817,1,7,5,0.3700090141005197
797826,1,7,9,33.69832549463471
797828,1,7,5,0.3700090141005197
797865,1,7,1,5.753452041432433
797875,1,7,5,0.3700090141005197
797881,1,7,5,0.3700090141005197
797910,1,7,10,6.54092276917194
797940,1,7,3,2.557351472223739
797959,1,7,9,26.6858672707632
797961,1,7,6,22.54062824902477
797967,1,7,7,5.937884501479802
797969,1,7,3,3.0282190097351944
797989,1,7,5,0.3700090141005197
797998,1,7,2,5.296660052237604
798003,1,7,4,0.3700090657260609
798008,1,7,6,5.957688084781412
798016,1,7,5,0.37000902039789374
798018,1,7,6,27.89481908790301
798037,1,7,5,0.3700090141005197
798045,1,7,6,20.718695824406115
798055,1,7,6,13.705283227296109
798058,1,7,3,3.1420934135590293
798076,1,7,4,0.3700090657260609
798077,1,7,6,13.559477928506249
798103,1,7,6,20.021361721598247
798104,1,7,8,19.303386627386686
798110,1,7,4,0.3700090657260609
798112,1,7,5,0.3700090141005197
798113,1,7,6,19.528973350975892
798149,1,7,9,24.71630345713302
798150,1,7,8,31.47569717007676
798153,1,7,9,32.84258991594664
798156,1,7,5,0.3700090141005197
798175,0,7,0,0.03859512476994153
798177,1,7,10,16.217393095448394
798224,1,7,8,20.307330547687528
798253,1,7,9,23.626796030229233
798260,1,7,10,25.241422554074266
798283,1,7,8,24.173935648505125
798289,1,7,4,0.3700090657260609
798297,1,7,8,12.093929893800889
798298,1,7,8,15.839114152552812
798313,1,7,5,0.3700090141005197
798314,1,7,2,7.50272680184232
798317,1,7,1,9.215580491626964
798320,1,7,9,24.639450648400558
798342,1,7,9,25.351395105853346
798363,1,7,9,12.945753579642792
798373,1,7,5,0.37000902039789374
798385,1,7,5,0.3700090141005197
798388,1,7,6,30.0678682855736
798391,1,7,9,26.740621462058392
798393,1,7,5,0.3700090141005197
798395,1,7,1,13.818154793321764
798400,1,7,6,18.276732707332076
798404,1,7,10,20.66237037211979
798414,1,7,6,30.241831887022176
798420,1,7,6,18.10906446529882
798426,1,7,6,22.070035780043508
798427,1,7,5,0.3700090141005197
798436,1,7,4,0.3700090657260609
798438,1,7,6,23.998197143935407
798447,1,7,8,16.15848088149485
798451,1,7,10,15.009925265104496
798474,1,7,9,6.46434256118898
798480,1,7,6,23.985998868716838
798491,1,7,10,10.684460160496288
798492,1,7,10,7.259762543036515
798494,1,7,8,33.4384726460582
798496,1,7,10,22.575065358776357
798500,1,7,1,8.845635096090396
798509,1,7,10,23.667206163648764
798518,1,7,6,30.22489633320387
798534,1,7,8,18.43727116174175
798540,1,7,7,2.6286359975542357
798545,1,7,9,23.116431789335408
798553,1,7,4,0.3700090657260609
798570,1,7,10,9.482168431005558
798572,1,7,8,27.273462529896598
798574,1,7,9,18.719095460009157
798578,1,7,9,5.038039829703525
798583,1,7,4,0.3700090657260609
798585,1,7,4,0.3700090657260609
798611,1,7,8,29.85082976135516
798619,1,7,6,10.530957305682731
798622,1,7,1,25.501398264909124
798632,1,7,1,24.17898676961158
798639,1,7,8,13.572947953167247
798660,1,7,9,29.57013635961802
798661,1,7,8,15.327000180154563
798662,1,7,10,10.04080375187727
798714,1,7,1,17.192487462978654
798723,1,7,3,1.6656127677108405
798747,1,7,6,14.718579223440308
798753,1,7,2,10.464005515729612
798755,1,7,8,25.29156438021119
798759,1,7,9,29.144333338551473
798766,1,7,6,22.26695381845564
798768,1,7,9,32.147994554275336
798775,1,7,5,0.3700090141005197
798791,1,7,5,0.3700090141005197
798799,1,7,5,0.3700090141005197
798800,1,7,9,33.425984305700446
798802,1,7,8,32.65180114879819
798807,1,7,8,26.064217573770367
798813,1,7,4,0.3700090657260609
798830,0,7,0,0.12844733221890703
798836,1,7,6,23.916369922767643
798837,1,7,6,6.283255618180869
798867,1,7,6,15.950303791874505
798877,1,7,10,17.808755237276714
798878,1,7,9,21.186630460048942
798890,1,7,8,29.900616691445002
798906,1,7,3,2.7616906286020493
798909,1,7,8,35.860719619829624
798928,1,7,8,35.339432226127364
798929,1,7,5,0.3700090141005197
798936,1,7,8,34.18867281305208
798940,1,7,7,2.290013278488262
798957,1,7,4,0.3700090657260609
798967,1,7,4,0.3700090657260609
798974,1,7,4,0.3700090657260609
798980,1,7,6,29.439334414773036
798982,1,7,6,9.655470857060205
798983,1,7,9,14.81543868130551
798990,1,7,10,24.0147593524579
798995,1,7,10,12.402570200156742
798999,0,7,0,0.03125626898248763
799001,1,7,9,17.66821887342951
799006,1,7,8,13.225710285064828
799018,1,7,4,0.3700090657260609
799043,1,7,8,23.614723093416877
799058,1,7,6,19.970356422027454
799067,1,7,8,33.64839148429408
799097,1,7,6,26.664994115620566
799109,1,7,6,28.85151886245758
799122,1,7,9,31.862317908135818
799127,1,7,9,12.657383183335114
799130,1,7,7,1.2458448658347911
799131,1,7,8,34.8398073947795
799138,1,7,9,25.214896930349447
799146,1,7,4,0.3700090657260609
799157,1,7,9,30.95817074780691
799175,1,7,8,22.182709749744802
799203,1,7,5,0.37000902039789374
799222,1,7,6,23.1268103566681
799225,1,7,9,23.025460830284487
799237,1,7,5,0.3700090141005197
799242,1,7,6,11.482755633392408
799243,0,7,0,0.036830766831747054
799252,1,7,5,0.3700090141005197
799253,1,7,4,0.3700090657260609
799257,1,7,9,25.978037068167104
799263,1,7,9,24.525614617088184
799267,1,7,8,35.38621073851795
799270,1,7,4,0.3700090657260609
799283,1,7,6,22.166502841942684
799287,1,7,2,9.012147823653503
799303,1,7,6,25.216801411784324
799315,1,7,8,15.84347658648293
799326,1,7,9,7.486053981264377
799331,1,7,6,5.319266362224784
799334,1,7,5,0.3700090141005197
799344,1,7,8,24.239161904051844
799346,0,7,0,0.03497681852112296
799355,1,7,10,7.095171095421572
799371,1,7,2,11.928366463869605
799372,1,7,9,25.192741436415723
799385,1,7,4,0.3700090657260609
799387,1,7,7,0.8109931309491902
799397,1,7,10,5.887093372432419
799410,1,7,4,0.3700090657260609
799411,1,7,9,9.063793520087826
799419,1,7,4,0.3700090657260609
799439,1,7,4,0.3700090657260609
799447,1,7,10,12.237905046033456
799463,1,7,2,16.101543443633645
799467,1,7,9,11.904142597564684
799468,1,7,8,31.54104740934032
799474,1,7,5,0.3700090141005197
799514,1,7,1,24.888695140822264
799520,1,7,8,34.80659593020477
799523,1,7,8,20.97004988183202
799529,0,7,0,0.03402081563343601
799539,1,7,5,0.3700090141005197
799546,1,7,8,26.2867171861932
799558,1,7,9,33.38847484495815
799564,1,7,6,17.09252891499658
799577,0,7,0,0.03749693443698499
799578,1,7,9,20.29204036696606
799583,1,7,2,3.0397606192389843
799584,1,7,10,17.472527118172884
799598,1,7,8,35.49564806465724
799600,1,7,5,0.3700090141005197
799601,1,7,6,25.191360856577962
799647,1,7,4,0.3700090657260609
799677,1,7,5,0.3700090141005197
799696,1,7,6,22.900575570635286
799709,1,7,8,10.803098179127522
799726,1,7,9,30.738041238277173
799729,1,7,9,33.77252394722006
799750,1,7,9,4.0049246883752625
799752,1,7,9,5.495885635970693
799784,1,7,1,9.12981016619691
799785,1,7,10,8.65473828837452
799796,1,7,5,0.3700090141005197
799806,1,7,5,0.3700090141005197
799811,1,7,9,31.261259453919894
799820,1,7,5,0.37000902039789374
799822,1,7,8,16.645705705021665
799823,1,7,8,35.36063670080802
799825,1,7,6,18.005392841321473
799839,0,7,0,0.0329066922619505
799869,1,7,4,0.3700090657260609
799879,1,7,1,6.969386495409551
799881,1,7,10,9.06398975194439
799883,1,7,7,3.5014056420118744
799887,1,7,10,6.581202894083982
799891,1,7,9,32.52531526688174
799895,1,7,9,30.485706758390513
799896,1,7,4,0.3700090657260609
799908,1,7,5,0.3700090141005197
799910,1,7,8,14.618230104470562
799920,1,7,4,0.3700090657260609
799928,1,7,10,13.573334924322754
799943,1,7,2,13.076062403416826
799969,0,7,0,0.031153748451494427
799980,1,7,5,0.3700090141005197
799984,1,7,5,0.3700090141005197
799992,1,7,8,15.965314596842274
799996,1,7,9,16.08835443752659
799999,1,7,5,0.3700090141005197
800004,1,7,4,0.3700090657260609
800011,0,7,0,0.09702618545045973
800028,1,7,9,31.484879621435596
800064,1,7,9,25.7306509428196
800066,1,7,4,0.3700090657260609
800073,1,7,5,0.3700090141005197
800080,1,7,1,15.859170607997083
800094,1,7,6,19.326174173251207
800103,1,7,7,2.079861213352665
800126,1,7,8,18.62750742026023
800128,1,7,10,12.821008470807097
800136,1,7,5,0.3700090141005197
800140,1,7,6,18.870737687009573
800164,0,7,0,0.03651225402341843
800165,1,7,9,33.18008169816737
800168,1,7,4,0.3700090657260609
800175,1,7,8,6.9091101431062905
800182,1,7,1,7.778138893672622
800198,1,7,5,0.3700090141005197
800202,1,7,9,16.899290118649372
800204,1,7,3,2.95771028832908
800211,1,7,4,0.3700090657260609
800218,1,7,10,24.454026625450144
800237,1,7,8,4.09856580829106
800252,1,7,10,19.137706484429046
800255,1,7,9,17.04012906284122
800265,1,7,9,18.15952419191625
800275,1,7,7,0.4285923771406736
800277,1,7,5,0.3700090141005197
800278,1,7,7,1.5465672235499939
800281,1,7,2,3.641961687643224
800297,1,7,9,19.695387148297677
800303,1,7,2,14.541361519306792
800304,1,7,4,0.3700090657260609
800315,1,7,5,0.3700090141005197
800318,1,7,9,23.90033754801236
800334,1,7,5,0.3700090141005197
800339,1,7,4,0.3700090657260609
800346,1,7,6,29.430777984284294
800355,1,7,4,0.3700090656202526
800373,1,7,5,0.37000902039789374
800374,1,7,10,3.8081382862093784
800395,1,7,4,0.3700090657260609
800416,1,7,8,17.687298131112197
800420,1,7,5,0.3700090141005197
800421,1,7,10,16.647503592184457
800423,1,7,8,4.485881156242378
800448,1,7,8,21.445746206105817
800452,1,7,2,16.30957043210062
800462,1,7,9,14.570513458121889
800468,1,7,1,26.872754124463718
800475,1,7,6,12.519165493993547
800483,1,7,3,1.907818726928699
800516,1,7,6,26.894897249190883
800526,1,7,9,33.45063159867109
800554,1,7,9,9.308192640295127
800565,1,7,4,0.3700090657260609
800577,0,7,0,0.032602064869040735
800587,1,7,8,31.325408430782524
800588,1,7,9,32.17909161427776
800598,1,7,8,8.46140617560968
800606,1,7,1,6.673352771169682
800615,1,7,5,0.3700090141005197
800617,1,7,6,16.876159081120583
800619,1,7,9,24.530336630544383
800632,1,7,10,15.707067826362879
800636,1,7,9,30.499618761050325
800675,1,7,7,4.94456507452047
800693,1,7,3,1.0645323688400035
800711,1,7,5,0.3700090141005197
800712,1,7,10,13.188332497054114
800716,1,7,8,20.236612900803575
800742,1,7,2,2.324041994604948
800752,1,7,2,8.133837708636907
800760,1,7,1,16.59182338862345
800765,1,7,8,32.69972014456117
800806,1,7,8,23.16183004335041
800809,1,7,10,6.148543174272753
800812,1,7,1,10.14240592080041
800818,1,7,8,30.437081865141753
800827,1,7,4,0.3700090657260609
800849,1,7,9,2.8627514482867915
800853,1,7,7,1.922726291155673
800859,0,7,0,0.03252370002582599
800885,1,7,3,3.261709485202649
800889,1,7,9,21.81372106498751
800898,1,7,5,0.3700090141005197
800903,0,7,0,0.04204180888883361
800940,0,7,0,0.046761701790830425
800951,1,7,5,0.3700090141005197
800963,1,7,5,0.3700090141005197
800984,1,7,2,2.8359365631937754
800998,1,7,6,11.799324474717073
801002,1,7,3,3.1616157701770082
801016,1,7,1,19.618307279202877
801018,1,7,8,7.069473877595696
801024,1,7,10,21.387435262632405
801035,1,7,4,0.3700090657260609
801039,1,7,4,0.3700090657260609
801057,1,7,1,7.41152628419816
801064,1,7,1,12.438101574683937
801070,1,7,4,0.3700090657260609
801077,1,7,3,3.227681844241275
801088,1,7,10,22.891979723920045
801096,1,7,5,0.37000902039789374
801104,1,7,10,14.240538644436212
801110,1,7,5,0.3700090141005197
801113,1,7,1,24.837869255719223
801127,1,7,7,5.337267207023077
801139,1,7,6,5.721942143629391
801151,0,7,0,0.037155651583620414
801152,1,7,9,32.14800834404719
801164,1,7,8,32.76434555255093
801169,1,7,1,23.49995073151757
801205,1,7,9,33.75729928287291
801212,0,7,0,0.030485563444327606
801213,1,7,2,11.81305592429189
801221,1,7,9,14.92404271155577
801234,1,7,9,29.930573056367432
801248,1,7,8,31.98665492451792
801252,1,7,9,10.030835531338624
801253,1,7,1,23.001272061027677
801258,1,7,8,8.724429604242154
801276,0,7,0,0.04595848191607229
801277,1,7,3,1.497983442234485
801280,1,7,6,18.000742302873505
801282,1,7,6,22.073791027605722
801284,1,7,10,18.061114492405114
801299,1,7,9,21.468667100290133
801301,1,7,9,7.136166569406013
801310,1,7,1,7.382182929666658
801327,1,7,8,22.738775418149718
801335,1,7,7,4.841572593956343
801344,1,7,6,19.28925335962386
801383,1,7,8,20.753539986785878
801384,1,7,1,16.895088214272032
801388,1,7,10,22.23049126897847
801416,1,7,5,0.3700090141005197
801439,1,7,3,2.2701440669211768
801441,0,7,0,0.051946358022802584
801479,1,7,8,3.751070838931072
801507,1,7,9,15.25946023834847
801522,1,7,6,15.271754409589997
801543,0,7,0,0.03927654650724563
801551,1,7,4,0.3700090657260609
801562,1,7,3,2.906333654917591
801563,1,7,9,30.975859157713845
801579,1,7,4,0.3700090657260609
801580,1,7,7,2.0891030984981986
801612,0,7,0,0.04064428557510687
801626,0,7,0,0.03194716684611899
801640,1,7,8,20.540061224939187
801649,1,7,9,28.569516706002933
801657,1,7,8,13.866606898617405
801685,1,7,4,0.3700090657260609
801693,1,7,5,0.3700090141005197
801699,1,7,6,6.591539203229895
801706,1,7,2,15.749350957570996
801708,1,7,4,0.3700090657260609
801711,1,7,8,28.470298043352532
801717,1,7,6,12.887283360300378
801720,1,7,3,1.3480657076367522
801724,1,7,6,20.06447548423184
801726,1,7,1,23.26653618002456
801728,1,7,1,21.767252340399256
801729,1,7,4,0.3700090657260609
801740,1,7,6,22.175133924370133
801750,1,7,8,31.44441855222384
801768,1,7,10,16.194239303771237
801777,1,7,9,10.75961035961081
801796,1,7,6,14.177853645799193
801815,1,7,4,0.3700090657260609
801820,1,7,4,0.3700090657260609
801826,1,7,8,16.55667108291364
801838,1,7,1,23.17096741788712
801841,0,7,0,0.02973680591410129
801851,1,7,5,0.3700090141005197
801852,1,7,5,0.3700090141005197
801860,1,7,5,0.3700090141005197
801878,1,7,4,0.3700090657260609
801884,1,7,9,32.04097485926181
801899,1,7,9,12.496984481135021
801906,1,7,8,29.245957101958346
801908,1,7,8,23.45433342475318
801929,1,7,5,0.3700090141005197
801931,1,7,6,21.375401539378814
801946,1,7,9,31.653103883816378
801949,1,7,8,15.323196027289438
801954,1,7,9,29.767966886243382
801956,1,7,7,3.20130997283198
801984,1,7,5,0.3700090141005197
801991,0,7,0,0.03862607783355754
801997,1,7,5,0.3700090141005197
801998,1,7,4,0.3700090657260609
802002,1,7,4,0.3700090657260609
802019,1,7,9,12.874560925098306
802024,1,7,5,0.3700090141005197
802030,1,7,4,0.3700090657260609
802032,1,7,9,13.553404003580585
802048,1,7,6,26.291715704778376
802058,1,7,8,15.085502502299592
802061,1,7,9,31.022658162722824
802067,1,7,5,0.3700090141005197
802078,1,7,1,21.303234568454663
802089,1,7,7,2.420341868983724
802091,1,7,5,0.3700090141005197
802092,1,7,8,23.543253184308423
802111,1,7,6,10.999146472298799
802112,1,7,7,5.911377367573926
802115,1,7,2,8.333165079266026
802117,1,7,6,21.67263466658288
802122,1,7,8,21.870608859361134
802125,1,7,3,2.63179081389908
802138,1,7,5,0.3700090141005197
802155,1,7,4,0.3700090657260609
802160,1,7,2,3.8947500655515443
802165,1,7,7,3.9696180383149966
802168,1,7,5,0.3700090141005197
802177,1,7,10,18.522190383473077
802191,1,7,9,25.06287723655008
802227,1,7,9,28.611222907927832
802229,1,7,4,0.3700090657260609
802232,0,7,0,0.042110944407978426
802235,0,7,0,0.030435924825194437
802236,1,7,9,22.295729960469178
802241,0,7,0,0.15061117245384767
802273,1,7,4,0.3700090657260609
802275,0,7,0,0.038108394428640134
802276,1,7,6,15.865649366057374
802294,1,7,8,30.231796111240914
802296,1,7,5,0.3700090141005197
802305,1,7,5,0.37000902039789374
802309,1,7,9,27.543897091970187
802323,1,7,10,15.180700187455102
802328,1,7,9,28.232402813007816
802329,1,7,5,0.3700090141005197
802339,1,7,9,33.45181010197027
802347,1,7,6,28.607753389274396
802348,1,7,2,14.96769688614214
802359,1,7,8,5.157063818557686
802366,1,7,5,0.3700090141005197
802368,1,7,5,0.3700090141005197
802380,1,7,6,29.79571506163852
802381,1,7,6,5.469032478643709
802385,1,7,5,0.3700090141005197
802397,1,7,1,21.753883757481702
802403,1,7,10,15.455696979016858
802428,1,7,7,1.0822058215746502
802431,1,7,6,13.77926936256184
802444,1,7,9,14.379984017682679
802449,0,7,0,0.05813828355613812
802451,1,7,8,33.69443866625438
802471,1,7,9,23.119876671002928
802475,1,7,2,11.894344381290393
802477,1,7,5,0.3700090141005197
802500,1,7,9,31.404266643983927
802511,1,7,7,5.058311692885159
802520,1,7,10,13.61538852827323
802534,1,7,3,0.9510485742041189
802548,1,7,5,0.3700090141005197
802551,1,7,10,26.01572152398589
802556,1,7,8,11.395619473162226
802595,0,7,0,0.15800844024491933
802603,1,7,10,15.224307927120902
802611,1,7,6,6.599706448664833
802617,1,7,6,29.62569354572262
802636,1,7,8,12.307382679935255
802646,1,7,6,10.962485634216009
802647,1,7,10,25.850887784509325
802648,1,7,4,0.3700090657260609
802651,1,7,8,9.293120741535121
802652,0,7,0,0.0986690814266958
802670,1,7,6,18.425412983098315
802671,1,7,6,29.31394964132256
802676,1,7,1,21.11849779996952
802680,1,7,4,0.3700090657260609
802686,1,7,1,12.950634115188462
802713,1,7,9,33.01382254584221
802721,1,7,8,23.559609005457176
802723,1,7,10,10.66181422364802
802726,1,7,9,11.88207797479625
802728,1,7,3,0.8260018822741763
802733,1,7,4,0.3700090657260609
802736,1,7,9,18.97305188669396
802750,1,7,9,18.273262401002288
802752,1,7,8,27.82359462190796
802758,1,7,5,0.3700090141005197
802767,1,7,7,3.0550809336551
802782,1,7,6,13.34864979852558
802802,1,7,9,20.599509524885587
802832,1,7,6,12.302157866795703
802836,1,7,1,21.622728098614125
802846,1,7,8,36.03617298757184
802899,1,7,5,0.3700090141005197
802900,1,7,6,30.06845345509028
802902,1,7,4,0.3700090656202526
802909,1,7,4,0.3700090656202526
802913,1,7,5,0.3700090141005197
802927,1,7,8,15.111733419156648
802944,1,7,9,16.535719832182778
802952,1,7,8,8.154177656594237
802967,1,7,5,0.3700090141005197
802974,1,7,6,24.506657159992432
802986,1,7,5,0.3700090141005197
802997,1,7,6,22.404578628126504
802998,1,7,8,22.95077547447109
803010,1,7,10,22.259259053512558
803011,1,7,4,0.3700090657260609
803017,1,7,5,0.3700090141005197
803028,1,7,7,0.7710733158461772
803034,1,7,7,4.198231403612305
803038,1,7,8,30.407427741254097
803043,1,7,10,14.836185850929013
803081,1,7,5,0.3700090141005197
803084,1,7,4,0.3700090657260609
803092,1,7,5,0.3700090141005197
803104,1,7,5,0.3700090141005197
803107,1,7,8,23.228493554132402
803129,1,7,4,0.3700090657260609
803145,1,7,6,13.111387745259687
803149,1,7,4,0.3700090657260609
803173,1,7,4,0.3700090657260609
803179,1,7,9,33.28356702118422
803199,1,7,4,0.3700090657260609
803202,1,7,4,0.3700090657260609
803207,1,7,6,20.848706644462606
803217,1,7,7,6.512585735339383
803219,1,7,7,1.195067676124454
803239,1,7,9,18.285706729314608
803242,1,7,8,27.590646789912878
803262,1,7,4,0.3700090657260609
803271,1,7,3,1.432505039663004
803283,1,7,10,17.115914279057975
803285,1,7,4,0.3700090657260609
803289,1,7,1,9.95368963568614
803290,1,7,9,13.033412112597997
803292,1,7,8,18.592013717187964
803293,1,7,9,32.52694674266033
803296,1,7,4,0.3700090657260609
803306,0,7,0,0.03283219137697958
803307,1,7,8,33.47147813402071
803313,1,7,1,22.639125469857802
803314,1,7,6,30.51932143284345
803324,1,7,1,17.906047935517893
803325,1,7,4,0.3700090657260609
803331,1,7,6,6.174126450946798
803341,1,7,9,32.83637686946526
803350,1,7,6,30.54225348957971
803351,1,7,5,0.3700090141005197
803359,1,7,10,16.635643745603502
803370,1,7,5,0.3700090141005197
803397,1,7,5,0.3700090141005197
803400,0,7,0,0.035173779145302335
803411,1,7,6,18.40507575051065
803465,1,7,4,0.3700090657260609
803495,0,7,0,0.03981368460235452
803497,1,7,9,22.108011975670532
803547,1,7,6,18.148911140263873
803554,1,7,4,0.3700090657260609
803561,1,7,8,21.823341575539665
803567,1,7,8,12.410328579783362
803578,1,7,5,0.3700090141005197
803579,1,7,5,0.3700090141005197
803600,1,7,5,0.3700090141005197
803610,1,7,5,0.3700090141005197
803628,1,7,5,0.3700090141005197
803629,1,7,6,12.875704653466212
803631,1,7,9,29.82507689912261
803640,1,7,4,0.3700090657260609
803646,1,7,6,10.916647876680715
803653,1,7,8,36.082220126699156
803687,1,7,4,0.3700090657260609
803698,1,7,3,3.0734251709779135
803735,1,7,10,17.873374922059526
803740,1,7,6,17.172972997300615
803743,1,7,6,29.378255070149766
803744,1,7,10,16.160009711867545
803745,1,7,8,19.496962853412978
803746,1,7,8,3.2723758411094797
803750,1,7,8,12.288248130611892
803751,1,7,9,10.121977333842802
803753,1,7,10,12.57310501166856
803760,1,7,1,25.652036593921462
803764,1,7,5,0.3700090141005197
803766,1,7,10,13.93861987222508
803775,1,7,3,1.295346009811558
803776,1,7,9,22.3980382041101
803777,1,7,9,22.950988623027552
803792,1,7,10,10.895242844028825
803811,0,7,0,0.03400706444087069
803822,1,7,5,0.3700090141005197
803825,1,7,8,6.987648612958533
803832,1,7,9,26.941901900529604
803837,1,7,8,17.60516443496908
803841,1,7,6,21.95169247218696
803850,1,7,8,33.52236407711734
803852,1,7,8,24.56107716393802
803858,1,7,9,25.416778123464102
803860,1,7,6,26.02939643605255
803861,1,7,3,3.2274732791515843
803864,1,7,6,6.9002583652792655
803877,1,7,4,0.3700090657260609
803886,1,7,5,0.3700090141005197
803889,1,7,10,14.41738440516134
803899,1,7,1,22.1317818265596
803925,1,7,5,0.3700090141005197
803926,0,7,0,0.031136451010793813
803967,1,7,5,0.3700090141005197
803982,1,7,9,24.661818031320898
803985,1,7,6,29.714749792039598
804003,1,7,7,6.17759607076575
804004,1,7,10,14.586151341816402
804008,1,7,5,0.3700090141005197
804022,1,7,10,15.788013280887252
804034,0,7,0,0.04105214397203292
804044,1,7,10,4.412918993493163
804048,1,7,8,9.39892368638543
804055,1,7,9,22.84896105451639
804079,1,7,6,22.9890391098091
804090,1,7,6,30.026498700392935
804099,1,7,1,10.454653057039417
804144,1,7,1,18.081643601671043
804147,1,7,7,2.2404858646522925
804158,1,7,10,21.69191599551454
804159,1,7,8,31.33687217690178
804165,1,7,8,24.24714768898939
804178,1,7,9,31.263409109925213
804194,1,7,10,8.258984055944858
804204,1,7,9,24.651300110854276
804206,1,7,5,0.3700090141005197
804215,1,7,9,31.585980091546098
804229,1,7,10,14.333511448653965
804263,1,7,3,2.8823218481529245
804265,0,7,0,0.08047126146677497
804275,1,7,5,0.3700090141005197
804279,1,7,7,2.4766556859237405
804288,1,7,1,8.286145221778654
804289,1,7,9,29.843377341634334
804294,1,7,9,30.322192922470805
804305,1,7,6,21.37964642198782
804313,1,7,4,0.3700090657260609
804315,1,7,4,0.3700090657260609
804328,1,7,1,14.267271989894958
804333,1,7,6,6.51359047748457
804349,1,7,4,0.3700090657260609
804359,1,7,2,10.465878764904206
804384,1,7,9,18.81570246975331
804388,1,7,6,14.81773408763863
804391,1,7,1,18.89081128054719
804402,1,7,7,1.0622591389920373
804422,1,7,10,13.994431365782239
804429,1,7,5,0.3700090141005197
804431,1,7,8,30.633247996503698
804439,1,7,9,22.78817925246248
804451,1,7,8,4.828931288114493
804459,1,7,6,22.294443805960338
804468,1,7,1,10.115838634680266
804477,1,7,8,29.123245344737704
804482,1,7,6,20.649924247951713
804490,1,7,9,15.54544893366426
804491,1,7,5,0.3700090141005197
804508,1,7,7,4.8562786095174575
804509,1,7,6,15.66715868266011
804514,1,7,6,26.845304156331338
804522,1,7,8,32.6004705008754
804523,1,7,10,10.043922018777403
804537,1,7,4,0.3700090657260609
804539,1,7,9,21.214963627538317
804543,1,7,5,0.3700090141005197
804547,1,7,2,15.286820584050721
804553,1,7,5,0.3700090141005197
804572,1,7,10,23.73845707712575
804578,1,7,4,0.3700090657260609
804593,1,7,10,17.774882464730478
804646,1,7,10,20.09986386022142
804651,1,7,6,23.251880016549542
804656,1,7,4,0.3700090657260609
804672,1,7,9,23.622177151517974
804677,1,7,6,21.31185177281203
804695,1,7,9,31.88271608095797
804697,1,7,5,0.3700090141005197
804700,0,7,0,0.038695236202339445
804719,1,7,7,2.294430966953576
804727,1,7,10,18.502977639844854
804743,1,7,10,22.18789449954054
804745,1,7,9,5.366218028746268
804762,1,7,8,17.43725161484132
804766,1,7,5,0.37000902039789374
804770,1,7,2,2.571083000789993
804774,1,7,4,0.3700090657260609
804814,1,7,7,3.8150918079424385
804819,1,7,6,25.8270092256709
804848,1,7,8,22.79347898133465
804890,1,7,8,5.843945462075966
804908,1,7,6,12.192317015499818
804910,1,7,6,30.376355922263002
804915,0,7,0,0.038704233563486394
804919,1,7,9,20.853438722297074
804920,1,7,3,1.4961507720150375
804930,1,7,9,18.70953584851576
804933,1,7,9,20.304805801816592
804935,1,7,7,6.065227909415136
804937,1,7,9,19.715542106282776
804945,1,7,5,0.3700090141005197
804955,1,7,5,0.3700090141005197
804965,1,7,8,19.262427252360435
804968,1,7,8,35.450209164850456
804976,1,7,1,4.396054006698033
805003,1,7,10,3.4123851083801506
805007,1,7,7,3.8970191354031156
805008,0,7,0,0.03373162476010174
805018,0,7,0,0.03579631917378914
805027,1,7,1,23.50932277582846
805032,1,7,1,6.157120847014143
805041,1,7,4,0.3700090657260609
805046,1,7,8,7.01620032565191
805048,1,7,9,25.41673832156835
805063,1,7,5,0.3700090141005197
805065,1,7,5,0.3700090141005197
805068,1,7,8,28.552158769508406
805074,1,7,6,29.750488803863572
805086,1,7,10,14.990920962782136
805112,1,7,1,22.496101271135643
805136,1,7,8,11.893735242942181
805140,1,7,7,4.097400720920101
805141,1,7,6,8.296622101547692
805165,1,7,7,0.33861756981985114
805166,1,7,4,0.3700090657260609
805169,1,7,10,24.028054364469384
805178,1,7,4,0.3700090657260609
805200,1,7,10,24.05125219707145
805211,1,7,4,0.3700090657260609
805220,1,7,8,25.779539617620014
805236,1,7,7,4.244394502851478
805256,1,7,9,33.467014937315945
805257,1,7,1,15.238333635755625
805268,1,7,1,6.8859843354924
805272,1,7,8,24.47113100597954
805275,1,7,6,26.69810868571846
805277,1,7,7,0.5563133377813662
805299,1,7,3,2.9114273002883673
805305,1,7,8,23.228778960631928
805308,1,7,8,18.4404974578795
805343,1,7,4,0.3700090657260609
805344,1,7,6,13.9104022380072
805358,1,7,10,6.725112643832744
805361,1,7,5,0.3700090141005197
805376,1,7,2,11.992858029375903
805380,1,7,5,0.3700090141005197
805383,1,7,6,20.57546914088456
805424,1,7,9,28.14873135431128
805427,1,7,5,0.37000902039789374
805431,1,7,10,18.473232893153046
805434,1,7,5,0.3700090141005197
805436,1,7,1,15.199278893707152
805456,1,7,3,2.6127347224959796
805500,1,7,9,21.041024771154408
805514,1,7,8,25.3462625307255
805523,1,7,6,5.547717619034545
805525,1,7,9,24.64353408225141
805528,1,7,2,10.364004893579299
805532,1,7,5,0.3700090141005197
805535,1,7,9,19.162700045949432
805544,1,7,1,25.397653076174443
805554,0,7,0,0.12769184777037965
805566,1,7,9,2.614443428323436
805576,1,7,10,7.289908602700239
805625,1,7,8,16.199244055967565
805632,1,7,10,23.871278480831013
805649,1,7,3,2.544156314001417
805660,1,7,5,0.3700090141005197
805672,1,7,10,7.463590444865364
805680,1,7,10,4.064407837786518
805686,1,7,9,22.93035903571452
805708,1,7,2,12.592132434971193
805747,1,7,8,20.720653044053364
805749,1,7,5,0.3700090141005197
805750,0,7,0,0.02943447642758575
805760,1,7,7,3.126981546763723
805764,1,7,6,19.211840908324866
805773,1,7,10,19.925079939777397
805777,1,7,9,24.456358554901968
805793,1,7,8,33.52633651444301
805804,1,7,9,17.197649333477482
805811,1,7,1,16.504514583967797
805825,1,7,3,3.239507494805948
805835,1,7,9,17.710430315032074
805849,1,7,6,5.713072864317449
805870,1,7,4,0.3700090657260609
805886,0,7,0,0.04025060441268895
805891,1,7,7,1.98027503024088
805898,0,7,0,0.033296281701091314
805900,1,7,6,14.925163706346956
805906,0,7,0,0.030542086525838428
805917,1,7,6,26.69992567943475
805918,1,7,1,27.9188703513984
805920,1,7,5,0.3700090141005197
805933,1,7,9,16.84758285450644
805935,1,7,5,0.3700090141005197
805947,0,7,0,0.039177722134037425
805952,1,7,10,9.417010332757155
805963,1,7,9,19.87788923015253
805967,1,7,8,16.673739203415533
805970,1,7,2,15.932948463804726
805989,1,7,1,6.8764335604793745
805992,1,7,8,26.33173536256263
805994,1,7,5,0.3700090141005197
805996,1,7,10,6.00690451018352
806022,1,7,6,29.35564631295126
806034,1,7,7,0.9020139913328589
806049,1,7,8,7.7603142198430985
806068,1,7,1,16.805996287723108
806106,1,7,5,0.3700090141005197
806109,1,7,9,33.45025781599948
806113,1,7,6,21.772753033653274
806118,1,7,6,18.634005477987625
806129,1,7,9,30.759741663509136
806132,0,7,0,0.03157120458651112
806135,1,7,1,12.808984798175484
806145,1,7,10,24.477227923699182
806169,1,7,10,10.430930952894746
806173,1,7,9,22.145180326810067
806180,1,7,1,10.23144584097421
806197,1,7,5,0.3700090141005197
806203,1,7,9,26.155892497688303
806221,1,7,9,31.750339693489675
806224,1,7,8,19.98865981966071
806245,1,7,9,27.302751424519833
806254,1,7,5,0.3700090141005197
806255,1,7,8,34.82825550358966
806263,1,7,8,22.942654638278263
806291,1,7,5,0.3700090141005197
806303,1,7,4,0.3700090657260609
806321,1,7,9,31.780740354190463
806325,1,7,6,24.39667018312166
806331,1,7,3,3.112991108963297
806332,1,7,6,25.503206589971356
806347,1,7,5,0.3700090141005197
806350,1,7,7,0.6919755869637876
806372,1,7,1,14.451473858358522
806385,1,7,9,29.977884842724674
806411,1,7,5,0.3700090141005197
806428,1,7,5,0.3700090141005197
806435,1,7,9,20.556621587874986
806448,1,7,9,29.591729083611142
806459,1,7,7,6.339818701399067
806461,0,7,0,0.039247675413020454
806467,1,7,10,25.41841130478234
806471,1,7,5,0.37000902039789374
806474,1,7,5,0.3700090141005197
806475,1,7,9,26.131856517311142
806484,1,7,9,33.252410250008516
806505,1,7,1,24.705180316296214
806517,1,7,10,18.115570690668687
806519,1,7,10,19.719418599021466
806520,1,7,7,5.711885953295089
806529,1,7,6,6.567078178386775
806531,1,7,9,5.5782869478060855
806547,1,7,5,0.3700090141005197
806559,1,7,1,3.8408107704011214
806567,1,7,8,28.880288944897224
806576,1,7,5,0.3700090141005197
806586,0,7,0,0.038841228897322735
806594,1,7,2,16.051618655357075
806617,1,7,6,26.92976025212655
806623,1,7,4,0.3700090657260609
806635,0,7,0,0.03474609942950081
806641,1,7,1,23.557438927441865
806692,1,7,1,14.073548906893071
806699,1,7,5,0.3700090141005197
806711,1,7,10,22.083999712241273
806724,1,7,9,19.941787893981708
806738,1,7,5,0.3700090141005197
806771,1,7,5,0.3700090141005197
806782,1,7,10,14.120024157585354
806783,1,7,2,15.75427508232839
806805,1,7,6,27.37280634330097
806823,1,7,6,5.87657428585121
806864,1,7,10,16.02595695521384
806881,1,7,9,25.184451043450338
806886,1,7,5,0.37000902039789374
806906,1,7,2,11.434025384465135
806941,1,7,10,23.734518070753438
806942,1,7,9,15.054681514237757
806945,1,7,6,30.521325737970923
806949,1,7,7,1.5205067600671802
806959,1,7,6,27.42071340609952
806960,1,7,6,29.305753099184837
806970,1,7,9,22.898906331671245
806986,1,7,10,20.24316492247305
806993,1,7,6,22.700002922445364
806998,1,7,6,30.39345981249604
807004,1,7,4,0.3700090657260609
807009,1,7,5,0.3700090141005197
807013,1,7,4,0.3700090657260609
807034,1,7,4,0.3700090657260609
807043,1,7,4,0.3700090657260609
807047,1,7,6,22.017929490180748
807055,1,7,4,0.3700090657260609
807061,1,7,8,10.252458710016661
807064,1,7,6,19.221129047726098
807074,1,7,1,13.08488657953447
807088,1,7,3,2.0196829243453474
807093,1,7,7,5.613672126013863
807102,1,7,8,21.803088837066
807104,1,7,9,27.15218180270683
807119,0,7,0,0.03441738117485154
807136,1,7,8,2.692019268878528
807142,1,7,8,18.718890746844497
807150,1,7,5,0.3700090141005197
807164,1,7,6,29.5296197898079
807166,1,7,1,23.373164625878044
807168,1,7,6,18.776641583376005
807175,1,7,1,27.428206348710113
807193,1,7,2,14.09104797681365
807206,1,7,10,20.228161665668225
807213,1,7,10,10.056404381844349
807243,1,7,5,0.3700090141005197
807245,1,7,9,23.534004066102174
807249,1,7,4,0.3700090657260609
807277,1,7,9,33.055506638745264
807280,1,7,9,33.35711144034595
807297,1,7,4,0.3700090657260609
807300,0,7,0,0.17995714540214683
807304,1,7,8,35.39722628230483
807307,1,7,8,9.458274023548176
807315,1,7,5,0.3700090141005197
807353,1,7,8,23.319563159964517
807359,1,7,3,3.0332552149035177
807362,1,7,8,24.346432042205212
807393,1,7,5,0.3700090141005197
807396,1,7,4,0.3700090657260609
807397,1,7,9,24.451284127472807
807418,1,7,3,2.411179686300917
807433,1,7,5,0.3700090141005197
807444,1,7,7,4.5104417708716
807452,1,7,9,33.088839092515784
807458,1,7,10,25.905558561028762
807460,1,7,9,17.697360496586853
807473,1,7,6,10.880436867604269
807510,1,7,9,13.24167219854243
807527,1,7,10,20.461276948821403
807546,0,7,0,0.0444307265757438
807550,1,7,5,0.37000902039789374
807555,1,7,9,14.247564365793933
807560,1,7,8,19.758148529908933
807567,1,7,2,12.567393048590949
807571,1,7,9,26.037424553732837
807580,1,7,4,0.3700090657260609
807601,1,7,4,0.3700090657260609
807605,1,7,8,21.75281859623631
807613,1,7,7,4.588170794890983
807615,1,7,5,0.3700090141005197
807618,1,7,5,0.3700090141005197
807632,1,7,5,0.3700090141005197
807636,1,7,4,0.3700090657260609
807639,1,7,9,22.61619233795747
807644,0,7,0,0.0783327477326348
807695,1,7,1,18.04809674127527
807715,1,7,5,0.3700090141005197
807734,0,7,0,0.030219197590480744
807754,1,7,9,32.79779922715345
807768,1,7,9,31.412989185795087
807772,1,7,5,0.3700090141005197
807774,1,7,4,0.3700090657260609
807780,1,7,9,33.280318051358634
807785,1,7,9,9.044816644655274
807788,1,7,8,10.810491228855422
807791,1,7,8,35.34393423625637
807796,1,7,3,3.1545395435914294
807804,1,7,5,0.3700090141005197
807808,1,7,6,28.648742747025523
807814,1,7,9,22.442385044559312
807817,1,7,1,15.828349587370775
807842,1,7,6,19.455769873231933
807845,1,7,6,8.35981311759385
807864,1,7,10,8.942933674869355
807879,0,7,0,0.04191203319854736
807897,1,7,8,27.199264156050877
807904,1,7,5,0.3700090141005197
807911,1,7,10,17.13360647636315
807922,1,7,4,0.3700090657260609
807932,0,7,0,0.04113262728057339
807941,1,7,5,0.3700090141005197
807955,1,7,8,33.305068392936256
807958,1,7,2,15.132454510906852
807960,1,7,10,5.599701349620087
807969,1,7,5,0.3700090141005197
807974,1,7,7,5.044991588937297
807984,1,7,6,5.353591703849972
807996,1,7,5,0.3700090141005197
807998,1,7,9,30.88021459572302
808006,1,7,4,0.3700090657260609
808011,1,7,2,5.6077352487989645
808017,1,7,4,0.3700090657260609
808021,1,7,10,18.625795840848788
808022,1,7,9,32.178774746587465
808026,1,7,8,15.242894909425708
808031,0,7,0,0.036529551702492606
808044,1,7,1,16.841284970356334
808053,1,7,5,0.3700090141005197
808066,0,7,0,0.04667089465406982
808068,1,7,10,19.436846500938316
808087,1,7,7,0.46839692373625275
808091,1,7,10,11.085902663596764
808093,1,7,8,32.636599565613395
808096,1,7,9,21.363547829931285
808107,1,7,9,28.585972372116583
808114,1,7,9,7.364701352603958
808115,1,7,9,18.857944781658297
808116,1,7,3,1.6410917449096625
808118,1,7,7,3.4027510028720775
808122,1,7,5,0.3700090141005197
808125,0,7,0,0.11076528022460787
808151,1,7,5,0.3700090141005197
808162,1,7,3,3.1721884534970055
808183,1,7,4,0.3700090657260609
808216,1,7,10,18.519527502650284
808235,1,7,5,0.3700090141005197
808249,1,7,5,0.3700090141005197
808251,1,7,8,28.5118595419504
808264,1,7,10,22.350620191339797
808284,1,7,7,6.032582292225038
808304,1,7,4,0.3700090657260609
808306,1,7,9,24.460317730061917
808311,1,7,7,6.337441209939649
808314,1,7,9,21.66063762596226
808318,1,7,4,0.3700090657260609
808319,1,7,4,0.3700090657260609
808321,1,7,4,0.3700090657260609
808325,1,7,4,0.3700090657260609
808330,1,7,4,0.3700090657260609
808331,1,7,9,29.457797644760642
808332,1,7,9,7.139603049144791
808349,1,7,8,20.986734775368117
808372,1,7,8,28.062737861001082
808375,1,7,6,28.983277318209513
808383,0,7,0,0.038951800920208536
808391,1,7,1,21.82600053407546
808400,1,7,8,21.328798001937965
808406,1,7,8,31.97546898278083
808415,1,7,6,5.303463386940929
808423,1,7,5,0.3700090141005197
808429,1,7,4,0.3700090657260609
808435,1,7,4,0.3700090657260609
808452,1,7,5,0.3700090141005197
808461,1,7,1,22.848410118694368
808468,1,7,5,0.3700090141005197
808486,1,7,5,0.3700090141005197
808490,1,7,9,33.01095068253676
808513,0,7,0,0.046757193908008095
808514,1,7,6,26.104074741316378
808532,1,7,8,5.155395670549214
808536,1,7,2,9.861135648477484
808538,1,7,10,21.757318835498435
808555,1,7,9,12.061922039907218
808557,1,7,9,32.44424640951794
808564,1,7,2,3.529986932644412
808566,1,7,8,3.699141364847895
808567,1,7,10,17.80081653637119
808568,1,7,8,20.573006664269172
808573,1,7,8,26.322535735811314
808583,1,7,7,1.2850283769810784
808585,1,7,1,17.929330664137773
808586,0,7,0,0.0345069936747194
808612,1,7,1,8.29775324189022
808613,1,7,7,2.6155056279966735
808620,1,7,7,4.199192594010864
808625,1,7,6,12.800350884295453
808649,1,7,4,0.3700090657260609
808670,1,7,8,27.314602881715928
808678,1,7,5,0.37000902039789374
808709,1,7,4,0.3700090656202526
808726,1,7,4,0.3700090657260609
808742,1,7,4,0.3700090657260609
808746,1,7,5,0.3700090141005197
808751,1,7,6,28.96836663854382
808779,1,7,6,26.09934617531958
808784,1,7,6,7.940153770696015
808793,1,7,8,32.386487093515704
808797,1,7,9,31.357414487165396
808803,1,7,9,32.92110455460356
808806,1,7,8,31.11537374445934
808810,1,7,6,18.924575598145594
808812,1,7,10,13.802379925097489
808817,1,7,1,8.230858305189923
808818,1,7,3,2.0105009030471694
808823,1,7,5,0.3700090141005197
808830,1,7,8,28.582672413484868
808833,1,7,4,0.3700090657260609
808852,1,7,10,18.196265830502295
808875,1,7,2,8.667246984786633
808877,1,7,5,0.3700090141005197
808878,1,7,4,0.3700090657260609
808885,1,7,6,17.804728027206284
808887,1,7,9,10.908074270173174
808894,1,7,9,16.074131468943445
808901,1,7,4,0.3700090657260609
808907,1,7,6,5.470100256304786
808916,1,7,5,0.3700090141005197
808931,1,7,3,1.0806440205090864
808932,1,7,9,26.519917424596816
808947,1,7,4,0.3700090657260609
808974,1,7,5,0.37000902039789374
808982,0,7,0,0.042735193120820074
808990,1,7,7,5.748361835859334
809000,1,7,7,0.4287672938439082
809031,1,7,8,24.58144729313449
809060,1,7,8,6.51885680177546
809073,1,7,7,0.5449766544194937
809077,1,7,4,0.3700090657260609
809079,1,7,5,0.3700090141005197
809084,1,7,1,24.577321632154582
809096,1,7,5,0.3700090141005197
809113,1,7,5,0.3700090141005197
809126,1,7,2,15.805313751676714
809131,1,7,10,15.646627610266941
809132,1,7,9,32.73223645386903
809184,1,7,9,25.00707268714465
809193,1,7,6,22.04569721346815
809195,1,7,4,0.3700090657260609
809200,1,7,5,0.3700090141005197
809226,1,7,9,15.18360511744165
809237,1,7,5,0.3700090141005197
809239,1,7,10,11.498680950441786
809244,1,7,10,7.2140647859448555
809250,1,7,4,0.3700090657260609
809252,0,7,0,0.031031976669704784
809262,1,7,5,0.3700090141005197
809266,1,7,5,0.3700090141005197
809268,1,7,4,0.3700090657260609
809276,1,7,9,6.789373728708716
809278,1,7,3,2.780889023448105
809279,1,7,8,23.455129579415473
809329,1,7,5,0.3700090141005197
809330,1,7,3,3.2069937964328616
809336,1,7,5,0.37000902039789374
809345,1,7,5,0.3700090141005197
809351,1,7,9,22.22195124271278
809379,1,7,8,18.972958552149798
809381,0,7,0,0.04720935516237955
809383,1,7,8,27.932215169025586
809397,1,7,5,0.3700090141005197
809405,1,7,9,25.4362498363214
809432,1,7,4,0.3700090657260609
809435,1,7,4,0.3700090657260609
809452,1,7,9,30.490809076122343
809454,1,7,8,33.30076771595666
809468,1,7,9,15.396560486065388
809484,1,7,5,0.3700090141005197
809499,1,7,5,0.3700090141005197
809507,1,7,10,20.07389520422298
809511,1,7,5,0.3700090141005197
809525,1,7,8,35.002789838927555
809543,1,7,8,21.996304870804934
809555,1,7,9,19.93564491734893
809558,1,7,7,0.3632384134746902
809562,1,7,1,14.91911263087086
809565,1,7,7,0.9203636153926159
809570,1,7,10,21.38613214181906
809589,1,7,9,19.668591807201416
809590,1,7,7,0.9924324111461298
809591,1,7,6,6.704677722372739
809602,1,7,9,26.749989007869356
809616,1,7,4,0.3700090657260609
809617,1,7,6,17.46005839615301
809634,1,7,9,28.454946999354505
809649,1,7,8,16.209564858155417
809656,1,7,9,18.23528285339488
809660,1,7,6,19.524227091324107
809662,1,7,5,0.3700090141005197
809667,1,7,6,17.3929280296707
809672,1,7,6,30.25983057447344
809692,1,7,5,0.3700090141005197
809716,1,7,6,29.39172634959788
809724,1,7,5,0.3700090141005197
809738,1,7,4,0.3700090657260609
809745,1,7,1,25.530161276709784
809753,1,7,3,1.955040121493066
809760,1,7,8,35.27597568478823
809761,1,7,8,10.112898315128525
809762,1,7,8,29.19261570269063
809775,0,7,0,0.0355933438182672
809781,1,7,2,10.06643171317471
809786,1,7,6,29.40237971223336
809811,0,7,0,0.02957638960087776
809839,0,7,0,0.03716964228810566
809846,1,7,10,7.465297617039268
809850,1,7,8,31.454241952504375
809862,1,7,6,22.24601104769285
809881,1,7,6,29.998676088407915
809882,0,7,0,0.0269485887180787
809895,1,7,9,32.3054101960031
809909,1,7,8,11.685946127186702
809910,1,7,10,14.436661190082143
809911,1,7,8,24.656030801815866
809923,1,7,7,1.5187934427965055
809930,0,7,0,0.033857752214131016
809943,1,7,8,7.312181761474916
809944,1,7,8,30.242876394596298
809953,1,7,3,3.176840227536143
809975,1,7,6,17.328841999109425
809988,1,7,8,28.977580534374454
809992,1,7,8,28.198133636124073
809996,1,7,1,14.31398044943733
809998,1,7,7,2.416988546891811
810004,1,7,10,25.430979327280642
810009,1,7,9,31.353654673516964
810028,1,7,5,0.3700090141005197
810032,1,7,9,7.698290496151745
810039,1,7,8,3.30385628861042
810046,1,7,2,16.113818337103456
810047,1,7,1,23.640719289128985
810054,1,7,4,0.3700090657260609
810058,1,7,10,19.89002477656107
810059,0,7,0,0.04238713485956996
810065,1,7,9,22.15209621889483
810076,1,7,2,10.144937856759137
810078,1,7,9,7.018847176972514
810090,1,7,6,30.612611641294386
810103,1,7,4,0.3700090657260609
810109,1,7,6,11.793188680290982
810131,1,7,1,27.30167205921099
810133,1,7,7,4.7391765286504715
810134,1,7,8,23.094102950468727
810139,1,7,9,24.309105027297125
810151,0,7,0,0.03385985790302361
810160,1,7,4,0.3700090657260609
810165,1,7,9,16.58932944763183
810168,1,7,9,12.545027492469796
810192,1,7,5,0.3700090141005197
810202,1,7,6,12.389715498555278
810224,1,7,6,30.255817796760248
810229,1,7,10,18.31460736860701
810299,0,7,0,0.033964090014453364
810300,1,7,4,0.3700090657260609
810302,1,7,4,0.3700090657260609
810310,1,7,8,13.143294515288243
810314,1,7,6,14.223912042052818
810320,1,7,8,35.832813913191465
810328,1,7,9,32.75939765155496
810343,1,7,9,28.557959249993942
810347,1,7,9,32.43805211727809
810360,1,7,4,0.3700090657260609
810365,1,7,10,23.522027135851488
810366,1,7,4,0.3700090657260609
810379,1,7,8,30.45063293144662
810388,1,7,5,0.3700090141005197
810398,1,7,10,25.858187216506185
810400,1,7,4,0.3700090657260609
810414,1,7,2,10.771459843234638
810427,1,7,1,3.816369292835513
810428,1,7,9,33.37658732426881
810447,1,7,3,3.204887563617442
810448,1,7,9,3.463396179345687
810459,1,7,10,6.19535684934135
810472,1,7,10,4.707039103752676
810474,1,7,5,0.3700090141005197
810501,1,7,9,10.804757780970544
810502,1,7,9,33.707566900005475
810505,1,7,1,14.391935638695708
810506,1,7,7,6.2581227710641665
810514,1,7,9,31.085521934519303
810517,1,7,9,28.563772497631014
810523,1,7,6,17.850488781958507
810531,0,7,0,0.03140572652019793
810534,1,7,10,25.76634080213885
810553,1,7,10,21.966905430706202
810566,1,7,6,20.02341975068557
810571,1,7,8,6.366351130186414
810584,0,7,0,0.05886924158358519
810585,1,7,7,2.5089681828582053
810590,1,7,1,9.550990331451825
810604,1,7,8,30.40445522611086
810607,1,7,5,0.3700090141005197
810608,1,7,8,25.07119151397902
810616,1,7,10,15.583778910155852
810626,0,7,0,0.192213038314923
810664,1,7,7,5.372136486070116
810666,1,7,2,11.683626549328741
810669,1,7,3,1.5604399828931377
810673,1,7,9,4.46691467537115
810684,1,7,9,29.871935235625504
810686,1,7,8,34.029205082691945
810700,1,7,10,7.158051455249732
810702,1,7,9,28.847609513782178
810715,1,7,1,16.342089712887116
810719,1,7,8,27.73872086670363
810721,1,7,5,0.3700090141005197
810731,1,7,9,14.282957431890871
810746,1,7,9,33.6091726721656
810747,1,7,9,14.936478957600968
810748,1,7,9,31.795758886198904
810758,1,7,5,0.3700090141005197
810776,1,7,10,14.548663430705568
810785,1,7,4,0.3700090656202526
810786,1,7,4,0.3700090656202526
810789,1,7,1,17.865419580247654
810791,1,7,5,0.3700090141005197
810794,1,7,6,19.847773579032147
810799,1,7,4,0.3700090657260609
810831,1,7,9,30.638556789910147
810875,1,7,7,1.6201153029430182
810890,1,7,10,13.679192346359853
810893,1,7,5,0.3700090141005197
810904,1,7,9,20.2148171278508
810919,1,7,9,20.037061089332088
810930,1,7,1,21.24179038017466
810946,1,7,8,17.228653427000353
810969,1,7,4,0.3700090657260609
810974,1,7,8,7.351874181683762
810988,1,7,9,18.98361565465533
811002,1,7,9,24.82654262263232
811008,1,7,8,29.350301170191095
811013,1,7,5,0.3700090141005197
811014,1,7,4,0.3700090657260609
811016,1,7,4,0.3700090657260609
811042,1,7,7,5.803145575835849
811049,1,7,10,17.684487147160343
811059,1,7,7,3.7473867420496267
811073,1,7,3,1.9139180632197912
811097,1,7,1,18.531419845265848
811100,1,7,1,22.14859436565114
811102,1,7,10,13.746700803086412
811115,1,7,6,22.696259736765782
811116,1,7,8,25.066952861177626
811119,1,7,9,30.668925481453932
811121,0,7,0,0.03672574483983554
811130,1,7,1,19.62850578185191
811159,1,7,6,7.461290077321059
811169,0,7,0,0.111925085039796
811172,1,7,6,25.874225327333274
811188,1,7,8,33.278580119833954
811193,1,7,8,22.92143274129798
811208,0,7,0,0.03621111498773521
811213,1,7,4,0.3700090657260609
811217,1,7,8,2.3227824628156224
811221,1,7,10,20.90448440307662
811250,1,7,4,0.3700090657260609
811257,1,7,2,10.125091794185646
811262,1,7,4,0.3700090657260609
811269,1,7,4,0.3700090657260609
811270,1,7,8,12.748264604031682
811273,1,7,9,28.958019874341602
811284,1,7,7,3.200690931161615
811288,1,7,4,0.3700090657260609
811293,1,7,1,13.100747437595407
811299,1,7,3,2.6145176797788854
811304,1,7,8,34.189484182412016
811306,0,7,0,0.11542793756288697
811334,1,7,5,0.3700090141005197
811355,1,7,8,32.64758628934396
811362,1,7,4,0.3700090657260609
811373,0,7,0,0.042416783256891154
811412,1,7,8,23.28122097614161
811429,1,7,1,16.738478397765068
811434,0,7,0,0.04718034901896493
811435,1,7,9,29.190566684625406
811444,1,7,9,25.32263632092151
811459,1,7,9,32.698390804933226
811466,1,7,10,9.721221208705044
811476,1,7,8,33.20225515261358
811491,1,7,10,24.84096235995462
811492,1,7,9,25.29608219240863
811494,1,7,4,0.3700090657260609
811502,1,7,5,0.3700090141005197
811506,1,7,2,6.005335039235496
811519,1,7,6,25.751450273266116
811532,1,7,5,0.3700090141005197
811539,1,7,8,17.341573996196654
811550,1,7,5,0.3700090141005197
811556,1,7,4,0.3700090657260609
811558,1,7,9,22.2754584188087
811586,1,7,8,18.458649908914225
811633,1,7,4,0.3700090657260609
811635,1,7,7,2.9739624382328933
811640,1,7,9,16.37462471633763
811643,1,7,8,19.607460417476936
811659,1,7,8,24.63307653724583
811662,1,7,9,14.537239106446982
811668,1,7,9,25.37259829999722
811670,1,7,3,2.230907407736507
811687,1,7,1,20.340330701367282
811706,1,7,1,21.185567011409994
811709,1,7,8,26.475446113713698
811711,1,7,6,24.19875106386701
811723,1,7,6,27.48525675647883
811726,1,7,2,6.400321676606958
811737,1,7,6,25.56434463900236
811757,1,7,5,0.3700090141005197
811763,1,7,8,25.499353441870987
811779,0,7,0,0.03913103046003013
811808,1,7,5,0.37000902039789374
811816,1,7,2,14.056717168725173
811822,1,7,10,22.476533385086736
811827,1,7,8,10.408034315319817
811839,1,7,4,0.3700090657260609
811846,1,7,3,3.0839195111650537
811884,1,7,9,26.207240929987478
811912,1,7,10,18.67655501051165
811915,1,7,4,0.3700090657260609
811940,1,7,6,21.418579654283402
811944,1,7,10,7.038262525723598
811967,1,7,4,0.3700090657260609
811968,1,7,9,12.405097475687763
811972,1,7,1,25.627440752684976
811974,1,7,9,22.914450422405313
811976,0,7,0,0.04236008990903901
811978,1,7,9,10.58091829919138
812001,1,7,7,3.275308350321141
812011,1,7,4,0.3700090657260609
812013,1,7,4,0.3700090657260609
812029,1,7,8,16.24609697827445
812053,1,7,3,0.9246521861202605
812064,1,7,5,0.3700090141005197
812099,1,7,4,0.3700090657260609
812103,1,7,2,9.95141142609892
812129,1,7,3,0.5976410699250295
812149,1,7,10,13.64423184694676
812153,1,7,10,26.033495996258786
812156,0,7,0,0.033283494307904976
812180,1,7,9,30.907834897482115
812199,1,7,4,0.3700090657260609
812230,1,7,7,1.4123839773468727
812232,1,7,3,3.14465836406206
812233,1,7,9,17.561227353143572
812239,1,7,3,0.6676712551801961
812251,1,7,10,6.331943457684124
812263,1,7,10,19.302361870991298
812265,0,7,0,0.03710106156638222
812267,1,7,8,33.282270942379796
812274,1,7,1,4.108346444278383
812275,1,7,6,14.718552691321596
812282,1,7,4,0.3700090657260609
812286,1,7,2,8.402036059894304
812288,1,7,8,11.260271252459361
812291,1,7,7,3.7629165599732555
812293,1,7,8,13.106100829717182
812312,1,7,8,22.514375210270067
812317,1,7,1,22.918808145126466
812320,1,7,7,4.501275220846732
812340,1,7,8,26.03402685468228
812341,1,7,10,21.00165357383947
812345,1,7,7,6.1841245760089265
812352,0,7,0,0.03893194943685758
812353,1,7,8,18.39547509609554
812366,1,7,3,3.1513864224466257
812379,1,7,6,11.676871350756654
812386,1,7,9,33.104358211200505
812395,1,7,7,6.0225436315168475
812403,1,7,9,22.58794346987122
812404,1,7,2,9.12580863184131
812411,1,7,4,0.3700090657260609
812412,1,7,9,22.107456225255646
812414,1,7,6,21.864967179859192
812422,1,7,6,16.858410060865776
812423,1,7,6,29.296869851025512
812431,1,7,9,31.402996875059607
812432,1,7,1,18.702175581748232
812433,1,7,9,17.734587976232152
812434,1,7,8,4.447771248667366
812477,1,7,8,9.080065518381772
812499,0,7,0,0.04707387748693727
812500,1,7,5,0.3700090141005197
812502,1,7,9,17.907603145758276
812510,1,7,8,31.126267795344855
812535,1,7,9,14.296615216566828
812538,1,7,7,3.021601450195041
812542,1,7,7,5.787494018141689
812551,1,7,9,3.1257804788125365
812552,1,7,9,25.36950969325482
812579,1,7,9,23.339413732687817
812611,1,7,5,0.3700090141005197
812628,1,7,8,23.864017996348597
812629,1,7,4,0.3700090657260609
812636,1,7,6,12.116829304379543
812647,1,7,5,0.3700090141005197
812649,1,7,4,0.3700090657260609
812667,1,7,9,19.066054310994666
812669,1,7,8,6.195914970645263
812673,1,7,8,33.529995830720786
812678,1,7,9,23.474551217080077
812710,1,7,1,20.341235481640332
812714,1,7,8,29.18209674539946
812723,1,7,3,3.1981268981587214
812726,1,7,6,19.194314531412964
812734,1,7,8,12.921494454384264
812743,1,7,2,3.6959205841274
812761,1,7,3,2.8640151221029284
812765,1,7,8,18.822774786038735
812770,1,7,3,3.287095460642399
812779,1,7,5,0.3700090141005197
812794,1,7,1,12.833081494987223
812797,1,7,8,14.993332293059074
812813,1,7,9,3.1619591021847726
812835,1,7,8,3.7094631619353815
812839,1,7,9,22.142846671303076
812854,1,7,8,35.3524407156943
812871,1,7,10,17.165628398158283
812883,1,7,4,0.3700090657260609
812887,1,7,8,26.574082504413916
812908,1,7,6,25.03855226672381
812918,1,7,9,23.026494892072595
812933,1,7,6,29.305839621982564
812965,1,7,6,6.091924821954293
812973,1,7,5,0.3700090141005197
812974,1,7,2,15.240505355350164
813006,1,7,7,3.80995377873134
813015,1,7,9,6.233479018036081
813027,1,7,9,17.744923159050977
813028,1,7,5,0.3700090141005197
813029,1,7,10,25.281426249608906
813032,1,7,8,34.619752365319584
813034,1,7,10,15.302008674649493
813045,1,7,6,19.58865461923918
813058,0,7,0,0.04179685473631059
813063,1,7,9,20.0460706529682
813071,1,7,7,5.553009611555443
813075,1,7,4,0.3700090657260609
813097,1,7,6,26.53756935720538
813110,1,7,4,0.3700090656202526
813129,1,7,9,29.76145456536027
813147,1,7,8,33.57799289897199
813148,0,7,0,0.1509290533069551
813149,1,7,2,7.109620202197618
813156,0,7,0,0.03417554071972866
813158,1,7,10,15.047304684377973
813185,1,7,9,20.485741788163743
813190,1,7,8,33.85507203117004
813193,1,7,8,35.57050785220293
813226,1,7,5,0.3700090141005197
813227,0,7,0,0.04727861197062039
813228,1,7,4,0.3700090657260609
813230,1,7,10,26.020252469351476
813254,1,7,9,30.16384352870184
813260,1,7,5,0.3700090141005197
813291,1,7,7,0.3423693961951125
813308,1,7,8,11.079115198148553
813313,1,7,7,3.3620847251029806
813314,1,7,10,8.213191141285629
813315,1,7,1,22.48474634595145
813317,1,7,4,0.3700090657260609
813321,1,7,9,17.310640677949007
813325,1,7,9,31.87992111822043
813346,1,7,5,0.3700090141005197
813360,1,7,10,14.509263034207754
813367,1,7,9,25.202867596519436
813380,1,7,6,25.061579272434592
813389,1,7,9,18.016187628191584
813398,1,7,9,23.854380329127814
813400,1,7,10,18.868930257495308
813408,1,7,1,8.807050554156184
813431,1,7,6,9.95684750051972
813448,1,7,1,23.24407436588592
813456,1,7,8,13.745949289542486
813461,1,7,8,27.59361799681934
813466,1,7,8,28.233863536747265
813473,1,7,6,27.666906665695713
813475,1,7,5,0.3700090141005197
813478,0,7,0,0.035724645428519275
813490,1,7,8,22.284248763033602
813500,1,7,10,26.025300493675033
813505,1,7,10,10.760041102123543
813522,1,7,8,18.005780803634348
813530,1,7,1,18.66611023747604
813540,1,7,8,13.061462838545788
813552,0,7,0,0.03941083318582778
813560,1,7,5,0.3700090141005197
813566,1,7,8,8.471719056289306
813569,1,7,6,20.474586225504634
813588,1,7,5,0.3700090141005197
813602,1,7,9,30.644357564051806
813605,0,7,0,0.04482022247003064
813621,1,7,8,21.7618009575721
813634,1,7,5,0.3700090141005197
813643,1,7,7,5.311859454687262
813648,1,7,9,6.072514709206607
813666,1,7,1,27.99682772184228
813667,1,7,8,29.064670517140012
813683,1,7,6,28.97612073515376
813691,1,7,9,22.156574561627153
813703,1,7,9,11.973347014979268
813705,1,7,10,6.260777592937501
813707,1,7,9,33.65644650957593
813723,1,7,9,30.65815178896796
813727,1,7,9,26.484912998082564
813734,0,7,0,0.03503502057869164
813738,1,7,9,19.797587423010047
813751,1,7,5,0.3700090141005197
813757,1,7,9,14.830691578498177
813760,1,7,4,0.3700090657260609
813766,1,7,5,0.3700090141005197
813792,1,7,9,19.262297286918198
813795,1,7,10,6.333872471772097
813797,1,7,2,3.315127674201923
813803,1,7,9,30.652118259015587
813805,1,7,9,33.34051875457081
813820,1,7,10,20.82781559592882
813830,1,7,5,0.3700090141005197
813834,1,7,8,21.222016687310063
813847,1,7,4,0.3700090657260609
813856,1,7,5,0.3700090141005197
813859,0,7,0,0.046132034268002095
813860,1,7,1,4.90320640218179
813867,1,7,5,0.3700090141005197
813872,1,7,7,5.218582626924785
813887,1,7,10,8.243810000369447
813902,1,7,9,24.026018707761004
813909,1,7,5,0.3700090141005197
813918,1,7,6,7.937416445662247
813938,1,7,10,23.325698789265264
813939,1,7,9,32.88330602506446
813948,1,7,5,0.3700090141005197
813959,1,7,3,1.7741753219595815
813965,1,7,6,18.593953512363935
813976,1,7,9,9.013206312041094
813989,1,7,9,17.20507065859683
814007,1,7,1,24.42772597541964
814015,1,7,2,13.961930279636173
814017,1,7,10,4.499756524198281
814019,1,7,9,23.133387365947996
814023,1,7,6,22.05196426793311
814032,1,7,9,22.986823708756535
814048,1,7,8,24.538122194062723
814059,1,7,7,3.0768271001126646
814069,1,7,6,5.434864533172481
814074,1,7,1,24.257120931645137
814087,1,7,8,29.731531222874207
814096,1,7,2,13.492639985187848
814100,1,7,4,0.3700090657260609
814115,1,7,4,0.3700090657260609
814122,1,7,8,24.42180610493941
814142,1,7,10,13.394571913481366
814145,1,7,9,32.44570763844777
814151,1,7,5,0.3700090141005197
814154,1,7,2,7.412507755436278
814175,1,7,10,17.705497077134055
814178,1,7,1,27.66179953778453
814181,1,7,9,23.225029326981716
814184,1,7,5,0.3700090141005197
814190,1,7,5,0.3700090141005197
814221,1,7,6,22.071888490476116
814226,1,7,4,0.3700090657260609
814255,1,7,5,0.3700090141005197
814264,1,7,9,24.24824587499298
814265,1,7,5,0.3700090141005197
814278,1,7,6,30.496486702921477
814294,1,7,8,28.449499985034468
814297,1,7,1,7.448472092312481
814302,1,7,8,10.004237441389966
814303,0,7,0,0.03178758103395331
814318,1,7,6,24.23791190094108
814325,1,7,6,25.08866074545154
814330,1,7,7,2.7157950104996478
814349,1,7,9,31.56730776207313
814350,1,7,7,1.822315276475245
814352,1,7,5,0.3700090141005197
814357,1,7,4,0.3700090657260609
814379,1,7,7,6.074225041504022
814388,1,7,10,16.305991883637482
814391,1,7,7,2.1028576845634843
814406,1,7,8,26.5568003599171
814414,1,7,10,17.42166349775627
814417,1,7,8,30.25401687629894
814419,1,7,6,11.48192270939575
814432,1,7,3,2.2655556159268193
814442,1,7,5,0.3700090141005197
814468,1,7,6,29.639522281080232
814469,1,7,4,0.3700090657260609
814472,1,7,8,31.190025705044736
814490,1,7,4,0.3700090657260609
814512,0,7,0,0.03328068178614839
814521,1,7,5,0.3700090141005197
814525,1,7,9,26.599160635518672
814528,1,7,4,0.3700090657260609
814533,1,7,8,32.31659480447379
814543,1,7,5,0.3700090141005197
814568,1,7,10,12.97123905274005
814571,1,7,7,6.340137444053014
814572,1,7,8,22.81186870960929
814583,1,7,4,0.3700090656202526
814589,1,7,9,32.71856187471232
814632,1,7,1,19.804065992384558
814637,1,7,8,5.886011476842474
814642,1,7,5,0.3700090141005197
814677,1,7,5,0.3700090141005197
814698,1,7,7,5.396451452576558
814719,1,7,9,21.36914999009895
814740,1,7,6,25.35004418855629
814764,0,7,0,0.04568599278207313
814765,1,7,3,1.6831775818412886
814770,1,7,9,18.37374504461654
814772,1,7,5,0.3700090141005197
814797,1,7,9,16.14846971798348
814810,1,7,10,20.437759748246542
814818,1,7,8,18.127162703544876
814826,1,7,1,20.858600615506642
814835,1,7,3,3.1865914805999664
814838,1,7,9,28.112432020241375
814878,1,7,6,22.34674809597593
814886,1,7,1,24.80738173237038
814900,1,7,9,22.023336476151073
814901,1,7,9,29.996434650047533
814904,1,7,2,8.92437899968874
814907,1,7,5,0.3700090141005197
814912,1,7,6,25.351285928035693
814921,1,7,9,32.48707652782438
814922,1,7,8,6.074173380836086
814931,1,7,6,22.90757005519364
814936,0,7,0,0.1803412511968105
814940,1,7,10,17.07234163236825
814949,1,7,9,30.237843202559223
814961,0,7,0,0.03586697907111172
814977,1,7,6,9.33194345738801
815005,1,7,8,26.643439582800593
815023,1,7,9,33.058710477276925
815034,1,7,9,22.393861042361006
815036,1,7,1,16.006736631567414
815038,1,7,2,13.578180257361302
815040,1,7,8,29.21673596154002
815049,1,7,5,0.3700090141005197
815068,1,7,5,0.3700090141005197
815069,1,7,1,22.149139522705745
815079,1,7,5,0.3700090141005197
815084,1,7,6,12.854883967662055
815086,1,7,8,16.618834187199283
815101,1,7,8,19.634919594207176
815106,1,7,4,0.3700090657260609
815114,1,7,2,5.214135430159579
815120,1,7,6,28.272513691668813
815143,1,7,6,27.388236079592748
815152,1,7,7,2.9719097872378275
815156,1,7,6,22.752092491526458
815174,1,7,8,31.635906308018633
815186,1,7,9,16.100621896854715
815195,1,7,9,21.74082386642454
815196,1,7,9,26.151656735421376
815208,1,7,6,28.434422465838622
815210,1,7,9,27.97552573526328
815214,1,7,9,10.346503383944132
815234,1,7,8,12.889496398000814
815238,1,7,6,30.558384186193607
815239,1,7,4,0.3700090657260609
815240,1,7,1,14.518026261720452
815243,1,7,5,0.37000902039789374
815244,1,7,7,4.035466693546911
815268,1,7,1,19.28475566420657
815288,1,7,5,0.3700090141005197
815292,1,7,8,15.778786046942681
815304,1,7,5,0.3700090141005197
815307,1,7,4,0.3700090657260609
815311,1,7,5,0.3700090141005197
815323,0,7,0,0.03811834761355056
815332,1,7,5,0.3700090141005197
815344,1,7,8,16.2383261025067
815353,1,7,7,5.431762041246279
815363,1,7,10,24.02281684871759
815364,1,7,9,25.33004530002671
815379,1,7,9,33.696987905825196
815384,1,7,8,36.12132393452165
815392,1,7,4,0.3700090657260609
815401,1,7,5,0.3700090141005197
815417,1,7,4,0.3700090657260609
815448,1,7,5,0.3700090141005197
815450,1,7,5,0.3700090141005197
815456,1,7,6,29.468931266124148
815499,1,7,10,25.823783922186532
815509,1,7,9,31.613153080425707
815513,0,7,0,0.04579845556592397
815522,1,7,10,22.53889009602988
815550,1,7,5,0.3700090141005197
815563,1,7,10,16.311062789041948
815569,1,7,9,30.74567874545273
815570,1,7,6,14.260843228992545
815583,0,7,0,0.038149432881527834
815586,1,7,1,23.25209047065148
815588,1,7,5,0.37000902039789374
815608,1,7,8,20.298622638215416
815611,1,7,4,0.3700090657260609
815617,1,7,6,27.453502219742067
815621,0,7,0,0.035019213897266775
815633,1,7,6,7.251999525683577
815642,1,7,6,7.823372886878121
815643,1,7,8,35.32244733724679
815648,1,7,4,0.3700090657260609
815649,1,7,10,26.037138020956597
815650,1,7,9,30.71568702535183
815657,1,7,9,32.631169094427996
815694,1,7,2,12.115261139746591
815699,1,7,8,24.74443890704378
815703,1,7,8,30.504088094331465
815706,1,7,1,19.005858196074758
815711,1,7,1,10.491739286620058
815737,1,7,6,14.49423060272861
815740,1,7,10,10.081901472847852
815747,1,7,7,1.5169774321751168
815771,1,7,10,6.550042878140884
815784,1,7,8,31.52818530356281
815785,1,7,1,21.54829070458926
815793,1,7,5,0.3700090141005197
815802,1,7,9,32.24685524332474
815805,1,7,6,13.65887591836116
815816,1,7,8,19.25984152208992
815823,1,7,6,20.71239716833197
815824,1,7,10,17.61646188850801
815825,1,7,8,10.219915626975283
815834,1,7,6,11.717904590337566
815837,1,7,7,6.4846403977770875
815879,1,7,2,8.103658661806872
815880,1,7,5,0.3700090141005197
815881,1,7,10,19.35967290015375
815885,1,7,9,19.041492412794046
815887,1,7,9,30.679869516103572
815888,1,7,8,13.362723214493712
815912,1,7,10,25.046762929867295
815915,1,7,6,25.667211656239832
815917,1,7,5,0.3700090141005197
815930,1,7,8,23.835777406240442
815948,1,7,3,3.259940586644296
815958,1,7,9,22.623243886748114
815975,1,7,8,7.886413329859074
815993,1,7,4,0.3700090657260609
815996,1,7,10,12.640267943654896
816007,1,7,4,0.3700090657260609
816043,1,7,6,11.366248731827866
816050,1,7,6,22.395753927358765
816051,1,7,6,18.556895015533758
816054,1,7,8,17.609317853399002
816071,1,7,9,3.6889156368844676
816076,1,7,6,29.411488725432495
816084,1,7,1,25.861629923373318
816087,1,7,9,28.861152753945724
816105,1,7,9,32.702866498394314
816113,1,7,4,0.3700090657260609
816114,1,7,9,29.782795103368862
816123,1,7,5,0.3700090141005197
816133,1,7,1,27.431541266906518
816139,1,7,9,30.248430301331965
816151,1,7,8,7.557458085900006
816159,1,7,8,35.3005981912438
816161,1,7,5,0.37000902039789374
816163,1,7,6,21.45597253064352
816183,1,7,8,14.365768930339646
816187,1,7,9,14.502932236911755
816195,1,7,8,36.112639445372196
816201,1,7,10,9.74744562152427
816212,1,7,1,25.906587594264423
816214,1,7,2,8.338343118222287
816223,1,7,9,21.541182253576395
816239,1,7,9,33.36143495901909
816251,1,7,9,32.3334125290157
816263,1,7,8,19.179642943807856
816313,1,7,4,0.3700090657260609
816340,1,7,4,0.3700090657260609
816349,1,7,9,31.507354754441174
816362,1,7,2,8.66471986377055
816367,1,7,7,3.854394778698354
816371,1,7,8,32.08110667739244
816373,1,7,5,0.3700090141005197
816378,1,7,5,0.3700090141005197
816379,1,7,1,23.395897741325513
816382,1,7,9,31.10430598116082
816386,1,7,7,3.577080818342973
816390,1,7,8,21.662145006609062
816396,1,7,9,30.882328808986767
816402,1,7,7,2.4726791256898677
816404,1,7,8,31.091516243367867
816439,1,7,8,28.055479806952118
816455,1,7,4,0.3700090657260609
816459,1,7,10,7.307224159546399
816460,1,7,1,21.7961963715618
816472,1,7,1,27.21399199253176
816482,1,7,6,22.046236190554694
816491,1,7,1,4.405815368833196
816496,1,7,7,3.4309003085810406
816505,1,7,3,3.280711907092918
816506,1,7,6,9.406400702465842
816519,1,7,6,5.417883706774526
816530,1,7,1,22.070124847300672
816537,0,7,0,0.04457747509995065
816539,1,7,8,23.221901774201765
816560,1,7,6,13.988945752484774
816589,1,7,9,23.99530063485982
816601,1,7,8,8.608186453636392
816606,1,7,8,20.768722355905876
816613,1,7,9,9.567240226256803
816631,1,7,5,0.3700090141005197
816638,0,7,0,0.031459534851616934
816651,1,7,5,0.3700090141005197
816652,1,7,9,16.970702792630306
816655,0,7,0,0.04340039194072062
816660,1,7,5,0.3700090141005197
816673,1,7,9,10.384483945445096
816690,1,7,9,13.691114268899595
816693,1,7,1,9.529734670775914
816721,1,7,9,28.962423033026035
816742,1,7,9,33.02801164280895
816750,1,7,9,26.425751042306214
816755,1,7,7,5.217692225385914
816766,1,7,9,18.12771649558794
816771,0,7,0,0.026135573397235483
816780,1,7,6,19.194785412391372
816781,1,7,1,21.25689755020812
816788,1,7,2,13.302960983672712
816798,1,7,6,29.725546378028582
816802,1,7,9,12.515786336669114
816814,1,7,9,27.809534275335288
816821,0,7,0,0.03241184113389457
816827,1,7,4,0.3700090657260609
816830,1,7,3,3.244323099697452
816848,1,7,3,2.725648867968049
816850,1,7,6,17.462857033733698
816887,1,7,8,12.578070631782529
816889,1,7,5,0.3700090141005197
816907,1,7,5,0.3700090141005197
816908,1,7,9,7.8129419753017935
816913,1,7,3,2.6045485644014623
816923,1,7,5,0.3700090141005197
816931,1,7,5,0.3700090141005197
816938,1,7,6,13.521094437233222
816940,1,7,2,4.170299499890226
816942,1,7,8,12.922058676985198
816944,1,7,5,0.3700090141005197
816954,1,7,5,0.3700090141005197
816972,1,7,4,0.3700090657260609
816991,1,7,9,21.183016264986776
817003,1,7,7,5.405970265038819
817015,1,7,4,0.3700090657260609
817020,1,7,4,0.3700090657260609
817026,1,7,4,0.3700090657260609
817052,1,7,9,25.3138099893424
817053,1,7,9,24.666256370695635
817063,1,7,6,14.395019352894215
817065,1,7,10,20.461717429465562
817068,1,7,8,20.781450598873533
817071,0,7,0,0.036267787803626515
817105,1,7,10,13.543518622582749
817109,1,7,9,9.050844168286522
817116,1,7,10,24.843821753011945
817136,1,7,10,4.737273457302456
817168,1,7,8,24.355064037012664
817170,1,7,2,16.519390412007212
817181,0,7,0,0.03586330974461346
817206,0,7,0,0.0329739194893182
817220,0,7,0,0.03614857418456719
817230,1,7,9,16.674953750235876
817232,1,7,5,0.3700090141005197
817233,1,7,9,32.177929231561144
817239,1,7,10,6.601611501625186
817249,1,7,9,30.149315434857396
817254,1,7,10,25.52699776493523
817258,1,7,10,15.420671601431353
817259,1,7,8,14.082589858360617
817272,1,7,5,0.3700090141005197
817277,1,7,5,0.3700090141005197
817282,1,7,5,0.3700090141005197
817283,1,7,9,17.290478512517726
817290,1,7,5,0.3700090141005197
817300,1,7,8,14.454899432195974
817307,1,7,9,18.82142739672501
817325,1,7,9,12.132268375640352
817335,1,7,2,2.3127094071701704
817337,1,7,9,22.86012568087365
817349,1,7,6,29.647696842393938
817354,1,7,5,0.3700090141005197
817356,1,7,6,18.915474377155505
817361,1,7,4,0.3700090657260609
817366,1,7,9,17.37355031841783
817393,1,7,5,0.37000902039789374
817394,1,7,5,0.3700090141005197
817395,1,7,4,0.3700090657260609
817398,1,7,9,20.907744869869763
817399,1,7,7,6.31459135907938
817414,1,7,8,24.81669263505472
817420,1,7,8,15.41260167718867
817437,1,7,10,24.523070700607594
817446,1,7,6,27.366524253676893
817467,0,7,0,0.03937185060658781
817491,0,7,0,0.20287707191242005
817502,1,7,4,0.3700090657260609
817556,0,7,0,0.036056901236716975
817567,1,7,5,0.3700090141005197
817570,1,7,10,18.811132765610463
817575,1,7,1,10.339545645605368
817579,1,7,9,3.527686265036615
817585,1,7,4,0.3700090657260609
817586,0,7,0,0.034203520599016574
817609,1,7,8,19.812879822191885
817611,1,7,8,32.683093372178966
817615,1,7,5,0.3700090141005197
817625,1,7,7,6.390786132607172
817628,1,7,6,27.003762352487897
817637,1,7,6,26.21467320800907
817640,1,7,9,32.46372438800931
817642,1,7,8,22.49434486457305
817646,1,7,9,6.078382372009508
817651,1,7,6,28.260185271546092
817660,1,7,8,9.78434101684913
817663,1,7,5,0.3700090141005197
817672,1,7,8,17.899257454340233
817675,0,7,0,0.04007004277381497
817676,1,7,1,11.223236752501172
817703,1,7,10,5.156036851934379
817730,1,7,4,0.3700090657260609
817738,1,7,10,24.17807076689281
817747,1,7,5,0.3700090141005197
817749,1,7,8,29.206779159320515
817762,1,7,10,15.586470049304278
817771,1,7,1,9.127300583411248
817776,1,7,4,0.3700090657260609
817808,1,7,7,0.9595573848047241
817813,1,7,8,19.418967489867025
817820,1,7,6,23.488362907558134
817835,1,7,9,8.51238031547991
817837,1,7,5,0.3700090141005197
817857,1,7,9,10.911499906822963
817862,1,7,4,0.3700090657260609
817865,1,7,5,0.3700090141005197
817881,1,7,9,23.156443439897537
817899,1,7,8,28.639619331899322
817911,1,7,7,5.529027830349953
817913,1,7,6,26.753392161508167
817919,1,7,4,0.3700090657260609
817920,1,7,6,26.11022629775371
817937,1,7,9,19.530000693659396
817939,1,7,5,0.3700090141005197
817945,1,7,9,9.699271567679975
817947,1,7,4,0.3700090657260609
817959,1,7,10,5.467938735104086
817962,1,7,5,0.3700090141005197
817979,1,7,10,10.058520469389741
817990,1,7,2,8.306615779241762
818006,1,7,9,28.81642746098296
818015,1,7,9,28.08757235551222
818022,1,7,8,29.311741281649144
818031,1,7,9,13.231204190246679
818043,1,7,9,20.49099104341594
818050,1,7,8,8.697462936533809
818052,1,7,8,12.85078544920429
818062,1,7,5,0.3700090141005197
818073,1,7,8,4.761348017883021
818089,1,7,10,13.1880794251795
818110,1,7,5,0.3700090141005197
818119,1,7,3,0.67004140312377
818144,1,7,10,18.566822057413734
818145,0,7,0,0.03937888931316862
818169,0,7,0,0.02413531579251008
818170,1,7,5,0.3700090141005197
818175,1,7,10,17.805335691745025
818186,1,7,9,15.389426955216805
818208,1,7,10,6.434948351052945
818209,1,7,9,33.593493057948486
818213,1,7,4,0.3700090657260609
818224,1,7,7,0.35445211319317416
818244,1,7,10,26.052240073649063
818245,1,7,8,31.129978684588654
818253,1,7,7,5.547311495268034
818261,1,7,5,0.3700090141005197
818286,1,7,9,32.69954934500197
818298,1,7,7,4.083694691728518
818317,1,7,1,10.398739095400737
818318,1,7,7,0.8103672279505645
818337,1,7,8,13.220401344737052
818347,1,7,7,3.9511530572682663
818348,1,7,4,0.3700090656202526
818349,1,7,8,34.335592322228365
818389,1,7,5,0.3700090141005197
818395,1,7,6,28.88155009896693
818396,1,7,10,6.808227369623347
818419,1,7,6,25.06636656917073
818445,0,7,0,0.03825186120376188
818446,1,7,8,10.0715990873521
818449,1,7,9,26.580545965668694
818453,1,7,9,20.528900024124145
818466,1,7,9,31.030420133180062
818473,1,7,9,11.9076094359427
818474,1,7,9,20.91372555842029
818489,1,7,1,6.669679483910898
818492,1,7,8,27.32052060538081
818504,1,7,6,5.268893452838118
818505,1,7,8,29.32564731019741
818509,1,7,8,24.14172950773727
818519,1,7,5,0.3700090141005197
818526,1,7,6,22.631489587800033
818539,1,7,7,0.7040913293693287
818549,1,7,1,25.61144752220387
818555,1,7,10,26.02496163724793
818568,1,7,4,0.3700090657260609
818593,1,7,9,3.1701787190019184
818599,1,7,2,15.647653803618374
818601,1,7,5,0.3700090141005197
818602,1,7,2,15.28740352796068
818615,1,7,8,27.314659009856612
818624,1,7,1,20.159500834976747
818627,1,7,10,6.815104088793407
818635,0,7,0,0.03447125063961563
818637,1,7,6,17.37282192578788
818643,1,7,4,0.3700090657260609
818645,1,7,3,3.227057517404284
818660,1,7,6,14.214696695040521
818662,1,7,4,0.3700090657260609
818665,1,7,10,18.980127637808298
818685,1,7,5,0.3700090141005197
818703,1,7,10,7.17805246180585
818740,1,7,2,1.2598944779405659
818757,1,7,8,21.09661773298763
818765,1,7,8,22.976918451376676
818771,1,7,7,6.490994380637641
818786,1,7,9,30.873160952211375
818787,1,7,8,10.063459139969845
818806,1,7,9,14.865098304001405
818817,1,7,6,12.210699862730898
818820,1,7,10,22.719538025370344
818832,0,7,0,0.03334385188993306
818835,1,7,8,12.759567290036589
818852,1,7,6,13.13224227995746
818853,1,7,9,17.240775484524352
818858,1,7,5,0.3700090141005197
818889,1,7,4,0.3700090657260609
818890,1,7,1,9.95105003127064
818895,1,7,5,0.3700090141005197
818898,1,7,9,31.28554442334005
818904,1,7,7,2.2162500665285645
818906,1,7,5,0.3700090141005197
818927,1,7,6,26.908085696959503
818930,1,7,9,24.618879849889343
818934,1,7,4,0.3700090657260609
818939,1,7,4,0.3700090656202526
818955,1,7,7,0.5096986463553282
818958,1,7,3,1.9040681217947877
818959,1,7,3,2.7034919640576294
818972,1,7,4,0.3700090657260609
818976,1,7,9,23.095674226084355
818992,1,7,4,0.3700090657260609
819005,1,7,6,24.32641078023043
819049,1,7,8,23.055986152684937
819050,1,7,5,0.3700090141005197
819059,1,7,9,4.765860964967529
819075,1,7,9,20.28003705241482
819077,1,7,7,1.7182476357115606
819084,1,7,5,0.3700090141005197
819085,1,7,9,17.773764173216733
819090,1,7,7,2.678083404635185
819112,1,7,5,0.3700090141005197
819123,1,7,3,2.6653137906644475
819125,1,7,4,0.3700090657260609
819135,1,7,6,20.77371986519395
819142,1,7,8,16.53607663188286
819153,1,7,8,7.052035511183316
819157,1,7,2,10.59337883761056
819165,1,7,4,0.3700090657260609
819182,1,7,9,18.65422779570733
819188,0,7,0,0.03251515920235781
819189,1,7,6,19.682214028430735
819191,1,7,1,21.73727279720919
819205,1,7,10,19.1334708946018
819209,1,7,5,0.3700090141005197
819238,1,7,5,0.3700090141005197
819243,1,7,6,23.81454856205846
819259,1,7,3,1.7831648099231503
819267,1,7,8,35.62617183207746
819268,1,7,5,0.3700090141005197
819270,1,7,4,0.3700090657260609
819274,1,7,1,27.096834853006598
819282,1,7,8,32.00750713416318
819296,1,7,6,11.164819387947395
819301,1,7,7,4.953024408624144
819302,1,7,5,0.3700090141005197
819306,1,7,5,0.3700090141005197
819319,0,7,0,0.03648759662162263
819324,1,7,9,27.028093589274935
819331,1,7,4,0.3700090657260609
819333,1,7,8,13.399413512659269
819336,1,7,9,19.79787306126389
819340,1,7,10,22.807913835420724
819356,1,7,10,14.971163929205868
819364,1,7,6,8.326073987826563
819365,1,7,8,32.72108926105341
819396,1,7,9,32.667550821465014
819397,1,7,5,0.3700090141005197
819407,1,7,4,0.3700090657260609
819418,1,7,8,25.697499491544182
819431,1,7,6,26.69917168332608
819432,1,7,7,4.806760019113281
819435,1,7,9,29.330534991822994
819442,1,7,5,0.3700090141005197
819478,1,7,8,16.66891815221915
819481,1,7,9,32.44346445315063
819511,1,7,8,27.817384737064685
819538,1,7,7,3.4662753089134113
819582,1,7,4,0.3700090657260609
819602,1,7,9,24.894362110769922
819606,1,7,1,25.703404729018896
819608,1,7,10,14.680946315463224
819610,1,7,6,15.506881142156564
819618,1,7,7,0.6395692987004102
819624,1,7,6,9.863463696715398
819631,1,7,9,28.622330600245853
819635,1,7,5,0.3700090141005197
819664,1,7,4,0.3700090657260609
819688,1,7,9,33.586487635581165
819694,1,7,8,36.03531591113176
819696,1,7,9,7.877732056209788
819698,1,7,8,10.102597104809393
819704,1,7,5,0.3700090141005197
819710,1,7,8,29.084355341970777
819714,0,7,0,0.038948104499512935
819720,1,7,1,11.13805790769203
819756,0,7,0,0.03944372992638426
819758,1,7,8,18.967604352280716
819778,1,7,10,16.492708429779825
819785,1,7,8,27.427830875301048
819796,1,7,7,6.538970418272071
819812,1,7,8,20.689448853322347
819829,1,7,1,26.194918275090675
819832,1,7,9,30.4807153048447
819849,1,7,5,0.3700090141005197
819859,1,7,9,23.817442942635335
819864,1,7,8,4.765834763137371
819866,1,7,5,0.3700090141005197
819873,1,7,9,2.021410977301176
819878,1,7,10,15.917703814748933
819886,1,7,5,0.3700090141005197
819888,1,7,1,13.675732021388276
819899,0,7,0,0.06920741470875375
819900,1,7,10,12.043336597418076
819902,1,7,10,8.762143823916588
819911,1,7,4,0.3700090657260609
819914,1,7,1,23.98720771000105
819949,1,7,6,30.407470445396267
819966,0,7,0,0.03923345397606138
819968,1,7,1,17.241685153649815
819984,1,7,4,0.3700090657260609
819986,1,7,9,14.976027313626606
819993,1,7,4,0.3700090657260609
820015,1,7,6,21.271072520594295
820018,1,7,1,21.721325782535093
820023,1,7,1,25.329600285659154
820026,1,7,6,8.21701299414015
820027,1,7,5,0.3700090141005197
820042,1,7,8,33.74050954177302
820057,1,7,9,12.649006042263641
820058,1,7,1,15.688200954529105
820061,1,7,8,26.14777732932887
820112,1,7,9,27.14539035118127
820114,1,7,9,14.759488241434278
820119,0,7,0,0.031266295231718665
820125,1,7,8,2.828897692263759
820143,1,7,5,0.3700090141005197
820150,1,7,6,25.2932179439544
820153,1,7,9,31.666741771385546
820157,1,7,9,33.66630476240271
820175,1,7,9,19.71907661844447
820186,1,7,5,0.3700090141005197
820203,1,7,10,9.332684704073811
820222,1,7,4,0.3700090656202526
820250,1,7,8,12.196275824381614
820272,1,7,4,0.3700090657260609
820278,1,7,8,21.25987604271175
820280,1,7,4,0.3700090657260609
820295,1,7,4,0.3700090657260609
820322,1,7,6,21.64599481066037
820329,0,7,0,0.03625254610977324
820344,1,7,4,0.3700090657260609
820362,1,7,2,9.96490151614558
820365,1,7,4,0.3700090657260609
820367,1,7,8,35.95532547159646
820370,1,7,9,5.678846694990724
820375,1,7,9,23.45087093555697
820385,1,7,4,0.3700090657260609
820416,1,7,7,2.0782261639414146
820468,1,7,1,21.68312272760405
820475,1,7,9,18.048175570974113
820491,1,7,8,26.495441154958762
820493,1,7,5,0.3700090141005197
820501,1,7,8,14.255936258935453
820516,1,7,7,1.2642393556056486
820518,1,7,10,23.07287869022746
820521,1,7,1,8.912739827541214
820528,1,7,9,31.034185897793026
820529,1,7,10,8.240597150187416
820540,1,7,5,0.3700090141005197
820542,1,7,4,0.3700090657260609
820566,1,7,9,18.642935599331675
820569,1,7,6,15.820120794422408
820579,1,7,8,30.883027239035616
820582,1,7,8,13.99999531427224
820585,1,7,8,3.319066648480376
820599,0,7,0,0.0338112879400308
820616,0,7,0,0.031098574542833542
820626,1,7,7,6.185059021822382
820629,1,7,4,0.3700090657260609
820631,1,7,4,0.3700090657260609
820646,1,7,4,0.3700090657260609
820656,1,7,6,15.62507682928082
820684,1,7,4,0.3700090657260609
820686,1,7,6,18.905389965776603
820690,1,7,5,0.3700090141005197
820692,1,7,6,23.893416263739795
820703,1,7,10,15.403343202676165
820705,1,7,8,21.119392428655768
820714,1,7,7,6.016765952881743
820729,1,7,9,31.280542268372905
820741,1,7,8,9.36201870124127
820749,1,7,5,0.3700090141005197
820755,1,7,6,22.44899840662483
820757,1,7,10,22.763547192350742
820758,1,7,5,0.3700090141005197
820761,1,7,9,33.590192271871885
820792,1,7,1,10.243700194785747
820801,1,7,6,22.84510931927496
820803,1,7,9,30.240776510360575
820809,0,7,0,0.04398908225545301
820816,1,7,5,0.3700090141005197
820819,1,7,8,23.879594423111485
820820,1,7,3,2.8073400956760985
820839,1,7,8,21.56085840891319
820849,1,7,8,26.19380081933594
820869,1,7,9,32.461520419607
820880,1,7,7,6.547808910836084
820907,1,7,5,0.37000902039789374
820908,1,7,6,27.37877425443218
820911,1,7,4,0.3700090657260609
820932,1,7,5,0.3700090141005197
820941,1,7,8,34.60521295053169
820961,1,7,5,0.3700090141005197
820962,1,7,6,28.048870778412773
820968,0,7,0,0.045112092561204374
820981,1,7,4,0.3700090657260609
821008,1,7,1,18.815625592744347
821016,1,7,8,27.316033158643187
821039,1,7,10,22.780732362354133
821058,1,7,6,11.203048298317626
821069,0,7,0,0.03218803844321604
821089,1,7,10,13.542357606261056
821098,1,7,3,3.150311248410651
821117,1,7,4,0.3700090657260609
821121,1,7,9,32.04953344761903
821126,1,7,9,32.17795963236964
821129,0,7,0,0.04721494258338475
821136,1,7,1,21.150578163429557
821151,1,7,6,23.33691299090593
821156,1,7,7,2.5909510051697
821161,1,7,5,0.3700090141005197
821180,1,7,8,22.69735226027086
821182,1,7,2,9.754029513178299
821205,1,7,10,6.103155449817833
821236,1,7,9,21.46839676920482
821239,1,7,5,0.3700090141005197
821240,1,7,2,9.376815386261251
821242,1,7,9,20.863011341552948
821249,1,7,10,20.456824239874706
821250,1,7,1,22.29204245833417
821270,1,7,8,32.474629655137115
821277,1,7,1,13.036370145053255
821301,1,7,5,0.3700090141005197
821307,1,7,7,6.5447369038208
821314,0,7,0,0.0427599287450596
821329,1,7,6,18.108834101544247
821352,1,7,8,35.47503794628139
821389,1,7,10,17.846953030779115
821395,1,7,8,26.182196544313786
821404,1,7,5,0.3700090141005197
821408,1,7,5,0.3700090141005197
821409,1,7,5,0.3700090141005197
821414,1,7,9,16.33874263747985
821429,1,7,8,24.161563393300185
821432,1,7,8,25.94505452979946
821435,1,7,2,6.998265096271655
821463,1,7,9,30.592008283142455
821465,1,7,8,4.6632572256911615
821471,1,7,6,29.450439360408446
821476,1,7,6,25.02234713768394
821478,1,7,1,10.762793507960785
821479,1,7,4,0.3700090657260609
821495,1,7,8,9.375470117579948
821508,1,7,5,0.3700090141005197
821512,1,7,6,9.820083857571863
821574,1,7,7,2.933007557200695
821584,1,7,7,3.269178550979018
821614,1,7,10,23.653417173265105
821620,1,7,9,33.372483919598416
821625,0,7,0,0.03741269622710522
821641,1,7,5,0.37000902039789374
821646,1,7,10,20.897404650395153
821650,1,7,6,20.205624558673705
821657,1,7,1,23.38218314369356
821673,1,7,6,18.771909771871695
821681,1,7,6,25.41729800597334
821686,1,7,2,5.8174387390834035
821692,1,7,10,4.76563022755564
821693,1,7,10,21.38881125983372
821701,1,7,2,2.784824410885253
821715,1,7,9,25.43170273513559
821727,1,7,9,32.24682448899063
821730,1,7,4,0.3700090657260609
821732,1,7,3,2.523884413616943
821749,1,7,6,18.709653651761588
821753,1,7,6,25.345175106823223
821759,0,7,0,0.033969204228348066
821798,1,7,5,0.3700090141005197
821801,1,7,8,16.465012503266905
821810,1,7,4,0.3700090657260609
821890,1,7,6,10.504329227565963
821891,1,7,2,8.947840525233937
821893,0,7,0,0.042193401231667566
821912,1,7,9,16.669565133803474
821920,1,7,1,18.17479138082362
821922,1,7,9,32.20266275902633
821924,1,7,5,0.3700090141005197
821957,1,7,5,0.3700090141005197
821960,1,7,1,26.116549714277422
821980,0,7,0,0.03406952274408011
821992,1,7,9,31.264317523293172
821993,0,7,0,0.04647841526932712
822047,1,7,8,13.588345096882364
822048,1,7,4,0.3700090656202526
822058,1,7,9,19.15117636114957
822082,1,7,10,13.701752456064343
822089,1,7,9,27.04708746077575
822114,1,7,4,0.3700090657260609
822129,1,7,9,32.87626405956345
822138,1,7,2,7.895803819189473
822143,0,7,0,0.03259769711057675
822161,1,7,9,29.36882062354783
822162,1,7,4,0.3700090657260609
822171,1,7,9,28.382576204926526
822174,1,7,9,23.70965559116116
822177,1,7,1,23.39781263940547
822204,1,7,4,0.3700090657260609
822214,1,7,9,21.489497793018653
822232,1,7,9,26.849885090143918
822248,0,7,0,0.0322373170401418
822259,1,7,5,0.3700090141005197
822265,0,7,0,0.041220222490071484
822311,1,7,6,28.8001380245578
822314,1,7,7,1.311386240520885
822333,1,7,10,11.874346522199536
822337,1,7,9,32.72185477670413
822347,1,7,4,0.3700090657260609
822348,1,7,6,22.29818453029065
822361,1,7,4,0.3700090657260609
822364,0,7,0,0.03822862382793369
822369,1,7,6,21.964641959026654
822373,1,7,10,7.925374181952418
822374,0,7,0,0.03334656148827887
822381,0,7,0,0.0832579891699226
822433,1,7,1,26.78299276226978
822476,1,7,8,21.73498518123927
822481,1,7,10,9.068587373645109
822495,1,7,10,24.08804301486407
822506,1,7,6,30.493565542905092
822526,1,7,5,0.3700090141005197
822543,0,7,0,0.030351470790291164
822558,1,7,9,13.537895910282502
822570,1,7,4,0.3700090657260609
822572,1,7,9,13.644090158225524
822605,0,7,0,0.03324203803621909
822632,1,7,3,3.1677951572434315
822635,1,7,8,31.29137749146468
822636,1,7,6,22.182232248842812
822650,1,7,10,13.451577818532677
822656,1,7,4,0.3700090657260609
822668,1,7,8,18.621809671672448
822676,1,7,4,0.3700090657260609
822677,1,7,2,8.284635410425427
822691,1,7,8,16.27361905225039
822697,1,7,9,9.313371244399676
822699,1,7,6,21.04107661822888
822708,1,7,8,11.587310998213422
822718,1,7,9,27.15325990767094
822738,1,7,5,0.3700090141005197
822750,1,7,4,0.3700090657260609
822778,1,7,4,0.3700090657260609
822779,1,7,3,3.27970951611579
822780,1,7,9,27.83659006380498
822785,1,7,7,2.020545602547984
822795,1,7,2,6.521941150444631
822808,1,7,8,32.079378834754614
822813,1,7,9,13.010688853853345
822831,1,7,5,0.37000902039789374
822834,1,7,10,24.243004503228583
822850,1,7,9,30.65628041290926
822851,1,7,5,0.3700090141005197
822855,1,7,10,6.532990034495231
822859,1,7,4,0.3700090657260609
822870,1,7,3,3.06079539377072
822887,1,7,8,26.336137087484477
822889,1,7,9,20.028937750372677
822895,1,7,9,18.17962172725274
822902,1,7,5,0.3700090141005197
822929,1,7,5,0.3700090141005197
822936,1,7,1,8.69097183287809
822939,1,7,9,13.698682199009527
822948,1,7,2,16.394332717973583
822955,1,7,4,0.3700090657260609
822974,0,7,0,0.03528262259745135
822984,1,7,9,29.215522343563038
822987,1,7,2,5.878471663422546
823006,1,7,5,0.3700090141005197
823016,1,7,6,23.694818944031773
823025,1,7,9,30.188044043791567
823026,1,7,1,9.69416117343169
823040,1,7,9,21.666397132525994
823059,0,7,0,0.04098169681241115
823066,1,7,10,17.585442597584073
823083,1,7,5,0.3700090141005197
823084,1,7,8,32.699571964820294
823088,1,7,1,14.44137722943384
823105,1,7,3,3.1470374892292323
823106,1,7,9,4.670622596942461
823116,1,7,5,0.37000902039789374
823118,1,7,8,19.80977249809019
823139,1,7,5,0.3700090141005197
823150,1,7,6,19.884609922541454
823166,1,7,6,12.317991894285214
823178,1,7,1,14.41330566241653
823184,1,7,2,16.417950935205017
823194,1,7,3,1.9037607136049248
823197,1,7,9,29.912900103050156
823204,1,7,1,7.916045777885942
823207,0,7,0,0.046320679928653664
823215,1,7,8,24.654048256196067
823216,1,7,8,25.3837012599663
823258,1,7,9,3.167216786281444
823260,1,7,9,16.469110604448925
823263,1,7,4,0.3700090657260609
823270,1,7,8,16.81253673780234
823292,1,7,6,10.939255883805345
823299,1,7,5,0.3700090141005197
823324,1,7,5,0.3700090141005197
823334,1,7,4,0.3700090657260609
823342,1,7,4,0.3700090657260609
823356,1,7,5,0.3700090141005197
823364,1,7,8,20.291338668694863
823372,1,7,8,8.734182010714191
823377,1,7,8,31.13037529165409
823378,1,7,1,12.72602380539919
823385,1,7,5,0.3700090141005197
823403,1,7,8,36.098939910567594
823433,1,7,1,25.837329541079395
823442,1,7,8,18.37853729472799
823451,1,7,9,15.053344364723209
823465,1,7,4,0.3700090656202526
823466,1,7,7,0.34865519862863337
823468,1,7,10,16.988186676061463
823470,1,7,6,15.112435729011324
823471,1,7,9,32.24276500244835
823479,1,7,5,0.3700090141005197
823503,1,7,1,8.89358752363996
823511,1,7,9,24.858906056263372
823548,1,7,6,29.64660236310692
823563,1,7,4,0.3700090657260609
823575,1,7,8,18.13822490539123
823584,1,7,10,6.496934646848642
823589,1,7,6,23.858905285626534
823600,1,7,5,0.3700090141005197
823616,1,7,5,0.3700090141005197
823623,0,7,0,0.08037025509517497
823626,1,7,6,11.61669818727885
823631,1,7,4,0.3700090657260609
823657,1,7,4,0.3700090657260609
823665,1,7,8,2.4585119447173467
823669,1,7,4,0.3700090657260609
823677,1,7,6,28.35976117815038
823691,1,7,1,6.885368002744903
823703,1,7,4,0.3700090657260609
823704,1,7,1,4.343131657392267
823710,1,7,5,0.3700090141005197
823714,1,7,9,2.1525050686134444
823732,1,7,9,31.091949045665054
823738,1,7,8,35.49939625633978
823742,1,7,6,20.396753210676383
823743,1,7,8,19.767822965197233
823744,1,7,9,32.690121658296945
823748,1,7,8,3.9267948133219255
823750,1,7,10,10.665433574336367
823752,1,7,9,25.976308998121322
823760,1,7,5,0.3700090141005197
823763,1,7,10,20.401462234912664
823769,1,7,9,19.10132068272961
823781,1,7,6,14.408309269015984
823787,1,7,5,0.3700090141005197
823800,1,7,10,20.991347731854052
823833,1,7,5,0.3700090141005197
823839,1,7,8,18.88734881200904
823847,1,7,4,0.3700090657260609
823849,1,7,5,0.3700090141005197
823853,1,7,8,20.008471024518247
823861,1,7,8,10.688237642666628
823863,1,7,9,9.345320213589059
823869,1,7,4,0.3700090657260609
823880,1,7,8,29.728871177119935
823892,1,7,5,0.3700090141005197
823895,1,7,4,0.3700090657260609
823897,1,7,6,30.35461508750922
823906,1,7,6,27.44924383441314
823921,1,7,9,26.56018492265214
823937,1,7,10,14.02972690002564
823943,0,7,0,0.039955681975941196
823971,1,7,6,16.94645815553689
823976,1,7,10,3.734756129940216
823984,1,7,1,15.59771421518489
823997,1,7,9,31.107318857264527
824006,1,7,4,0.3700090657260609
824017,1,7,10,18.516523109586746
824022,1,7,6,20.061613935004658
824027,1,7,8,25.6263880479205
824035,1,7,5,0.37000902039789374
824049,1,7,4,0.3700090657260609
824051,1,7,5,0.3700090141005197
824070,1,7,2,2.954799532359335
824074,1,7,9,25.082722861842836
824089,1,7,6,21.89773323348688
824092,1,7,8,15.825161934006136
824106,1,7,7,4.050488245903649
824107,1,7,9,24.6662830000065
824123,1,7,4,0.3700090657260609
824136,1,7,4,0.3700090657260609
824150,1,7,5,0.3700090141005197
824152,1,7,5,0.3700090141005197
824154,1,7,4,0.3700090657260609
824156,1,7,1,20.936009379279774
824160,1,7,1,26.632192095515926
824170,1,7,8,26.237675841284265
824181,1,7,4,0.3700090657260609
824190,1,7,9,28.253439078933997
824251,1,7,5,0.3700090141005197
824264,1,7,9,32.62910169033457
824278,1,7,6,21.522036000622514
824287,1,7,7,1.1627112501953076
824293,1,7,1,16.407347238373898
824300,1,7,3,3.1529789566717854
824304,1,7,8,22.746892694950304
824306,1,7,8,31.0972536554558
824329,1,7,9,4.640751246648104
824341,1,7,9,28.959225399385808
824343,1,7,9,15.661792766663266
824349,1,7,8,31.31359792817294
824379,1,7,8,27.304215029021503
824388,0,7,0,0.03217384787565066
824391,1,7,1,26.85974742317183
824399,1,7,8,22.42485443048796
824406,1,7,5,0.3700090141005197
824412,1,7,8,14.818975920737447
824413,1,7,7,5.302242084160476
824418,1,7,6,27.882283027899717
824423,1,7,10,25.946529852729658
824436,0,7,0,0.038121502109222834
824452,1,7,5,0.3700090141005197
824457,0,7,0,0.0347660695165408
824460,1,7,9,26.104561878295527
824463,1,7,8,11.243509563810271
824470,1,7,6,19.16137565717122
824477,1,7,4,0.3700090657260609
824479,1,7,6,17.009829942294882
824481,1,7,10,13.689525251783259
824484,1,7,1,5.903128174162437
824489,1,7,8,34.21111974628137
824491,1,7,4,0.3700090657260609
824496,1,7,4,0.3700090657260609
824501,1,7,4,0.3700090657260609
824503,1,7,8,25.05849912332336
824506,1,7,6,22.238850296204227
824572,1,7,8,12.136642624891966
824590,1,7,6,24.532283641127023
824593,1,7,9,32.996194820686995
824594,1,7,7,1.1618018149674285
824602,1,7,3,1.6891507533124592
824608,1,7,8,20.437730226648476
824611,1,7,5,0.3700090141005197
824618,0,7,0,0.03365801210284037
824622,1,7,2,6.55444094104979
824623,1,7,6,28.5637957498556
824631,1,7,6,9.93697308772364
824632,1,7,6,24.715444660791015
824633,1,7,6,17.537430785145308
824635,1,7,8,18.027245945311012
824657,1,7,10,5.417634269394526
824662,1,7,9,25.872916460172153
824680,1,7,10,25.625298352407334
824686,1,7,6,16.257375640517225
824691,1,7,10,25.89772697768216
824736,1,7,5,0.3700090141005197
824740,1,7,9,13.550924377061293
824742,1,7,8,25.221010033611392
824750,1,7,7,1.593871521709271
824774,1,7,9,27.81507236451459
824777,1,7,5,0.3700090141005197
824807,1,7,1,24.861802883604167
824824,1,7,9,29.61595607703894
824826,1,7,9,32.65807096943841
824828,0,7,0,0.02358096069397252
824834,1,7,4,0.3700090657260609
824864,1,7,9,13.275703113670582
824866,1,7,9,17.873466855593993
824868,0,7,0,0.03289841688675137
824874,1,7,10,24.30181514542249
824906,1,7,4,0.3700090657260609
824917,1,7,7,5.980502675029043
824935,1,7,10,25.14208271988592
824940,1,7,9,32.264002225148936
824941,1,7,9,23.955252197998927
824942,1,7,1,23.02441336995066
824959,1,7,3,3.0029551722662355
824963,1,7,9,11.564943600592056
824972,1,7,4,0.3700090657260609
824981,1,7,9,26.589303644422678
824998,0,7,0,0.024719071866158272
825023,1,7,9,23.846954489647118
825030,0,7,0,0.021747480515125973
825034,1,7,4,0.3700090657260609
825040,1,7,8,32.042185442624145
825043,1,7,7,3.6096830556251343
825058,1,7,4,0.3700090657260609
825088,0,7,0,0.03941156024059285
825094,1,7,5,0.3700090141005197
825095,0,7,0,0.12498979383408981
825102,1,7,8,35.341700034884816
825105,1,7,6,24.564597115490173
825123,1,7,7,2.920531545666342
825140,1,7,5,0.3700090141005197
825145,1,7,6,25.059315005965946
825150,1,7,6,30.06814656398445
825154,1,7,9,7.373965359770408
825155,1,7,10,25.125251655317278
825157,1,7,10,13.082831759155704
825179,1,7,8,21.831050356860743
825181,0,7,0,0.029113677782519207
825186,1,7,7,4.279765509762972
825192,1,7,5,0.3700090141005197
825214,1,7,5,0.3700090141005197
825217,1,7,2,6.491126849793613
825218,0,7,0,0.05736836804715268
825225,1,7,9,17.974126455171454
825241,1,7,5,0.37000902039789374
825246,1,7,8,31.804297026392767
825247,0,7,0,0.0470352914641974
825263,1,7,6,18.54827100168841
825267,1,7,10,18.39466552026057
825291,1,7,5,0.3700090141005197
825293,1,7,5,0.3700090141005197
825295,1,7,9,24.814319087104604
825306,1,7,8,14.815488784503339
825316,1,7,4,0.3700090657260609
825343,1,7,6,29.523391718128302
825353,1,7,8,6.235357673180434
825355,0,7,0,0.07327852666512265
825370,1,7,9,21.688162208150864
825380,1,7,9,17.034652663980136
825388,1,7,9,17.29707022816818
825389,1,7,10,17.008038190863427
825391,1,7,5,0.3700090141005197
825400,0,7,0,0.047205651130596396
825409,1,7,5,0.3700090141005197
825448,1,7,10,10.852976077933866
825449,1,7,5,0.3700090141005197
825463,1,7,6,12.971789574123713
825476,1,7,5,0.3700090141005197
825480,1,7,6,29.687231823682612
825482,1,7,6,10.15849391352066
825483,1,7,8,16.591831143461537
825492,1,7,1,14.38692735288885
825493,0,7,0,0.03264598077015659
825502,1,7,2,13.350096441867386
825528,1,7,5,0.3700090141005197
825553,1,7,6,30.543482008201806
825586,1,7,5,0.37000902039789374
825601,1,7,8,28.7418364022703
825613,1,7,9,23.156243641585178
825619,1,7,6,6.431996909191868
825630,1,7,8,4.197412653620301
825635,1,7,8,30.630064408153252
825640,1,7,9,32.70364391682078
825651,1,7,9,30.167106720747785
825667,1,7,4,0.3700090657260609
825668,1,7,7,5.029831965474316
825684,1,7,8,31.124691523510343
825689,1,7,5,0.3700090141005197
825695,1,7,9,33.065303987847365
825696,1,7,8,36.002513440302884
825706,1,7,7,0.8266803192747455
825711,1,7,7,2.7013048060551412
825718,1,7,6,29.548844950425682
825724,1,7,10,16.579560094596737
825727,1,7,9,31.889023712930356
825731,1,7,10,22.753569145124704
825735,1,7,9,12.866263885446646
825748,1,7,9,17.376524076146957
825760,1,7,8,24.318323392963784
825768,1,7,9,23.833425517160222
825783,1,7,10,24.013626119236886
825813,1,7,1,20.959169167307866
825829,1,7,6,11.628054751715311
825831,1,7,8,27.80388943762159
825836,1,7,8,22.560641373482554
825838,1,7,4,0.3700090657260609
825864,1,7,1,6.631526491432145
825886,1,7,8,19.011917797376825
825900,1,7,10,4.729914396506372
825923,1,7,9,24.378360353386547
825930,1,7,1,12.111100224859948
825931,1,7,8,17.652752809898345
825942,1,7,10,7.666083405455851
825943,1,7,8,30.83133200272995
825947,1,7,9,22.9744146714341
825948,0,7,0,0.03679487223041126
825961,1,7,10,19.419480701387528
825970,1,7,9,27.83793472489222
825974,1,7,9,33.4183281424721
825993,1,7,10,19.859492639962593
826002,1,7,9,13.036973201261597
826016,1,7,9,15.16163943145314
826018,1,7,9,8.045738121318728
826051,1,7,7,6.293554662670016
826065,1,7,8,4.441673526435638
826073,1,7,8,22.902806861478524
826088,1,7,4,0.3700090657260609
826089,1,7,4,0.3700090657260609
826091,1,7,9,25.838865655889194
826120,1,7,8,25.091226617120718
826146,1,7,10,7.2572736837119995
826149,1,7,5,0.3700090141005197
826151,1,7,4,0.3700090657260609
826163,1,7,4,0.3700090657260609
826166,1,7,8,29.253212338423754
826183,1,7,4,0.3700090657260609
826185,1,7,3,1.023421063788733
826191,1,7,8,17.477853917034256
826194,1,7,8,32.64060683703816
826199,1,7,7,4.372239342256242
826204,1,7,5,0.37000902039789374
826222,1,7,5,0.37000902039789374
826240,1,7,8,31.114338173325965
826250,1,7,6,6.027270589728957
826272,1,7,9,13.130925315130337
826286,1,7,10,21.15622953370446
826312,0,7,0,0.03580547234621772
826335,0,7,0,0.04611863897581572
826342,1,7,8,20.938813148900877
826347,1,7,6,22.337849067286328
826349,1,7,3,1.891911843220319
826354,1,7,10,10.952306920931285
826362,1,7,5,0.3700090141005197
826401,1,7,7,5.4657890717157445
826410,1,7,4,0.3700090657260609
826426,1,7,10,16.008803804156386
826428,1,7,9,24.885001787084065
826445,1,7,6,27.266422274786187
826446,1,7,6,29.69293836290005
826453,1,7,6,6.2147407599701845
826456,1,7,2,12.891287104739128
826459,1,7,9,30.54458499089068
826466,1,7,4,0.3700090657260609
826475,1,7,6,24.417402210025944
826485,1,7,9,30.59652582019068
826487,1,7,1,25.558235506515135
826494,1,7,6,25.354256758688358
826501,1,7,4,0.3700090657260609
826505,1,7,8,5.217924739226551
826508,1,7,8,5.910986201109742
826517,1,7,8,8.536422929080848
826523,1,7,2,8.355400909216387
826525,1,7,8,33.757414920363466
826536,1,7,8,32.68716754360803
826542,1,7,10,22.32267051947218
826562,1,7,9,21.066221017451554
826598,1,7,6,29.345160236060153
826638,1,7,6,29.319205997219928
826651,1,7,10,13.070258118674744
826654,1,7,8,33.38110295230813
826660,1,7,1,12.1444760305034
826702,0,7,0,0.04309987288156982
826715,1,7,10,22.675838395292704
826735,1,7,1,23.067905694623057
826736,1,7,6,17.897453195135114
826742,1,7,6,30.116928541231392
826760,1,7,2,8.081748269822235
826767,1,7,9,13.002073905268352
826785,1,7,9,26.052076082593356
826786,1,7,6,18.939747791169705
826796,1,7,5,0.3700090141005197
826798,0,7,0,0.036297736626031925
826802,1,7,9,23.482834574132273
826806,0,7,0,0.03841005412473591
826818,1,7,9,25.244024479270667
826820,1,7,8,9.25409274789316
826821,1,7,9,16.333634613011128
826839,1,7,8,36.01470408198133
826851,1,7,4,0.3700090657260609
826854,1,7,4,0.3700090657260609
826856,1,7,10,5.718335524852699
826857,1,7,8,22.59630910759479
826858,1,7,8,19.92060472102214
826864,0,7,0,0.035397005295889905
826875,1,7,5,0.37000902039789374
826879,1,7,4,0.3700090656202526
826880,1,7,8,11.767644010560941
826939,1,7,5,0.3700090141005197
826941,1,7,4,0.3700090657260609
826967,1,7,7,5.258248510313217
826973,1,7,6,28.374040828786306
827013,1,7,7,6.519688065156492
827022,1,7,5,0.3700090141005197
827024,1,7,2,16.444333822996864
827029,1,7,9,21.326158439941388
827037,1,7,6,30.29591563775314
827042,1,7,10,16.676890835325075
827059,1,7,1,26.577091116309575
827068,1,7,1,18.429798499159407
827074,1,7,5,0.3700090141005197
827075,1,7,9,17.20779622451825
827081,1,7,9,23.018511306043536
827089,1,7,1,12.615170045028286
827096,1,7,3,3.218071369317633
827100,1,7,9,32.91383087459382
827102,1,7,9,31.77728982856776
827108,1,7,9,4.481825147878982
827112,1,7,9,33.30089900098711
827119,1,7,9,26.874985166098845
827125,1,7,9,32.45111673837861
827160,1,7,5,0.3700090141005197
827168,1,7,6,11.986010204777623
827172,1,7,1,19.53413985572942
827174,1,7,9,32.69080836526673
827193,1,7,9,25.256497975601693
827198,1,7,8,16.626421224901527
827200,1,7,5,0.37000902039789374
827201,1,7,6,14.545450652222897
827206,1,7,6,9.064910006940744
827224,1,7,7,6.2464940118079735
827232,1,7,5,0.3700090141005197
827234,1,7,5,0.3700090141005197
827236,1,7,6,20.87376676504678
827249,1,7,6,22.064497479813234
827288,1,7,8,31.092438070997115
827290,1,7,4,0.3700090657260609
827297,1,7,1,10.597678134494773
827312,1,7,8,4.381193973526083
827318,1,7,9,3.8614173433195798
827329,1,7,9,21.21816256311746
827331,0,7,0,0.036592717739135416
827345,1,7,3,2.660159314971716
827349,1,7,10,11.218728289743945
827350,1,7,10,6.2934778838823355
827351,1,7,4,0.3700090657260609
827368,1,7,5,0.1811383237508223
827369,1,7,6,23.959567330873035
827384,1,7,9,26.42437183517018
827401,1,7,2,1.1221938197559407
827406,1,7,7,1.590107362052476
827407,1,7,3,1.3801183276242177
827416,1,7,7,3.143193249521333
827417,1,7,10,13.96715112154525
827424,1,7,8,14.037595630697659
827425,1,7,5,0.3700090141005197
827428,1,7,3,3.1862290121088175
827433,1,7,9,32.53823923415253
827439,1,7,8,9.042151653262339
827444,1,7,6,26.959016093851023
827445,1,7,10,16.21821367515262
827454,1,7,9,32.09993700598473
827463,1,7,10,16.069947936405192
827469,1,7,10,10.942109554878208
827479,1,7,9,28.29580577605345
827491,1,7,5,0.3700090141005197
827498,1,7,9,19.96147975857351
827502,1,7,10,8.676380323079623
827519,1,7,6,14.803875445994152
827521,1,7,7,1.8577387315426734
827542,1,7,5,0.3700090141005197
827543,1,7,9,21.809829821087046
827544,1,7,4,0.3700090657260609
827553,1,7,1,22.58699662884101
827568,1,7,9,14.462074572243115
827570,1,7,5,0.3700090141005197
827581,1,7,4,0.3700090657260609
827586,1,7,7,1.3111434577551275
827593,1,7,10,21.119297308376556
827596,1,7,4,0.3700090657260609
827598,1,7,2,14.094810169393114
827600,1,7,6,25.210186600595144
827620,1,7,8,29.23261194934825
827631,0,7,0,0.031100319779857985
827633,1,7,10,22.183294946610495
827635,1,7,9,18.637753773134527
827644,1,7,5,0.3700090141005197
827654,1,7,9,27.166033673356303
827656,1,7,8,31.302343367186516
827661,1,7,4,0.3700090657260609
827671,1,7,10,16.065950326586528
827675,1,7,10,23.14755484629459
827684,1,7,4,0.3700090656202526
827701,1,7,10,5.086771946317145
827736,1,7,1,27.440429700346414
827747,1,7,9,27.07259862543912
827778,1,7,9,30.615084960361933
827783,1,7,8,27.510796683752993
827795,1,7,10,7.252495785631132
827803,1,7,9,18.40372728670681
827821,1,7,5,0.3700090141005197
827831,1,7,8,23.830704717656555
827834,1,7,10,14.183404545190848
827851,1,7,6,29.833174685665373
827853,1,7,9,13.873227657391093
827855,1,7,7,5.868160034241871
827867,1,7,9,26.555819430353086
827868,0,7,0,0.04211023308656121
827872,1,7,4,0.3700090657260609
827882,1,7,8,16.245968033631684
827900,1,7,8,26.775262367833072
827913,1,7,5,0.3700090141005197
827917,1,7,8,15.784589698019909
827927,1,7,9,22.526421770587053
827932,1,7,4,0.3700090657260609
827934,1,7,8,31.815051708533137
827937,1,7,4,0.3700090657260609
827945,1,7,1,15.636507996568703
827954,1,7,9,19.95904047528647
827986,1,7,5,0.3700090141005197
827995,1,7,1,25.340458992335694
828013,1,7,8,10.906740703211856
828059,1,7,4,0.3700090657260609
828070,1,7,8,29.70239898716012
828078,1,7,9,32.880909756255434
828079,1,7,10,11.455866318752705
828089,1,7,1,25.17000798485156
828092,1,7,9,29.908145208355073
828111,0,7,0,0.03914849261281136
828119,1,7,4,0.3700090657260609
828125,1,7,8,27.41371580104839
828135,1,7,9,6.5080524465197644
828140,1,7,9,19.98480521921348
828142,1,7,3,3.2126946701490593
828149,1,7,5,0.3700090141005197
828150,1,7,8,34.94298511430677
828173,1,7,5,0.3700090141005197
828186,1,7,8,15.987362495714166
828196,1,7,9,23.01321934250377
828206,1,7,5,0.3700090141005197
828212,1,7,4,0.3700090657260609
828213,1,7,7,2.3320286736502833
828214,1,7,9,20.804354837550523
828218,1,7,8,16.568009872673443
828225,1,7,8,19.27619216135871
828229,1,7,7,0.7626039586754105
828241,1,7,7,2.9509086860879585
828252,1,7,8,29.042647556876208
828257,1,7,4,0.3700090657260609
828265,1,7,9,30.81297740327577
828268,1,7,4,0.3700090657260609
828275,1,7,6,6.529541061376116
828286,1,7,10,15.39463051808568
828291,1,7,2,14.439259652905603
828298,0,7,0,0.11418728007341172
828300,1,7,10,17.08506395441986
828314,1,7,5,0.37000902039789374
828318,1,7,7,3.10314383610442
828330,1,7,4,0.3700090657260609
828350,0,7,0,0.036263257947411136
828353,1,7,1,15.113226338915783
828357,1,7,1,24.029275274045897
828359,1,7,4,0.3700090657260609
828376,1,7,5,0.3700090141005197
828402,1,7,10,9.906990189680675
828405,1,7,9,30.716451431220648
828408,1,7,8,34.64765194528601
828410,1,7,6,23.810408145275144
828435,1,7,6,18.919472034690738
828440,0,7,0,0.03108592534376793
828458,1,7,4,0.3700090657260609
828486,1,7,9,33.42348075967328
828495,1,7,9,3.1233058884954925
828525,1,7,5,0.3700090141005197
828531,0,7,0,0.04046310380690009
828534,1,7,6,11.154726270045918
828544,1,7,8,14.371453037812572
828553,1,7,6,13.98176809160102
828564,1,7,3,0.9511131999126297
828573,1,7,1,18.526651527291126
828583,1,7,4,0.3700090657260609
828593,1,7,4,0.3700090657260609
828609,1,7,7,6.12878590157695
828610,1,7,9,29.504380228283985
828624,1,7,10,6.291747765174237
828638,1,7,2,13.105085123169165
828643,1,7,2,11.57054563305182
828658,1,7,6,14.16104477854123
828666,1,7,7,5.926130099488123
828669,1,7,10,10.41305423404842
828677,1,7,10,20.46269517520613
828683,1,7,7,5.930714215499346
828696,1,7,9,32.4367774238812
828707,1,7,8,30.426803431419895
828713,1,7,9,3.5163783853022346
828732,1,7,5,0.3700090141005197
828758,1,7,6,16.24816871059273
828774,1,7,10,13.721944028266213
828776,1,7,6,29.322592571415495
828781,1,7,10,24.78704979598535
828788,1,7,5,0.3700090141005197
828790,1,7,4,0.3700090657260609
828812,1,7,5,0.3700090141005197
828815,1,7,4,0.3700090657260609
828820,1,7,1,12.005203949294833
828825,1,7,6,23.87349849227934
828848,1,7,7,1.819935546166846
828852,1,7,8,29.803739867436118
828853,1,7,4,0.3700090657260609
828884,0,7,0,0.03870002528247235
828892,1,7,5,0.3700090141005197
828894,1,7,1,21.332554613282248
828901,1,7,10,24.3824327458388
828904,1,7,5,0.3700090141005197
828930,1,7,4,0.3700090657260609
828947,1,7,9,33.23209260929567
828948,1,7,6,22.385784049644798
828949,1,7,8,30.7260128408265
828967,1,7,7,5.4844013278203345
828968,1,7,8,22.657716114868155
828987,1,7,4,0.3700090656202526
828992,1,7,6,29.449651137283926
829010,1,7,1,12.664178435002952
829032,1,7,6,20.411742873639213
829046,0,7,0,0.03571522946595702
829064,1,7,6,11.17875092107772
829080,1,7,6,21.083311764694724
829091,1,7,6,20.58649095235631
829092,1,7,1,14.69312972813705
829117,1,7,3,3.1750515822884617
829132,1,7,1,23.535318122877555
829139,1,7,8,32.41961250462102
829167,1,7,5,0.3700090141005197
829168,1,7,10,11.179327923725289
829171,1,7,10,22.39374142272591
829175,0,7,0,0.03934749284337055
829178,1,7,5,0.3700090141005197
829182,1,7,1,20.031718590569298
829185,1,7,8,30.30572159486528
829192,1,7,6,29.25026033392017
829196,1,7,9,14.611323575309779
829214,1,7,10,21.54898779375294
829222,1,7,6,22.893515475307343
829231,1,7,2,8.243104392822532
829243,1,7,9,10.136304524187484
829264,1,7,1,6.982700230935385
829272,0,7,0,0.031824480790189125
829286,1,7,9,8.837520219556872
829290,1,7,7,5.918246629370338
829291,1,7,10,13.832190639365821
829297,1,7,7,5.302591966886631
829318,1,7,10,17.880310290265445
829339,1,7,2,12.630743513037848
829347,1,7,9,19.807310801511928
829351,1,7,6,12.585632740892894
829352,1,7,7,5.457164682089286
829371,1,7,7,2.199902359399129
829372,1,7,9,24.52086714976684
829373,1,7,5,0.3700090141005197
829383,1,7,9,25.052245768148378
829390,1,7,5,0.3700090141005197
829391,1,7,6,26.958361409294415
829400,1,7,6,22.642095792858324
829406,1,7,8,30.975367773155565
829407,1,7,9,33.25729367119054
829421,1,7,8,30.455279056287036
829423,1,7,1,25.05108457800937
829462,1,7,4,0.3700090657260609
829465,1,7,6,22.845110351243196
829530,1,7,4,0.3700090657260609
829532,1,7,7,2.9639255881121676
829543,1,7,5,0.3700090141005197
829558,1,7,8,4.220053690213515
829570,1,7,9,21.955650368765312
829571,1,7,5,0.3700090141005197
829589,1,7,9,23.131264193331763
829595,1,7,3,3.1265974257064544
829609,1,7,7,0.7616446935892556
829613,1,7,5,0.3700090141005197
829619,1,7,6,23.83457316418398
829621,1,7,8,4.297119241206865
829649,1,7,8,19.28324320707646
829665,1,7,6,30.30765734122233
829691,1,7,6,16.315585966589605
829720,1,7,8,24.756775466865165
829727,1,7,1,10.972473408607636
829730,1,7,8,22.673311193909782
829733,1,7,6,16.767403723249966
829736,1,7,5,0.3700090141005197
829740,0,7,0,0.047067661881543384
829761,1,7,10,23.661448436805173
829775,1,7,6,19.49942106963078
829778,1,7,2,2.1415809941846806
829780,1,7,5,0.3700090141005197
829787,1,7,4,0.3700090657260609
829802,1,7,7,6.298558379922848
829815,1,7,9,31.88983983397096
829816,1,7,1,18.229920180505253
829820,1,7,10,13.543445067408522
829823,1,7,3,2.933284880596972
829826,1,7,9,33.76144563579492
829848,1,7,6,21.928015155851238
829853,1,7,6,9.386650370272054
829854,1,7,5,0.3700090141005197
829864,1,7,1,22.709545615428834
829870,1,7,7,5.574369058271888
829910,1,7,10,13.584246828758232
829922,1,7,5,0.3700090141005197
829926,1,7,8,14.373333098128127
829942,1,7,9,31.423341295032376
829946,1,7,9,6.333243088983525
829960,1,7,8,2.7399798808585385
829972,1,7,4,0.3700090657260609
829989,1,7,6,18.948391712728377
830016,1,7,1,19.68094203001328
830037,1,7,4,0.3700090656202526
830042,1,7,10,15.335997403798883
830043,1,7,1,10.985758793465932
830064,1,7,2,4.639151689016569
830071,0,7,0,0.0384805470958536
830083,1,7,4,0.3700090657260609
830088,1,7,1,5.4468824618667915
830111,0,7,0,0.032944909403237445
830115,1,7,8,29.42628363177459
830126,1,7,7,6.401707460562815
830128,1,7,9,30.878645548764705
830136,1,7,6,20.81626720414346
830156,1,7,1,27.13112085422898
830158,1,7,8,32.699152540732015
830174,1,7,9,31.34816919813181
830180,1,7,9,31.86085385862511
830202,1,7,4,0.3700090657260609
830204,1,7,8,35.38945838987111
830212,1,7,4,0.3700090657260609
830223,1,7,8,26.196137356830175
830230,1,7,2,4.489581264125825
830232,1,7,10,25.057298217683343
830239,1,7,7,5.491191174227286
830259,1,7,6,11.958513646472493
830265,1,7,4,0.3700090657260609
830289,1,7,8,13.930544722440306
830293,1,7,9,15.195820810978855
830296,1,7,1,8.856084193491919
830300,1,7,9,31.54645886808398
830314,1,7,5,0.3700090141005197
830329,1,7,8,35.463154075435696
830333,1,7,8,21.151994561734487
830346,1,7,5,0.37000902039789374
830351,1,7,5,0.37000902039789374
830372,1,7,1,5.0983699259839526
830381,0,7,0,0.037445330775074864
830382,1,7,6,28.56703275704003
830383,1,7,9,25.84717920688847
830384,1,7,5,0.3700090141005197
830386,1,7,9,17.86577143721192
830387,1,7,9,9.274213676497029
830432,0,7,0,0.04694172558770153
830434,1,7,9,24.743359902986903
830450,1,7,4,0.3700090657260609
830453,1,7,4,0.3700090657260609
830472,1,7,5,0.3700090141005197
830484,1,7,9,31.778955204476944
830485,1,7,10,17.61826830425828
830497,1,7,2,4.048726265383184
830500,1,7,8,19.447106290780432
830501,1,7,6,20.70550557685026
830510,1,7,3,2.7369479392835747
830532,1,7,9,21.213114744044585
830554,0,7,0,0.03596009068923363
830557,1,7,6,10.525771062833488
830569,1,7,10,6.126720650722074
830571,1,7,3,3.2165297135078976
830572,1,7,2,14.964367990498536
830576,1,7,3,2.9080716414672554
830589,1,7,7,2.252865146529307
830594,1,7,5,0.3700090141005197
830607,1,7,5,0.3700090141005197
830619,1,7,9,32.750551976681564
830635,1,7,6,6.816725162112235
830636,1,7,8,26.238023577061114
830642,0,7,0,0.034696613733725366
830657,1,7,9,5.922707524121656
830663,1,7,8,4.86120187002506
830667,1,7,8,12.647333315829925
830703,1,7,4,0.3700090657260609
830706,1,7,8,11.617029896123812
830711,1,7,9,33.08773791405624
830720,1,7,2,16.014539512034844
830723,1,7,1,15.810885582385431
830726,1,7,8,33.8739428986663
830743,1,7,8,24.071200798120145
830754,1,7,7,1.160020417636452
830768,1,7,5,0.3700090141005197
830777,1,7,8,36.00760124818646
830779,1,7,8,26.545400136867446
830790,1,7,6,17.35041043608973
830801,1,7,9,16.556895953733473
830811,1,7,8,26.779907586239474
830825,1,7,7,5.991674227269396
830828,1,7,6,16.45668320256783
830848,1,7,10,15.10776054910968
830858,1,7,6,16.678868614033956
830871,1,7,9,28.574663648375182
830878,1,7,8,33.28391096509927
830907,1,7,10,14.284243967216767
830915,1,7,9,20.254908585877814
830930,1,7,9,29.48390567147123
830962,1,7,5,0.3700090141005197
830970,1,7,6,16.40413306407131
830975,1,7,5,0.3700090141005197
830979,1,7,9,15.540833655439297
831021,1,7,4,0.3700090656202526
831034,1,7,10,4.4121077880446675
831040,1,7,6,29.201003018488315
831049,1,7,6,5.9978142164341275
831053,1,7,9,28.79204980054751
831075,1,7,8,19.25089185299434
831078,1,7,4,0.3700090657260609
831081,1,7,7,4.630318664985788
831083,1,7,5,0.3700090141005197
831084,1,7,6,22.264329311833695
831106,1,7,5,0.3700090141005197
831115,1,7,7,6.397720205660374
831128,1,7,8,30.881664630942204
831129,1,7,9,28.057265176672292
831130,1,7,4,0.3700090657260609
831131,1,7,5,0.3700090141005197
831156,1,7,1,26.98341850733566
831164,1,7,9,8.615498007530627
831169,1,7,10,22.34452537944922
831185,1,7,10,16.216542476260063
831197,1,7,2,8.004504169974654
831199,1,7,1,17.1999013669091
831203,1,7,8,35.767946230652385
831205,1,7,3,3.0306019479976887
831213,1,7,7,3.760983471956115
831222,1,7,9,28.592989734446785
831227,1,7,9,26.28487248146282
831229,1,7,8,11.099079040399692
831230,1,7,3,2.743340726278522
831240,1,7,6,29.753981914399102
831241,1,7,8,8.122765622893294
831256,1,7,1,20.56932461335302
831274,1,7,4,0.3700090656202526
831277,1,7,1,23.631318627631583
831302,1,7,4,0.3700090657260609
831304,1,7,9,25.563337482396914
831310,1,7,6,12.073485835795092
831316,1,7,8,35.31053022955055
831321,0,7,0,0.11131315977743175
831339,1,7,10,20.105826512069466
831341,1,7,9,33.34207743311351
831345,1,7,5,0.3700090141005197
831351,1,7,9,16.172696709379476
831369,1,7,4,0.3700090657260609
831385,1,7,9,17.956253478249717
831392,1,7,10,25.63940195526993
831400,1,7,8,24.557944597997718
831415,1,7,8,30.40773208090975
831424,1,7,4,0.3700090657260609
831426,1,7,4,0.3700090657260609
831494,1,7,8,18.97083664182478
831503,1,7,9,18.853319301047883
831513,1,7,6,7.714468584499236
831515,1,7,9,21.70002854961577
831518,1,7,8,22.043373947853443
831521,1,7,5,0.3700090141005197
831560,1,7,5,0.3700090141005197
831584,1,7,2,15.877961713554166
831590,1,7,4,0.3700090657260609
831597,1,7,3,0.6489778664436787
831599,0,7,0,0.0363921517277391
831610,1,7,4,0.3700090657260609
831612,1,7,1,8.36683956613077
831631,1,7,1,14.046911606198705
831654,1,7,8,4.481549871981134
831659,1,7,7,2.199331622279062
831664,1,7,3,3.012394097629484
831670,1,7,9,33.30128039866927
831699,1,7,9,24.9034961094913
831700,1,7,8,33.349297829209526
831710,1,7,8,26.529298027708414
831722,1,7,9,10.790274823760734
831724,1,7,6,29.612244609983616
831738,1,7,6,13.55495648034272
831749,1,7,1,22.268798793854042
831766,1,7,6,24.41489429339286
831775,1,7,5,0.3700090141005197
831791,1,7,8,8.147953093328514
831819,1,7,5,0.3700090141005197
831832,1,7,9,26.26536085113118
831848,1,7,3,2.915059680738457
831861,1,7,8,18.807423184980085
831864,1,7,6,29.523458912715807
831867,1,7,8,19.06336182959609
831886,1,7,5,0.3700090141005197
831889,1,7,10,16.696132525779003
831895,1,7,4,0.3700090657260609
831906,1,7,6,15.677194076341493
831907,1,7,5,0.3700090141005197
831923,1,7,8,29.86235938011092
831926,1,7,8,7.998972301685871
831952,1,7,6,17.146849669872967
831970,1,7,9,17.96258525576162
831973,1,7,1,21.441185506956828
831996,1,7,7,1.3114720912316344
832003,1,7,8,34.94022847988054
832005,1,7,9,31.27504729351515
832008,1,7,10,11.469737169268726
832013,1,7,8,15.090083438280185
832029,1,7,4,0.3700090657260609
832049,1,7,5,0.3700090141005197
832054,1,7,6,29.554136091820872
832062,1,7,10,19.716150230870877
832066,1,7,2,16.16189060497375
832075,1,7,6,29.56371666547063
832087,1,7,5,0.3700090141005197
832091,1,7,2,4.797939157697796
832096,1,7,5,0.3700090141005197
832108,1,7,6,27.37678437965731
832110,1,7,8,22.05024914587679
832122,1,7,8,23.75012104842719
832126,1,7,5,0.3700090141005197
832147,1,7,4,0.3700090657260609
832149,1,7,9,9.64135752165755
832155,1,7,6,10.515195467251546
832161,1,7,5,0.3700090141005197
832164,1,7,9,4.4457790753353805
832166,1,7,10,23.2772788399891
832182,1,7,7,3.4673668589871367
832199,1,7,4,0.3700090657260609
832241,1,7,5,0.3700090141005197
832243,1,7,5,0.3700090141005197
832269,1,7,8,32.704288500310454
832270,1,7,8,28.420073667329213
832276,1,7,8,29.242109043874553
832278,1,7,6,25.72337711445002
832302,1,7,8,30.72613260648302
832304,1,7,10,18.40071961812996
832339,1,7,8,21.21241130972599
832341,1,7,8,18.057355646687206
832342,1,7,10,10.906178662401008
832343,1,7,5,0.3700090141005197
832346,1,7,6,14.286908981797277
832356,1,7,5,0.3700090141005197
832357,1,7,8,12.529594289116416
832364,1,7,4,0.3700090657260609
832368,1,7,9,16.73003334859526
832369,1,7,5,0.3700090141005197
832374,1,7,7,0.9350409983709057
832378,1,7,9,33.65860506420368
832386,1,7,8,34.469707714792406
832399,1,7,6,16.69313311956829
832424,1,7,9,16.778649809475844
832425,1,7,4,0.3700090657260609
832454,1,7,5,0.3700090141005197
832471,1,7,8,30.39598699614916
832492,1,7,2,3.287963708016051
832502,1,7,4,0.3700090657260609
832508,1,7,5,0.3700090141005197
832510,1,7,10,22.34977941753497
832519,1,7,1,14.744829295691247
832530,1,7,6,26.277288697132914
832550,1,7,9,14.920906331320147
832564,1,7,10,21.359215267609585
832567,1,7,10,13.113046380283798
832587,1,7,8,27.412846809513503
832607,1,7,8,24.35024319007907
832614,1,7,10,25.710437799822735
832618,0,7,0,0.03773393913719988
832625,1,7,6,19.400225241715884
832637,1,7,2,13.520425606318492
832643,1,7,2,10.216748534530504
832649,1,7,8,14.956105254223797
832661,1,7,6,29.401965862071755
832667,1,7,10,18.4955134119846
832670,1,7,5,0.3700090141005197
832679,1,7,8,27.587964024828523
832690,1,7,4,0.3700090657260609
832698,1,7,6,18.5957343002951
832708,1,7,7,0.7671072887448774
832721,1,7,4,0.3700090657260609
832723,1,7,7,0.3411733428852461
832746,0,7,0,0.03282908329572089
832753,1,7,10,23.75285832899127
832769,1,7,8,36.038585929037346
832771,1,7,6,15.503756470497239
832772,1,7,1,8.244210844662911
832786,1,7,7,3.15828676966586
832816,1,7,6,22.708112706565164
832822,1,7,6,22.484818939648086
832830,1,7,8,28.498293152008348
832855,1,7,10,13.334074858502294
832859,1,7,6,20.172810647128998
832867,1,7,5,0.3700090141005197
832886,1,7,5,0.3700090141005197
832888,1,7,9,7.673768117838712
832895,1,7,1,11.70102404868974
832908,1,7,1,8.467969998799347
832949,1,7,10,17.888028884335565
832953,1,7,8,14.628229034298576
832965,1,7,7,4.626321937836437
832970,1,7,9,30.67401314990522
832976,1,7,4,0.3700090656202526
832995,1,7,6,12.394881273297912
832996,0,7,0,0.035869073712928475
833000,1,7,6,5.064432344336407
833015,1,7,6,21.11068109838227
833018,1,7,9,6.511813577573978
833025,1,7,9,15.275440729186354
833031,1,7,8,36.11818034320614
833048,1,7,7,2.778633469357173
833063,1,7,10,14.062987031173646
833076,1,7,6,28.998973650661746
833100,1,7,7,5.552572159932894
833107,1,7,4,0.3700090657260609
833118,1,7,7,5.074288794887366
833122,1,7,8,24.179021488127624
833128,1,7,8,25.221806029095482
833135,1,7,4,0.3700090657260609
833156,1,7,10,5.010438745711254
833178,1,7,5,0.3700090141005197
833187,1,7,8,29.419030851964703
833192,1,7,9,32.65908136691216
833205,0,7,0,0.038948316180701846
833208,1,7,10,26.05668117076533
833211,1,7,10,22.803122077494976
833212,1,7,6,16.25441693595524
833219,1,7,9,21.32940182734864
833225,1,7,7,1.2284758638468953
833246,1,7,5,0.3700090141005197
833253,1,7,6,12.653142372681554
833272,1,7,6,20.86237122565972
833275,1,7,5,0.3700090141005197
833286,1,7,8,36.061795795114854
833287,1,7,5,0.37000902039789374
833300,1,7,5,0.37000902039789374
833303,1,7,9,33.61060874140237
833308,1,7,10,10.071618169795155
833311,1,7,5,0.3700090141005197
833322,1,7,8,35.409755135037074
833332,1,7,8,22.58137041041619
833346,1,7,4,0.3700090657260609
833365,1,7,5,0.3700090141005197
833369,1,7,10,9.92483030523229
833371,1,7,9,33.59752892173084
833393,1,7,1,25.186156209047137
833422,1,7,10,13.43340869417891
833425,1,7,8,30.713832969994876
833489,1,7,8,33.284916918034
833507,1,7,8,21.68060477099677
833531,1,7,1,11.683916830857887
833538,1,7,5,0.3700090141005197
833549,1,7,2,11.287218214050913
833557,1,7,5,0.3700090141005197
833579,1,7,3,2.0422350339700417
833594,1,7,4,0.3700090657260609
833598,1,7,9,24.353468265964544
833604,1,7,6,24.222734564541476
833608,1,7,10,16.3003295482634
833611,1,7,7,4.0146675450379545
833616,1,7,6,14.286503461983077
833624,1,7,1,17.685838826731047
833645,1,7,10,14.477942923492503
833653,1,7,4,0.3700090657260609
833654,1,7,6,28.984726943769488
833667,1,7,5,0.3700090141005197
833668,1,7,5,0.37000902039789374
833672,1,7,7,5.737095160232056
833690,1,7,4,0.3700090657260609
833708,1,7,5,0.3700090141005197
833719,1,7,4,0.3700090657260609
833720,1,7,2,13.846918049531737
833739,1,7,9,30.909702934887363
833741,1,7,10,4.016775738314639
833747,1,7,8,30.491508537269723
833754,1,7,9,13.541891614402896
833756,1,7,5,0.3700090141005197
833776,1,7,5,0.3700090141005197
833791,1,7,4,0.3700090657260609
833800,1,7,10,10.183355408720622
833808,1,7,9,27.123012196746444
833824,1,7,10,4.653609209412897
833830,1,7,5,0.3700090141005197
833833,1,7,1,15.119531436395361
833855,1,7,9,23.860287445852652
833869,1,7,5,0.3700090141005197
833875,1,7,6,21.271881100123423
833877,1,7,7,2.353797035630399
833880,1,7,5,0.3700090141005197
833888,1,7,5,0.3700090141005197
833889,1,7,5,0.3700090141005197
833896,1,7,1,11.605160161224235
833915,1,7,4,0.3700090657260609
833958,1,7,6,17.331222915406748
833960,1,7,4,0.3700090657260609
833970,0,7,0,0.07841207447671651
833996,1,7,5,0.3700090141005197
833999,1,7,10,10.319430303283967
834025,1,7,6,10.923815819581234
834062,0,7,0,0.03574367440758207
834067,1,7,3,1.498722852857377
834078,1,7,10,22.92533532630106
834087,1,7,8,20.563100613611
834095,1,7,5,0.3700090141005197
834100,1,7,6,16.574271299125456
834103,1,7,8,19.861800974461108
834112,0,7,0,0.024693953458634937
834124,1,7,5,0.3700090141005197
834128,1,7,4,0.3700090657260609
834160,1,7,7,2.7091572745026045
834165,1,7,9,20.242843420141973
834169,1,7,6,12.310236731776362
834201,1,7,8,10.802387296383385
834205,1,7,6,18.404678019240503
834211,1,7,6,13.304291242824457
834227,1,7,5,0.3700090141005197
834237,1,7,10,24.636835019222186
834248,0,7,0,0.029192579504173984
834249,1,7,9,23.06513383697134
834251,1,7,1,26.019240385287894
834275,1,7,10,20.249337370078024
834284,1,7,6,29.37303697552842
834309,1,7,4,0.3700090657260609
834316,1,7,5,0.3700090141005197
834319,1,7,6,25.788193652459316
834325,1,7,9,23.950704557590313
834335,1,7,8,21.42426795822867
834338,1,7,5,0.3700090141005197
834352,1,7,5,0.3700090141005197
834367,1,7,8,18.02747482333488
834368,1,7,8,10.459294910189708
834375,1,7,7,1.0560859367025544
834376,1,7,4,0.3700090657260609
834381,1,7,10,17.57796665353629
834385,1,7,8,33.53898864710784
834386,1,7,6,25.031389222427265
834424,1,7,6,30.026606197138687
834430,1,7,6,27.77605787221602
834444,1,7,5,0.3700090141005197
834451,1,7,9,4.447550315703101
834467,1,7,5,0.3700090141005197
834470,1,7,9,30.68459724716
834489,1,7,4,0.3700090657260609
834498,1,7,2,13.395778739794771
834505,1,7,9,20.009318490123743
834510,1,7,5,0.3700090141005197
834522,1,7,10,23.32100675669826
834526,1,7,8,29.892168782448937
834530,1,7,9,3.971891701610005
834540,1,7,9,3.2027815185218684
834562,1,7,3,3.141243995388612
834564,1,7,6,28.14710354818242
834581,1,7,8,17.90621539389604
834583,1,7,3,3.0412080207092194
834584,1,7,8,26.53544973020253
834594,1,7,6,11.477636519189337
834595,1,7,1,27.66162525223388
834613,1,7,6,16.94578633478403
834622,1,7,9,6.460410137015153
834627,1,7,2,10.301577360071295
834632,1,7,4,0.3700090657260609
834643,1,7,3,2.9522908373841426
834648,1,7,2,2.3601788663369185
834672,1,7,6,8.822917033747188
834739,1,7,6,12.570078170177592
834748,1,7,5,0.3700090141005197
834760,1,7,7,0.46726769907425203
834768,1,7,8,9.083742669168675
834783,1,7,8,36.1398386194904
834791,1,7,9,23.96650833490168
834811,1,7,6,26.578206319700072
834814,1,7,8,27.00368512609579
834833,1,7,7,2.8327338963498425
834837,0,7,0,0.24948063649630708
834840,1,7,7,1.8361268567248137
834868,1,7,7,1.6252742823691473
834876,0,7,0,0.036054500183406356
834878,1,7,1,19.939317245499424
834882,1,7,5,0.3700090141005197
834903,1,7,4,0.3700090657260609
834905,1,7,8,25.989857127864138
834917,1,7,8,32.00484371222312
834918,1,7,4,0.3700090657260609
834923,0,7,0,0.0962081943209434
834942,1,7,8,28.58564047424428
834949,1,7,6,28.655427563523475
834961,1,7,6,22.8264592740634
834965,1,7,9,24.01053856831062
834966,1,7,3,1.1693154918454012
834981,1,7,6,26.670600997095075
835006,1,7,6,11.514556672486941
835007,1,7,9,13.245487356983269
835011,1,7,9,2.190700527106641
835014,1,7,1,6.392206340394221
835015,1,7,6,27.972833459788337
835042,1,7,10,11.263571729460176
835059,1,7,4,0.3700090657260609
835084,1,7,2,13.711294044947646
835119,1,7,9,4.106356865601293
835129,1,7,10,7.91739098699883
835131,0,7,0,0.04904078714149857
835144,1,7,10,14.669946397278142
835148,1,7,6,20.087603674260517
835157,1,7,8,14.792141542202957
835161,1,7,8,33.80674617223025
835189,1,7,8,26.135266103248536
835202,1,7,9,20.48985379313648
835215,1,7,10,16.9911546893912
835216,0,7,0,0.029469277769535424
835219,1,7,9,22.957672002834787
835220,1,7,6,13.698149621490595
835236,1,7,6,22.366710699495812
835316,1,7,9,6.732144910192135
835323,1,7,7,3.9732613155997516
835332,1,7,2,8.968019517836845
835341,1,7,8,11.918731352906244
835350,1,7,6,30.05985973376128
835356,1,7,7,5.603811625578084
835362,1,7,4,0.3700090657260609
835366,1,7,4,0.3700090657260609
835387,1,7,4,0.3700090657260609
835449,1,7,10,22.329450154377053
835450,1,7,9,28.922673206148364
835454,1,7,10,22.141771575202576
835471,1,7,6,21.113474146409256
835486,1,7,6,15.502368999190743
835499,0,7,0,0.047031215412841186
835503,1,7,6,12.362710053206474
835505,1,7,9,31.544861123256883
835514,1,7,9,24.712986196600546
835522,0,7,0,0.03900603639877444
835530,1,7,2,3.815503188014951
835543,1,7,9,21.77345600125009
835544,1,7,7,6.147450067026945
835548,1,7,6,13.926154800569957
835557,1,7,8,31.62230838169987
835559,1,7,10,11.985293117273947
835574,0,7,0,0.03469979220276592
835585,1,7,4,0.3700090657260609
835587,1,7,8,21.733320431399584
835612,1,7,1,7.78948440727951
835614,1,7,5,0.3700090141005197
835621,1,7,1,23.803053923852584
835626,1,7,8,7.444294002255074
835635,1,7,1,15.54764688488467
835643,1,7,10,18.353144911473194
835647,1,7,8,32.632657715736165
835651,1,7,5,0.3700090141005197
835660,1,7,7,1.196162718571444
835675,1,7,8,33.73562921293176
835683,1,7,6,24.222290918790833
835685,1,7,3,2.9272860192182866
835687,1,7,9,6.270777556987016
835689,1,7,1,10.364513905728476
835696,1,7,4,0.3700090657260609
835713,1,7,1,11.328216122204052
835721,1,7,1,24.110548281362
835727,1,7,4,0.3700090657260609
835742,1,7,6,19.615245110958064
835747,1,7,8,31.963240493158125
835763,1,7,9,9.89267283645799
835801,1,7,5,0.3700090141005197
835807,1,7,7,3.5739362554759224
835808,1,7,3,1.0015302370725858
835814,1,7,8,14.352067343502574
835823,1,7,1,19.058662056094263
835840,1,7,5,0.3700090141005197
835842,1,7,5,0.3700090141005197
835867,1,7,5,0.3700090141005197
835869,1,7,9,5.054184973264153
835875,1,7,9,12.832751825465001
835879,1,7,7,3.360041724026343
835889,1,7,6,22.404596752535735
835910,1,7,2,2.069983281580033
835916,1,7,8,36.043167838865635
835925,1,7,6,15.235862202207118
835954,1,7,5,0.3700090141005197
835955,1,7,9,13.55832384821081
836001,1,7,2,2.491445956530075
836004,1,7,9,13.917019285882178
836008,1,7,10,17.537271804061035
836020,1,7,5,0.3700090141005197
836033,1,7,7,6.373610265485777
836039,1,7,10,25.615952517454595
836047,1,7,8,7.384926185010886
836077,1,7,6,7.811073757142734
836083,1,7,10,14.423331959256283
836085,1,7,7,1.7756871216759338
836087,1,7,8,14.920864180941885
836092,1,7,9,10.940577744582482
836109,1,7,3,3.1960057957763044
836115,1,7,9,24.883184478307715
836139,1,7,10,21.521577719936925
836145,1,7,4,0.3700090657260609
836162,1,7,5,0.3700090141005197
836181,1,7,9,16.300190470341576
836184,1,7,9,4.79128673226616
836220,1,7,5,0.3700090141005197
836221,1,7,8,14.449655315181934
836255,1,7,2,4.575586816785425
836259,1,7,4,0.3700090657260609
836271,1,7,5,0.3700090141005197
836290,1,7,4,0.3700090657260609
836301,1,7,6,30.01101164400144
836305,1,7,8,8.932050387507882
836317,1,7,6,10.881222247499503
836325,1,7,8,14.26614132692946
836342,1,7,6,19.681426570158763
836362,1,7,5,0.3700090141005197
836363,1,7,3,2.722486516716197
836377,1,7,10,5.850874316547791
836392,1,7,9,33.489070464199656
836397,1,7,8,28.597653464285727
836398,1,7,4,0.3700090657260609
836400,1,7,9,16.986200151915362
836404,1,7,6,4.947718314735322
836412,1,7,8,31.856108898396943
836414,1,7,5,0.3700090141005197
836415,1,7,2,9.515522747550477
836438,1,7,8,19.94955599159878
836449,1,7,9,11.362047053850196
836453,1,7,8,29.684991474179625
836463,1,7,8,7.318598494267128
836465,1,7,4,0.3700090656202526
836476,1,7,5,0.3700090141005197
836477,1,7,5,0.3700090141005197
836481,1,7,5,0.3700090141005197
836502,1,7,4,0.3700090657260609
836503,1,7,8,33.42954093858173
836512,1,7,4,0.3700090657260609
836533,1,7,6,14.919894878417265
836544,1,7,6,5.997463031500933
836551,1,7,6,6.1360686312154975
836558,1,7,9,31.083346615699067
836574,1,7,8,28.657989168516103
836575,1,7,8,34.053251528265854
836583,1,7,8,3.5306989637990527
836593,1,7,9,33.737075053844855
836609,1,7,5,0.3700090141005197
836620,1,7,6,28.64722411357287
836626,1,7,4,0.3700090657260609
836650,1,7,1,23.992672084621734
836651,0,7,0,0.03311406056069494
836658,1,7,9,18.707926415570526
836664,1,7,10,22.95282609033707
836689,1,7,2,11.933419048607673
836695,1,7,9,25.700899222455664
836696,1,7,3,3.040659261796526
836712,1,7,10,18.46335658743459
836718,1,7,4,0.3700090657260609
836727,1,7,7,5.727259468252985
836733,1,7,6,22.721966452136183
836734,1,7,9,10.14983526353439
836748,1,7,9,8.482964794135967
836762,1,7,4,0.3700090656202526
836786,1,7,7,3.490021587835696
836788,1,7,5,0.3700090141005197
836790,1,7,7,4.835277235640947
836796,1,7,9,16.795642559846986
836799,1,7,4,0.3700090657260609
836820,1,7,9,19.612183751714987
836837,1,7,9,33.500046676816325
836843,1,7,8,24.021507465746627
836855,1,7,9,27.85964771824728
836890,1,7,8,5.981135635073968
836916,1,7,10,5.35520527908558
836934,1,7,4,0.3700090657260609
836952,1,7,8,27.991300604541344
836958,1,7,10,5.044909919764371
836959,1,7,9,32.25135184271052
836964,1,7,7,6.436096142090778
836966,1,7,5,0.3700090141005197
836967,1,7,10,25.82241515753799
836982,1,7,10,5.838065709189318
836992,1,7,8,21.6336442610037
836994,1,7,9,11.93264703383754
837002,1,7,8,8.114823837549196
837005,1,7,5,0.3700090141005197
837020,1,7,2,5.00265733279017
837021,1,7,6,27.988331805072477
837033,1,7,6,25.063765049187733
837035,1,7,6,29.185366925849614
837042,1,7,2,5.494943421561007
837047,1,7,8,17.50039402636563
837068,1,7,4,0.3700090657260609
837069,1,7,10,10.825162787595602
837081,1,7,6,21.785300470359644
837085,1,7,8,12.247710418595247
837097,1,7,6,23.734802824080003
837110,1,7,2,12.518761123121603
837112,1,7,6,17.465814548557287
837127,1,7,9,28.095760761720804
837131,1,7,8,5.299126913853892
837136,1,7,4,0.3700090657260609
837138,1,7,10,26.039119055821416
837139,1,7,6,9.442363020036698
837144,1,7,4,0.3700090657260609
837188,1,7,4,0.3700090657260609
837211,1,7,8,3.5165676414578146
837221,1,7,9,18.836831786827513
837224,1,7,8,32.03943570137285
837242,1,7,8,16.8693337412214
837257,1,7,6,28.0747765893059
837284,1,7,9,30.454072995240985
837310,1,7,6,13.44452263339355
837320,1,7,9,17.997325966887594
837327,1,7,7,0.7619054738030824
837329,1,7,6,19.507740413953663
837337,1,7,1,18.489976608675867
837345,1,7,9,24.403041082104245
837357,1,7,9,31.20216897983082
837366,1,7,8,28.237654055360526
837373,1,7,5,0.3700090141005197
837423,1,7,8,3.2002087158229924
837430,1,7,6,29.21414496058609
837445,1,7,9,24.90687714692671
837451,1,7,6,29.507340322016017
837463,1,7,5,0.3700090141005197
837467,1,7,6,29.25354781613031
837473,1,7,5,0.37000902039789374
837477,1,7,9,32.76104285403518
837491,1,7,6,11.585630189657019
837508,1,7,7,3.0468737835316495
837528,1,7,4,0.3700090657260609
837536,1,7,6,15.786121242657579
837540,1,7,1,24.044606276084625
837557,1,7,1,15.807935114893526
837558,1,7,3,2.83667612860044
837578,1,7,5,0.3700090141005197
837597,1,7,5,0.3700090141005197
837615,1,7,9,7.833443135646197
837617,1,7,6,18.757773069533883
837618,1,7,5,0.3700090141005197
837631,1,7,4,0.3700090657260609
837645,1,7,8,24.737078118833587
837649,1,7,7,4.544931911244748
837655,1,7,5,0.3700090141005197
837663,1,7,9,32.18204005271788
837687,1,7,10,26.01194054835583
837730,1,7,10,21.683298646571124
837738,1,7,7,2.740976677495903
837781,1,7,1,12.908961962159049
837792,1,7,4,0.3700090657260609
837801,1,7,8,22.589665553258296
837818,1,7,8,29.217074619285498
837819,1,7,9,5.626189234693426
837822,1,7,8,33.792501816510686
837829,1,7,2,4.615716826142518
837836,1,7,7,4.65352154795654
837857,1,7,8,21.651624666712614
837865,1,7,5,0.37000902039789374
837868,1,7,4,0.3700090656202526
837870,1,7,2,8.353518279479621
837871,1,7,9,9.686455548051892
837876,1,7,6,26.147644622091853
837884,1,7,7,0.715207794568678
837887,1,7,9,21.877453058874554
837896,1,7,6,26.606100055224324
837946,0,7,0,0.023717204846484107
837965,1,7,6,24.238654487250386
837980,1,7,1,4.548253760233085
837981,1,7,9,23.84425994910543
837984,1,7,8,18.06546577477381
837989,1,7,9,27.74813839940158
837991,1,7,6,15.067920964062168
837994,1,7,9,14.816543499364299
837995,1,7,9,24.829821003846586
837999,1,7,7,1.2294159490076995
838000,1,7,6,14.121044554555793
838001,1,7,9,14.089922039960912
838006,1,7,6,21.821536865676563
838008,1,7,5,0.3700090141005197
838011,1,7,9,30.13670357699397
838021,0,7,0,0.03206495757764898
838043,1,7,9,11.183792577829822
838046,1,7,7,1.624708243514846
838057,1,7,10,18.996066489890193
838072,1,7,1,22.710643640036025
838091,1,7,2,10.940283071333296
838092,1,7,10,6.919156685887198
838111,1,7,7,2.1098466326175886
838114,1,7,6,16.3144140068736
838122,1,7,1,13.420819449881598
838128,1,7,1,27.29162256864518
838143,1,7,9,26.71289330180524
838161,1,7,8,4.320873445366654
838167,1,7,6,6.9685507143769465
838173,1,7,6,27.653724142628878
838177,1,7,6,6.502079491361459
838181,1,7,9,32.98378215222438
838189,1,7,8,22.521402708734254
838191,1,7,4,0.3700090657260609
838204,1,7,7,0.8828785101720311
838207,1,7,5,0.3700090141005197
838210,1,7,1,22.544955995830957
838228,1,7,7,4.647695186507338
838231,1,7,7,1.8381625300009372
838238,1,7,6,5.8445215710442335
838242,1,7,2,12.563506211898156
838244,0,7,0,0.05975409102826194
838255,1,7,9,2.8522077778541726
838257,1,7,9,12.055379084536424
838277,1,7,5,0.3700090141005197
838279,1,7,10,4.550021393410983
838286,1,7,10,6.080055435342656
838315,1,7,9,31.23589648815801
838329,1,7,3,1.3520582057917145
838337,1,7,9,19.092177236645497
838351,1,7,5,0.3700090141005197
838363,1,7,9,23.53380718479564
838372,1,7,8,24.51534071441494
838380,1,7,8,26.58005680018416
838386,1,7,8,5.972413797938801
838388,1,7,9,33.61360762390673
838411,1,7,3,2.924021245589373
838418,1,7,2,15.38873811418645
838425,1,7,4,0.3700090657260609
838439,1,7,6,26.983075623953713
838450,1,7,6,30.19015853210949
838457,1,7,10,9.91472782272025
838492,1,7,5,0.3700090141005197
838507,1,7,8,18.349250379392146
838537,1,7,6,7.145111556071079
838560,1,7,8,23.715314739414435
838567,1,7,7,6.054278541073403
838574,1,7,9,21.84773595504695
838579,1,7,7,4.5359905468463095
838595,1,7,5,0.3700090141005197
838596,1,7,8,21.73672822026991
838604,1,7,6,29.728769649487617
838625,1,7,4,0.3700090657260609
838630,1,7,7,3.264591067062883
838652,1,7,9,23.772509722129836
838664,1,7,3,2.5098572976923093
838686,1,7,7,5.35060726450011
838689,1,7,3,3.147729789849758
838690,1,7,2,13.52578769428913
838703,1,7,10,6.006735169020133
838717,1,7,2,13.32007958859128
838734,1,7,6,8.38226346679856
838738,1,7,8,27.11993405738669
838766,1,7,9,25.52699686008231
838767,1,7,1,11.093795959330354
838772,1,7,8,29.740523887529456
838773,1,7,7,2.544833348644377
838784,1,7,5,0.3700090141005197
838792,1,7,5,0.37000902039789374
838807,0,7,0,0.034140385827041556
838808,1,7,5,0.3700090141005197
838821,0,7,0,0.02405566803752284
838830,1,7,1,9.201043824491904
838866,1,7,5,0.3700090141005197
838869,1,7,8,31.411043625653424
838882,1,7,6,17.716035757508
838938,0,7,0,0.04721027958809457
838945,1,7,9,24.031206102109582
838949,1,7,5,0.3700090141005197
838956,1,7,9,20.01944124051996
838974,1,7,1,27.87012991973531
838982,0,7,0,0.038999172896522806
839001,1,7,5,0.3700090141005197
839013,1,7,4,0.3700090657260609
839017,1,7,6,6.293262242800009
839036,1,7,9,7.5382355375142955
839040,1,7,8,30.707164695780634
839074,1,7,5,0.3700090141005197
839105,1,7,4,0.3700090657260609
839108,1,7,9,7.527743090789534
839116,1,7,4,0.3700090657260609
839117,1,7,9,24.706247001818838
839131,1,7,4,0.3700090657260609
839149,1,7,8,15.42636484435626
839153,1,7,1,11.187310164074045
839156,1,7,8,15.789929922142989
839159,1,7,8,19.346941997850536
839165,1,7,6,18.83169043589919
839171,1,7,9,8.562560229513096
839175,1,7,9,31.35016278475718
839176,1,7,5,0.37000902039789374
839189,1,7,4,0.3700090656202526
839195,1,7,4,0.3700090657260609
839199,1,7,6,14.691209028891382
839209,0,7,0,0.038893592569703477
839230,1,7,6,15.16659925633296
839271,1,7,4,0.3700090657260609
839273,1,7,10,25.791391813880633
839276,1,7,1,7.554695438181676
839278,1,7,6,19.83898760901119
839282,1,7,7,1.4596215997740727
839289,1,7,8,5.873027302874226
839294,1,7,4,0.3700090657260609
839300,1,7,10,16.004271081106328
839307,1,7,6,18.130104145108387
839331,1,7,9,32.2269125291503
839347,1,7,1,23.71277608893879
839348,1,7,5,0.3700090141005197
839357,1,7,9,3.6245218708964306
839364,1,7,5,0.3700090141005197
839365,1,7,6,14.455447308350616
839379,1,7,8,12.201400482377597
839395,1,7,9,21.834091072148382
839396,0,7,0,0.0323703571825851
839399,0,7,0,0.03147409854818089
839412,1,7,10,20.387472907815884
839435,1,7,5,0.3700090141005197
839436,1,7,9,24.226143717779237
839443,1,7,4,0.3700090657260609
839444,0,7,0,0.03098474759797022
839451,1,7,8,34.13565176350054
839465,1,7,5,0.3700090141005197
839474,1,7,9,17.606148872293
839486,1,7,5,0.37000902039789374
839490,1,7,4,0.3700090657260609
839497,1,7,5,0.3700090141005197
839503,1,7,4,0.3700090657260609
839509,1,7,6,18.522679689064564
839511,1,7,10,22.791268138949683
839532,1,7,4,0.3700090657260609
839541,1,7,2,11.319001216290735
839552,1,7,4,0.3700090657260609
839563,1,7,8,4.8009324633761725
839566,1,7,8,28.331825134998137
839573,1,7,8,20.843626549945334
839595,1,7,10,25.64845113695106
839602,1,7,3,3.0307317097299458
839603,1,7,5,0.3700090141005197
839617,1,7,5,0.3700090141005197
839629,1,7,5,0.3700090141005197
839637,1,7,10,11.060778269764148
839650,1,7,6,21.408046108859157
839655,1,7,10,26.022226816727994
839660,1,7,8,16.83196492887486
839663,1,7,7,0.7634449502379093
839670,1,7,1,5.193592550324946
839676,1,7,8,14.21780185802728
839692,1,7,2,15.102952806213224
839711,1,7,10,15.928009410187295
839716,1,7,5,0.3700090141005197
839720,0,7,0,0.06930327206695085
839745,1,7,8,17.149885378718533
839754,1,7,3,3.1554256848542312
839758,1,7,5,0.3700090141005197
839763,1,7,9,12.649484140089596
839765,1,7,6,29.341433068210115
839774,1,7,10,20.136509873078165
839775,1,7,4,0.3700090657260609
839794,1,7,4,0.3700090657260609
839798,1,7,6,14.793227099728577
839810,1,7,9,29.20065453555305
839812,1,7,6,9.422445527116677
839823,1,7,8,30.45765290710407
839824,1,7,4,0.3700090657260609
839825,1,7,10,13.699995961626703
839849,1,7,1,9.55105872688091
839880,1,7,3,3.159063358712227
839883,1,7,5,0.3700090141005197
839896,1,7,3,3.228762459961847
839900,1,7,10,22.557843840628202
839925,1,7,5,0.3700090141005197
839943,1,7,9,29.976317747336434
839949,1,7,1,26.87852189542185
839953,1,7,3,1.317886394918845
839959,1,7,2,6.800105034042062
839965,1,7,4,0.3700090657260609
839979,1,7,4,0.3700090657260609
839993,1,7,8,3.2661002594141983
839994,1,7,9,5.50309200868359
840007,1,7,9,23.172092809634286
840011,1,7,7,2.328939051179093
840012,1,7,3,1.6937013540767016
840016,1,7,1,16.284120525601605
840019,0,7,0,0.15418093263303395
840047,1,7,2,9.090918262480551
840055,1,7,5,0.3700090141005197
840071,1,7,8,34.37480969554871
840083,1,7,5,0.37000902039789374
840092,1,7,4,0.3700090657260609
840094,1,7,6,5.5331956950123615
840098,1,7,8,34.03974619395999
840104,1,7,6,21.280127481502877
840108,1,7,9,29.761833061641546
840120,1,7,6,6.373688938712298
840123,1,7,8,34.6925054870295
840124,0,7,0,0.03418030459490515
840136,1,7,9,14.813759136316538
840150,1,7,5,0.3700090141005197
840152,1,7,9,16.533182425084014
840157,1,7,5,0.3700090141005197
840160,0,7,0,0.04098286686219518
840165,1,7,8,24.68433086111718
840170,1,7,10,25.994088399960265
840176,1,7,8,23.485546465988794
840195,0,7,0,0.03670053929557875
840202,1,7,8,31.05564493558739
840215,1,7,5,0.3700090141005197
840217,1,7,4,0.3700090657260609
840229,0,7,0,0.16128939596778585
840236,1,7,10,17.591112289052916
840247,1,7,1,23.004933031717737
840248,1,7,9,25.033315980507993
840260,1,7,1,25.83820804033166
840261,1,7,10,16.76048019905996
840264,1,7,8,6.461175366521127
840265,1,7,3,2.9808665306806614
840279,1,7,9,11.315483261841889
840292,1,7,10,19.342349405596686
840301,1,7,6,15.520523676998456
840326,1,7,6,27.496861026073102
840339,1,7,4,0.3700090657260609
840349,1,7,6,28.174514727645516
840357,1,7,6,28.2658829025655
840410,1,7,9,21.863492137376557
840423,1,7,7,1.1881045772364882
840425,1,7,8,18.113015673070805
840430,1,7,3,1.2580962745559554
840450,1,7,2,12.799219544040044
840465,1,7,9,7.151570294852666
840469,1,7,4,0.3700090657260609
840470,1,7,8,28.760149450002224
840473,1,7,8,30.763294734884834
840485,1,7,4,0.3700090657260609
840500,1,7,2,4.096816502812777
840528,0,7,0,0.03260251473061942
840530,1,7,4,0.3700090657260609
840539,1,7,3,1.5860019657120918
840541,1,7,5,0.3700090141005197
840552,1,7,9,32.26541342596234
840555,1,7,6,11.184235186560489
840567,1,7,5,0.3700090141005197
840573,1,7,6,30.122072216073768
840605,1,7,9,33.73899525589622
840626,1,7,10,18.17453309627158
840629,1,7,7,3.1266310123669503
840633,1,7,9,28.86698102871981
840635,1,7,5,0.3700090141005197
840653,1,7,8,26.227071182725048
840677,1,7,5,0.3700090141005197
840687,1,7,3,3.144910028876394
840699,1,7,4,0.3700090656202526
840723,1,7,8,26.204080858668583
840724,1,7,8,22.44265770780918
840734,1,7,9,33.63204561340939
840735,1,7,2,16.346035895324036
840794,1,7,9,16.242089797927445
840818,1,7,6,19.813660734835366
840825,1,7,1,6.120704023102606
840833,1,7,10,21.699365984009493
840851,1,7,1,20.756765718923972
840860,0,7,0,0.03399687838704038
840893,1,7,9,15.238619475994492
840897,1,7,8,28.329383099336297
840908,1,7,6,18.108064415794082
840911,1,7,8,22.79028631557818
840931,1,7,10,25.752593604993255
840938,1,7,9,32.870161362147364
840944,1,7,8,12.61047142709555
840966,1,7,9,11.436896934367578
840968,1,7,7,5.9957707490987735
840977,1,7,10,16.64856209200883
841034,1,7,5,0.3700090141005197
841044,1,7,10,16.73711146451878
841057,1,7,1,10.533226427426055
841058,1,7,2,11.011812513299445
841060,1,7,9,19.053564955173698
841081,1,7,1,25.97022614879316
841086,1,7,2,8.107596817142792
841093,1,7,10,9.798663331823162
841094,1,7,3,3.1840423048928184
841096,1,7,2,14.94887565252783
841098,1,7,1,17.63431125389816
841103,1,7,1,11.675178288428379
841106,0,7,0,0.03861357659936495
841119,1,7,4,0.3700090657260609
841125,1,7,7,6.351867636219679
841133,1,7,6,17.984979730420623
841158,1,7,1,6.669939859288439
841183,1,7,6,25.09266625739314
841201,0,7,0,0.034412805592581044
841209,1,7,1,4.829713815505499
841237,1,7,6,24.798292741743538
841238,1,7,9,24.393632387167838
841240,1,7,4,0.3700090657260609
841251,1,7,1,19.283865805246077
841252,1,7,10,3.3111698886661722
841259,1,7,10,8.18144515076437
841263,1,7,3,3.2644437319920234
841287,1,7,8,23.33957627506593
841296,1,7,8,17.63847630612355
841312,1,7,6,10.056850900116247
841341,1,7,9,20.703974926198402
841344,1,7,7,5.718151091562782
841347,1,7,9,30.706767191354395
841363,1,7,9,18.25897450419532
841367,1,7,5,0.3700090141005197
841369,1,7,8,31.81275241665551
841379,1,7,1,5.969441853239374
841385,1,7,4,0.3700090657260609
841399,1,7,9,29.229079431552897
841416,1,7,9,19.734590018558556
841442,1,7,8,29.617500133730516
841448,1,7,9,19.501587657060668
841449,1,7,4,0.3700090657260609
841452,1,7,5,0.37000902039789374
841465,1,7,7,6.448402416870535
841476,1,7,4,0.3700090657260609
841484,1,7,4,0.3700090657260609
841490,1,7,10,14.12825298892957
841502,1,7,5,0.3700090141005197
841514,1,7,9,32.79369083462628
841533,1,7,9,10.460337922749666
841549,1,7,9,30.664221228187955
841583,1,7,1,26.880791918207755
841587,1,7,4,0.3700090657260609
841607,1,7,6,12.70351015290653
841620,1,7,9,32.738253735666284
841634,1,7,10,20.89056138110734
841643,1,7,9,32.49565970598441
841644,1,7,10,13.691547314710226
841645,1,7,1,17.33362648862199
841647,1,7,6,12.580839288974909
841675,1,7,5,0.3700090141005197
841678,1,7,6,16.937595102963233
841683,1,7,1,5.147451595957081
841690,1,7,9,24.66123915465608
841700,1,7,5,0.3700090141005197
841710,1,7,4,0.3700090657260609
841711,1,7,7,4.6355137491178535
841738,1,7,9,15.345331216959037
841750,1,7,4,0.3700090657260609
841776,1,7,9,30.236494160504733
841777,1,7,8,33.4438879867384
841786,1,7,4,0.3700090657260609
841794,1,7,4,0.3700090657260609
841800,1,7,6,13.986409610207657
841817,1,7,8,13.267152308242679
841833,1,7,4,0.3700090656202526
841839,1,7,10,10.554553440502518
841845,1,7,8,23.54614005524946
841856,1,7,9,29.978844139713367
841858,1,7,10,9.405058508935994
841861,1,7,1,14.330368370691383
841889,1,7,2,13.385128072867023
841902,1,7,4,0.3700090657260609
841914,1,7,9,8.81982602649072
841922,1,7,9,4.584130694248646
841925,1,7,1,21.769407208970637
841930,1,7,5,0.3700090141005197
841933,0,7,0,0.03513035384413532
841935,1,7,7,5.3956530238007785
841939,1,7,6,24.49569323558396
841947,1,7,5,0.3700090141005197
841952,1,7,9,21.83650572437001
841966,1,7,9,33.051869598865466
841975,1,7,5,0.3700090141005197
841977,1,7,10,24.072636596395103
841991,0,7,0,0.03241476244555959
842014,1,7,6,29.93807881543391
842015,1,7,8,11.957146660790348
842017,1,7,4,0.3700090657260609
842020,1,7,3,2.0278891109740145
842027,1,7,8,16.439532504234904
842035,1,7,8,23.49532448262036
842045,1,7,5,0.3700090141005197
842055,1,7,9,32.536448194846024
842072,1,7,4,0.3700090657260609
842079,1,7,8,19.483116902320017
842099,1,7,8,28.72222111356533
842104,1,7,5,0.37000902039789374
842110,1,7,8,18.873758083914947
842114,1,7,8,17.22888572155505
842126,1,7,8,15.933513253694924
842127,1,7,9,31.52082719198761
842128,1,7,9,24.370249281405897
842134,1,7,1,17.424387000169716
842144,1,7,6,26.999654864702695
842146,1,7,10,24.01832187548975
842154,1,7,9,33.33069031140613
842163,1,7,9,18.81067727969282
842166,1,7,8,23.399376197882884
842182,1,7,8,31.84009690280205
842189,1,7,3,0.9759928805626705
842190,1,7,8,29.62316018096458
842194,1,7,9,31.58267286763223
842199,1,7,2,12.291335500670632
842235,1,7,4,0.3700090657260609
842237,0,7,0,0.02930502001340611
842251,1,7,8,28.41260098598063
842254,1,7,4,0.3700090657260609
842259,1,7,4,0.3700090657260609
842266,1,7,7,1.8419907464223104
842276,1,7,9,21.503941344624703
842285,1,7,6,7.8299175687724825
842307,1,7,10,23.67491308690834
842313,1,7,5,0.3700090141005197
842318,1,7,4,0.3700090657260609
842352,1,7,10,15.681847249972092
842353,0,7,0,0.03933340864158607
842356,1,7,9,18.65793325761585
842358,1,7,10,18.736863259776314
842368,1,7,9,25.030258593136903
842377,1,7,6,30.452511339369387
842387,1,7,4,0.3700090657260609
842391,0,7,0,0.11829456297807675
842408,1,7,1,12.440734503831798
842412,1,7,6,29.278821304026348
842418,0,7,0,0.03205083879921014
842423,1,7,7,4.068933568759054
842450,1,7,10,8.917313636245293
842458,1,7,9,31.55316050930119
842461,1,7,10,15.73790334760597
842473,1,7,8,17.607319204657674
842493,1,7,8,34.558661424289824
842503,1,7,4,0.3700090657260609
842506,0,7,0,0.03119025696380778
842529,1,7,9,28.123841912379223
842530,0,7,0,0.03825152064400265
842531,1,7,6,14.403217199690957
842535,1,7,3,2.9835594768822555
842536,1,7,3,3.1483621879135657
842537,1,7,1,16.562061542356368
842538,1,7,5,0.3700090141005197
842543,1,7,6,12.071000530820912
842578,1,7,5,0.3700090141005197
842593,0,7,0,0.03419307710218464
842599,1,7,4,0.3700090657260609
842627,1,7,6,28.070554107412402
842631,1,7,10,10.375067868940535
842687,1,7,6,13.772217953520903
842694,1,7,10,24.647487728466988
842699,1,7,5,0.3700090141005197
842712,0,7,0,0.030232595051302002
842730,1,7,8,27.66297248109464
842735,1,7,5,0.3700090141005197
842761,1,7,6,22.78500827029946
842763,1,7,2,12.395293932211281
842764,1,7,10,24.660275388706225
842765,1,7,3,1.3702978492173983
842786,1,7,10,18.207805400406123
842789,1,7,5,0.3700090141005197
842791,0,7,0,0.038782579523422483
842793,1,7,9,20.614864130900756
842794,1,7,4,0.3700090657260609
842798,1,7,9,30.515091199927536
842813,1,7,8,8.74603109890038
842836,1,7,6,25.71435097221169
842852,1,7,9,21.521340704396138
842869,1,7,5,0.3700090141005197
842875,1,7,4,0.3700090657260609
842887,1,7,9,23.551418051605395
842892,0,7,0,0.05058956607456666
842894,1,7,5,0.3700090141005197
842903,1,7,8,32.58545854647869
842904,1,7,6,13.28810324554052
842912,1,7,6,13.187481886719725
842914,1,7,1,21.867926432304095
842918,1,7,7,1.0723727845199065
842920,1,7,4,0.3700090657260609
842928,1,7,10,5.496883709755854
842948,1,7,6,27.914103033192863
842966,1,7,9,23.614000402999977
842981,1,7,9,20.58868721090556
842986,1,7,9,31.851571758042937
842988,0,7,0,0.16543612288875362
842989,1,7,6,5.777332863844132
842991,1,7,9,11.453218260155381
842995,1,7,5,0.3700090141005197
843006,1,7,6,30.090993805867313
843007,1,7,1,20.70517580518693
843018,1,7,4,0.3700090657260609
843020,1,7,4,0.3700090657260609
843021,1,7,4,0.3700090657260609
843026,1,7,4,0.3700090657260609
843035,1,7,7,6.396067787493512
843045,1,7,7,5.518467145489626
843047,1,7,8,12.125827521292987
843055,1,7,7,5.288648096656868
843057,1,7,1,27.65549776333667
843080,1,7,8,28.170949827443504
843083,0,7,0,0.04677535599174111
843085,1,7,9,32.44554177815976
843094,1,7,8,24.90243129829314
843131,1,7,5,0.3700090141005197
843132,1,7,6,17.71647771765686
843137,1,7,6,16.767145133302325
843138,1,7,8,12.237755241981768
843151,1,7,4,0.3700090657260609
843175,0,7,0,0.03888384124957936
843178,1,7,6,12.502194414135223
843183,1,7,10,8.135443936334076
843231,1,7,6,28.221795656461413
843246,1,7,5,0.3700090141005197
843257,1,7,9,24.999560023709208
843265,1,7,8,23.776359272988074
843277,1,7,10,14.981988921975342
843294,1,7,8,13.21873582485111
843300,1,7,9,30.484315365316494
843301,1,7,9,33.01001223300688
843308,1,7,10,11.195501350094851
843310,1,7,1,22.604608896798723
843318,1,7,7,1.2095052050495037
843320,1,7,5,0.3700090141005197
843326,1,7,9,33.302080666154275
843327,1,7,4,0.3700090657260609
843346,1,7,4,0.3700090657260609
843347,1,7,9,23.990997338598945
843355,1,7,8,8.020004554310733
843358,1,7,4,0.3700090657260609
843363,1,7,7,1.6964879823361037
843369,1,7,5,0.3700090141005197
843379,1,7,9,28.09357333518161
843384,1,7,8,3.2759545077121555
843402,1,7,6,25.20257657843366
843413,1,7,1,23.862904182352892
843415,1,7,10,10.070048081177093
843418,1,7,6,25.019387507367295
843421,1,7,4,0.3700090657260609
843423,1,7,5,0.3700090141005197
843434,1,7,8,13.894329338576673
843453,1,7,4,0.3700090657260609
843474,0,7,0,0.026289035415911505
843476,1,7,8,23.300775659148538
843477,1,7,9,26.21333351178134
843494,1,7,1,21.904308612153542
843519,1,7,9,20.035510525568622
843526,1,7,7,3.315359481288476
843527,1,7,6,21.097532469835375
843538,1,7,5,0.37000902039789374
843548,1,7,5,0.37000902039789374
843574,1,7,5,0.3700090141005197
843575,1,7,8,20.872708425599804
843582,1,7,5,0.3700090141005197
843589,1,7,10,19.061425394174297
843601,1,7,3,0.6740287871369882
843602,1,7,9,19.441319439502188
843605,1,7,8,29.585510075162627
843615,1,7,4,0.3700090657260609
843628,1,7,5,0.3700090141005197
843646,1,7,3,2.929867890408748
843660,1,7,6,10.858995745197909
843673,1,7,9,29.094860267840172
843682,1,7,1,20.541549981537447
843685,1,7,9,23.843977235990387
843703,1,7,5,0.3700090141005197
843710,1,7,9,33.54811925442281
843720,1,7,9,21.453203013176722
843731,1,7,7,3.7564579065850388
843732,1,7,9,8.327694461941723
843743,1,7,3,1.3681569390483874
843753,1,7,7,6.441159844861281
843755,1,7,8,18.81766044665222
843758,0,7,0,0.046637850026634
843773,1,7,8,9.839357672463537
843774,1,7,5,0.3700090141005197
843782,1,7,9,23.98388617279834
843797,1,7,2,10.645179924593487
843812,1,7,9,11.850301245441987
843841,1,7,7,5.104045889580401
843861,1,7,8,24.21998660224955
843862,1,7,4,0.3700090656202526
843878,1,7,7,1.8884216464898227
843886,1,7,8,20.892506476646226
843896,1,7,4,0.3700090657260609
843905,1,7,9,26.46935215926048
843907,1,7,9,23.531150757679217
843925,1,7,6,21.51925810782344
843929,1,7,9,21.910929312777082
843938,1,7,1,27.935918970794823
843950,1,7,8,21.497642660476572
843955,1,7,7,2.6748662118920405
843957,1,7,5,0.3700090141005197
843977,1,7,4,0.3700090657260609
843986,1,7,7,4.574601666811776
843992,1,7,8,30.411493044607774
844003,1,7,5,0.3700090141005197
844010,1,7,1,27.777178050808885
844039,1,7,8,24.611122534569407
844047,1,7,10,17.47610664154348
844051,1,7,5,0.3700090141005197
844058,1,7,5,0.3700090141005197
844065,1,7,8,31.565270134453527
844072,1,7,10,6.677785884493096
844073,1,7,9,21.87966436052523
844077,1,7,8,22.008067460503433
844082,1,7,5,0.3700090141005197
844083,1,7,5,0.3700090141005197
844096,1,7,5,0.3700090141005197
844107,1,7,8,32.827504110650615
844112,1,7,9,28.556131432572908
844121,1,7,5,0.3700090141005197
844138,1,7,5,0.3700090141005197
844146,1,7,8,31.887949607182932
844163,1,7,9,21.698091289382845
844168,1,7,5,0.3700090141005197
844171,1,7,8,35.2490877992723
844178,1,7,8,9.64415478302902
844182,1,7,3,1.2196908485668512
844185,1,7,8,20.842394168293712
844200,0,7,0,0.03559758185190025
844202,1,7,8,27.03788048100428
844207,1,7,8,33.74175963600316
844213,1,7,1,26.889365797502965
844231,1,7,3,3.1283332550068033
844232,1,7,10,9.673847276136126
844236,1,7,7,2.4157523236205383
844244,1,7,5,0.3700090141005197
844246,1,7,8,31.32374418764992
844250,1,7,4,0.3700090657260609
844254,1,7,5,0.3700090141005197
844275,1,7,6,17.076888239427653
844280,1,7,4,0.3700090657260609
844283,1,7,9,33.689948364059305
844292,1,7,6,28.22637612055178
844301,1,7,9,29.220445420644307
844321,1,7,1,13.050863730843083
844324,1,7,5,0.3700090141005197
844330,1,7,5,0.3700090141005197
844338,1,7,6,14.225977037970408
844353,1,7,9,23.826494384647845
844357,1,7,10,12.186195750300273
844360,1,7,4,0.3700090657260609
844361,1,7,2,8.54562306534255
844366,1,7,4,0.3700090657260609
844369,1,7,9,24.10302762755526
844371,1,7,5,0.37000902039789374
844375,1,7,9,20.11350082853302
844376,1,7,8,27.343272439557264
844378,1,7,9,33.4842125821615
844389,1,7,9,30.72818599359121
844395,1,7,8,22.457411048802104
844401,1,7,10,14.2767947114101
844432,1,7,9,12.011708842584971
844434,1,7,9,22.52196582739029
844441,1,7,2,7.16154538918478
844450,1,7,9,30.913941889469974
844451,1,7,10,6.8039078509051505
844457,1,7,8,13.917990980409432
844460,1,7,9,9.223373898037146
844472,1,7,9,13.821856080530488
844490,0,7,0,0.21533029985641042
844493,1,7,10,25.806031662139763
844500,0,7,0,0.03115285257006972
844516,1,7,1,5.38137563470944
844542,1,7,1,27.720898277701096
844548,1,7,8,20.755293549160584
844560,1,7,5,0.3700090141005197
844590,1,7,8,34.88862074072533
844594,1,7,6,21.93968709277331
844623,1,7,5,0.3700090141005197
844625,0,7,0,0.10452632535499878
844640,1,7,9,6.557630627396573
844649,1,7,6,21.647420143927715
844652,1,7,8,35.224775953929566
844654,1,7,9,29.562994748138262
844663,0,7,0,0.02893652938196387
844680,1,7,4,0.3700090656202526
844689,1,7,8,13.675242797897868
844698,1,7,6,14.434512147621103
844706,1,7,3,1.7498349970286087
844713,1,7,6,9.657751817495067
844715,1,7,6,13.356247188323435
844716,1,7,7,5.51328649515846
844719,1,7,8,4.159943298316159
844720,1,7,4,0.3700090657260609
844739,1,7,9,19.619997912851296
844743,1,7,4,0.3700090657260609
844761,1,7,8,35.329398669348265
844771,1,7,6,21.512448493264337
844780,1,7,7,2.474043592642682
844787,1,7,4,0.3700090657260609
844789,1,7,6,27.88901042320257
844795,1,7,10,15.976729819833853
844803,1,7,1,7.746921916312203
844815,0,7,0,0.04541183631673511
844816,1,7,8,34.52539432056215
844825,1,7,6,18.729725560138828
844840,1,7,5,0.3700090141005197
844868,1,7,6,29.642842829935134
844878,1,7,9,13.917399008446623
844892,1,7,8,22.382116878001387
844895,1,7,10,25.502268027023536
844919,1,7,2,9.632366418596057
844923,1,7,10,23.813478849631093
844930,1,7,6,18.133186838444256
844931,1,7,8,20.212830700048347
844936,1,7,1,5.917515644015926
844937,1,7,9,30.467671237982852
844943,0,7,0,0.029661538106283143
844956,1,7,9,31.38640454357265
844975,1,7,10,23.369424748487244
844995,1,7,9,21.10733158836378
844998,1,7,9,24.507546953120684
845012,1,7,4,0.3700090657260609
845022,0,7,0,0.036338984082265526
845027,1,7,9,15.603887783217269
845036,1,7,8,30.417975856815808
845088,1,7,6,11.963354168977741
845089,1,7,8,21.80092508067847
845093,1,7,8,9.420492730687714
845101,1,7,8,36.025636179559086
845105,1,7,5,0.3700090141005197
845107,1,7,1,3.940102655466865
845110,1,7,3,2.9930305165226447
845121,1,7,6,16.04480624957962
845124,1,7,5,0.3700090141005197
845136,1,7,9,4.357859611081955
845139,1,7,6,30.18677052811627
845141,1,7,9,33.46706863694998
845151,1,7,4,0.3700090657260609
845167,1,7,8,28.48783654436232
845178,1,7,1,21.080854312096314
845191,1,7,8,36.077736450985725
845199,1,7,4,0.3700090657260609
845200,1,7,9,30.45560148817213
845207,1,7,10,4.386048899430952
845212,1,7,6,26.34591085237466
845213,1,7,9,31.883599223982912
845217,1,7,8,6.722163591455885
845224,1,7,7,4.390662202023513
845234,1,7,9,31.11799256317347
845243,1,7,1,13.573757970881895
845254,1,7,8,26.544166067667923
845278,1,7,8,30.12997800147052
845280,1,7,4,0.3700090657260609
845290,1,7,4,0.3700090657260609
845305,1,7,1,5.62274736267672
845317,1,7,10,17.622951916314086
845320,1,7,8,29.77578011403047
845323,1,7,10,23.385481669768776
845330,1,7,5,0.3700090141005197
845341,1,7,3,1.3963892768825643
845345,1,7,7,6.390485392798119
845346,1,7,9,13.682228180543207
845352,1,7,9,27.095535736349735
845365,1,7,4,0.3700090657260609
845397,1,7,3,3.1677196880177174
845405,1,7,9,27.025384185898204
845417,1,7,9,27.028229486529362
845420,1,7,7,3.4076622796258005
845426,1,7,8,4.834517392117369
845458,1,7,6,7.54085808129358
845471,1,7,5,0.3700090141005197
845483,1,7,4,0.3700090657260609
845510,1,7,8,12.947300916088173
845531,1,7,8,25.43862130519748
845549,1,7,9,33.20589847460372
845581,1,7,8,3.882896014091658
845583,1,7,6,15.792351292239456
845584,1,7,6,23.061440363447986
845596,1,7,4,0.3700090657260609
845600,1,7,10,22.93583918764075
845618,1,7,8,21.939387358879728
845622,0,7,0,0.03720903845283628
845634,1,7,2,12.75023897812452
845656,1,7,6,17.08925163972662
845669,0,7,0,0.03682609140979806
845672,1,7,8,26.033708521661747
845674,1,7,9,25.197727752091808
845683,1,7,5,0.3700090141005197
845698,1,7,9,3.1679462314937474
845723,1,7,4,0.3700090657260609
845728,1,7,9,20.28235877324108
845729,1,7,8,20.7478538822172
845735,1,7,5,0.3700090141005197
845753,1,7,5,0.3700090141005197
845757,1,7,9,5.075839358543006
845765,1,7,8,16.151813713353583
845770,1,7,3,3.0986882133015095
845777,1,7,9,8.46006340552267
845780,1,7,5,0.3700090141005197
845781,1,7,2,16.236683331497233
845798,1,7,9,31.4063326515804
845800,1,7,4,0.3700090657260609
845820,1,7,8,26.476545594065552
845827,1,7,9,26.920024938606588
845831,1,7,4,0.3700090657260609
845832,1,7,9,26.689453737762936
845836,1,7,10,20.201734348530877
845839,1,7,2,8.125832549541094
845851,1,7,9,32.96911005290372
845863,1,7,4,0.3700090657260609
845870,1,7,4,0.3700090657260609
845873,1,7,4,0.3700090657260609
845874,1,7,4,0.3700090656202526
845891,1,7,9,31.35169744962971
845910,1,7,6,30.548257970193134
845911,1,7,8,31.144626244315592
845917,1,7,3,2.8161107691293057
845926,0,7,0,0.03553516476609261
845934,0,7,0,0.12632554934461673
845939,1,7,5,0.3700090141005197
845946,1,7,9,29.102913491615393
845948,1,7,10,17.38530017696532
845949,0,7,0,0.03933659918392301
845950,1,7,8,4.139959858828145
845959,1,7,8,19.30278347649981
845960,1,7,1,23.553420792380933
845969,1,7,9,21.28999349270832
845990,1,7,9,16.471044548403103
845999,1,7,10,23.565407303893444
846015,1,7,5,0.3700090141005197
846037,1,7,4,0.3700090657260609
846046,1,7,6,29.44388081519348
846061,1,7,10,26.048003985164225
846066,1,7,6,29.38090162255192
846069,1,7,8,22.01156142831141
846081,1,7,8,27.874315027260728
846107,1,7,9,22.59082015045058
846114,1,7,8,19.720130643036843
846115,1,7,9,29.17262076494994
846116,1,7,5,0.3700090141005197
846121,1,7,6,22.74067106375191
846122,1,7,6,16.929532931424355
846128,1,7,4,0.3700090657260609
846141,1,7,6,16.929084145009426
846162,1,7,6,12.514968386360025
846174,1,7,9,13.548030952413667
846178,1,7,7,4.0171089655255825
846231,1,7,4,0.3700090657260609
846248,1,7,8,16.826743029446927
846261,1,7,3,1.888066163354178
846262,1,7,8,29.735038498256213
846263,1,7,9,18.11373968702278
846264,1,7,8,15.295804988810485
846269,1,7,7,5.091583341128732
846274,1,7,10,10.732812753176248
846281,1,7,9,33.78795580248105
846285,1,7,1,16.219632602726325
846294,1,7,7,4.544620510814089
846306,1,7,1,24.677484035118383
846307,1,7,6,22.777553237175695
846318,1,7,8,28.592563186911427
846319,1,7,9,30.62934551964165
846320,1,7,7,3.5608453144251344
846324,1,7,9,24.81627950446982
846336,1,7,9,32.52341850187866
846339,1,7,1,13.314152105861545
846396,1,7,10,12.269161523735054
846414,1,7,9,19.516796111328443
846417,1,7,8,27.31395401056356
846425,1,7,4,0.3700090657260609
846431,1,7,4,0.3700090657260609
846434,1,7,9,19.212513121023136
846441,1,7,8,35.3211334557504
846455,1,7,2,12.054637275611451
846462,1,7,6,30.131727151450374
846479,1,7,8,4.4949674985551376
846501,1,7,6,23.80931767831851
846502,0,7,0,0.03679686192171914
846514,1,7,9,33.649021539449365
846519,1,7,7,0.8634917527497553
846528,1,7,1,13.715419741120975
846535,1,7,9,7.494845989993674
846536,1,7,6,16.84787577399079
846551,1,7,5,0.3700090141005197
846559,1,7,5,0.3700090141005197
846572,1,7,8,14.851377966862573
846574,1,7,6,14.788288927452765
846576,1,7,3,2.4104938914837706
846588,1,7,6,24.193747314565154
846594,1,7,9,5.358110353237774
846611,1,7,9,33.263978457408726
846628,1,7,10,19.07854532487552
846629,1,7,10,18.9435846396179
846656,1,7,1,18.394902430022928
846688,1,7,9,32.47255215709011
846689,1,7,5,0.3700090141005197
846694,1,7,9,26.70371167655055
846695,1,7,10,26.033711293074155
846698,1,7,2,12.980964986949843
846735,1,7,8,33.287115698997184
846736,1,7,2,4.947126914142953
846739,1,7,4,0.3700090657260609
846743,1,7,6,27.172134182764008
846754,1,7,5,0.3700090141005197
846757,1,7,5,0.3700090141005197
846794,1,7,9,6.774897366045029
846795,1,7,5,0.3700090141005197
846808,1,7,9,19.345554488346046
846842,1,7,3,3.145777448963954
846852,1,7,8,21.469048090075695
846860,1,7,4,0.3700090657260609
846877,1,7,3,1.7934203160305189
846878,1,7,9,5.3852846526638345
846890,1,7,8,24.075086210557988
846892,1,7,2,13.646972499222645
846900,1,7,7,5.0306779122435135
846901,1,7,9,16.241422440600516
846902,1,7,8,5.568491837381593
846906,1,7,5,0.3700090141005197
846930,1,7,4,0.3700090657260609
846934,1,7,5,0.3700090141005197
846939,1,7,1,21.578127884316423
846953,0,7,0,0.028858441391329457
846960,1,7,9,17.922764837712496
846965,1,7,9,30.597540067417274
846975,1,7,10,18.498546303738625
846980,1,7,6,26.66887594880302
846985,1,7,9,30.18503118873481
847022,1,7,5,0.3700090141005197
847028,1,7,3,2.742597618799438
847031,1,7,4,0.3700090657260609
847033,1,7,8,11.72676682952648
847048,1,7,5,0.3700090141005197
847056,1,7,5,0.3700090141005197
847064,1,7,5,0.3700090141005197
847085,1,7,9,32.1836669153977
847090,1,7,7,5.861502182298733
847097,1,7,4,0.3700090657260609
847099,1,7,8,13.811517622900869
847100,0,7,0,0.039096159454944164
847106,1,7,10,18.438618978783744
847108,1,7,5,0.37000902039789374
847128,1,7,6,11.931440098098584
847133,1,7,6,27.89689237030932
847138,1,7,6,20.36038995732563
847163,1,7,9,33.72902898701673
847179,1,7,4,0.3700090657260609
847183,1,7,5,0.3700090141005197
847199,1,7,5,0.3700090141005197
847206,1,7,5,0.3700090141005197
847218,1,7,9,6.308780675983564
847237,1,7,9,30.151008097465997
847238,1,7,10,9.755132534688226
847258,1,7,8,24.12734042160121
847261,1,7,5,0.3700090141005197
847274,1,7,8,14.476299417787523
847289,1,7,1,14.33964123093608
847292,1,7,6,22.025001859800692
847310,1,7,8,24.91200140659907
847356,1,7,5,0.3700090141005197
847359,1,7,4,0.3700090657260609
847367,1,7,6,23.78118688925895
847369,0,7,0,0.033462119849496264
847391,1,7,8,35.3560510201062
847402,1,7,9,31.707072001159535
847403,1,7,8,29.043438851158093
847406,1,7,10,24.488733453637302
847417,1,7,5,0.3700090141005197
847418,1,7,1,10.20292480346534
847422,1,7,9,27.30068639186183
847424,1,7,9,20.60793491282532
847428,1,7,9,20.056790849745962
847435,1,7,7,4.86977719855294
847440,1,7,8,35.76115855665222
847452,1,7,4,0.3700090657260609
847473,1,7,7,2.6342670795616057
847491,1,7,8,13.849233098280555
847507,0,7,0,0.04704066251171983
847510,1,7,4,0.3700090657260609
847512,1,7,9,18.45963617514099
847521,1,7,8,17.050332241067963
847541,1,7,5,0.3700090141005197
847545,1,7,5,0.3700090141005197
847548,1,7,8,15.213983989435844
847551,1,7,9,19.040985177285386
847553,1,7,4,0.3700090657260609
847568,1,7,8,21.59382012116771
847571,1,7,10,23.81669194899745
847597,1,7,9,32.95348781069584
847615,1,7,8,25.472898175604417
847631,1,7,5,0.3700090141005197
847633,1,7,9,17.90213710316871
847652,1,7,5,0.3700090141005197
847659,0,7,0,0.10639846037064679
847664,1,7,6,29.728690077229988
847682,1,7,5,0.3700090141005197
847716,1,7,3,2.7424782493731703
847722,1,7,8,20.604016182646696
847734,1,7,1,4.074453462780046
847738,1,7,2,5.319619289570527
847747,1,7,5,0.3700090141005197
847752,1,7,5,0.3700090141005197
847753,0,7,0,0.14289894897673394
847762,1,7,9,23.583349204101538
847765,1,7,9,28.240621610547464
847780,1,7,4,0.3700090656202526
847790,1,7,5,0.3700090141005197
847791,1,7,1,6.713552491340901
847806,1,7,8,22.698695391938454
847820,1,7,9,5.914194242122399
847824,1,7,7,2.5741479035393646
847844,1,7,9,20.071662526246104
847846,1,7,10,7.245197440085409
847853,1,7,1,25.631728908665828
847868,1,7,9,24.913960768946865
847875,0,7,0,0.032902071957141225
847881,1,7,7,5.207592276080074
847897,1,7,8,21.922482290398715
847898,1,7,5,0.3700090141005197
847901,1,7,8,7.199358750998267
847902,1,7,4,0.3700090657260609
847910,1,7,10,17.65058160111707
847916,1,7,6,17.090482749906176
847937,1,7,1,8.545956853060575
847943,1,7,5,0.3700090141005197
847966,1,7,2,16.126507504910432
847968,1,7,4,0.3700090657260609
847975,1,7,10,15.17230218842397
847983,0,7,0,0.036272320260895226
847985,1,7,1,10.324022255098338
847987,1,7,4,0.3700090657260609
847988,1,7,2,10.743032898842538
847991,1,7,9,21.720881262555764
848002,1,7,9,7.774790053139414
848003,1,7,3,3.0495408730178966
848007,1,7,5,0.3700090141005197
848023,1,7,9,30.55753011306614
848026,1,7,5,0.37000902039789374
848046,1,7,6,22.550852229549037
848049,1,7,9,22.21282142762485
848095,1,7,9,31.76574881551337
848101,0,7,0,0.03354483654335096
848115,1,7,9,11.081365921091983
848133,0,7,0,0.07400154259908119
848139,1,7,8,24.170113140978906
848141,1,7,5,0.3700090141005197
848146,1,7,10,5.3215097637770326
848150,1,7,2,4.466177754546441
848155,1,7,9,33.446771710787516
848157,1,7,9,14.462198915914467
848164,1,7,1,21.61054180435449
848172,1,7,4,0.3700090657260609
848173,0,7,0,0.03325140621846951
848185,0,7,0,0.03258341611595388
848198,1,7,9,22.22538063804038
848200,1,7,8,3.3614294460717935
848208,1,7,10,18.49309633142983
848220,1,7,2,6.964191295667541
848226,0,7,0,0.034874810034905133
848261,1,7,9,14.601540236738256
848273,1,7,6,23.330082910091086
848291,1,7,4,0.3700090657260609
848296,1,7,7,2.4177102533401924
848313,0,7,0,0.03597563923194065
848326,1,7,5,0.3700090141005197
848345,1,7,9,23.79546810800682
848353,1,7,4,0.3700090657260609
848397,1,7,9,32.832310130168445
848405,1,7,9,31.290870712792326
848406,1,7,10,14.412945915975538
848425,1,7,5,0.3700090141005197
848448,1,7,10,6.052818700173255
848460,1,7,4,0.3700090657260609
848476,1,7,5,0.3700090141005197
848496,1,7,9,32.53814647050893
848515,1,7,9,13.462720241693557
848530,1,7,10,17.66790068904077
848533,1,7,9,9.178066103647717
848543,1,7,5,0.3700090141005197
848552,1,7,4,0.3700090657260609
848553,1,7,9,18.645417818048777
848557,1,7,5,0.3700090141005197
848560,1,7,9,33.0644402532506
848564,1,7,2,5.1925991416789135
848569,1,7,5,0.3700090141005197
848572,1,7,9,16.712530573288134
848574,1,7,9,15.49956214895363
848576,1,7,8,31.150823970261886
848589,1,7,10,24.21559168825963
848595,1,7,3,3.1879217211555333
848602,1,7,9,11.857562590818135
848613,1,7,3,2.217386385979544
848614,1,7,8,35.338520316107896
848649,1,7,5,0.3700090141005197
848668,1,7,10,24.7563330652194
848669,1,7,3,3.1079476925560052
848672,1,7,5,0.3700090141005197
848674,1,7,9,17.74424848669508
848687,1,7,6,6.817744583969271
848690,1,7,10,17.35188427329067
848714,1,7,8,31.420924573774908
848717,1,7,2,5.204790601506215
848722,1,7,10,19.54191813627321
848736,1,7,9,9.201246351379224
848754,1,7,1,23.640531366624554
848775,1,7,5,0.3700090141005197
848786,1,7,5,0.3700090141005197
848797,1,7,9,24.781390883948323
848809,1,7,3,2.6757067324330404
848825,1,7,6,22.30612757565828
848834,0,7,0,0.034204290018961435
848836,0,7,0,0.02731792574041791
848844,1,7,9,28.168846516473174
848870,1,7,9,5.469010869691274
848876,1,7,9,22.313844058777374
848907,1,7,10,16.14322562784074
848912,1,7,8,4.468216080292706
848928,1,7,3,3.0902275995775947
848938,1,7,9,6.722486756396428
848942,1,7,5,0.3700090141005197
848943,1,7,8,26.119271057684582
848954,1,7,5,0.3700090141005197
848955,1,7,5,0.3700090141005197
848959,1,7,5,0.3700090141005197
848968,1,7,9,16.52972857021878
848974,1,7,8,31.08788574332501
848982,1,7,6,25.883662518038847
848992,1,7,8,29.031620898957037
849012,1,7,4,0.3700090657260609
849014,1,7,10,18.17385660569705
849017,1,7,5,0.3700090141005197
849034,1,7,2,10.59972794007379
849040,1,7,9,23.02418298641424
849045,1,7,6,25.208295059593954
849047,1,7,9,24.87042234587464
849059,1,7,7,2.4897379857072273
849062,1,7,9,10.582079298584855
849065,1,7,2,15.030813632263364
849066,1,7,8,29.533645278090248
849068,1,7,6,21.11154810055116
849076,1,7,5,0.3700090141005197
849090,1,7,5,0.3700090141005197
849097,1,7,9,16.918865716072915
849104,1,7,1,18.341741311149192
849105,1,7,1,28.017417380096894
849109,1,7,6,29.05963866569406
849111,1,7,1,14.92780973617812
849115,1,7,8,10.755170568243544
849123,1,7,5,0.3700090141005197
849125,1,7,8,36.02729842318743
849138,1,7,10,23.53837085345382
849146,1,7,6,9.767250460781177
849161,1,7,6,19.03471888977082
849167,1,7,8,33.07626049679859
849173,1,7,6,16.83999548857086
849186,1,7,1,16.00742918024871
849202,1,7,8,30.36337048729195
849212,1,7,10,24.786477423893906
849222,1,7,8,35.61479429525196
849226,1,7,8,8.982829386783257
849239,1,7,8,25.464016444356584
849253,1,7,10,5.80183117914238
849257,1,7,3,1.3966379313736375
849261,1,7,10,26.033483234184892
849266,1,7,8,7.710653860616191
849270,1,7,4,0.3700090656202526
849271,1,7,8,29.634806313080404
849278,1,7,9,21.506141488029407
849307,1,7,1,17.150656270017418
849316,1,7,8,29.634538306361083
849318,1,7,7,1.7461926943600672
849322,1,7,6,27.55322316778586
849325,1,7,6,28.568176063119775
849350,1,7,2,10.559542799287343
849366,1,7,3,3.228061324168423
849369,1,7,6,20.627534234016426
849372,1,7,6,13.414099195922487
849379,1,7,7,5.81368361011207
849381,1,7,10,16.687683908183175
849385,1,7,1,19.30359238617161
849387,1,7,5,0.3700090141005197
849396,1,7,8,9.415995843583909
849412,1,7,8,13.713395313123682
849421,1,7,5,0.3700090141005197
849424,1,7,2,11.027404291604253
849430,1,7,10,18.803362518029697
849436,1,7,8,36.0812526911462
849462,0,7,0,0.0932654906913143
849463,1,7,4,0.3700090657260609
849470,1,7,8,29.733048701893875
849477,1,7,4,0.3700090657260609
849479,1,7,9,29.698426706593104
849488,1,7,8,19.97033421990505
849491,1,7,5,0.3700090141005197
849513,1,7,9,28.48924415587218
849533,1,7,9,32.50829826931993
849538,0,7,0,0.04708487049913227
849545,1,7,6,29.768905277078
849552,1,7,9,32.32187002307443
849569,1,7,2,8.818779628679206
849572,1,7,4,0.3700090657260609
849582,1,7,8,21.661033504050803
849604,1,7,3,1.0447231409823454
849623,1,7,7,1.8813963585128453
849649,1,7,3,3.0820023891661226
849650,1,7,10,24.64298756379855
849651,1,7,5,0.3700090141005197
849655,1,7,8,19.305364953937406
849662,1,7,6,23.288870521203442
849672,1,7,5,0.3700090141005197
849687,1,7,8,25.80720302309613
849688,0,7,0,0.035064229502304305
849706,1,7,9,19.81965795574926
849716,1,7,9,29.33551794352911
849724,1,7,9,32.69373598458536
849748,1,7,5,0.3700090141005197
849753,1,7,9,20.625661314626978
849774,1,7,8,26.821942251456313
849782,1,7,5,0.3700090141005197
849790,1,7,7,2.5524400841445005
849799,0,7,0,0.09979820469086298
849800,1,7,4,0.3700090657260609
849828,1,7,1,13.820973402083904
849832,1,7,5,0.3700090141005197
849835,1,7,5,0.3700090141005197
849840,1,7,10,18.51497014047285
849844,0,7,0,0.039722705457502144
849845,1,7,6,23.88837736049677
849865,1,7,7,1.5631286785683431
849889,1,7,2,6.77668612020419
849892,1,7,6,21.815260304520567
849901,0,7,0,0.03321582794766582
849917,1,7,6,28.64568461051976
849921,1,7,6,29.730725744776986
849929,1,7,5,0.3700090141005197
849943,1,7,9,7.055015440192792
849948,1,7,5,0.3700090141005197
849967,1,7,2,7.879937174120705
849971,1,7,7,3.318712714012637
849987,1,7,6,22.096593429381482
850006,1,7,8,32.409161512996135
850017,1,7,6,8.462740546709723
850024,1,7,2,11.698580299350894
850029,1,7,7,2.2617033228762997
850048,1,7,8,32.58501675019626
850050,1,7,6,30.518518916277948
850080,0,7,0,0.031148182192058175
850103,0,7,0,0.03327536179415437
850110,1,7,4,0.3700090657260609
850114,1,7,8,0.06365626132679802
850134,1,7,1,17.879898023073522
850155,1,7,6,5.460870126869131
850164,1,7,8,10.484269224891653
850197,1,7,9,31.894108810786985
850200,1,7,7,3.9760355587998983
850207,1,7,6,19.847202838325703
850209,1,7,6,25.86262120581141
850246,1,7,8,20.225001081913224
850251,1,7,8,1.9709813464217418
850254,1,7,6,18.595193668662155
850265,1,7,6,22.13085656045534
850270,1,7,5,0.37000902039789374
850278,1,7,6,17.30465230471856
850282,1,7,3,3.2347221422926657
850290,1,7,4,0.3700090657260609
850296,1,7,7,5.395385694836006
850299,1,7,8,26.439224572483862
850300,1,7,6,23.507928524212463
850310,1,7,6,30.633711792963943
850320,1,7,6,19.883787706948382
850322,1,7,4,0.3700090657260609
850324,0,7,0,0.03139820607168948
850331,1,7,6,28.101244206135043
850341,1,7,8,25.64826062392965
850355,0,7,0,0.03947142819824092
850371,1,7,9,16.477739872755773
850381,1,7,4,0.3700090657260609
850382,1,7,5,0.3700090141005197
850399,1,7,7,6.467637227579854
850401,1,7,10,21.245715233996776
850406,1,7,3,0.9413689876188744
850414,1,7,5,0.3700090141005197
850445,1,7,6,21.694959603919198
850448,1,7,7,4.838190935298122
850454,1,7,2,5.479204619675193
850461,1,7,5,0.3700090141005197
850464,1,7,9,30.384535992384794
850468,1,7,5,0.3700090141005197
850475,1,7,3,3.180286105362864
850496,1,7,9,31.40784805781293
850505,1,7,10,11.529615230567476
850509,1,7,9,23.544813200540407
850514,1,7,4,0.3700090656202526
850529,1,7,5,0.37000902039789374
850535,1,7,9,29.679900908783267
850542,1,7,10,4.345086929065949
850550,1,7,6,22.340200921287412
850553,1,7,6,15.201952136921584
850557,1,7,4,0.3700090657260609
850566,1,7,5,0.3700090141005197
850568,1,7,9,32.084795220638924
850584,1,7,4,0.3700090657260609
850586,1,7,5,0.3700090141005197
850618,1,7,4,0.3700090657260609
850637,1,7,1,17.15110512090852
850640,1,7,6,26.96315057913647
850657,1,7,1,17.52296443761631
850662,0,7,0,0.040001976121620035
850667,1,7,9,15.693579842164315
850668,1,7,6,29.784826184296715
850680,1,7,9,25.096103024529114
850687,1,7,8,32.69798928459317
850692,0,7,0,0.05475216066751725
850703,1,7,7,5.756550808602854
850747,1,7,4,0.3700090657260609
850753,1,7,6,26.38847182901972
850771,1,7,10,9.832053588098539
850772,1,7,5,0.3700090141005197
850783,1,7,7,6.26619428435833
850817,1,7,6,29.79026369746627
850825,1,7,5,0.3700090141005197
850874,1,7,10,11.925608910445977
850881,1,7,8,7.4898345959986
850883,1,7,4,0.3700090657260609
850908,1,7,9,13.168789903440574
850923,1,7,1,18.410963893773147
850927,1,7,4,0.3700090657260609
850943,1,7,6,22.397528149532942
850965,1,7,9,23.561846323804865
850989,1,7,5,0.3700090141005197
850991,1,7,10,25.837493182220786
850995,1,7,1,27.10808852445286
851002,0,7,0,0.03303235782060764
851007,1,7,5,0.3700090141005197
851018,1,7,1,16.13647893221341
851024,1,7,5,0.3700090141005197
851045,1,7,9,16.846419248490584
851048,1,7,4,0.3700090657260609
851058,1,7,6,14.380039822079988
851072,1,7,9,26.48802117381658
851089,1,7,5,0.3700090141005197
851107,1,7,9,6.917131976519619
851115,1,7,9,30.93382127210737
851118,1,7,4,0.3700090657260609
851125,1,7,5,0.3700090141005197
851129,1,7,2,6.734980177866462
851131,1,7,8,26.26830338166159
851140,1,7,10,15.578044069074341
851141,1,7,6,30.067891636800802
851159,1,7,10,17.87390880975349
851160,1,7,5,0.3700090141005197
851168,1,7,1,19.75811266467188
851173,1,7,6,21.693933456386528
851176,1,7,3,3.1583623776719443
851203,1,7,8,33.763378185619494
851204,1,7,9,4.862820836633937
851212,0,7,0,0.028956563941042467
851221,1,7,10,22.957648777263728
851226,1,7,1,24.942776321661
851230,0,7,0,0.038548448982402374
851238,1,7,6,18.711132330170564
851240,1,7,9,8.371598570653983
851243,1,7,5,0.3700090141005197
851257,1,7,8,29.819662039905815
851263,1,7,9,8.625829327291667
851279,1,7,4,0.3700090657260609
851282,1,7,9,13.762315445657562
851283,1,7,6,5.9864969833789115
851306,1,7,5,0.3700090141005197
851324,1,7,5,0.3700090141005197
851329,1,7,3,3.001470935470597
851353,1,7,4,0.3700090657260609
851354,1,7,3,1.3763996942716754
851357,1,7,9,31.55976355874639
851366,1,7,6,22.411168086608367
851369,1,7,9,3.66987346663295
851385,1,7,6,26.234872201020845
851396,1,7,3,1.7438370545217892
851405,1,7,9,13.731136476440629
851437,1,7,5,0.3700090141005197
851464,1,7,2,10.687826620294631
851490,1,7,4,0.3700090657260609
851495,1,7,1,25.575751154732266
851507,1,7,10,5.2667367747418545
851512,1,7,10,21.171790655327197
851516,1,7,8,23.539573361976103
851528,1,7,8,6.793292435063577
851533,1,7,8,30.279253002128083
851561,1,7,6,14.679642110704314
851580,1,7,9,23.974766792721443
851589,1,7,9,32.99735207223602
851592,1,7,5,0.3700090141005197
851599,1,7,5,0.3700090141005197
851606,1,7,5,0.3700090141005197
851609,1,7,4,0.3700090657260609
851615,1,7,6,24.7829320797402
851643,1,7,8,35.43137362500662
851646,1,7,6,16.927812696698656
851661,1,7,10,26.046105894656055
851678,1,7,8,13.798205309679942
851687,1,7,4,0.3700090657260609
851689,1,7,3,1.7247463912461738
851691,1,7,3,3.1229657738214707
851702,1,7,5,0.3700090141005197
851704,0,7,0,0.030137358159546365
851706,1,7,10,7.796984780118075
851720,1,7,9,16.669992071414008
851739,1,7,1,6.158161347311648
851740,1,7,5,0.3700090141005197
851745,1,7,8,18.396390814183146
851746,1,7,9,20.483144648525325
851747,1,7,5,0.3700090141005197
851749,1,7,9,30.46194642187754
851750,1,7,6,29.299085688607292
851756,1,7,9,24.69155095156723
851759,1,7,5,0.3700090141005197
851761,1,7,5,0.3700090141005197
851770,0,7,0,0.03853359514350461
851783,1,7,10,19.47408519405135
851789,1,7,8,16.846579758437276
851792,1,7,8,27.74720082626519
851795,1,7,8,23.910479407481184
851803,1,7,8,10.777824443721784
851814,1,7,7,1.3324813906321307
851863,1,7,1,14.675071879128383
851865,1,7,8,28.47526597610862
851870,0,7,0,0.03079833827729289
851893,1,7,9,31.90157143477588
851905,1,7,5,0.3700090141005197
851924,1,7,5,0.3700090141005197
851926,1,7,6,16.71089920691319
851934,1,7,8,21.584175091450255
851962,1,7,1,13.238617587858675
851965,1,7,5,0.3700090141005197
851991,1,7,3,1.2182377302511576
851997,1,7,10,22.330269734846357
852001,1,7,7,1.3514653143182225
852017,1,7,1,21.247809417695077
852028,1,7,5,0.3700090141005197
852049,0,7,0,0.036327016813768945
852078,0,7,0,0.04570502757434511
852107,1,7,10,25.903043503675196
852113,1,7,10,26.01577577147946
852134,1,7,9,33.78055085069696
852135,1,7,10,24.066511588411853
852144,1,7,9,22.271294718912113
852152,1,7,8,26.905040676792705
852161,1,7,4,0.3700090657260609
852166,1,7,10,9.838548497031052
852167,1,7,9,12.573482904692042
852168,1,7,9,32.533323193154956
852181,1,7,10,26.066124995615834
852186,1,7,1,25.138521235024957
852198,1,7,4,0.3700090656202526
852202,1,7,9,9.315026813261763
852208,1,7,5,0.3700090141005197
852210,1,7,1,27.96659401475275
852226,1,7,9,17.99309931915357
852227,1,7,9,26.033347918879848
852228,1,7,6,20.464090845079483
852240,1,7,5,0.3700090141005197
852250,0,7,0,0.03442025915975971
852252,1,7,3,2.9957384248265706
852256,1,7,8,15.56927325529367
852259,1,7,8,20.02558526703175
852265,1,7,9,5.917830082658111
852287,1,7,4,0.3700090657260609
852309,1,7,7,3.3701025761152072
852316,1,7,9,17.612795398436678
852317,1,7,8,17.036677915126294
852347,1,7,5,0.3700090141005197
852349,1,7,6,18.77250896474565
852374,1,7,9,7.280370191048226
852387,1,7,9,29.90954835750077
852404,1,7,5,0.3700090141005197
852410,1,7,4,0.3700090657260609
852429,1,7,8,29.367195958766207
852435,1,7,6,14.293213972254547
852452,1,7,6,6.832900736163067
852453,1,7,9,15.334751907528387
852455,1,7,3,2.4663459862450563
852464,0,7,0,0.05285565719447346
852473,0,7,0,0.03449315646179658
852483,1,7,4,0.3700090657260609
852500,1,7,8,26.93580839541883
852512,1,7,8,34.98789979323543
852521,1,7,8,18.00343649754806
852551,1,7,4,0.3700090657260609
852567,1,7,8,14.856392504650898
852574,1,7,9,8.168091929335056
852576,1,7,9,29.054527221838793
852591,1,7,9,19.263316447463204
852625,1,7,2,4.1593392876293995
852667,1,7,4,0.3700090657260609
852670,1,7,10,13.31235832022236
852725,1,7,5,0.3700090141005197
852730,1,7,4,0.3700090657260609
852733,1,7,10,17.7389145488504
852736,1,7,5,0.3700090141005197
852756,1,7,4,0.3700090657260609
852779,1,7,7,0.3455844625464714
852785,1,7,10,7.708127773326598
852796,1,7,4,0.3700090657260609
852801,1,7,1,15.248684992843701
852802,1,7,6,30.63304591412042
852813,1,7,10,6.736738114127491
852815,1,7,5,0.3700090141005197
852821,1,7,4,0.3700090657260609
852834,1,7,8,11.113855155112562
852840,1,7,9,25.069769275107657
852841,1,7,8,12.486207707343297
852848,1,7,9,23.52940067560792
852861,1,7,9,8.445555885743465
852866,0,7,0,0.03233009272113345
852887,1,7,6,23.709266584340064
852890,1,7,10,15.5841689069183
852895,1,7,10,14.69089910932157
852907,1,7,8,33.729134983584636
852909,1,7,8,26.455775996613916
852910,1,7,9,21.912393815495108
852914,1,7,1,3.85882370928387
852943,1,7,5,0.3700090141005197
852948,1,7,7,5.608582302819123
852963,1,7,4,0.3700090657260609
852966,1,7,4,0.3700090657260609
852969,1,7,7,1.4158215102674965
852980,1,7,4,0.3700090657260609
852984,1,7,8,26.932717071973933
852985,1,7,4,0.3700090657260609
852987,0,7,0,0.02935161402711585
853025,1,7,6,21.180811607387582
853036,1,7,6,18.392129600301153
853045,0,7,0,0.0373461830181069
853060,1,7,9,19.20346532820078
853062,1,7,8,21.660172377700412
853078,1,7,6,26.817362568897597
853082,1,7,4,0.3700090657260609
853103,1,7,9,20.62513155852867
853123,0,7,0,0.033491942620684945
853134,1,7,8,25.028674886436214
853143,1,7,1,5.230325719675343
853146,1,7,9,16.57919283871954
853150,1,7,6,14.193957043712787
853173,1,7,7,2.5241776633428326
853177,1,7,8,32.71536214134666
853200,1,7,10,19.389099645803878
853212,1,7,1,21.73378842768687
853232,1,7,10,21.00394016820099
853244,1,7,8,35.419625547894924
853246,1,7,7,2.6969483351080505
853254,1,7,5,0.3700090141005197
853257,1,7,2,12.757482780486033
853265,1,7,5,0.3700090141005197
853268,1,7,3,3.1994070003503636
853290,1,7,6,19.70896766473669
853292,1,7,10,23.278534587564742
853301,1,7,9,31.494725963600885
853304,1,7,4,0.3700090657260609
853315,1,7,5,0.3700090141005197
853316,1,7,7,5.349775227938078
853323,1,7,5,0.3700090141005197
853324,1,7,8,35.976067672071515
853350,1,7,4,0.3700090657260609
853354,1,7,4,0.3700090657260609
853357,1,7,10,18.68447175619516
853391,1,7,9,7.5392958910229435
853394,1,7,4,0.3700090657260609
853409,1,7,9,3.578565735970366
853416,1,7,9,24.684698388545442
853417,1,7,10,11.619790201548573
853443,1,7,3,3.199765791231164
853445,1,7,7,1.1024250893838152
853473,1,7,7,0.4300335006727396
853483,1,7,9,22.264361873089236
853484,1,7,10,4.5755044800438025
853488,1,7,5,0.3700090141005197
853490,1,7,8,26.06045360731495
853498,1,7,1,4.5960060955012825
853512,1,7,6,24.73241558443745
853549,1,7,10,5.564135590771368
853553,1,7,5,0.37000902039789374
853558,1,7,5,0.37000902039789374
853563,1,7,9,21.903578645572548
853572,1,7,5,0.3700090141005197
853608,1,7,4,0.3700090657260609
853623,1,7,7,5.615563918628546
853625,1,7,9,33.45459037395882
853635,1,7,9,13.367752763111463
853641,1,7,5,0.3700090141005197
853644,1,7,9,28.67701312909697
853648,1,7,5,0.3700090141005197
853650,1,7,5,0.3700090141005197
853661,1,7,5,0.3700090141005197
853664,1,7,4,0.3700090657260609
853677,1,7,10,10.892850803292749
853687,1,7,3,2.8860060152344573
853698,1,7,8,31.605404251739074
853712,1,7,6,27.037861398999503
853719,1,7,9,18.818665055206097
853729,1,7,9,12.456740759784884
853755,1,7,5,0.3700090141005197
853770,1,7,5,0.3700090141005197
853774,1,7,9,8.395518505279348
853783,1,7,8,22.903446430705486
853785,1,7,10,20.74230030666597
853793,1,7,9,32.5100846892361
853804,1,7,7,1.4111042465241397
853808,1,7,5,0.3700090141005197
853848,1,7,5,0.3700090141005197
853853,1,7,1,18.434728615095928
853854,1,7,3,2.402814524976616
853881,1,7,6,17.032962080979186
853883,1,7,9,23.849097636001893
853916,1,7,1,8.342619002097202
853921,1,7,8,4.491588718958651
853928,1,7,5,0.3700090141005197
853952,1,7,8,20.64530201417082
853981,1,7,4,0.3700090657260609
853982,1,7,5,0.3700090141005197
853986,1,7,8,14.626684999064079
853995,1,7,10,18.324534326245384
854002,1,7,1,19.84677905737299
854031,1,7,1,22.207398270080507
854044,1,7,5,0.3700090141005197
854066,1,7,9,32.211891900147094
854076,1,7,4,0.3700090657260609
854086,1,7,3,2.9052302047803593
854089,1,7,5,0.3700090141005197
854096,1,7,6,20.055807785303358
854100,1,7,9,25.037696602261956
854107,1,7,4,0.3700090657260609
854108,1,7,3,3.202766966090087
854121,1,7,10,26.003773545848883
854138,1,7,1,4.044511102631578
854139,1,7,7,0.7598581185642765
854151,1,7,5,0.3700090141005197
854169,1,7,5,0.3700090141005197
854173,1,7,4,0.3700090657260609
854192,1,7,4,0.3700090657260609
854198,1,7,9,4.134167367536416
854204,1,7,7,2.9452803682955624
854229,1,7,5,0.3700090141005197
854232,1,7,10,26.044446629704282
854233,1,7,4,0.3700090657260609
854234,1,7,10,7.911807093508489
854237,1,7,10,14.382933409260257
854249,0,7,0,0.03569967930963845
854263,1,7,2,12.837202889802311
854267,1,7,10,13.627742103467115
854274,1,7,4,0.3700090657260609
854292,1,7,9,23.61433712798831
854294,1,7,8,27.600065231794872
854296,1,7,4,0.3700090657260609
854329,1,7,6,16.165799647365038
854333,1,7,10,24.052988997979433
854343,1,7,9,30.671395712848057
854347,1,7,5,0.3700090141005197
854357,1,7,4,0.3700090657260609
854371,1,7,10,14.957739058411473
854389,1,7,6,21.55885344218266
854393,1,7,10,22.81759404704563
854401,1,7,6,29.841679809723207
854407,1,7,3,2.994125535450938
854412,1,7,9,29.590260873757448
854427,1,7,8,26.786874492911128
854428,1,7,5,0.3700090141005197
854438,1,7,9,25.078307442497028
854439,1,7,2,14.375937485120874
854444,1,7,5,0.3700090141005197
854472,1,7,4,0.3700090657260609
854492,1,7,6,15.38074812982722
854502,1,7,8,28.572779330698623
854508,1,7,5,0.3700090141005197
854512,1,7,1,6.541294002514921
854513,1,7,9,22.750595884295283
854517,1,7,9,33.32965266702285
854529,1,7,9,5.492398805471663
854533,1,7,10,17.080118710755354
854540,1,7,9,13.423505915988265
854550,1,7,4,0.3700090657260609
854560,1,7,5,0.3700090141005197
854580,1,7,7,5.44396312296764
854595,1,7,5,0.3700090141005197
854596,1,7,8,31.522078494965196
854600,1,7,9,29.244924930976147
854613,1,7,10,19.239205498960235
854621,1,7,8,34.52839012659625
854622,1,7,4,0.3700090657260609
854641,1,7,5,0.3700090141005197
854646,0,7,0,0.036116936812195265
854654,1,7,8,13.407516478985276
854658,1,7,9,32.25742817004534
854673,1,7,5,0.3700090141005197
854676,1,7,5,0.3700090141005197
854678,1,7,5,0.3700090141005197
854711,1,7,4,0.3700090657260609
854720,1,7,6,5.378729533892582
854727,1,7,9,31.88068948588727
854745,1,7,10,18.16293213262233
854775,1,7,1,16.15252637809709
854781,1,7,10,17.857225086253266
854791,1,7,1,9.214548896855844
854797,1,7,9,4.171310630744207
854799,1,7,6,10.950187045769754
854815,1,7,6,30.4956240272482
854817,1,7,10,10.295246461078143
854818,1,7,5,0.3700090141005197
854850,1,7,8,17.617328235316865
854859,1,7,8,8.481210385179049
854868,1,7,1,26.371850612750315
854870,1,7,2,1.1586067920985368
854876,1,7,5,0.3700090141005197
854880,1,7,10,6.5863004995168914
854883,1,7,9,21.16435802172848
854889,1,7,9,8.632895719157258
854895,1,7,8,21.397018607781394
854908,1,7,8,32.48450215595044
854911,1,7,5,0.3700090141005197
854924,1,7,7,1.1920740493931694
854926,1,7,8,32.70921693428815
854949,1,7,8,24.118968748851223
854955,1,7,9,27.44091584920821
854958,1,7,5,0.3700090141005197
854965,0,7,0,0.12498667454426865
854966,1,7,9,20.590609040973213
854974,1,7,5,0.3700090141005197
854978,1,7,3,2.8066547117735747
855002,1,7,6,25.872175954200927
855004,1,7,6,18.00645255713655
855014,1,7,9,21.21873629527167
855020,1,7,1,27.05203364833024
855028,1,7,6,21.90804669491455
855039,1,7,5,0.3700090141005197
855071,1,7,6,22.171151216515174
855074,1,7,1,15.054078867893283
855079,1,7,5,0.3700090141005197
855088,1,7,4,0.3700090657260609
855103,1,7,9,25.191450681710617
855110,1,7,4,0.3700090657260609
855112,1,7,1,25.580332204431127
855123,1,7,5,0.37000902039789374
855125,0,7,0,0.030840415685874055
855141,1,7,8,9.566059067997333
855159,1,7,10,25.40599766033781
855162,1,7,10,13.39012238883889
855188,1,7,9,19.758088413922394
855206,1,7,5,0.3700090141005197
855215,1,7,8,22.45771233346734
855219,1,7,5,0.3700090141005197
855222,1,7,1,10.2196831054835
855223,1,7,6,27.48542416402515
855238,1,7,5,0.3700090141005197
855242,1,7,2,12.826966797851014
855294,0,7,0,0.03773601120448928
855313,1,7,4,0.3700090657260609
855325,1,7,6,29.996954607797726
855334,1,7,8,13.315691384545481
855368,1,7,8,32.89966981683214
855390,1,7,4,0.3700090657260609
855391,1,7,2,16.041373915842286
855412,1,7,10,19.340184796606188
855416,1,7,9,20.81828278740203
855418,1,7,9,33.125014745886695
855429,1,7,6,7.553661070934714
855454,1,7,10,15.866012126270805
855477,1,7,8,12.441670516817316
855479,1,7,6,10.993229934264043
855481,1,7,1,14.023720300822987
855491,1,7,8,19.007794234717235
855523,1,7,8,9.94410111366397
855533,1,7,7,5.434800017742048
855537,1,7,4,0.3700090657260609
855562,1,7,3,2.688383992806237
855574,1,7,6,15.402749934749489
855578,1,7,5,0.3700090141005197
855579,1,7,6,13.570157994439173
855591,1,7,9,20.8172477554493
855607,1,7,7,0.3934539533278056
855614,1,7,8,7.376829245833269
855621,1,7,10,9.01561414199066
855623,1,7,9,26.601114659502404
855625,1,7,9,20.188437708830623
855630,1,7,6,5.333346377012019
855633,1,7,4,0.3700090657260609
855635,1,7,9,31.09843113642824
855639,1,7,9,20.9516616286247
855648,1,7,7,2.780179641151324
855662,1,7,8,15.996959486314006
855691,0,7,0,0.034632144088707385
855697,1,7,10,25.38819893108865
855700,1,7,10,9.837042147912891
855707,1,7,6,27.64730343942519
855727,1,7,10,3.724255697490876
855748,1,7,10,20.432181528580603
855767,1,7,8,30.477992657375832
855772,1,7,7,1.6635875634842288
855788,1,7,10,13.159504912130012
855790,1,7,6,19.52194567579066
855792,1,7,8,24.44124739795687
855794,1,7,10,17.89634015253745
855796,1,7,9,33.10185193760804
855812,1,7,9,31.864402207819577
855816,1,7,6,24.522926181460114
855822,1,7,6,24.563468050560118
855825,1,7,9,26.944710724186773
855831,1,7,2,12.403032994286695
855846,1,7,6,22.329553323200876
855852,1,7,8,17.191487955097024
855861,1,7,4,0.3700090657260609
855866,1,7,6,25.16586170524769
855919,1,7,8,16.623699270017305
855935,1,7,8,21.806780158092973
855936,1,7,10,21.97770294995899
855939,1,7,7,6.332641182118143
855941,1,7,2,2.45858782674843
855946,1,7,4,0.3700090657260609
855952,0,7,0,0.033448443936157285
855977,1,7,5,0.3700090141005197
855978,1,7,9,22.23381836243913
855984,1,7,1,9.902740326755874
855990,1,7,7,4.293725944241414
856015,1,7,3,2.29684499246763
856017,1,7,10,20.68531611566027
856018,1,7,6,29.37109628984963
856028,1,7,6,22.10134650981027
856073,1,7,10,23.3213817502435
856079,0,7,0,0.0385018074273853
856082,1,7,7,3.073379753841394
856098,0,7,0,0.03657909592959104
856106,1,7,8,5.2259722745911485
856114,1,7,8,18.83053688401955
856135,1,7,8,31.344030991209088
856137,1,7,10,13.83567523854785
856158,1,7,7,2.758107120850316
856193,1,7,9,33.22537874886061
856198,1,7,7,2.7584853726465273
856216,1,7,5,0.37000902039789374
856220,1,7,9,19.484107013390346
856236,1,7,3,2.860226617850064
856261,1,7,10,22.969064311784987
856290,1,7,4,0.3700090657260609
856299,1,7,4,0.3700090657260609
856303,1,7,9,16.76058656819656
856306,1,7,9,31.01810675487781
856311,1,7,9,33.287018689090715
856323,0,7,0,0.10588373276565394
856325,1,7,1,21.5264775221208
856326,1,7,4,0.3700090657260609
856339,1,7,4,0.3700090657260609
856342,1,7,6,28.943693649733373
856347,1,7,10,8.889938246548958
856348,1,7,5,0.3700090141005197
856349,1,7,5,0.3700090141005197
856363,1,7,5,0.3700090141005197
856369,1,7,9,24.361031960422483
856385,0,7,0,0.023205144770847695
856399,1,7,9,13.5603452757969
856400,1,7,6,28.874529331218863
856401,1,7,5,0.3700090141005197
856402,1,7,9,23.86978802612745
856439,1,7,8,33.597764635033485
856468,1,7,9,12.866760959237963
856476,1,7,6,29.70483540485527
856477,1,7,6,19.24946472968295
856522,1,7,10,25.305133088585777
856530,1,7,3,0.7592619570088751
856547,1,7,5,0.3700090141005197
856562,1,7,9,11.662608930718598
856567,1,7,7,2.700757101875315
856576,1,7,1,20.99021892963647
856598,1,7,10,17.331578669345514
856603,1,7,9,33.20715438753245
856621,1,7,10,20.230959495529625
856627,1,7,8,16.65166980025415
856642,1,7,9,17.98228697744792
856644,1,7,5,0.3700090141005197
856664,1,7,9,24.25430716739887
856665,1,7,1,14.374284261826647
856668,1,7,7,5.422044432073331
856671,1,7,5,0.3700090141005197
856673,1,7,5,0.3700090141005197
856678,1,7,5,0.3700090141005197
856684,1,7,4,0.3700090657260609
856689,1,7,6,13.612363985273568
856695,1,7,2,4.231489016212679
856708,0,7,0,0.03317333922409769
856709,1,7,10,19.92257115931327
856710,1,7,10,5.98201870839076
856714,1,7,1,25.641322547412237
856716,1,7,8,34.26613732624095
856720,1,7,2,9.09307054663559
856730,1,7,5,0.3700090141005197
856734,1,7,8,11.947494768706445
856771,1,7,5,0.3700090141005197
856820,1,7,5,0.3700090141005197
856823,1,7,10,17.06768019036224
856829,1,7,7,3.777221795631156
856845,1,7,9,25.870846612386465
856853,1,7,1,19.67332381591964
856863,0,7,0,0.040642818386878186
856887,1,7,8,27.480272729354727
856893,1,7,1,7.322069260298993
856897,1,7,4,0.3700090657260609
856907,1,7,8,18.701097247373998
856908,1,7,8,5.7068818976404545
856911,1,7,10,23.88789395144538
856918,1,7,9,21.254959837840982
856922,1,7,8,31.094995706268442
856929,1,7,6,14.642113177715757
856931,1,7,9,11.371040956108951
856935,1,7,6,13.661120732265369
856936,1,7,6,9.951627133586003
856953,1,7,8,11.626791318782574
856961,1,7,5,0.3700090141005197
856963,1,7,8,27.586439985906516
856970,1,7,3,2.922494048085967
856983,1,7,5,0.3700090141005197
857004,1,7,4,0.3700090657260609
857007,1,7,10,7.632770238693946
857011,1,7,3,2.6503390437935996
857030,1,7,9,24.91340699928641
857040,1,7,1,19.625065917007287
857058,0,7,0,0.031236566113562143
857059,1,7,4,0.3700090657260609
857063,1,7,2,12.610335999059059
857067,1,7,6,29.261199919668645
857069,1,7,4,0.3700090657260609
857078,1,7,9,21.20591781411971
857082,1,7,1,17.0981598507351
857090,1,7,8,31.255161700383923
857109,1,7,8,35.994582423563074
857116,1,7,9,24.487743116307858
857129,1,7,9,20.359488616855277
857137,1,7,5,0.37000902039789374
857139,1,7,6,26.078971752662053
857146,1,7,8,11.283282962576186
857158,1,7,1,19.67839761071885
857169,1,7,8,23.788154040758645
857170,1,7,7,4.117367847729258
857176,1,7,8,23.67287673028108
857181,1,7,9,32.2338810604908
857184,1,7,10,26.02645417685912
857189,1,7,7,3.2999070375958253
857200,1,7,10,25.38410593918903
857227,1,7,9,28.695953699535387
857248,1,7,10,25.638908488155142
857251,1,7,10,9.066075244798245
857282,1,7,4,0.3700090657260609
857296,1,7,5,0.3700090141005197
857314,1,7,5,0.3700090141005197
857317,1,7,2,3.7903699755467017
857320,1,7,8,5.286062521726339
857322,1,7,8,22.519792421995557
857397,1,7,9,29.503549816193456
857418,1,7,10,24.982462928745544
857420,1,7,2,3.4672307279166263
857422,1,7,4,0.3700090657260609
857431,1,7,10,12.52188025086933
857436,1,7,6,17.622551938005568
857437,1,7,4,0.3700090657260609
857446,1,7,8,10.440627295543745
857464,1,7,9,7.913842796785248
857473,1,7,8,10.053328867608956
857485,1,7,6,14.69135307008112
857490,1,7,8,27.008299281432283
857495,1,7,6,10.000183534158712
857513,1,7,5,0.3700090141005197
857530,1,7,4,0.3700090657260609
857549,1,7,5,0.3700090141005197
857557,1,7,6,13.031319778565175
857563,1,7,6,11.969334387661107
857579,0,7,0,0.03922148612388009
857593,1,7,6,20.003303931147347
857626,1,7,3,2.853152027933576
857631,1,7,10,23.602727800033914
857643,1,7,1,18.501171993885624
857645,1,7,8,35.313653280046175
857653,1,7,8,23.75388375146388
857656,1,7,6,11.473293271792425
857660,1,7,1,22.600109895320287
857662,1,7,8,4.774397515748477
857681,1,7,10,7.320876215806911
857706,1,7,9,31.542825398510423
857708,1,7,9,25.05097799851612
857717,1,7,5,0.3700090141005197
857719,1,7,4,0.3700090657260609
857731,0,7,0,0.03402801840864459
857733,1,7,4,0.3700090657260609
857756,1,7,10,7.944657714239604
857778,1,7,9,33.01448099266786
857784,1,7,10,17.15757644557299
857795,1,7,10,8.649159403865296
857812,1,7,9,25.45608700504809
857816,1,7,2,11.17798990136196
857824,1,7,9,30.064651536591054
857834,1,7,8,12.526749243801602
857840,1,7,9,2.581741137136441
857852,1,7,9,16.76222756028232
857872,1,7,8,29.72491678793484
857876,1,7,3,1.8901747765229924
857885,1,7,9,24.977438598162063
857892,1,7,4,0.3700090657260609
857894,0,7,0,0.039472675226405865
857896,1,7,6,27.430024044178385
857902,1,7,9,8.737657458359092
857917,1,7,6,20.68749126359822
857921,1,7,9,27.72476419108776
857926,1,7,5,0.3700090141005197
857932,1,7,6,29.937617012069254
857954,1,7,4,0.3700090657260609
857960,1,7,5,0.3700090141005197
857963,1,7,5,0.3700090141005197
857972,1,7,6,9.497241016650607
857984,1,7,7,5.757431376810939
858029,1,7,8,30.46285280462793
858041,1,7,4,0.3700090657260609
858050,1,7,8,17.99571372560732
858053,1,7,4,0.3700090657260609
858097,0,7,0,0.03495513150895969
858107,1,7,5,0.3700090141005197
858110,1,7,1,27.66323725424345
858121,1,7,8,22.73034638803838
858135,1,7,4,0.3700090657260609
858136,1,7,8,16.57052492371891
858142,1,7,8,20.004658115282822
858153,1,7,5,0.3700090141005197
858189,1,7,8,17.01756770495694
858192,0,7,0,0.037255919681572124
858200,1,7,10,14.361210180569765
858205,1,7,8,32.468873508455616
858213,1,7,4,0.3700090657260609
858215,1,7,10,24.55031850345609
858219,0,7,0,0.03192978163307487
858244,1,7,1,9.541975511292488
858259,1,7,10,23.367296755287384
858283,1,7,7,4.405917417617781
858305,1,7,6,16.05035674904879
858309,1,7,3,2.915885042667156
858311,1,7,8,29.85244464437757
858318,1,7,10,14.322122171757037
858319,1,7,8,15.851758157621667
858330,1,7,1,7.085138073878387
858337,1,7,10,18.17906830615819
858339,0,7,0,0.038529105827959306
858351,1,7,4,0.3700090657260609
858353,1,7,7,1.6154823719055003
858367,1,7,9,15.9732053721525
858369,1,7,8,8.462609199483742
858390,1,7,8,5.965797641847546
858402,1,7,6,26.973394748131533
858413,1,7,4,0.3700090657260609
858449,1,7,1,11.555142399405831
858460,0,7,0,0.03730976903817186
858468,0,7,0,0.033421677043924625
858473,1,7,10,7.717515412071445
858474,1,7,2,16.474210143500525
858487,0,7,0,0.03917480362198892
858493,1,7,8,32.091997524882665
858497,1,7,9,30.62631938883766
858513,1,7,9,24.272572286188414
858527,1,7,4,0.3700090656202526
858532,1,7,5,0.37000902039789374
858546,1,7,4,0.3700090657260609
858552,1,7,9,12.978588896677637
858561,1,7,9,16.08896064348499
858578,1,7,9,26.40902190526217
858590,1,7,5,0.3700090141005197
858596,1,7,9,32.69038502207561
858615,1,7,3,1.8713419693876245
858631,1,7,9,23.142464172416197
858634,1,7,9,13.118205716089216
858635,1,7,6,19.679069783426936
858636,1,7,5,0.3700090141005197
858645,1,7,8,35.55968925562027
858667,1,7,6,22.307832217377957
858720,1,7,8,18.569720612032985
858723,1,7,3,3.2218921636436346
858735,1,7,6,15.239513288224185
858751,0,7,0,0.042825295880226946
858754,1,7,9,23.020285937117634
858757,1,7,2,16.188703804327773
858762,1,7,9,16.533640328545825
858773,1,7,1,3.780899457426499
858777,1,7,6,24.885931620098003
858786,1,7,8,29.900853579571375
858809,1,7,4,0.3700090657260609
858810,1,7,10,10.292386374923392
858870,1,7,1,9.298941839815434
858873,1,7,5,0.3700090141005197
858897,1,7,6,30.062398609756062
858898,1,7,5,0.3700090141005197
858901,1,7,7,5.593949580396325
858902,1,7,4,0.3700090656202526
858909,0,7,0,0.03619201035867958
858914,1,7,3,3.1507530880790564
858920,1,7,10,11.726257607618228
858928,1,7,5,0.3700090141005197
858932,1,7,8,26.495154295433135
858940,1,7,1,23.183779476959725
858955,1,7,8,13.260532951480165
858967,1,7,4,0.3700090657260609
858977,1,7,5,0.3700090141005197
858980,1,7,10,17.834224307116326
858997,1,7,4,0.3700090657260609
859005,1,7,3,2.9964164945982406
859026,1,7,2,16.03668715244638
859030,1,7,9,17.13631435813422
859038,1,7,9,20.051764615282256
859040,1,7,9,32.65609970825668
859058,1,7,4,0.3700090657260609
859060,1,7,9,31.36112704731058
859078,1,7,8,5.100403008873843
859089,1,7,10,23.88656744822465
859102,1,7,9,22.277986114383843
859106,1,7,5,0.3700090141005197
859112,1,7,7,6.080069384006105
859126,1,7,10,23.28730465779859
859146,1,7,5,0.3700090141005197
859154,1,7,9,7.682443026931431
859155,1,7,7,4.916832458631444
859201,1,7,9,33.703534678473716
859221,1,7,5,0.3700090141005197
859233,1,7,4,0.3700090657260609
859236,1,7,5,0.3700090141005197
859257,1,7,4,0.3700090656202526
859282,1,7,8,3.991544316871426
859288,1,7,9,21.27101192802186
859325,1,7,10,16.35003621519746
859347,1,7,8,4.5243896035514295
859376,1,7,8,25.883568587528426
859378,1,7,8,4.444443460518904
859384,1,7,1,10.62503608989119
859396,1,7,1,9.775608260463535
859403,1,7,1,16.995649892310816
859404,1,7,9,22.959427964064407
859406,1,7,6,21.98570310803734
859441,1,7,2,13.706702487738067
859442,1,7,9,28.44480907053979
859445,1,7,9,30.83832409059086
859446,1,7,9,17.40075005475733
859456,1,7,3,2.887310521148161
859460,1,7,4,0.3700090657260609
859463,1,7,9,10.323673323808888
859480,1,7,1,21.874745814094524
859490,1,7,4,0.3700090657260609
859508,1,7,3,2.9422280787442348
859527,1,7,4,0.3700090657260609
859541,1,7,6,28.15773462852553
859546,0,7,0,0.022304253761708304
859572,1,7,8,11.014245539420195
859577,1,7,8,6.2489009057006975
859582,1,7,9,25.18105620741455
859590,1,7,8,9.058010997785125
859593,1,7,8,14.627697324053509
859597,1,7,7,3.322982592069369
859603,1,7,5,0.3700090141005197
859608,1,7,10,18.520566999209628
859614,1,7,4,0.3700090656202526
859620,1,7,9,17.045046953171898
859623,1,7,5,0.3700090141005197
859628,1,7,7,5.856673976276774
859636,1,7,5,0.3700090141005197
859638,1,7,10,15.92953870379915
859644,1,7,3,3.181708040960615
859651,1,7,1,24.9078774689495
859653,1,7,8,19.09296646907797
859654,1,7,8,15.983664385944659
859668,0,7,0,0.03472217386026231
859693,1,7,4,0.3700090657260609
859697,1,7,10,9.520352389387893
859704,1,7,10,25.05373866261126
859725,1,7,7,1.0481352127738819
859743,1,7,7,1.5131814988335355
859749,1,7,4,0.3700090657260609
859761,1,7,9,26.780355042487166
859766,1,7,8,13.393079925846948
859775,1,7,8,27.825074701213868
859787,1,7,10,17.0004466674369
859791,1,7,6,25.450128423746293
859795,1,7,6,17.871885601407364
859799,1,7,4,0.3700090657260609
859804,1,7,9,32.99997319188303
859819,1,7,8,13.153345192970239
859853,1,7,10,12.738926998228868
859861,1,7,10,19.780289054915027
859866,1,7,10,22.40445856326072
859877,1,7,2,3.3938019819973517
859887,1,7,1,8.518460127017091
859890,1,7,1,21.758115913676203
859932,1,7,9,8.997542289092703
859941,1,7,9,21.626256350598283
859944,1,7,7,4.489012923364187
859958,1,7,9,22.586249631807153
859971,1,7,8,30.739433561803043
860021,1,7,8,31.359463579380353
860033,1,7,6,4.315074345324292
860034,1,7,10,9.331642568375417
860044,1,7,2,1.443297557524597
860062,1,7,1,19.057759577385244
860063,1,7,2,9.805635794610813
860085,1,7,9,31.582054254555512
860086,0,7,0,0.052110762757056554
860094,1,7,6,29.775483192968675
860105,1,7,8,13.388337803001864
860122,1,7,5,0.3700090141005197
860123,1,7,7,4.042286308000661
860129,1,7,7,1.6507840685515591
860131,1,7,3,3.2215037225073666
860146,1,7,6,19.038292799990955
860155,1,7,1,19.51228130718387
860158,1,7,10,14.218450173698304
860160,1,7,5,0.3700090141005197
860162,1,7,3,2.606257775114463
860163,1,7,8,24.007681713026045
860165,1,7,8,13.716500706592694
860171,1,7,5,0.3700090141005197
860190,0,7,0,0.04388932357641045
860198,1,7,4,0.3700090657260609
860204,1,7,9,23.242152996599856
860209,1,7,1,23.389582354737044
860234,1,7,10,4.373173872634226
860244,1,7,6,27.755798539972858
860254,1,7,8,21.10802748477664
860257,1,7,6,13.747399978895407
860272,1,7,9,31.24171669952445
860274,1,7,3,3.195037089120092
860277,1,7,9,18.975464039997433
860289,1,7,9,19.279502217462692
860290,1,7,10,18.83499514005222
860291,1,7,5,0.3700090141005197
860307,0,7,0,0.027742528793391875
860313,1,7,8,12.063443990595056
860352,1,7,5,0.3700090141005197
860364,1,7,6,13.322191578716048
860369,1,7,6,18.588876175117605
860370,1,7,3,1.6609097625506495
860374,1,7,9,21.54744753634895
860379,1,7,8,28.40781572027153
860385,1,7,8,25.433862949990903
860398,1,7,3,2.5235553476545713
860427,1,7,4,0.3700090657260609
860428,1,7,4,0.3700090657260609
860429,1,7,3,1.8999425345901948
860432,1,7,5,0.3700090141005197
860440,1,7,7,6.265776601467117
860448,1,7,8,31.69222941506584
860462,1,7,8,3.676455189160476
860474,1,7,10,9.672862777915572
860480,1,7,5,0.3700090141005197
860484,1,7,2,9.495213789724891
860490,1,7,9,28.569501577196093
860504,1,7,1,21.554944266585327
860505,1,7,5,0.37000902039789374
860509,1,7,9,7.531469115251984
860512,1,7,8,21.414586333053485
860513,1,7,4,0.3700090657260609
860515,1,7,10,25.07293941837459
860530,1,7,5,0.3700090141005197
860532,1,7,10,18.497735394410885
860566,1,7,4,0.3700090657260609
860570,1,7,6,29.303951131323515
860579,1,7,6,23.0465312125921
860605,1,7,4,0.3700090657260609
860613,1,7,3,3.015308468428559
860642,1,7,8,26.241284248739653
860649,1,7,8,9.470513834725075
860652,1,7,6,26.964265351444055
860660,1,7,8,3.3087710357403224
860663,1,7,5,0.3700090141005197
860670,1,7,10,14.577515219465553
860677,1,7,4,0.3700090657260609
860689,1,7,3,3.1811656052618544
860704,1,7,8,24.53733150988664
860706,1,7,7,5.678825645132273
860718,1,7,9,33.653265033375796
860742,1,7,2,16.583531823768244
860747,1,7,5,0.3700090141005197
860751,1,7,10,18.992241686302968
860761,1,7,9,27.591605463716455
860762,1,7,1,26.073585787114396
860777,1,7,6,15.418768833308684
860794,1,7,9,17.048154378580747
860803,1,7,4,0.3700090657260609
860807,1,7,8,18.613553531505378
860813,1,7,9,33.37905233397036
860834,1,7,7,5.954421003231504
860835,1,7,9,32.701287428204864
860855,1,7,1,13.14901950801398
860871,1,7,8,9.943412395545664
860872,1,7,9,33.00102345534556
860882,1,7,10,25.128387675045204
860888,1,7,5,0.3700090141005197
860909,1,7,6,7.3700863251305435
860912,1,7,8,14.274757655095053
860920,1,7,7,2.204211165328787
860921,1,7,8,23.93702758431182
860929,1,7,1,5.399124985430555
860934,1,7,10,14.638016819309717
860937,1,7,5,0.3700090141005197
860941,1,7,5,0.3700090141005197
860949,1,7,10,10.058393453902466
860967,1,7,5,0.3700090141005197
860982,1,7,9,33.59337935600456
860990,1,7,10,23.28894036192186
860993,1,7,5,0.37000903411272645
860995,1,7,5,0.37000903411272645
860996,1,7,6,11.729508844468052
